    Er (keV)         SM dN/dE         BG dN/dE        BSM dN/dE (events/kg/day/keV)
    1.00100e-01      6.40280e+01      1.00000e+02      1.77603e-05
    1.01247e-01      6.34347e+01      1.00000e+02      1.77603e-05
    1.02408e-01      6.28346e+01      1.00000e+02      1.77603e-05
    1.03582e-01      6.22277e+01      1.00000e+02      1.77602e-05
    1.04769e-01      6.16138e+01      1.00000e+02      1.77602e-05
    1.05970e-01      6.09928e+01      1.00000e+02      1.77602e-05
    1.07184e-01      6.03647e+01      1.00000e+02      1.77602e-05
    1.08413e-01      5.97294e+01      1.00000e+02      1.77601e-05
    1.09655e-01      5.90868e+01      1.00000e+02      1.77601e-05
    1.10912e-01      5.84368e+01      1.00000e+02      1.77601e-05
    1.12184e-01      5.77794e+01      1.00000e+02      1.77600e-05
    1.13470e-01      5.71145e+01      1.00000e+02      1.77600e-05
    1.14770e-01      5.64419e+01      1.00000e+02      1.77600e-05
    1.16086e-01      5.57616e+01      1.00000e+02      1.77599e-05
    1.17417e-01      5.50734e+01      1.00000e+02      1.77599e-05
    1.18763e-01      5.43774e+01      1.00000e+02      1.77599e-05
    1.20124e-01      5.36735e+01      1.00000e+02      1.77599e-05
    1.21501e-01      5.29614e+01      1.00000e+02      1.77598e-05
    1.22894e-01      5.22411e+01      1.00000e+02      1.77598e-05
    1.24303e-01      5.15126e+01      1.00000e+02      1.77598e-05
    1.25728e-01      5.07758e+01      1.00000e+02      1.77597e-05
    1.27169e-01      5.00305e+01      1.00000e+02      1.77597e-05
    1.28627e-01      4.92766e+01      1.00000e+02      1.77597e-05
    1.30101e-01      4.85141e+01      1.00000e+02      1.77596e-05
    1.31593e-01      4.79650e+01      1.00000e+02      1.77596e-05
    1.33101e-01      4.74260e+01      1.00000e+02      1.77596e-05
    1.34627e-01      4.68807e+01      1.00000e+02      1.77595e-05
    1.36171e-01      4.63292e+01      1.00000e+02      1.77595e-05
    1.37732e-01      4.57714e+01      1.00000e+02      1.77595e-05
    1.39311e-01      4.52072e+01      1.00000e+02      1.77594e-05
    1.40908e-01      4.46365e+01      1.00000e+02      1.77594e-05
    1.42523e-01      4.40592e+01      1.00000e+02      1.77594e-05
    1.44157e-01      4.34753e+01      1.00000e+02      1.77593e-05
    1.45810e-01      4.28848e+01      1.00000e+02      1.77593e-05
    1.47482e-01      4.22874e+01      1.00000e+02      1.77593e-05
    1.49173e-01      4.16832e+01      1.00000e+02      1.77592e-05
    1.50883e-01      4.10721e+01      1.00000e+02      1.77592e-05
    1.52613e-01      4.04539e+01      1.00000e+02      1.77592e-05
    1.54363e-01      3.98287e+01      1.00000e+02      1.77591e-05
    1.56133e-01      3.91963e+01      1.00000e+02      1.77591e-05
    1.57923e-01      3.85566e+01      1.00000e+02      1.77590e-05
    1.59733e-01      3.79096e+01      1.00000e+02      1.77590e-05
    1.61565e-01      3.73693e+01      1.00000e+02      1.77590e-05
    1.63417e-01      3.68895e+01      1.00000e+02      1.77589e-05
    1.65291e-01      3.64041e+01      1.00000e+02      1.77589e-05
    1.67186e-01      3.59132e+01      1.00000e+02      1.77588e-05
    1.69103e-01      3.54167e+01      1.00000e+02      1.77588e-05
    1.71042e-01      3.49145e+01      1.00000e+02      1.77587e-05
    1.73003e-01      3.44065e+01      1.00000e+02      1.77587e-05
    1.74987e-01      3.38927e+01      1.00000e+02      1.77586e-05
    1.76994e-01      3.33729e+01      1.00000e+02      1.77586e-05
    1.79023e-01      3.28473e+01      1.00000e+02      1.77585e-05
    1.81076e-01      3.23156e+01      1.00000e+02      1.77585e-05
    1.83152e-01      3.17777e+01      1.00000e+02      1.77584e-05
    1.85252e-01      3.12338e+01      1.00000e+02      1.77584e-05
    1.87377e-01      3.06835e+01      1.00000e+02      1.77583e-05
    1.89525e-01      3.01270e+01      1.00000e+02      1.77583e-05
    1.91698e-01      2.96336e+01      1.00000e+02      1.77582e-05
    1.93897e-01      2.92042e+01      1.00000e+02      1.77582e-05
    1.96120e-01      2.87699e+01      1.00000e+02      1.77581e-05
    1.98369e-01      2.83305e+01      1.00000e+02      1.77580e-05
    2.00644e-01      2.78861e+01      1.00000e+02      1.77580e-05
    2.02944e-01      2.74367e+01      1.00000e+02      1.77579e-05
    2.05272e-01      2.69820e+01      1.00000e+02      1.77579e-05
    2.07626e-01      2.65222e+01      1.00000e+02      1.77578e-05
    2.10006e-01      2.60571e+01      1.00000e+02      1.77577e-05
    2.12415e-01      2.55866e+01      1.00000e+02      1.77577e-05
    2.14851e-01      2.51108e+01      1.00000e+02      1.77576e-05
    2.17314e-01      2.46294e+01      1.00000e+02      1.77575e-05
    2.19806e-01      2.41426e+01      1.00000e+02      1.77575e-05
    2.22327e-01      2.37195e+01      1.00000e+02      1.77574e-05
    2.24877e-01      2.33378e+01      1.00000e+02      1.77574e-05
    2.27455e-01      2.29517e+01      1.00000e+02      1.77573e-05
    2.30064e-01      2.25611e+01      1.00000e+02      1.77573e-05
    2.32702e-01      2.21661e+01      1.00000e+02      1.77572e-05
    2.35371e-01      2.17666e+01      1.00000e+02      1.77572e-05
    2.38070e-01      2.13625e+01      1.00000e+02      1.77571e-05
    2.40800e-01      2.09537e+01      1.00000e+02      1.77571e-05
    2.43562e-01      2.05403e+01      1.00000e+02      1.77570e-05
    2.46355e-01      2.01221e+01      1.00000e+02      1.77570e-05
    2.49180e-01      1.96991e+01      1.00000e+02      1.77569e-05
    2.52038e-01      1.93049e+01      1.00000e+02      1.77568e-05
    2.54928e-01      1.89669e+01      1.00000e+02      1.77568e-05
    2.57852e-01      1.86250e+01      1.00000e+02      1.77567e-05
    2.60809e-01      1.82791e+01      1.00000e+02      1.77567e-05
    2.63800e-01      1.79293e+01      1.00000e+02      1.77566e-05
    2.66826e-01      1.75755e+01      1.00000e+02      1.77565e-05
    2.69886e-01      1.72176e+01      1.00000e+02      1.77565e-05
    2.72981e-01      1.68556e+01      1.00000e+02      1.77564e-05
    2.76112e-01      1.64895e+01      1.00000e+02      1.77563e-05
    2.79278e-01      1.61192e+01      1.00000e+02      1.77563e-05
    2.82481e-01      1.57756e+01      1.00000e+02      1.77562e-05
    2.85721e-01      1.54758e+01      1.00000e+02      1.77561e-05
    2.88998e-01      1.51726e+01      1.00000e+02      1.77560e-05
    2.92313e-01      1.48658e+01      1.00000e+02      1.77560e-05
    2.95665e-01      1.45556e+01      1.00000e+02      1.77559e-05
    2.99056e-01      1.42418e+01      1.00000e+02      1.77558e-05
    3.02486e-01      1.39245e+01      1.00000e+02      1.77557e-05
    3.05955e-01      1.36034e+01      1.00000e+02      1.77556e-05
    3.09464e-01      1.32787e+01      1.00000e+02      1.77555e-05
    3.13013e-01      1.29801e+01      1.00000e+02      1.77555e-05
    3.16603e-01      1.27147e+01      1.00000e+02      1.77554e-05
    3.20235e-01      1.24463e+01      1.00000e+02      1.77553e-05
    3.23908e-01      1.21748e+01      1.00000e+02      1.77552e-05
    3.27623e-01      1.19003e+01      1.00000e+02      1.77551e-05
    3.31380e-01      1.16225e+01      1.00000e+02      1.77551e-05
    3.35181e-01      1.13416e+01      1.00000e+02      1.77550e-05
    3.39025e-01      1.10574e+01      1.00000e+02      1.77549e-05
    3.42914e-01      1.07887e+01      1.00000e+02      1.77548e-05
    3.46847e-01      1.05547e+01      1.00000e+02      1.77548e-05
    3.50825e-01      1.03180e+01      1.00000e+02      1.77547e-05
    3.54849e-01      1.00786e+01      1.00000e+02      1.77546e-05
    3.58919e-01      9.83647e+00      1.00000e+02      1.77546e-05
    3.63035e-01      9.59154e+00      1.00000e+02      1.77545e-05
    3.67199e-01      9.34380e+00      1.00000e+02      1.77544e-05
    3.71411e-01      9.09321e+00      1.00000e+02      1.77544e-05
    3.75671e-01      8.88253e+00      1.00000e+02      1.77543e-05
    3.79980e-01      8.67401e+00      1.00000e+02      1.77542e-05
    3.84338e-01      8.46309e+00      1.00000e+02      1.77540e-05
    3.88747e-01      8.24976e+00      1.00000e+02      1.77539e-05
    3.93205e-01      8.03397e+00      1.00000e+02      1.77538e-05
    3.97716e-01      7.81571e+00      1.00000e+02      1.77537e-05
    4.02277e-01      7.59719e+00      1.00000e+02      1.77536e-05
    4.06891e-01      7.41418e+00      1.00000e+02      1.77534e-05
    4.11559e-01      7.22906e+00      1.00000e+02      1.77533e-05
    4.16279e-01      7.04182e+00      1.00000e+02      1.77532e-05
    4.21054e-01      6.85243e+00      1.00000e+02      1.77531e-05
    4.25883e-01      6.66087e+00      1.00000e+02      1.77529e-05
    4.30768e-01      6.46711e+00      1.00000e+02      1.77528e-05
    4.35709e-01      6.29567e+00      1.00000e+02      1.77527e-05
    4.40707e-01      6.13260e+00      1.00000e+02      1.77526e-05
    4.45762e-01      5.96766e+00      1.00000e+02      1.77525e-05
    4.50875e-01      5.80083e+00      1.00000e+02      1.77523e-05
    4.56047e-01      5.63209e+00      1.00000e+02      1.77522e-05
    4.61278e-01      5.46141e+00      1.00000e+02      1.77521e-05
    4.66569e-01      5.31196e+00      1.00000e+02      1.77520e-05
    4.71921e-01      5.16729e+00      1.00000e+02      1.77519e-05
    4.77334e-01      5.02095e+00      1.00000e+02      1.77518e-05
    4.82809e-01      4.87294e+00      1.00000e+02      1.77517e-05
    4.88347e-01      4.72323e+00      1.00000e+02      1.77516e-05
    4.93949e-01      4.57779e+00      1.00000e+02      1.77515e-05
    4.99615e-01      4.45026e+00      1.00000e+02      1.77514e-05
    5.05345e-01      4.32127e+00      1.00000e+02      1.77513e-05
    5.11142e-01      4.19081e+00      1.00000e+02      1.77511e-05
    5.17005e-01      4.05884e+00      1.00000e+02      1.77510e-05
    5.22936e-01      3.92576e+00      1.00000e+02      1.77508e-05
    5.28934e-01      3.81273e+00      1.00000e+02      1.77507e-05
    5.35001e-01      3.69840e+00      1.00000e+02      1.77506e-05
    5.41138e-01      3.58276e+00      1.00000e+02      1.77504e-05
    5.47345e-01      3.46579e+00      1.00000e+02      1.77503e-05
    5.53624e-01      3.34926e+00      1.00000e+02      1.77501e-05
    5.59974e-01      3.24862e+00      1.00000e+02      1.77500e-05
    5.66398e-01      3.14683e+00      1.00000e+02      1.77499e-05
    5.72895e-01      3.04388e+00      1.00000e+02      1.77497e-05
    5.79466e-01      2.93974e+00      1.00000e+02      1.77496e-05
    5.86113e-01      2.84134e+00      1.00000e+02      1.77495e-05
    5.92837e-01      2.75098e+00      1.00000e+02      1.77493e-05
    5.99637e-01      2.65958e+00      1.00000e+02      1.77492e-05
    6.06516e-01      2.56713e+00      1.00000e+02      1.77490e-05
    6.13473e-01      2.47370e+00      1.00000e+02      1.77489e-05
    6.20510e-01      2.39382e+00      1.00000e+02      1.77487e-05
    6.27628e-01      2.31303e+00      1.00000e+02      1.77485e-05
    6.34827e-01      2.23130e+00      1.00000e+02      1.77484e-05
    6.42110e-01      2.14864e+00      1.00000e+02      1.77482e-05
    6.49475e-01      2.07421e+00      1.00000e+02      1.77481e-05
    6.56926e-01      2.00134e+00      1.00000e+02      1.77479e-05
    6.64461e-01      1.92764e+00      1.00000e+02      1.77478e-05
    6.72083e-01      1.85310e+00      1.00000e+02      1.77476e-05
    6.79793e-01      1.78656e+00      1.00000e+02      1.77474e-05
    6.87591e-01      1.72190e+00      1.00000e+02      1.77472e-05
    6.95478e-01      1.65650e+00      1.00000e+02      1.77469e-05
    7.03456e-01      1.59034e+00      1.00000e+02      1.77467e-05
    7.11526e-01      1.53197e+00      1.00000e+02      1.77465e-05
    7.19688e-01      1.47360e+00      1.00000e+02      1.77464e-05
    7.27944e-01      1.41456e+00      1.00000e+02      1.77462e-05
    7.36294e-01      1.35688e+00      1.00000e+02      1.77460e-05
    7.44741e-01      1.30489e+00      1.00000e+02      1.77458e-05
    7.53284e-01      1.25231e+00      1.00000e+02      1.77456e-05
    7.61925e-01      1.19912e+00      1.00000e+02      1.77454e-05
    7.70665e-01      1.15052e+00      1.00000e+02      1.77452e-05
    7.79506e-01      1.10351e+00      1.00000e+02      1.77450e-05
    7.88448e-01      1.05595e+00      1.00000e+02      1.77448e-05
    7.97492e-01      1.01002e+00      1.00000e+02      1.77446e-05
    8.06641e-01      9.68345e-01      1.00000e+02      1.77444e-05
    8.15894e-01      9.26189e-01      1.00000e+02      1.77442e-05
    8.25254e-01      8.83796e-01      1.00000e+02      1.77439e-05
    8.34721e-01      8.46424e-01      1.00000e+02      1.77437e-05
    8.44296e-01      8.08623e-01      1.00000e+02      1.77435e-05
    8.53981e-01      7.70388e-01      1.00000e+02      1.77433e-05
    8.63778e-01      7.36391e-01      1.00000e+02      1.77431e-05
    8.73687e-01      7.02583e-01      1.00000e+02      1.77428e-05
    8.83709e-01      6.68387e-01      1.00000e+02      1.77426e-05
    8.93847e-01      6.37584e-01      1.00000e+02      1.77423e-05
    9.04101e-01      6.07115e-01      1.00000e+02      1.77421e-05
    9.14472e-01      5.76296e-01      1.00000e+02      1.77419e-05
    9.24963e-01      5.48857e-01      1.00000e+02      1.77416e-05
    9.35574e-01      5.21493e-01      1.00000e+02      1.77414e-05
    9.46306e-01      4.94038e-01      1.00000e+02      1.77411e-05
    9.57162e-01      4.69757e-01      1.00000e+02      1.77409e-05
    9.68142e-01      4.45197e-01      1.00000e+02      1.77406e-05
    9.79248e-01      4.21349e-01      1.00000e+02      1.78067e-05
    9.90482e-01      3.99516e-01      1.00000e+02      1.80264e-05
    1.00184e+00      3.77431e-01      1.00000e+02      1.82486e-05
    1.01334e+00      3.56960e-01      1.00000e+02      1.83308e-05
    1.02496e+00      3.37347e-01      1.00000e+02      1.83306e-05
    1.03672e+00      3.17612e-01      1.00000e+02      1.83303e-05
    1.04861e+00      3.00207e-01      1.00000e+02      1.83299e-05
    1.06064e+00      2.82603e-01      1.00000e+02      1.83296e-05
    1.07281e+00      2.66032e-01      1.00000e+02      1.83293e-05
    1.08512e+00      2.50417e-01      1.00000e+02      1.83290e-05
    1.09757e+00      2.34772e-01      1.00000e+02      1.83287e-05
    1.11016e+00      2.20886e-01      1.00000e+02      1.83285e-05
    1.12289e+00      2.06841e-01      1.00000e+02      1.83282e-05
    1.13577e+00      1.93942e-01      1.00000e+02      1.83279e-05
    1.14880e+00      1.81485e-01      1.00000e+02      1.83275e-05
    1.16198e+00      1.69494e-01      1.00000e+02      1.83272e-05
    1.17531e+00      1.58400e-01      1.00000e+02      1.83269e-05
    1.18880e+00      1.47349e-01      1.00000e+02      1.83266e-05
    1.20243e+00      1.37523e-01      1.00000e+02      1.83262e-05
    1.21623e+00      1.27583e-01      1.00000e+02      1.83258e-05
    1.23018e+00      1.18753e-01      1.00000e+02      1.83256e-05
    1.24429e+00      1.09944e-01      1.00000e+02      1.83253e-05
    1.25857e+00      1.01958e-01      1.00000e+02      1.83249e-05
    1.27301e+00      9.41705e-02      1.00000e+02      1.83245e-05
    1.28761e+00      8.70185e-02      1.00000e+02      1.83241e-05
    1.30238e+00      8.01517e-02      1.00000e+02      1.83237e-05
    1.31732e+00      7.38105e-02      1.00000e+02      1.83234e-05
    1.33243e+00      6.77738e-02      1.00000e+02      1.83230e-05
    1.34772e+00      6.22059e-02      1.00000e+02      1.83226e-05
    1.36318e+00      5.69114e-02      1.00000e+02      1.83222e-05
    1.37882e+00      5.20741e-02      1.00000e+02      1.83218e-05
    1.39464e+00      4.74502e-02      1.00000e+02      1.83214e-05
    1.41064e+00      4.32919e-02      1.00000e+02      1.83210e-05
    1.42682e+00      3.92638e-02      1.00000e+02      1.83206e-05
    1.44319e+00      3.57264e-02      1.00000e+02      1.83202e-05
    1.45974e+00      3.22482e-02      1.00000e+02      1.83198e-05
    1.47649e+00      2.92508e-02      1.00000e+02      1.83194e-05
    1.49343e+00      2.63332e-02      1.00000e+02      1.83190e-05
    1.51056e+00      2.37402e-02      1.00000e+02      1.83186e-05
    1.52789e+00      2.13166e-02      1.00000e+02      1.83181e-05
    1.54542e+00      1.90797e-02      1.00000e+02      1.83177e-05
    1.56315e+00      1.70815e-02      1.00000e+02      1.83173e-05
    1.58108e+00      1.51692e-02      1.00000e+02      1.83169e-05
    1.59922e+00      1.35772e-02      1.00000e+02      1.83163e-05
    1.61757e+00      1.20444e-02      1.00000e+02      1.83159e-05
    1.63612e+00      1.06081e-02      1.00000e+02      1.83154e-05
    1.65489e+00      9.36978e-03      1.00000e+02      1.83150e-05
    1.67388e+00      8.21230e-03      1.00000e+02      1.83145e-05
    1.69308e+00      7.19569e-03      1.00000e+02      1.83140e-05
    1.71250e+00      6.30529e-03      1.00000e+02      1.83135e-05
    1.73215e+00      5.50379e-03      1.00000e+02      1.83130e-05
    1.75202e+00      4.82737e-03      1.00000e+02      1.83125e-05
    1.77212e+00      4.20970e-03      1.00000e+02      1.83120e-05
    1.79245e+00      3.64734e-03      1.00000e+02      1.83115e-05
    1.81302e+00      3.19576e-03      1.00000e+02      1.83109e-05
    1.83382e+00      2.79634e-03      1.00000e+02      1.83104e-05
    1.85485e+00      2.44433e-03      1.00000e+02      1.83099e-05
    1.87613e+00      2.15693e-03      1.00000e+02      1.83095e-05
    1.89766e+00      1.92415e-03      1.00000e+02      1.83090e-05
    1.91943e+00      1.71637e-03      1.00000e+02      1.83084e-05
    1.94145e+00      1.51854e-03      1.00000e+02      1.83079e-05
    1.96372e+00      1.36691e-03      1.00000e+02      1.83069e-05
    1.98625e+00      1.23802e-03      1.00000e+02      1.85746e-05
    2.00903e+00      1.12589e-03      1.00000e+02      1.88964e-05
    2.03208e+00      1.02215e-03      1.00000e+02      1.88958e-05
    2.05540e+00      9.33591e-04      1.00000e+02      1.88952e-05
    2.07898e+00      8.53949e-04      1.00000e+02      1.88945e-05
    2.10283e+00      7.82858e-04      1.00000e+02      1.88939e-05
    2.12695e+00      7.19794e-04      1.00000e+02      1.88932e-05
    2.15135e+00      6.64567e-04      1.00000e+02      1.88925e-05
    2.17603e+00      6.17350e-04      1.00000e+02      1.88919e-05
    2.20100e+00      5.76100e-04      1.00000e+02      1.88913e-05
    2.22625e+00      5.39607e-04      1.00000e+02      1.88906e-05
    2.25179e+00      5.08063e-04      1.00000e+02      1.88899e-05
    2.27762e+00      4.82705e-04      1.00000e+02      1.88892e-05
    2.30375e+00      4.60202e-04      1.00000e+02      1.88885e-05
    2.33018e+00      4.42147e-04      1.00000e+02      1.88877e-05
    2.35691e+00      4.25815e-04      1.00000e+02      1.88870e-05
    2.38395e+00      4.12095e-04      1.00000e+02      1.88863e-05
    2.41130e+00      4.00630e-04      1.00000e+02      1.88854e-05
    2.43897e+00      3.90926e-04      1.00000e+02      1.88846e-05
    2.46695e+00      3.82704e-04      1.00000e+02      1.88840e-05
    2.49525e+00      3.75699e-04      1.00000e+02      1.88826e-05
    2.52387e+00      3.69742e-04      1.00000e+02      1.88810e-05
    2.55283e+00      3.64730e-04      1.00000e+02      1.88817e-05
    2.58212e+00      3.60477e-04      1.00000e+02      1.88809e-05
    2.61174e+00      3.56915e-04      1.00000e+02      1.88800e-05
    2.64170e+00      3.53962e-04      1.00000e+02      1.88793e-05
    2.67201e+00      3.51558e-04      1.00000e+02      1.88786e-05
    2.70266e+00      3.49637e-04      1.00000e+02      1.88777e-05
    2.73367e+00      3.48147e-04      1.00000e+02      1.88768e-05
    2.76503e+00      3.47027e-04      1.00000e+02      1.88760e-05
    2.79675e+00      3.46217e-04      1.00000e+02      1.88751e-05
    2.82884e+00      3.45658e-04      1.00000e+02      1.88741e-05
    2.86129e+00      3.45294e-04      1.00000e+02      1.88732e-05
    2.89412e+00      3.45066e-04      1.00000e+02      1.88723e-05
    2.92732e+00      3.44930e-04      1.00000e+02      1.88713e-05
    2.96091e+00      3.44853e-04      1.00000e+02      1.88704e-05
    2.99488e+00      3.44810e-04      1.00000e+02      1.88695e-05
    3.02923e+00      3.44784e-04      1.00000e+02      1.88685e-05
    3.06399e+00      3.44766e-04      1.00000e+02      1.88676e-05
    3.09914e+00      3.44745e-04      1.00000e+02      1.88666e-05
    3.13469e+00      3.44726e-04      1.00000e+02      1.88656e-05
    3.17066e+00      3.44705e-04      1.00000e+02      1.88645e-05
    3.20703e+00      3.44686e-04      1.00000e+02      1.88636e-05
    3.24382e+00      3.44666e-04      1.00000e+02      1.88626e-05
    3.28104e+00      3.44644e-04      1.00000e+02      1.88614e-05
    3.31868e+00      3.44617e-04      1.00000e+02      1.88600e-05
    3.35675e+00      3.44601e-04      1.00000e+02      1.88592e-05
    3.39527e+00      3.44582e-04      1.00000e+02      1.88582e-05
    3.43422e+00      3.44561e-04      1.00000e+02      1.88571e-05
    3.47362e+00      3.44539e-04      1.00000e+02      1.88560e-05
    3.51347e+00      3.44517e-04      1.00000e+02      1.88549e-05
    3.55378e+00      3.44497e-04      1.00000e+02      1.88538e-05
    3.59455e+00      3.44474e-04      1.00000e+02      1.88526e-05
    3.63579e+00      3.44451e-04      1.00000e+02      1.88514e-05
    3.67750e+00      3.44429e-04      1.00000e+02      1.88503e-05
    3.71969e+00      3.44428e-04      1.00000e+02      1.88491e-05
    3.76236e+00      3.44393e-04      1.00000e+02      1.88484e-05
    3.80553e+00      3.44360e-04      1.00000e+02      1.88466e-05
    3.84919e+00      3.44336e-04      1.00000e+02      1.88454e-05
    3.89335e+00      3.44313e-04      1.00000e+02      1.88441e-05
    3.93801e+00      3.44289e-04      1.00000e+02      1.88429e-05
    3.98319e+00      3.44265e-04      1.00000e+02      1.88416e-05
    4.02889e+00      3.44241e-04      1.00000e+02      1.88403e-05
    4.07511e+00      3.44215e-04      1.00000e+02      1.88389e-05
    4.12186e+00      3.44191e-04      1.00000e+02      1.88377e-05
    4.16915e+00      3.44165e-04      1.00000e+02      1.88362e-05
    4.21698e+00      3.44139e-04      1.00000e+02      1.88349e-05
    4.26536e+00      3.44114e-04      1.00000e+02      1.88335e-05
    4.31430e+00      3.44089e-04      1.00000e+02      1.88322e-05
    4.36379e+00      3.44065e-04      1.00000e+02      1.88308e-05
    4.41386e+00      3.44037e-04      1.00000e+02      1.88293e-05
    4.46450e+00      3.44009e-04      1.00000e+02      1.88278e-05
    4.51572e+00      3.43983e-04      1.00000e+02      1.88264e-05
    4.56752e+00      3.43955e-04      1.00000e+02      1.88248e-05
    4.61992e+00      3.43927e-04      1.00000e+02      1.88233e-05
    4.67293e+00      3.43900e-04      1.00000e+02      1.88218e-05
    4.72654e+00      3.43872e-04      1.00000e+02      1.88202e-05
    4.78076e+00      3.43844e-04      1.00000e+02      1.88187e-05
    4.83561e+00      3.43815e-04      1.00000e+02      1.88171e-05
    4.89109e+00      3.43787e-04      1.00000e+02      1.88155e-05
    4.94720e+00      3.43758e-04      1.00000e+02      1.88139e-05
    5.00396e+00      3.43729e-04      1.00000e+02      1.88124e-05
    5.06137e+00      3.43699e-04      1.00000e+02      1.88107e-05
    5.11944e+00      3.43669e-04      1.00000e+02      1.88091e-05
    5.17817e+00      3.43640e-04      1.00000e+02      1.88075e-05
    5.23758e+00      3.43611e-04      1.00000e+02      1.88059e-05
    5.29767e+00      3.43581e-04      1.00000e+02      1.88043e-05
    5.35844e+00      3.43547e-04      1.00000e+02      1.88025e-05
    5.41992e+00      3.43520e-04      1.00000e+02      1.88010e-05
    5.48210e+00      3.43490e-04      1.00000e+02      1.87994e-05
    5.54500e+00      3.43460e-04      1.00000e+02      1.87978e-05
    5.60861e+00      3.43428e-04      1.00000e+02      1.87961e-05
    5.67296e+00      3.43398e-04      1.00000e+02      1.87945e-05
    5.73804e+00      3.43368e-04      1.00000e+02      1.87930e-05
    5.80387e+00      3.43336e-04      1.00000e+02      1.87913e-05
    5.87046e+00      3.43303e-04      1.00000e+02      1.87896e-05
    5.93781e+00      3.43271e-04      1.00000e+02      1.87879e-05
    6.00593e+00      3.43240e-04      1.00000e+02      1.87863e-05
    6.07483e+00      3.43208e-04      1.00000e+02      1.87847e-05
    6.14453e+00      3.43175e-04      1.00000e+02      1.87830e-05
    6.21502e+00      3.43142e-04      1.00000e+02      1.87813e-05
    6.28633e+00      3.43109e-04      1.00000e+02      1.87796e-05
    6.35845e+00      3.43076e-04      1.00000e+02      1.87780e-05
    6.43140e+00      3.43044e-04      1.00000e+02      1.87763e-05
    6.50518e+00      3.43010e-04      1.00000e+02      1.87746e-05
    6.57981e+00      3.42975e-04      1.00000e+02      1.87728e-05
    6.65530e+00      3.42941e-04      1.00000e+02      1.87711e-05
    6.73166e+00      3.42903e-04      1.00000e+02      1.87692e-05
    6.80889e+00      3.42868e-04      1.00000e+02      1.87674e-05
    6.88700e+00      3.42832e-04      1.00000e+02      1.87655e-05
    6.96602e+00      3.42797e-04      1.00000e+02      1.87638e-05
    7.04593e+00      3.42760e-04      1.00000e+02      1.87619e-05
    7.12677e+00      3.42723e-04      1.00000e+02      1.87600e-05
    7.20853e+00      3.42685e-04      1.00000e+02      1.87580e-05
    7.29124e+00      3.42646e-04      1.00000e+02      1.87560e-05
    7.37489e+00      3.42610e-04      1.00000e+02      1.87541e-05
    7.45950e+00      3.42568e-04      1.00000e+02      1.87520e-05
    7.54508e+00      3.42529e-04      1.00000e+02      1.87500e-05
    7.63164e+00      3.42490e-04      1.00000e+02      1.87479e-05
    7.71920e+00      3.42449e-04      1.00000e+02      1.87458e-05
    7.80776e+00      3.42411e-04      1.00000e+02      1.87438e-05
    7.89733e+00      3.42370e-04      1.00000e+02      1.87417e-05
    7.98794e+00      3.42328e-04      1.00000e+02      1.87395e-05
    8.07958e+00      3.42287e-04      1.00000e+02      1.87374e-05
    8.17227e+00      3.42245e-04      1.00000e+02      1.87352e-05
    8.26603e+00      3.42202e-04      1.00000e+02      1.87329e-05
    8.36087e+00      3.42159e-04      1.00000e+02      1.87307e-05
    8.45679e+00      3.42116e-04      1.00000e+02      1.87284e-05
    8.55381e+00      3.42072e-04      1.00000e+02      1.87261e-05
    8.65195e+00      3.42027e-04      1.00000e+02      1.87237e-05
    8.75121e+00      3.41982e-04      1.00000e+02      1.87213e-05
    8.85161e+00      3.41937e-04      1.00000e+02      1.87190e-05
    8.95316e+00      3.41891e-04      1.00000e+02      1.87166e-05
    9.05588e+00      3.41844e-04      1.00000e+02      1.87141e-05
    9.15977e+00      3.41798e-04      1.00000e+02      1.87116e-05
    9.26486e+00      3.41750e-04      1.00000e+02      1.87091e-05
    9.37116e+00      3.41703e-04      1.00000e+02      1.87066e-05
    9.47867e+00      3.41654e-04      1.00000e+02      1.87040e-05
    9.58742e+00      3.41607e-04      1.00000e+02      1.87015e-05
    9.69741e+00      3.41557e-04      1.00000e+02      1.86988e-05
    9.80867e+00      3.41506e-04      1.00000e+02      1.86961e-05
    9.92120e+00      3.41457e-04      1.00000e+02      1.86934e-05
    1.00350e+01      3.41405e-04      1.00000e+02      1.86906e-05
    1.01502e+01      3.41353e-04      1.00000e+02      1.86878e-05
    1.02666e+01      3.41301e-04      1.00000e+02      1.86850e-05
    1.03844e+01      3.41248e-04      1.00000e+02      1.86821e-05
    1.05035e+01      3.41196e-04      1.00000e+02      1.86793e-05
    1.06240e+01      3.41142e-04      1.00000e+02      1.86764e-05
    1.07459e+01      3.41089e-04      1.00000e+02      1.86736e-05
    1.08692e+01      3.41035e-04      1.00000e+02      1.86706e-05
    1.09939e+01      3.40980e-04      1.00000e+02      1.86676e-05
    1.11200e+01      3.40924e-04      1.00000e+02      1.86646e-05
    1.12476e+01      3.40867e-04      1.00000e+02      1.86615e-05
    1.13767e+01      3.40812e-04      1.00000e+02      1.86585e-05
    1.15072e+01      3.40753e-04      1.00000e+02      1.86552e-05
    1.16392e+01      3.40698e-04      1.00000e+02      1.86522e-05
    1.17727e+01      3.40636e-04      1.00000e+02      1.86488e-05
    1.19078e+01      3.40577e-04      1.00000e+02      1.86456e-05
    1.20444e+01      3.40517e-04      1.00000e+02      1.86422e-05
    1.21826e+01      3.40455e-04      1.00000e+02      1.86388e-05
    1.23224e+01      3.40392e-04      1.00000e+02      1.86354e-05
    1.24637e+01      3.40108e-04      1.00000e+02      1.86200e-05
    1.26067e+01      3.40270e-04      1.00000e+02      1.86286e-05
    1.27514e+01      3.40209e-04      1.00000e+02      1.86252e-05
    1.28977e+01      3.40144e-04      1.00000e+02      1.86216e-05
    1.30456e+01      3.40079e-04      1.00000e+02      1.86180e-05
    1.31953e+01      3.40013e-04      1.00000e+02      1.86143e-05
    1.33467e+01      3.39947e-04      1.00000e+02      1.86106e-05
    1.34998e+01      3.39882e-04      1.00000e+02      1.86070e-05
    1.36547e+01      3.39812e-04      1.00000e+02      1.86031e-05
    1.38113e+01      3.39746e-04      1.00000e+02      1.85993e-05
    1.39698e+01      3.39677e-04      1.00000e+02      1.85955e-05
    1.41301e+01      3.39607e-04      1.00000e+02      1.85916e-05
    1.42922e+01      3.39536e-04      1.00000e+02      1.85875e-05
    1.44562e+01      3.39462e-04      1.00000e+02      1.85834e-05
    1.46220e+01      3.39393e-04      1.00000e+02      1.85795e-05
    1.47898e+01      3.39320e-04      1.00000e+02      1.85753e-05
    1.49594e+01      3.39249e-04      1.00000e+02      1.85713e-05
    1.51311e+01      3.39174e-04      1.00000e+02      1.85670e-05
    1.53047e+01      3.39100e-04      1.00000e+02      1.85628e-05
    1.54803e+01      3.39025e-04      1.00000e+02      1.85585e-05
    1.56579e+01      3.38949e-04      1.00000e+02      1.85542e-05
    1.58375e+01      3.38872e-04      1.00000e+02      1.85498e-05
    1.60192e+01      3.38794e-04      1.00000e+02      1.85453e-05
    1.62030e+01      3.38716e-04      1.00000e+02      1.85408e-05
    1.63889e+01      3.38638e-04      1.00000e+02      1.85363e-05
    1.65769e+01      3.38557e-04      1.00000e+02      1.85317e-05
    1.67671e+01      3.38476e-04      1.00000e+02      1.85270e-05
    1.69594e+01      3.38395e-04      1.00000e+02      1.85223e-05
    1.71540e+01      3.38313e-04      1.00000e+02      1.85176e-05
    1.73508e+01      3.38229e-04      1.00000e+02      1.85127e-05
    1.75499e+01      3.38144e-04      1.00000e+02      1.85078e-05
    1.77512e+01      3.38060e-04      1.00000e+02      1.85029e-05
    1.79549e+01      3.37975e-04      1.00000e+02      1.84979e-05
    1.81609e+01      3.37888e-04      1.00000e+02      1.84929e-05
    1.83692e+01      3.37803e-04      1.00000e+02      1.84879e-05
    1.85800e+01      3.37715e-04      1.00000e+02      1.84827e-05
    1.87932e+01      3.37625e-04      1.00000e+02      1.84774e-05
    1.90088e+01      3.37536e-04      1.00000e+02      1.84722e-05
    1.92268e+01      3.37444e-04      1.00000e+02      1.84668e-05
    1.94474e+01      3.37351e-04      1.00000e+02      1.84613e-05
    1.96705e+01      3.37255e-04      1.00000e+02      1.84557e-05
    1.98962e+01      3.37166e-04      1.00000e+02      1.84504e-05
    2.01245e+01      3.37071e-04      1.00000e+02      1.84447e-05
    2.03554e+01      3.36974e-04      1.00000e+02      1.84390e-05
    2.05889e+01      3.36878e-04      1.00000e+02      1.84333e-05
    2.08251e+01      3.36779e-04      1.00000e+02      1.84274e-05
    2.10640e+01      3.36681e-04      1.00000e+02      1.84215e-05
    2.13057e+01      3.36581e-04      1.00000e+02      1.84155e-05
    2.15501e+01      3.36481e-04      1.00000e+02      1.84095e-05
    2.17974e+01      3.36378e-04      1.00000e+02      1.84033e-05
    2.20475e+01      3.36277e-04      1.00000e+02      1.83972e-05
    2.23004e+01      3.36172e-04      1.00000e+02      1.83909e-05
    2.25563e+01      3.36068e-04      1.00000e+02      1.83846e-05
    2.28150e+01      3.35964e-04      1.00000e+02      1.83783e-05
    2.30768e+01      3.35855e-04      1.00000e+02      1.83717e-05
    2.33416e+01      3.35757e-04      1.00000e+02      1.83657e-05
    2.36093e+01      3.35637e-04      1.00000e+02      1.83584e-05
    2.38802e+01      3.35530e-04      1.00000e+02      1.83519e-05
    2.41542e+01      3.35421e-04      1.00000e+02      1.83452e-05
    2.44313e+01      3.35308e-04      1.00000e+02      1.83382e-05
    2.47116e+01      3.35195e-04      1.00000e+02      1.83313e-05
    2.49951e+01      3.35082e-04      1.00000e+02      1.83243e-05
    2.52819e+01      3.34967e-04      1.00000e+02      1.83173e-05
    2.55719e+01      3.34850e-04      1.00000e+02      1.83100e-05
    2.58653e+01      3.34732e-04      1.00000e+02      1.83027e-05
    2.61621e+01      3.34618e-04      1.00000e+02      1.82953e-05
    2.64622e+01      3.34494e-04      1.00000e+02      1.82879e-05
    2.67658e+01      3.34372e-04      1.00000e+02      1.82803e-05
    2.70729e+01      3.34250e-04      1.00000e+02      1.82727e-05
    2.73835e+01      3.34127e-04      1.00000e+02      1.82650e-05
    2.76977e+01      3.34002e-04      1.00000e+02      1.82571e-05
    2.80154e+01      3.33877e-04      1.00000e+02      1.82493e-05
    2.83369e+01      3.33751e-04      1.00000e+02      1.82413e-05
    2.86620e+01      3.33623e-04      1.00000e+02      1.82332e-05
    2.89908e+01      3.33491e-04      1.00000e+02      1.82249e-05
    2.93234e+01      3.33362e-04      1.00000e+02      1.82167e-05
    2.96598e+01      3.33230e-04      1.00000e+02      1.82083e-05
    3.00001e+01      3.33096e-04      1.00000e+02      1.81998e-05
