    Er (keV)         SM dN/dE         BG dN/dE        BSM dN/dE (events/kg/day/keV)
    1.01000e-02      2.47292e+02      1.00000e+02      5.99522e-04
    1.01925e-02      2.46549e+02      1.00000e+02      5.93262e-04
    1.02859e-02      2.45798e+02      1.00000e+02      5.86943e-04
    1.03802e-02      2.45041e+02      1.00000e+02      5.80566e-04
    1.04753e-02      2.44277e+02      1.00000e+02      5.74131e-04
    1.05713e-02      2.43526e+02      1.00000e+02      5.68098e-04
    1.06682e-02      2.42776e+02      1.00000e+02      5.62172e-04
    1.07660e-02      2.42019e+02      1.00000e+02      5.56190e-04
    1.08647e-02      2.41256e+02      1.00000e+02      5.50154e-04
    1.09643e-02      2.40484e+02      1.00000e+02      5.44061e-04
    1.10648e-02      2.39724e+02      1.00000e+02      5.38276e-04
    1.11662e-02      2.38965e+02      1.00000e+02      5.32639e-04
    1.12686e-02      2.38200e+02      1.00000e+02      5.26951e-04
    1.13720e-02      2.37427e+02      1.00000e+02      5.21209e-04
    1.14763e-02      2.36647e+02      1.00000e+02      5.15415e-04
    1.15815e-02      2.35881e+02      1.00000e+02      5.09962e-04
    1.16878e-02      2.35113e+02      1.00000e+02      5.04576e-04
    1.17950e-02      2.34338e+02      1.00000e+02      4.99140e-04
    1.19032e-02      2.33556e+02      1.00000e+02      4.93653e-04
    1.20124e-02      2.32770e+02      1.00000e+02      4.88169e-04
    1.21226e-02      2.32000e+02      1.00000e+02      4.83049e-04
    1.22339e-02      2.31223e+02      1.00000e+02      4.77881e-04
    1.23462e-02      2.30438e+02      1.00000e+02      4.72665e-04
    1.24595e-02      2.29647e+02      1.00000e+02      4.67401e-04
    1.25738e-02      2.28864e+02      1.00000e+02      4.62365e-04
    1.26893e-02      2.28084e+02      1.00000e+02      4.57436e-04
    1.28057e-02      2.27296e+02      1.00000e+02      4.52461e-04
    1.29233e-02      2.26501e+02      1.00000e+02      4.47441e-04
    1.30420e-02      2.25707e+02      1.00000e+02      4.42513e-04
    1.31617e-02      2.24923e+02      1.00000e+02      4.37796e-04
    1.32826e-02      2.24132e+02      1.00000e+02      4.33036e-04
    1.34045e-02      2.23333e+02      1.00000e+02      4.28232e-04
    1.35276e-02      2.22533e+02      1.00000e+02      4.23464e-04
    1.36519e-02      2.21745e+02      1.00000e+02      4.18933e-04
    1.37773e-02      2.20950e+02      1.00000e+02      4.14361e-04
    1.39038e-02      2.20147e+02      1.00000e+02      4.09747e-04
    1.40316e-02      2.19343e+02      1.00000e+02      4.05173e-04
    1.41605e-02      2.18550e+02      1.00000e+02      4.00811e-04
    1.42906e-02      2.17749e+02      1.00000e+02      3.96409e-04
    1.44219e-02      2.16940e+02      1.00000e+02      3.91967e-04
    1.45544e-02      2.16134e+02      1.00000e+02      3.87609e-04
    1.46881e-02      2.15334e+02      1.00000e+02      3.83394e-04
    1.48231e-02      2.14527e+02      1.00000e+02      3.79140e-04
    1.49594e-02      2.13712e+02      1.00000e+02      3.74847e-04
    1.50968e-02      2.12907e+02      1.00000e+02      3.70719e-04
    1.52356e-02      2.12101e+02      1.00000e+02      3.66640e-04
    1.53757e-02      2.11287e+02      1.00000e+02      3.62523e-04
    1.55170e-02      2.10469e+02      1.00000e+02      3.58400e-04
    1.56597e-02      2.09664e+02      1.00000e+02      3.54480e-04
    1.58036e-02      2.08851e+02      1.00000e+02      3.50523e-04
    1.59489e-02      2.08031e+02      1.00000e+02      3.46530e-04
    1.60956e-02      2.07219e+02      1.00000e+02      3.42664e-04
    1.62436e-02      2.06408e+02      1.00000e+02      3.38850e-04
    1.63930e-02      2.05589e+02      1.00000e+02      3.35002e-04
    1.65437e-02      2.04770e+02      1.00000e+02      3.31186e-04
    1.66959e-02      2.03959e+02      1.00000e+02      3.27507e-04
    1.68494e-02      2.03140e+02      1.00000e+02      3.23793e-04
    1.70044e-02      2.02315e+02      1.00000e+02      3.20051e-04
    1.71608e-02      2.01502e+02      1.00000e+02      3.16489e-04
    1.73187e-02      2.00682e+02      1.00000e+02      3.12894e-04
    1.74780e-02      1.99854e+02      1.00000e+02      3.09266e-04
    1.76388e-02      1.99037e+02      1.00000e+02      3.05784e-04
    1.78011e-02      1.98216e+02      1.00000e+02      3.02298e-04
    1.79649e-02      1.97387e+02      1.00000e+02      2.98779e-04
    1.81302e-02      1.96569e+02      1.00000e+02      2.95388e-04
    1.82970e-02      1.95748e+02      1.00000e+02      2.92009e-04
    1.84654e-02      1.94919e+02      1.00000e+02      2.88599e-04
    1.86353e-02      1.94101e+02      1.00000e+02      2.85305e-04
    1.88068e-02      1.93280e+02      1.00000e+02      2.82018e-04
    1.89799e-02      1.92451e+02      1.00000e+02      2.78701e-04
    1.91546e-02      1.91632e+02      1.00000e+02      2.75510e-04
    1.93309e-02      1.90808e+02      1.00000e+02      2.72309e-04
    1.95089e-02      1.89978e+02      1.00000e+02      2.69087e-04
    1.96884e-02      1.89159e+02      1.00000e+02      2.65990e-04
    1.98697e-02      1.88333e+02      1.00000e+02      2.62865e-04
    2.00526e-02      1.87505e+02      1.00000e+02      2.59757e-04
    2.02372e-02      1.86685e+02      1.00000e+02      2.56735e-04
    2.04236e-02      1.85857e+02      1.00000e+02      2.53686e-04
    2.06116e-02      1.85034e+02      1.00000e+02      2.50697e-04
    2.08014e-02      1.84212e+02      1.00000e+02      2.47741e-04
    2.09930e-02      1.83382e+02      1.00000e+02      2.44758e-04
    2.11863e-02      1.82564e+02      1.00000e+02      2.41888e-04
    2.13814e-02      1.81741e+02      1.00000e+02      2.38997e-04
    2.15783e-02      1.80917e+02      1.00000e+02      2.36131e-04
    2.17770e-02      1.80097e+02      1.00000e+02      2.33318e-04
    2.19776e-02      1.79270e+02      1.00000e+02      2.30479e-04
    2.21800e-02      1.78453e+02      1.00000e+02      2.27734e-04
    2.23844e-02      1.77631e+02      1.00000e+02      2.24978e-04
    2.25905e-02      1.76809e+02      1.00000e+02      2.22250e-04
    2.27986e-02      1.75991e+02      1.00000e+02      2.19565e-04
    2.30087e-02      1.75167e+02      1.00000e+02      2.16861e-04
    2.32206e-02      1.74353e+02      1.00000e+02      2.14246e-04
    2.34346e-02      1.73532e+02      1.00000e+02      2.11607e-04
    2.36505e-02      1.72717e+02      1.00000e+02      2.09022e-04
    2.38684e-02      1.71901e+02      1.00000e+02      2.06448e-04
    2.40883e-02      1.71084e+02      1.00000e+02      2.03896e-04
    2.43103e-02      1.70272e+02      1.00000e+02      2.01389e-04
    2.45343e-02      1.69455e+02      1.00000e+02      1.98876e-04
    2.47604e-02      1.68647e+02      1.00000e+02      1.96431e-04
    2.49886e-02      1.67831e+02      1.00000e+02      1.93963e-04
    2.52189e-02      1.67026e+02      1.00000e+02      1.91571e-04
    2.54513e-02      1.66215e+02      1.00000e+02      1.89162e-04
    2.56859e-02      1.65410e+02      1.00000e+02      1.86810e-04
    2.59226e-02      1.64602e+02      1.00000e+02      1.84458e-04
    2.61615e-02      1.63798e+02      1.00000e+02      1.82149e-04
    2.64027e-02      1.62993e+02      1.00000e+02      1.79850e-04
    2.66461e-02      1.62191e+02      1.00000e+02      1.77583e-04
    2.68917e-02      1.61388e+02      1.00000e+02      1.75332e-04
    2.71396e-02      1.60588e+02      1.00000e+02      1.73110e-04
    2.73898e-02      1.59789e+02      1.00000e+02      1.70908e-04
    2.76423e-02      1.58992e+02      1.00000e+02      1.68732e-04
    2.78971e-02      1.58196e+02      1.00000e+02      1.66573e-04
    2.81543e-02      1.57402e+02      1.00000e+02      1.64444e-04
    2.84139e-02      1.56608e+02      1.00000e+02      1.62328e-04
    2.86759e-02      1.55818e+02      1.00000e+02      1.60245e-04
    2.89403e-02      1.55027e+02      1.00000e+02      1.58169e-04
    2.92072e-02      1.54242e+02      1.00000e+02      1.56133e-04
    2.94765e-02      1.53453e+02      1.00000e+02      1.54095e-04
    2.97483e-02      1.52672e+02      1.00000e+02      1.52107e-04
    3.00226e-02      1.51887e+02      1.00000e+02      1.50112e-04
    3.02995e-02      1.51124e+02      1.00000e+02      1.48164e-04
    3.05789e-02      1.50351e+02      1.00000e+02      1.46219e-04
    3.08610e-02      1.49561e+02      1.00000e+02      1.44307e-04
    3.11456e-02      1.48738e+02      1.00000e+02      1.42174e-04
    3.14329e-02      1.47882e+02      1.00000e+02      1.39824e-04
    3.17228e-02      1.47158e+02      1.00000e+02      1.38228e-04
    3.20154e-02      1.46465e+02      1.00000e+02      1.36831e-04
    3.23107e-02      1.45702e+02      1.00000e+02      1.35024e-04
    3.26087e-02      1.44938e+02      1.00000e+02      1.33224e-04
    3.29095e-02      1.44175e+02      1.00000e+02      1.31446e-04
    3.32131e-02      1.43417e+02      1.00000e+02      1.29692e-04
    3.35195e-02      1.42657e+02      1.00000e+02      1.27943e-04
    3.38287e-02      1.41904e+02      1.00000e+02      1.26231e-04
    3.41408e-02      1.41150e+02      1.00000e+02      1.24529e-04
    3.44558e-02      1.40399e+02      1.00000e+02      1.22841e-04
    3.47737e-02      1.39653e+02      1.00000e+02      1.21183e-04
    3.50945e-02      1.38906e+02      1.00000e+02      1.19532e-04
    3.54183e-02      1.38163e+02      1.00000e+02      1.17903e-04
    3.57451e-02      1.37425e+02      1.00000e+02      1.16297e-04
    3.60749e-02      1.36687e+02      1.00000e+02      1.14700e-04
    3.64078e-02      1.35951e+02      1.00000e+02      1.13128e-04
    3.67438e-02      1.35219e+02      1.00000e+02      1.11571e-04
    3.70828e-02      1.34489e+02      1.00000e+02      1.10024e-04
    3.74250e-02      1.33760e+02      1.00000e+02      1.08500e-04
    3.77704e-02      1.33037e+02      1.00000e+02      1.06996e-04
    3.81189e-02      1.32315e+02      1.00000e+02      1.05502e-04
    3.84707e-02      1.31595e+02      1.00000e+02      1.04024e-04
    3.88258e-02      1.30881e+02      1.00000e+02      1.02571e-04
    3.91841e-02      1.30168e+02      1.00000e+02      1.01130e-04
    3.95457e-02      1.29457e+02      1.00000e+02      9.96993e-05
    3.99107e-02      1.28751e+02      1.00000e+02      9.82910e-05
    4.02791e-02      1.28048e+02      1.00000e+02      9.68987e-05
    4.06509e-02      1.27346e+02      1.00000e+02      9.55184e-05
    4.10261e-02      1.26647e+02      1.00000e+02      9.41569e-05
    4.14048e-02      1.25951e+02      1.00000e+02      9.29013e-05
    4.17869e-02      1.25258e+02      1.00000e+02      9.16973e-05
    4.21727e-02      1.24565e+02      1.00000e+02      9.05182e-05
    4.25620e-02      1.23874e+02      1.00000e+02      8.93531e-05
    4.29549e-02      1.23185e+02      1.00000e+02      8.82109e-05
    4.33514e-02      1.22500e+02      1.00000e+02      8.70751e-05
    4.37516e-02      1.21813e+02      1.00000e+02      8.59559e-05
    4.41555e-02      1.21131e+02      1.00000e+02      8.48517e-05
    4.45631e-02      1.20454e+02      1.00000e+02      8.37589e-05
    4.49745e-02      1.19762e+02      1.00000e+02      8.26832e-05
    4.53898e-02      1.19076e+02      1.00000e+02      8.16250e-05
    4.58088e-02      1.18399e+02      1.00000e+02      8.05806e-05
    4.62318e-02      1.17722e+02      1.00000e+02      7.95520e-05
    4.66586e-02      1.17044e+02      1.00000e+02      7.85406e-05
    4.70894e-02      1.16366e+02      1.00000e+02      7.75458e-05
    4.75242e-02      1.15691e+02      1.00000e+02      7.65653e-05
    4.79630e-02      1.15018e+02      1.00000e+02      7.56084e-05
    4.84059e-02      1.14339e+02      1.00000e+02      7.46674e-05
    4.88528e-02      1.13669e+02      1.00000e+02      7.37435e-05
    4.93040e-02      1.13000e+02      1.00000e+02      7.28348e-05
    4.97592e-02      1.12328e+02      1.00000e+02      7.19390e-05
    5.02187e-02      1.11657e+02      1.00000e+02      7.10537e-05
    5.06825e-02      1.10986e+02      1.00000e+02      7.01783e-05
    5.11505e-02      1.10316e+02      1.00000e+02      6.93128e-05
    5.16229e-02      1.09647e+02      1.00000e+02      6.84555e-05
    5.20996e-02      1.08976e+02      1.00000e+02      6.76058e-05
    5.25807e-02      1.08305e+02      1.00000e+02      6.67628e-05
    5.30663e-02      1.07635e+02      1.00000e+02      6.59386e-05
    5.35564e-02      1.06973e+02      1.00000e+02      6.51165e-05
    5.40511e-02      1.06306e+02      1.00000e+02      6.43067e-05
    5.45503e-02      1.05636e+02      1.00000e+02      6.35049e-05
    5.50541e-02      1.04974e+02      1.00000e+02      6.27114e-05
    5.55626e-02      1.04311e+02      1.00000e+02      6.19265e-05
    5.60758e-02      1.03648e+02      1.00000e+02      6.11505e-05
    5.65937e-02      1.02983e+02      1.00000e+02      6.03831e-05
    5.71164e-02      1.02320e+02      1.00000e+02      5.96237e-05
    5.76440e-02      1.01659e+02      1.00000e+02      5.88729e-05
    5.81764e-02      1.00996e+02      1.00000e+02      5.81302e-05
    5.87138e-02      1.00335e+02      1.00000e+02      5.73959e-05
    5.92562e-02      9.96776e+01      1.00000e+02      5.66695e-05
    5.98035e-02      9.90176e+01      1.00000e+02      5.59512e-05
    6.03560e-02      9.83600e+01      1.00000e+02      5.52406e-05
    6.09135e-02      9.77042e+01      1.00000e+02      5.45374e-05
    6.14762e-02      9.70485e+01      1.00000e+02      5.38422e-05
    6.20441e-02      9.63929e+01      1.00000e+02      5.31555e-05
    6.26173e-02      9.57384e+01      1.00000e+02      5.24767e-05
    6.31957e-02      9.50870e+01      1.00000e+02      5.18046e-05
    6.37796e-02      9.44355e+01      1.00000e+02      5.11390e-05
    6.43688e-02      9.37773e+01      1.00000e+02      5.04822e-05
    6.49634e-02      9.31307e+01      1.00000e+02      4.98321e-05
    6.55636e-02      9.24781e+01      1.00000e+02      4.91887e-05
    6.61693e-02      9.18310e+01      1.00000e+02      4.85580e-05
    6.67807e-02      9.11813e+01      1.00000e+02      4.79299e-05
    6.73977e-02      9.05358e+01      1.00000e+02      4.73079e-05
    6.80204e-02      8.98886e+01      1.00000e+02      4.66922e-05
    6.86488e-02      8.92417e+01      1.00000e+02      4.60846e-05
    6.92831e-02      8.86001e+01      1.00000e+02      4.54830e-05
    6.99232e-02      8.79562e+01      1.00000e+02      4.48871e-05
    7.05693e-02      8.73156e+01      1.00000e+02      4.42973e-05
    7.12214e-02      8.66750e+01      1.00000e+02      4.37143e-05
    7.18794e-02      8.60352e+01      1.00000e+02      4.31370e-05
    7.25436e-02      8.53977e+01      1.00000e+02      4.25660e-05
    7.32139e-02      8.47633e+01      1.00000e+02      4.20021e-05
    7.38904e-02      8.41241e+01      1.00000e+02      4.14430e-05
    7.45732e-02      8.34900e+01      1.00000e+02      4.08902e-05
    7.52623e-02      8.28463e+01      1.00000e+02      4.03436e-05
    7.59578e-02      8.22281e+01      1.00000e+02      3.97911e-05
    7.66597e-02      8.15998e+01      1.00000e+02      3.92648e-05
    7.73681e-02      8.09276e+01      1.00000e+02      3.87383e-05
    7.80830e-02      8.03359e+01      1.00000e+02      3.82087e-05
    7.88046e-02      7.97078e+01      1.00000e+02      3.76867e-05
    7.95328e-02      7.90859e+01      1.00000e+02      3.71835e-05
    8.02678e-02      7.84622e+01      1.00000e+02      3.66772e-05
    8.10096e-02      7.78414e+01      1.00000e+02      3.61751e-05
    8.17582e-02      7.72082e+01      1.00000e+02      3.56795e-05
    8.25138e-02      7.66022e+01      1.00000e+02      3.51882e-05
    8.32764e-02      7.59848e+01      1.00000e+02      3.47035e-05
    8.40460e-02      7.53688e+01      1.00000e+02      3.42231e-05
    8.48227e-02      7.47553e+01      1.00000e+02      3.37485e-05
    8.56067e-02      7.41425e+01      1.00000e+02      3.32785e-05
    8.63979e-02      7.35326e+01      1.00000e+02      3.28137e-05
    8.71964e-02      7.29241e+01      1.00000e+02      3.23548e-05
    8.80023e-02      7.23153e+01      1.00000e+02      3.19004e-05
    8.88156e-02      7.17154e+01      1.00000e+02      3.14516e-05
    8.96365e-02      7.11136e+01      1.00000e+02      3.10079e-05
    9.04649e-02      7.05056e+01      1.00000e+02      3.05688e-05
    9.13011e-02      6.99224e+01      1.00000e+02      3.01350e-05
    9.21450e-02      6.93125e+01      1.00000e+02      2.97047e-05
    9.29966e-02      6.87260e+01      1.00000e+02      2.92802e-05
    9.38562e-02      6.81251e+01      1.00000e+02      2.88603e-05
    9.47237e-02      6.75298e+01      1.00000e+02      2.84419e-05
    9.55993e-02      6.69406e+01      1.00000e+02      2.80344e-05
    9.64829e-02      6.63491e+01      1.00000e+02      2.76279e-05
    9.73747e-02      6.57601e+01      1.00000e+02      2.72295e-05
    9.82748e-02      6.51800e+01      1.00000e+02      2.68309e-05
    9.91832e-02      6.45903e+01      1.00000e+02      2.64388e-05
    1.00100e-01      6.40159e+01      1.00000e+02      2.60510e-05
    1.01025e-01      6.34377e+01      1.00000e+02      2.56675e-05
    1.01959e-01      6.28616e+01      1.00000e+02      2.52903e-05
    1.02902e-01      6.22904e+01      1.00000e+02      2.49142e-05
    1.03853e-01      6.17181e+01      1.00000e+02      2.45439e-05
    1.04813e-01      6.11507e+01      1.00000e+02      2.41780e-05
    1.05782e-01      6.05844e+01      1.00000e+02      2.38161e-05
    1.06760e-01      6.00206e+01      1.00000e+02      2.34586e-05
    1.07747e-01      5.94583e+01      1.00000e+02      2.31052e-05
    1.08743e-01      5.88989e+01      1.00000e+02      2.27561e-05
    1.09748e-01      5.83429e+01      1.00000e+02      2.24105e-05
    1.10762e-01      5.77878e+01      1.00000e+02      2.20691e-05
    1.11786e-01      5.72357e+01      1.00000e+02      2.17324e-05
    1.12820e-01      5.66864e+01      1.00000e+02      2.13986e-05
    1.13863e-01      5.61376e+01      1.00000e+02      2.10693e-05
    1.14915e-01      5.55924e+01      1.00000e+02      2.07435e-05
    1.15978e-01      5.50517e+01      1.00000e+02      2.04215e-05
    1.17050e-01      5.45121e+01      1.00000e+02      2.01036e-05
    1.18132e-01      5.39756e+01      1.00000e+02      1.97923e-05
    1.19224e-01      5.34393e+01      1.00000e+02      1.94802e-05
    1.20326e-01      5.29130e+01      1.00000e+02      1.91744e-05
    1.21439e-01      5.23806e+01      1.00000e+02      1.88725e-05
    1.22562e-01      5.18537e+01      1.00000e+02      1.85753e-05
    1.23695e-01      5.13346e+01      1.00000e+02      1.82813e-05
    1.24838e-01      5.08093e+01      1.00000e+02      1.79916e-05
    1.25993e-01      5.02908e+01      1.00000e+02      1.77055e-05
    1.27157e-01      4.97746e+01      1.00000e+02      1.74235e-05
    1.28333e-01      4.92619e+01      1.00000e+02      1.71453e-05
    1.29520e-01      4.87521e+01      1.00000e+02      1.68707e-05
    1.30717e-01      4.82444e+01      1.00000e+02      1.65999e-05
    1.31926e-01      4.77391e+01      1.00000e+02      1.63331e-05
    1.33145e-01      4.72381e+01      1.00000e+02      1.60698e-05
    1.34376e-01      4.67387e+01      1.00000e+02      1.58098e-05
    1.35619e-01      4.62421e+01      1.00000e+02      1.55537e-05
    1.36873e-01      4.57481e+01      1.00000e+02      1.53012e-05
    1.38138e-01      4.52561e+01      1.00000e+02      1.50522e-05
    1.39416e-01      4.47684e+01      1.00000e+02      1.48067e-05
    1.40705e-01      4.42798e+01      1.00000e+02      1.45653e-05
    1.42006e-01      4.38027e+01      1.00000e+02      1.43261e-05
    1.43319e-01      4.33201e+01      1.00000e+02      1.40909e-05
    1.44644e-01      4.28349e+01      1.00000e+02      1.38594e-05
    1.45981e-01      4.23694e+01      1.00000e+02      1.36306e-05
    1.47331e-01      4.18935e+01      1.00000e+02      1.34030e-05
    1.48694e-01      4.14199e+01      1.00000e+02      1.31834e-05
    1.50068e-01      4.09619e+01      1.00000e+02      1.29626e-05
    1.51456e-01      4.04985e+01      1.00000e+02      1.27484e-05
    1.52857e-01      4.00214e+01      1.00000e+02      1.25354e-05
    1.54270e-01      3.95780e+01      1.00000e+02      1.23262e-05
    1.55697e-01      3.91239e+01      1.00000e+02      1.21192e-05
    1.57136e-01      3.86678e+01      1.00000e+02      1.19148e-05
    1.58589e-01      3.82207e+01      1.00000e+02      1.17133e-05
    1.60056e-01      3.77749e+01      1.00000e+02      1.15148e-05
    1.61536e-01      3.73138e+01      1.00000e+02      1.13194e-05
    1.63030e-01      3.68891e+01      1.00000e+02      1.11264e-05
    1.64537e-01      3.64523e+01      1.00000e+02      1.09345e-05
    1.66059e-01      3.60059e+01      1.00000e+02      1.07490e-05
    1.67594e-01      3.55827e+01      1.00000e+02      1.05644e-05
    1.69144e-01      3.51527e+01      1.00000e+02      1.03825e-05
    1.70708e-01      3.47229e+01      1.00000e+02      1.02033e-05
    1.72287e-01      3.43016e+01      1.00000e+02      1.00267e-05
    1.73880e-01      3.38803e+01      1.00000e+02      9.85257e-06
    1.75488e-01      3.34624e+01      1.00000e+02      9.68108e-06
    1.77111e-01      3.30462e+01      1.00000e+02      9.51229e-06
    1.78749e-01      3.26335e+01      1.00000e+02      9.34589e-06
    1.80402e-01      3.22275e+01      1.00000e+02      9.18206e-06
    1.82070e-01      3.18165e+01      1.00000e+02      9.02090e-06
    1.83754e-01      3.14126e+01      1.00000e+02      8.86194e-06
    1.85453e-01      3.10303e+01      1.00000e+02      8.70521e-06
    1.87168e-01      3.06121e+01      1.00000e+02      8.55367e-06
    1.88899e-01      3.02166e+01      1.00000e+02      8.39847e-06
    1.90646e-01      2.98334e+01      1.00000e+02      8.24817e-06
    1.92409e-01      2.94337e+01      1.00000e+02      8.10021e-06
    1.94189e-01      2.90464e+01      1.00000e+02      7.95438e-06
    1.95984e-01      2.86670e+01      1.00000e+02      7.81050e-06
    1.97797e-01      2.82809e+01      1.00000e+02      7.66887e-06
    1.99626e-01      2.79021e+01      1.00000e+02      7.52923e-06
    2.01472e-01      2.75265e+01      1.00000e+02      7.39159e-06
    2.03336e-01      2.71548e+01      1.00000e+02      7.25684e-06
    2.05216e-01      2.67826e+01      1.00000e+02      7.12253e-06
    2.07114e-01      2.64171e+01      1.00000e+02      6.99093e-06
    2.09030e-01      2.60542e+01      1.00000e+02      6.86125e-06
    2.10963e-01      2.56889e+01      1.00000e+02      6.72902e-06
    2.12914e-01      2.53319e+01      1.00000e+02      6.60615e-06
    2.14883e-01      2.49810e+01      1.00000e+02      6.48420e-06
    2.16870e-01      2.46267e+01      1.00000e+02      6.36236e-06
    2.18876e-01      2.42773e+01      1.00000e+02      6.24228e-06
    2.20900e-01      2.39321e+01      1.00000e+02      6.12409e-06
    2.22944e-01      2.35870e+01      1.00000e+02      6.00775e-06
    2.25005e-01      2.32464e+01      1.00000e+02      5.89352e-06
    2.27086e-01      2.29079e+01      1.00000e+02      5.78027e-06
    2.29187e-01      2.25742e+01      1.00000e+02      5.66909e-06
    2.31306e-01      2.22429e+01      1.00000e+02      5.55972e-06
    2.33446e-01      2.19124e+01      1.00000e+02      5.45193e-06
    2.35605e-01      2.15853e+01      1.00000e+02      5.34738e-06
    2.37784e-01      2.12693e+01      1.00000e+02      5.24450e-06
    2.39983e-01      2.09447e+01      1.00000e+02      5.13846e-06
    2.42203e-01      2.06257e+01      1.00000e+02      5.03729e-06
    2.44443e-01      2.03159e+01      1.00000e+02      4.93955e-06
    2.46704e-01      2.00029e+01      1.00000e+02      4.84022e-06
    2.48986e-01      1.96919e+01      1.00000e+02      4.74330e-06
    2.51289e-01      1.93888e+01      1.00000e+02      4.64841e-06
    2.53613e-01      1.90789e+01      1.00000e+02      4.55510e-06
    2.55959e-01      1.87854e+01      1.00000e+02      4.46333e-06
    2.58326e-01      1.84900e+01      1.00000e+02      4.37309e-06
    2.60715e-01      1.81928e+01      1.00000e+02      4.28430e-06
    2.63127e-01      1.79062e+01      1.00000e+02      4.19701e-06
    2.65561e-01      1.76180e+01      1.00000e+02      4.11116e-06
    2.68017e-01      1.73286e+01      1.00000e+02      4.02667e-06
    2.70496e-01      1.70510e+01      1.00000e+02      3.94345e-06
    2.72998e-01      1.67719e+01      1.00000e+02      3.86156e-06
    2.75523e-01      1.64961e+01      1.00000e+02      3.78138e-06
    2.78071e-01      1.62224e+01      1.00000e+02      3.70174e-06
    2.80643e-01      1.59546e+01      1.00000e+02      3.62390e-06
    2.83239e-01      1.56844e+01      1.00000e+02      3.54695e-06
    2.85859e-01      1.54200e+01      1.00000e+02      3.47148e-06
    2.88503e-01      1.51582e+01      1.00000e+02      3.39722e-06
    2.91172e-01      1.48991e+01      1.00000e+02      3.32575e-06
    2.93865e-01      1.46437e+01      1.00000e+02      3.25245e-06
    2.96583e-01      1.43914e+01      1.00000e+02      3.18186e-06
    2.99326e-01      1.41409e+01      1.00000e+02      3.11248e-06
    3.02095e-01      1.38936e+01      1.00000e+02      3.04429e-06
    3.04889e-01      1.36507e+01      1.00000e+02      2.97731e-06
    3.07710e-01      1.34067e+01      1.00000e+02      2.91143e-06
    3.10556e-01      1.31695e+01      1.00000e+02      2.84673e-06
    3.13429e-01      1.29334e+01      1.00000e+02      2.78318e-06
    3.16328e-01      1.26927e+01      1.00000e+02      2.72075e-06
    3.19254e-01      1.24711e+01      1.00000e+02      2.65940e-06
    3.22207e-01      1.22448e+01      1.00000e+02      2.59877e-06
    3.25187e-01      1.20125e+01      1.00000e+02      2.54005e-06
    3.28195e-01      1.17983e+01      1.00000e+02      2.48203e-06
    3.31231e-01      1.15805e+01      1.00000e+02      2.42502e-06
    3.34295e-01      1.13624e+01      1.00000e+02      2.36909e-06
    3.37387e-01      1.11510e+01      1.00000e+02      2.31422e-06
    3.40508e-01      1.09486e+01      1.00000e+02      2.26039e-06
    3.43658e-01      1.07340e+01      1.00000e+02      2.20762e-06
    3.46837e-01      1.05285e+01      1.00000e+02      2.15585e-06
    3.50045e-01      1.03322e+01      1.00000e+02      2.10511e-06
    3.53283e-01      1.01271e+01      1.00000e+02      2.05536e-06
    3.56551e-01      9.93060e+00      1.00000e+02      2.00669e-06
    3.59849e-01      9.73942e+00      1.00000e+02      1.95881e-06
    3.63178e-01      9.54531e+00      1.00000e+02      1.91192e-06
    3.66538e-01      9.35655e+00      1.00000e+02      1.86595e-06
    3.69928e-01      9.17088e+00      1.00000e+02      1.82089e-06
    3.73350e-01      8.98743e+00      1.00000e+02      1.77663e-06
    3.76804e-01      8.80677e+00      1.00000e+02      1.73320e-06
    3.80289e-01      8.62823e+00      1.00000e+02      1.69078e-06
    3.83807e-01      8.45294e+00      1.00000e+02      1.64913e-06
    3.87358e-01      8.27982e+00      1.00000e+02      1.60834e-06
    3.90941e-01      8.10757e+00      1.00000e+02      1.56838e-06
    3.94557e-01      7.94150e+00      1.00000e+02      1.52926e-06
    3.98207e-01      7.77584e+00      1.00000e+02      1.49096e-06
    4.01891e-01      7.61276e+00      1.00000e+02      1.45344e-06
    4.05609e-01      7.45255e+00      1.00000e+02      1.41675e-06
    4.09361e-01      7.29421e+00      1.00000e+02      1.38086e-06
    4.13148e-01      7.13804e+00      1.00000e+02      1.34576e-06
    4.16969e-01      6.98540e+00      1.00000e+02      1.31140e-06
    4.20827e-01      6.83445e+00      1.00000e+02      1.27761e-06
    4.24720e-01      6.68625e+00      1.00000e+02      1.24459e-06
    4.28649e-01      6.54023e+00      1.00000e+02      1.21221e-06
    4.32614e-01      6.39627e+00      1.00000e+02      1.18051e-06
    4.36616e-01      6.25511e+00      1.00000e+02      1.14949e-06
    4.40655e-01      6.11600e+00      1.00000e+02      1.11896e-06
    4.44731e-01      5.97900e+00      1.00000e+02      1.08942e-06
    4.48845e-01      5.84462e+00      1.00000e+02      1.06035e-06
    4.52998e-01      5.71220e+00      1.00000e+02      1.03193e-06
    4.57188e-01      5.58189e+00      1.00000e+02      1.00416e-06
    4.61418e-01      5.45411e+00      1.00000e+02      9.77102e-07
    4.65686e-01      5.32861e+00      1.00000e+02      9.50440e-07
    4.69994e-01      5.20658e+00      1.00000e+02      9.25068e-07
    4.74342e-01      5.08445e+00      1.00000e+02      8.99178e-07
    4.78730e-01      4.96461e+00      1.00000e+02      8.74387e-07
    4.83159e-01      4.84746e+00      1.00000e+02      8.50142e-07
    4.87628e-01      4.73297e+00      1.00000e+02      8.26444e-07
    4.92140e-01      4.61956e+00      1.00000e+02      8.03308e-07
    4.96692e-01      4.50873e+00      1.00000e+02      7.80675e-07
    5.01287e-01      4.40005e+00      1.00000e+02      7.58598e-07
    5.05925e-01      4.29299e+00      1.00000e+02      7.37056e-07
    5.10605e-01      4.18819e+00      1.00000e+02      7.16024e-07
    5.15329e-01      4.08527e+00      1.00000e+02      6.95558e-07
    5.20096e-01      3.98419e+00      1.00000e+02      6.75514e-07
    5.24907e-01      3.88517e+00      1.00000e+02      6.56014e-07
    5.29763e-01      3.78781e+00      1.00000e+02      6.37063e-07
    5.34664e-01      3.69279e+00      1.00000e+02      6.18526e-07
    5.39611e-01      3.59921e+00      1.00000e+02      6.00442e-07
    5.44603e-01      3.50749e+00      1.00000e+02      5.82803e-07
    5.49641e-01      3.41882e+00      1.00000e+02      5.65604e-07
    5.54726e-01      3.32953e+00      1.00000e+02      5.48843e-07
    5.59858e-01      3.24318e+00      1.00000e+02      5.32507e-07
    5.65037e-01      3.15969e+00      1.00000e+02      5.16593e-07
    5.70264e-01      3.07342e+00      1.00000e+02      5.01115e-07
    5.75540e-01      2.99440e+00      1.00000e+02      4.86054e-07
    5.80864e-01      2.91483e+00      1.00000e+02      4.71400e-07
    5.86238e-01      2.83389e+00      1.00000e+02      4.57204e-07
    5.91662e-01      2.76045e+00      1.00000e+02      4.43330e-07
    5.97135e-01      2.68546e+00      1.00000e+02      4.29872e-07
    6.02660e-01      2.61157e+00      1.00000e+02      4.16731e-07
    6.08235e-01      2.54119e+00      1.00000e+02      4.03978e-07
    6.13862e-01      2.47006e+00      1.00000e+02      3.91517e-07
    6.19541e-01      2.40123e+00      1.00000e+02      3.79399e-07
    6.25273e-01      2.33444e+00      1.00000e+02      3.67609e-07
    6.31057e-01      2.26730e+00      1.00000e+02      3.56156e-07
    6.36896e-01      2.20335e+00      1.00000e+02      3.45006e-07
    6.42788e-01      2.14023e+00      1.00000e+02      3.34212e-07
    6.48734e-01      2.07838e+00      1.00000e+02      3.23680e-07
    6.54736e-01      2.01792e+00      1.00000e+02      3.13485e-07
    6.60793e-01      1.95877e+00      1.00000e+02      3.03601e-07
    6.66907e-01      1.90107e+00      1.00000e+02      2.93968e-07
    6.73077e-01      1.84429e+00      1.00000e+02      2.84573e-07
    6.79304e-01      1.78895e+00      1.00000e+02      2.75408e-07
    6.85588e-01      1.73487e+00      1.00000e+02      2.66473e-07
    6.91931e-01      1.68180e+00      1.00000e+02      2.57777e-07
    6.98332e-01      1.63028e+00      1.00000e+02      2.49292e-07
    7.04793e-01      1.57979e+00      1.00000e+02      2.41034e-07
    7.11314e-01      1.53035e+00      1.00000e+02      2.32997e-07
    7.17894e-01      1.48233e+00      1.00000e+02      2.25188e-07
    7.24536e-01      1.43535e+00      1.00000e+02      2.17598e-07
    7.31239e-01      1.38915e+00      1.00000e+02      2.10223e-07
    7.38004e-01      1.34464e+00      1.00000e+02      2.03055e-07
    7.44832e-01      1.30102e+00      1.00000e+02      1.96053e-07
    7.51723e-01      1.25788e+00      1.00000e+02      1.89253e-07
    7.58678e-01      1.21687e+00      1.00000e+02      1.82645e-07
    7.65697e-01      1.17645e+00      1.00000e+02      1.76232e-07
    7.72781e-01      1.13569e+00      1.00000e+02      1.69972e-07
    7.79930e-01      1.09845e+00      1.00000e+02      1.63905e-07
    7.87146e-01      1.06104e+00      1.00000e+02      1.58026e-07
    7.94428e-01      1.02369e+00      1.00000e+02      1.52317e-07
    8.01778e-01      9.88916e-01      1.00000e+02      1.46788e-07
    8.09196e-01      9.54394e-01      1.00000e+02      1.41434e-07
    8.16682e-01      9.20375e-01      1.00000e+02      1.36238e-07
    8.24238e-01      8.87932e-01      1.00000e+02      1.31203e-07
    8.31864e-01      8.56146e-01      1.00000e+02      1.26320e-07
    8.39560e-01      8.25138e-01      1.00000e+02      1.21596e-07
    8.47327e-01      7.94714e-01      1.00000e+02      1.17076e-07
    8.55167e-01      7.65740e-01      1.00000e+02      1.12609e-07
    8.63079e-01      7.37269e-01      1.00000e+02      1.08342e-07
    8.71064e-01      7.09639e-01      1.00000e+02      1.04227e-07
    8.79123e-01      6.82704e-01      1.00000e+02      1.00257e-07
    8.87256e-01      6.56470e-01      1.00000e+02      9.64320e-08
    8.95465e-01      6.31224e-01      1.00000e+02      9.27196e-08
    9.03749e-01      6.06569e-01      1.00000e+02      8.91149e-08
    9.12111e-01      5.82526e-01      1.00000e+02      8.56148e-08
    9.20550e-01      5.59448e-01      1.00000e+02      8.22216e-08
    9.29066e-01      5.36976e-01      1.00000e+02      7.89339e-08
    9.37662e-01      5.15025e-01      1.00000e+02      7.57567e-08
    9.46337e-01      4.93902e-01      1.00000e+02      7.26623e-08
    9.55093e-01      4.73456e-01      1.00000e+02      6.96817e-08
    9.63929e-01      4.53490e-01      1.00000e+02      6.68001e-08
    9.72847e-01      4.34243e-01      1.00000e+02      6.40150e-08
    9.81848e-01      4.15668e-01      1.00000e+02      6.13151e-08
    9.90932e-01      3.97641e-01      1.00000e+02      5.87015e-08
    1.00010e+00      3.80188e-01      1.00000e+02      5.61743e-08
