    Er (keV)         SM dN/dE         BG dN/dE        BSM dN/dE (events/kg/day/keV)
    5.01000e-02      9.73763e-03      1.00000e+02      3.61165e-02
    5.04005e-02      9.50603e-03      1.00000e+02      3.57876e-02
    5.07028e-02      9.27304e-03      1.00000e+02      3.54567e-02
    5.10068e-02      9.03865e-03      1.00000e+02      3.51265e-02
    5.13128e-02      8.80287e-03      1.00000e+02      3.48083e-02
    5.16205e-02      8.56566e-03      1.00000e+02      3.44882e-02
    5.19301e-02      8.32703e-03      1.00000e+02      3.41667e-02
    5.22416e-02      8.08698e-03      1.00000e+02      3.38585e-02
    5.25550e-02      7.84548e-03      1.00000e+02      3.35485e-02
    5.28702e-02      7.60253e-03      1.00000e+02      3.32367e-02
    5.31873e-02      7.35814e-03      1.00000e+02      3.29375e-02
    5.35063e-02      7.11227e-03      1.00000e+02      3.26370e-02
    5.38273e-02      6.86493e-03      1.00000e+02      3.23346e-02
    5.41501e-02      6.61611e-03      1.00000e+02      3.20443e-02
    5.44749e-02      6.36580e-03      1.00000e+02      3.17527e-02
    5.48017e-02      6.11398e-03      1.00000e+02      3.14595e-02
    5.51304e-02      5.86067e-03      1.00000e+02      3.11779e-02
    5.54611e-02      5.60583e-03      1.00000e+02      3.08947e-02
    5.57938e-02      5.34945e-03      1.00000e+02      3.06112e-02
    5.61285e-02      5.09155e-03      1.00000e+02      3.03375e-02
    5.64652e-02      4.83210e-03      1.00000e+02      3.00622e-02
    5.68039e-02      4.57110e-03      1.00000e+02      2.97884e-02
    5.71447e-02      4.30853e-03      1.00000e+02      2.95221e-02
    5.74875e-02      4.04439e-03      1.00000e+02      2.92543e-02
    5.78324e-02      3.78507e-03      1.00000e+02      2.89902e-02
    5.81793e-02      3.53203e-03      1.00000e+02      2.87309e-02
    5.85283e-02      3.27746e-03      1.00000e+02      2.84701e-02
    5.88795e-02      3.02843e-03      1.00000e+02      2.82155e-02
    5.92327e-02      2.78106e-03      1.00000e+02      2.79629e-02
    5.95881e-02      2.53221e-03      1.00000e+02      2.77088e-02
    5.99455e-02      2.38292e-03      1.00000e+02      1.78115e-02
    6.03052e-02      2.23504e-03      1.00000e+02      7.63529e-03
    6.06670e-02      2.09921e-03      1.00000e+02      5.48855e-04
    6.10310e-02      1.99180e-03      1.00000e+02      5.42562e-04
    6.13971e-02      1.88375e-03      1.00000e+02      5.36231e-04
    6.17655e-02      1.81434e-03      1.00000e+02      5.30057e-04
    6.21361e-02      1.76316e-03      1.00000e+02      5.23939e-04
    6.25089e-02      1.71351e-03      1.00000e+02      5.17810e-04
    6.28839e-02      1.68202e-03      1.00000e+02      5.11893e-04
    6.32612e-02      1.65033e-03      1.00000e+02      5.05941e-04
    6.36408e-02      1.63527e-03      1.00000e+02      5.00096e-04
    6.40226e-02      1.63431e-03      1.00000e+02      4.94335e-04
    6.44067e-02      1.63333e-03      1.00000e+02      4.88549e-04
    6.47932e-02      1.63236e-03      1.00000e+02      4.82971e-04
    6.51820e-02      1.63138e-03      1.00000e+02      4.77359e-04
    6.55731e-02      1.63040e-03      1.00000e+02      4.71848e-04
    6.59665e-02      1.62941e-03      1.00000e+02      4.66410e-04
    6.63623e-02      1.62841e-03      1.00000e+02      4.60967e-04
    6.67605e-02      1.62741e-03      1.00000e+02      4.55694e-04
    6.71611e-02      1.62641e-03      1.00000e+02      4.50389e-04
    6.75641e-02      1.62540e-03      1.00000e+02      4.45211e-04
    6.79696e-02      1.62439e-03      1.00000e+02      4.40064e-04
    6.83774e-02      1.62337e-03      1.00000e+02      4.34961e-04
    6.87877e-02      1.62235e-03      1.00000e+02      4.29964e-04
    6.92005e-02      1.62132e-03      1.00000e+02      4.24940e-04
    6.96158e-02      1.62029e-03      1.00000e+02      4.20086e-04
    7.00335e-02      1.61925e-03      1.00000e+02      4.15202e-04
    7.04538e-02      1.61821e-03      1.00000e+02      4.10429e-04
    7.08766e-02      1.61716e-03      1.00000e+02      4.05682e-04
    7.13019e-02      1.61611e-03      1.00000e+02      4.00990e-04
    7.17298e-02      1.61505e-03      1.00000e+02      3.96373e-04
    7.21602e-02      1.61399e-03      1.00000e+02      3.91766e-04
    7.25933e-02      1.61292e-03      1.00000e+02      3.87273e-04
    7.30289e-02      1.61185e-03      1.00000e+02      3.82754e-04
    7.34672e-02      1.61077e-03      1.00000e+02      3.78380e-04
    7.39081e-02      1.60969e-03      1.00000e+02      3.73980e-04
    7.43516e-02      1.60860e-03      1.00000e+02      3.69690e-04
    7.47978e-02      1.60750e-03      1.00000e+02      3.65404e-04
    7.52467e-02      1.60641e-03      1.00000e+02      3.61199e-04
    7.56983e-02      1.60530e-03      1.00000e+02      3.57022e-04
    7.61526e-02      1.60419e-03      1.00000e+02      3.52904e-04
    7.66097e-02      1.60308e-03      1.00000e+02      3.48832e-04
    7.70694e-02      1.60196e-03      1.00000e+02      3.44800e-04
    7.75320e-02      1.60084e-03      1.00000e+02      3.40829e-04
    7.79973e-02      1.59971e-03      1.00000e+02      3.36885e-04
    7.84654e-02      1.59857e-03      1.00000e+02      3.33009e-04
    7.89364e-02      1.59743e-03      1.00000e+02      3.29154e-04
    7.94101e-02      1.59629e-03      1.00000e+02      3.25370e-04
    7.98867e-02      1.59514e-03      1.00000e+02      3.21602e-04
    8.03662e-02      1.59399e-03      1.00000e+02      3.17906e-04
    8.08486e-02      1.59283e-03      1.00000e+02      3.14225e-04
    8.13338e-02      1.59166e-03      1.00000e+02      3.10614e-04
    8.18220e-02      1.59049e-03      1.00000e+02      3.07020e-04
    8.23131e-02      1.58932e-03      1.00000e+02      3.03490e-04
    8.28071e-02      1.58814e-03      1.00000e+02      2.99981e-04
    8.33042e-02      1.58695e-03      1.00000e+02      2.96528e-04
    8.38042e-02      1.58576e-03      1.00000e+02      2.93105e-04
    8.43072e-02      1.58456e-03      1.00000e+02      2.89727e-04
    8.48132e-02      1.58336e-03      1.00000e+02      2.86387e-04
    8.53223e-02      1.58215e-03      1.00000e+02      2.83081e-04
    8.58345e-02      1.58094e-03      1.00000e+02      2.79824e-04
    8.63497e-02      1.57972e-03      1.00000e+02      2.76586e-04
    8.68680e-02      1.57850e-03      1.00000e+02      2.73411e-04
    8.73894e-02      1.57726e-03      1.00000e+02      2.70240e-04
    8.79140e-02      1.57603e-03      1.00000e+02      2.67145e-04
    8.84417e-02      1.57479e-03      1.00000e+02      2.64049e-04
    8.89726e-02      1.57354e-03      1.00000e+02      2.61021e-04
    8.95067e-02      1.57229e-03      1.00000e+02      2.58005e-04
    9.00439e-02      1.57103e-03      1.00000e+02      2.55036e-04
    9.05844e-02      1.56977e-03      1.00000e+02      2.52098e-04
    9.11282e-02      1.56850e-03      1.00000e+02      2.49186e-04
    9.16752e-02      1.56722e-03      1.00000e+02      2.46324e-04
    9.22256e-02      1.56594e-03      1.00000e+02      2.43468e-04
    9.27792e-02      1.56465e-03      1.00000e+02      2.40681e-04
    9.33361e-02      1.56336e-03      1.00000e+02      2.37900e-04
    9.38964e-02      1.56206e-03      1.00000e+02      2.35163e-04
    9.44601e-02      1.56076e-03      1.00000e+02      2.32456e-04
    9.50271e-02      1.55945e-03      1.00000e+02      2.29768e-04
    9.55976e-02      1.55813e-03      1.00000e+02      2.27133e-04
    9.61715e-02      1.55681e-03      1.00000e+02      2.24507e-04
    9.67488e-02      1.55548e-03      1.00000e+02      2.21928e-04
    9.73296e-02      1.55415e-03      1.00000e+02      2.19373e-04
    9.79139e-02      1.55281e-03      1.00000e+02      2.16837e-04
    9.85017e-02      1.55147e-03      1.00000e+02      2.14351e-04
    9.90931e-02      1.55011e-03      1.00000e+02      2.11876e-04
    9.96880e-02      1.54876e-03      1.00000e+02      2.09439e-04
    1.00286e-01      1.54759e-03      1.00000e+02      2.07031e-04
    1.00889e-01      1.54650e-03      1.00000e+02      2.04636e-04
    1.01494e-01      1.54512e-03      1.00000e+02      2.02290e-04
    1.02104e-01      1.54374e-03      1.00000e+02      1.99960e-04
    1.02717e-01      1.54235e-03      1.00000e+02      1.97651e-04
    1.03333e-01      1.54096e-03      1.00000e+02      1.95384e-04
    1.03954e-01      1.53956e-03      1.00000e+02      1.93131e-04
    1.04578e-01      1.53816e-03      1.00000e+02      1.90905e-04
    1.05206e-01      1.53674e-03      1.00000e+02      1.88714e-04
    1.05837e-01      1.53533e-03      1.00000e+02      1.86537e-04
    1.06473e-01      1.53390e-03      1.00000e+02      1.84389e-04
    1.07112e-01      1.53247e-03      1.00000e+02      1.82272e-04
    1.07755e-01      1.53104e-03      1.00000e+02      1.80170e-04
    1.08402e-01      1.52959e-03      1.00000e+02      1.78095e-04
    1.09053e-01      1.52815e-03      1.00000e+02      1.76050e-04
    1.09707e-01      1.52669e-03      1.00000e+02      1.74021e-04
    1.10366e-01      1.52523e-03      1.00000e+02      1.72015e-04
    1.11029e-01      1.52376e-03      1.00000e+02      1.70041e-04
    1.11695e-01      1.52229e-03      1.00000e+02      1.68083e-04
    1.12366e-01      1.52081e-03      1.00000e+02      1.66142e-04
    1.13041e-01      1.51932e-03      1.00000e+02      1.64237e-04
    1.13719e-01      1.51783e-03      1.00000e+02      1.62348e-04
    1.14402e-01      1.51633e-03      1.00000e+02      1.60476e-04
    1.15089e-01      1.51482e-03      1.00000e+02      1.58631e-04
    1.15780e-01      1.51331e-03      1.00000e+02      1.56809e-04
    1.16475e-01      1.51179e-03      1.00000e+02      1.55003e-04
    1.17175e-01      1.51027e-03      1.00000e+02      1.53214e-04
    1.17878e-01      1.50873e-03      1.00000e+02      1.51456e-04
    1.18586e-01      1.50720e-03      1.00000e+02      1.49715e-04
    1.19298e-01      1.50565e-03      1.00000e+02      1.47991e-04
    1.20014e-01      1.50410e-03      1.00000e+02      1.46284e-04
    1.20735e-01      1.50254e-03      1.00000e+02      1.44606e-04
    1.21460e-01      1.50098e-03      1.00000e+02      1.42943e-04
    1.22189e-01      1.49941e-03      1.00000e+02      1.41297e-04
    1.22923e-01      1.49783e-03      1.00000e+02      1.39668e-04
    1.23661e-01      1.49625e-03      1.00000e+02      1.38065e-04
    1.24403e-01      1.49466e-03      1.00000e+02      1.36479e-04
    1.25150e-01      1.49307e-03      1.00000e+02      1.34908e-04
    1.25902e-01      1.49146e-03      1.00000e+02      1.33353e-04
    1.26658e-01      1.48985e-03      1.00000e+02      1.31820e-04
    1.27418e-01      1.48824e-03      1.00000e+02      1.30306e-04
    1.28184e-01      1.48661e-03      1.00000e+02      1.28808e-04
    1.28953e-01      1.48498e-03      1.00000e+02      1.27325e-04
    1.29728e-01      1.48335e-03      1.00000e+02      1.25858e-04
    1.30507e-01      1.48170e-03      1.00000e+02      1.24411e-04
    1.31290e-01      1.48005e-03      1.00000e+02      1.22982e-04
    1.32079e-01      1.47840e-03      1.00000e+02      1.21568e-04
    1.32872e-01      1.47673e-03      1.00000e+02      1.20169e-04
    1.33670e-01      1.47506e-03      1.00000e+02      1.18786e-04
    1.34472e-01      1.47338e-03      1.00000e+02      1.17417e-04
    1.35280e-01      1.47170e-03      1.00000e+02      1.16068e-04
    1.36092e-01      1.47001e-03      1.00000e+02      1.14734e-04
    1.36909e-01      1.46831e-03      1.00000e+02      1.13415e-04
    1.37732e-01      1.46660e-03      1.00000e+02      1.12110e-04
    1.38559e-01      1.46488e-03      1.00000e+02      1.10820e-04
    1.39391e-01      1.46316e-03      1.00000e+02      1.09544e-04
    1.40228e-01      1.46144e-03      1.00000e+02      1.08282e-04
    1.41070e-01      1.45970e-03      1.00000e+02      1.07037e-04
    1.41917e-01      1.45796e-03      1.00000e+02      1.05807e-04
    1.42769e-01      1.45621e-03      1.00000e+02      1.04590e-04
    1.43627e-01      1.45446e-03      1.00000e+02      1.03387e-04
    1.44489e-01      1.45269e-03      1.00000e+02      1.02198e-04
    1.45357e-01      1.45092e-03      1.00000e+02      1.01022e-04
    1.46230e-01      1.44915e-03      1.00000e+02      9.98591e-05
    1.47108e-01      1.44736e-03      1.00000e+02      9.87096e-05
    1.47991e-01      1.44557e-03      1.00000e+02      9.75734e-05
    1.48880e-01      1.44378e-03      1.00000e+02      9.64501e-05
    1.49774e-01      1.44197e-03      1.00000e+02      9.53403e-05
    1.50674e-01      1.44016e-03      1.00000e+02      9.42440e-05
    1.51579e-01      1.43834e-03      1.00000e+02      9.31601e-05
    1.52489e-01      1.43652e-03      1.00000e+02      9.20884e-05
    1.53405e-01      1.43468e-03      1.00000e+02      9.10290e-05
    1.54326e-01      1.43284e-03      1.00000e+02      8.99816e-05
    1.55253e-01      1.43099e-03      1.00000e+02      8.89461e-05
    1.56185e-01      1.42914e-03      1.00000e+02      8.79224e-05
    1.57123e-01      1.42727e-03      1.00000e+02      8.69105e-05
    1.58067e-01      1.42540e-03      1.00000e+02      8.59102e-05
    1.59016e-01      1.42353e-03      1.00000e+02      8.49214e-05
    1.59971e-01      1.42164e-03      1.00000e+02      8.39439e-05
    1.60932e-01      1.41975e-03      1.00000e+02      8.29776e-05
    1.61898e-01      1.41785e-03      1.00000e+02      8.20224e-05
    1.62871e-01      1.41595e-03      1.00000e+02      8.10782e-05
    1.63849e-01      1.41403e-03      1.00000e+02      8.01449e-05
    1.64833e-01      1.41211e-03      1.00000e+02      7.92223e-05
    1.65823e-01      1.41018e-03      1.00000e+02      7.83101e-05
    1.66819e-01      1.40825e-03      1.00000e+02      7.74083e-05
    1.67820e-01      1.40630e-03      1.00000e+02      7.65168e-05
    1.68828e-01      1.40435e-03      1.00000e+02      7.56355e-05
    1.69842e-01      1.40239e-03      1.00000e+02      7.47641e-05
    1.70862e-01      1.40043e-03      1.00000e+02      7.39028e-05
    1.71889e-01      1.39845e-03      1.00000e+02      7.30514e-05
    1.72921e-01      1.39647e-03      1.00000e+02      7.22104e-05
    1.73960e-01      1.39448e-03      1.00000e+02      7.13788e-05
    1.75004e-01      1.39248e-03      1.00000e+02      7.05567e-05
    1.76055e-01      1.39048e-03      1.00000e+02      6.97440e-05
    1.77113e-01      1.38846e-03      1.00000e+02      6.89404e-05
    1.78177e-01      1.38644e-03      1.00000e+02      6.81459e-05
    1.79247e-01      1.38442e-03      1.00000e+02      6.73605e-05
    1.80323e-01      1.38238e-03      1.00000e+02      6.65839e-05
    1.81406e-01      1.38034e-03      1.00000e+02      6.58159e-05
    1.82496e-01      1.37828e-03      1.00000e+02      6.50573e-05
    1.83592e-01      1.37622e-03      1.00000e+02      6.43079e-05
    1.84695e-01      1.37416e-03      1.00000e+02      6.35668e-05
    1.85804e-01      1.37208e-03      1.00000e+02      6.28339e-05
    1.86920e-01      1.37000e-03      1.00000e+02      6.21093e-05
    1.88043e-01      1.36791e-03      1.00000e+02      6.13927e-05
    1.89172e-01      1.36581e-03      1.00000e+02      6.06843e-05
    1.90308e-01      1.36371e-03      1.00000e+02      5.99849e-05
    1.91451e-01      1.36159e-03      1.00000e+02      5.92932e-05
    1.92601e-01      1.35947e-03      1.00000e+02      5.86091e-05
    1.93758e-01      1.35734e-03      1.00000e+02      5.79325e-05
    1.94922e-01      1.35520e-03      1.00000e+02      5.72634e-05
    1.96093e-01      1.35306e-03      1.00000e+02      5.66032e-05
    1.97270e-01      1.35090e-03      1.00000e+02      5.59501e-05
    1.98455e-01      1.34874e-03      1.00000e+02      5.53042e-05
    1.99647e-01      1.34657e-03      1.00000e+02      5.46652e-05
    2.00846e-01      1.34440e-03      1.00000e+02      5.40345e-05
    2.02053e-01      1.34221e-03      1.00000e+02      5.34110e-05
    2.03266e-01      1.34002e-03      1.00000e+02      5.27940e-05
    2.04487e-01      1.33782e-03      1.00000e+02      5.21836e-05
    2.05716e-01      1.33561e-03      1.00000e+02      5.15815e-05
    2.06951e-01      1.33340e-03      1.00000e+02      5.09857e-05
    2.08194e-01      1.33118e-03      1.00000e+02      5.03963e-05
    2.09445e-01      1.32895e-03      1.00000e+02      4.98141e-05
    2.10703e-01      1.32671e-03      1.00000e+02      4.92388e-05
    2.11969e-01      1.32447e-03      1.00000e+02      4.86695e-05
    2.13242e-01      1.32221e-03      1.00000e+02      4.81068e-05
    2.14523e-01      1.31995e-03      1.00000e+02      4.75511e-05
    2.15811e-01      1.31768e-03      1.00000e+02      4.70012e-05
    2.17107e-01      1.31541e-03      1.00000e+02      4.64576e-05
    2.18412e-01      1.31312e-03      1.00000e+02      4.59207e-05
    2.19724e-01      1.31083e-03      1.00000e+02      4.53892e-05
    2.21043e-01      1.30853e-03      1.00000e+02      4.48643e-05
    2.22371e-01      1.30622e-03      1.00000e+02      4.43454e-05
    2.23707e-01      1.30390e-03      1.00000e+02      4.38317e-05
    2.25051e-01      1.30158e-03      1.00000e+02      4.33248e-05
    2.26402e-01      1.29924e-03      1.00000e+02      4.28231e-05
    2.27762e-01      1.29690e-03      1.00000e+02      4.23273e-05
    2.29130e-01      1.29455e-03      1.00000e+02      4.18372e-05
    2.30507e-01      1.29219e-03      1.00000e+02      4.13523e-05
    2.31891e-01      1.28983e-03      1.00000e+02      4.08736e-05
    2.33284e-01      1.28746e-03      1.00000e+02      4.03996e-05
    2.34686e-01      1.28508e-03      1.00000e+02      3.99320e-05
    2.36095e-01      1.28269e-03      1.00000e+02      3.94689e-05
    2.37514e-01      1.28029e-03      1.00000e+02      3.90118e-05
    2.38940e-01      1.27789e-03      1.00000e+02      3.85593e-05
    2.40376e-01      1.27547e-03      1.00000e+02      3.81124e-05
    2.41820e-01      1.27305e-03      1.00000e+02      3.76701e-05
    2.43272e-01      1.27062e-03      1.00000e+02      3.72334e-05
    2.44733e-01      1.26819e-03      1.00000e+02      3.68011e-05
    2.46204e-01      1.26574e-03      1.00000e+02      3.63743e-05
    2.47683e-01      1.26329e-03      1.00000e+02      3.59517e-05
    2.49170e-01      1.26082e-03      1.00000e+02      3.55347e-05
    2.50667e-01      1.25835e-03      1.00000e+02      3.51218e-05
    2.52173e-01      1.25587e-03      1.00000e+02      3.47140e-05
    2.53688e-01      1.25338e-03      1.00000e+02      3.43106e-05
    2.55212e-01      1.25089e-03      1.00000e+02      3.39118e-05
    2.56745e-01      1.24838e-03      1.00000e+02      3.35178e-05
    2.58287e-01      1.24587e-03      1.00000e+02      3.31278e-05
    2.59839e-01      1.24335e-03      1.00000e+02      3.27428e-05
    2.61399e-01      1.24082e-03      1.00000e+02      3.23619e-05
    2.62970e-01      1.23828e-03      1.00000e+02      3.19852e-05
    2.64549e-01      1.23574e-03      1.00000e+02      3.16133e-05
    2.66139e-01      1.23319e-03      1.00000e+02      3.12453e-05
    2.67737e-01      1.23063e-03      1.00000e+02      3.08814e-05
    2.69346e-01      1.22806e-03      1.00000e+02      3.05221e-05
    2.70964e-01      1.22548e-03      1.00000e+02      3.01665e-05
    2.72592e-01      1.22290e-03      1.00000e+02      2.98149e-05
    2.74229e-01      1.22030e-03      1.00000e+02      2.94677e-05
    2.75876e-01      1.21770e-03      1.00000e+02      2.91242e-05
    2.77534e-01      1.21510e-03      1.00000e+02      2.87845e-05
    2.79201e-01      1.21248e-03      1.00000e+02      2.84488e-05
    2.80878e-01      1.20985e-03      1.00000e+02      2.81170e-05
    2.82565e-01      1.20722e-03      1.00000e+02      2.77889e-05
    2.84263e-01      1.20458e-03      1.00000e+02      2.74644e-05
    2.85971e-01      1.20193e-03      1.00000e+02      2.71438e-05
    2.87689e-01      1.19927e-03      1.00000e+02      2.68270e-05
    2.89417e-01      1.19661e-03      1.00000e+02      2.65136e-05
    2.91155e-01      1.19394e-03      1.00000e+02      2.62038e-05
    2.92904e-01      1.19125e-03      1.00000e+02      2.58974e-05
    2.94664e-01      1.18856e-03      1.00000e+02      2.55946e-05
    2.96434e-01      1.18587e-03      1.00000e+02      2.52954e-05
    2.98215e-01      1.18316e-03      1.00000e+02      2.49995e-05
    3.00007e-01      1.18045e-03      1.00000e+02      2.47070e-05
    3.01809e-01      1.17773e-03      1.00000e+02      2.44178e-05
    3.03622e-01      1.17500e-03      1.00000e+02      2.41318e-05
    3.05446e-01      1.17226e-03      1.00000e+02      2.38491e-05
    3.07281e-01      1.16951e-03      1.00000e+02      2.35696e-05
    3.09127e-01      1.16676e-03      1.00000e+02      2.32933e-05
    3.10984e-01      1.16400e-03      1.00000e+02      2.30202e-05
    3.12852e-01      1.16123e-03      1.00000e+02      2.27503e-05
    3.14732e-01      1.15845e-03      1.00000e+02      2.24834e-05
    3.16622e-01      1.15567e-03      1.00000e+02      2.22195e-05
    3.18525e-01      1.15287e-03      1.00000e+02      2.19587e-05
    3.20438e-01      1.15007e-03      1.00000e+02      2.17008e-05
    3.22363e-01      1.14727e-03      1.00000e+02      2.14459e-05
    3.24300e-01      1.14445e-03      1.00000e+02      2.11938e-05
    3.26248e-01      1.14162e-03      1.00000e+02      2.09447e-05
    3.28208e-01      1.13879e-03      1.00000e+02      2.06983e-05
    3.30180e-01      1.13595e-03      1.00000e+02      2.04548e-05
    3.32163e-01      1.13310e-03      1.00000e+02      2.02141e-05
    3.34159e-01      1.13025e-03      1.00000e+02      1.99761e-05
    3.36166e-01      1.12739e-03      1.00000e+02      1.97408e-05
    3.38186e-01      1.12451e-03      1.00000e+02      1.95083e-05
    3.40218e-01      1.12164e-03      1.00000e+02      1.92783e-05
    3.42262e-01      1.11875e-03      1.00000e+02      1.90510e-05
    3.44318e-01      1.11585e-03      1.00000e+02      1.88263e-05
    3.46386e-01      1.11295e-03      1.00000e+02      1.86041e-05
    3.48467e-01      1.11004e-03      1.00000e+02      1.83844e-05
    3.50561e-01      1.10712e-03      1.00000e+02      1.81674e-05
    3.52667e-01      1.10420e-03      1.00000e+02      1.79528e-05
    3.54786e-01      1.10127e-03      1.00000e+02      1.77406e-05
    3.56917e-01      1.09832e-03      1.00000e+02      1.75307e-05
    3.59061e-01      1.09537e-03      1.00000e+02      1.73233e-05
    3.61219e-01      1.09242e-03      1.00000e+02      1.71183e-05
    3.63389e-01      1.08945e-03      1.00000e+02      1.69156e-05
    3.65572e-01      1.08648e-03      1.00000e+02      1.67152e-05
    3.67768e-01      1.08350e-03      1.00000e+02      1.65171e-05
    3.69978e-01      1.08051e-03      1.00000e+02      1.63213e-05
    3.72200e-01      1.07752e-03      1.00000e+02      1.61276e-05
    3.74436e-01      1.07451e-03      1.00000e+02      1.59362e-05
    3.76686e-01      1.07150e-03      1.00000e+02      1.57470e-05
    3.78949e-01      1.06849e-03      1.00000e+02      1.55600e-05
    3.81226e-01      1.06546e-03      1.00000e+02      1.53751e-05
    3.83516e-01      1.06243e-03      1.00000e+02      1.51923e-05
    3.85820e-01      1.05939e-03      1.00000e+02      1.50116e-05
    3.88138e-01      1.05634e-03      1.00000e+02      1.48330e-05
    3.90470e-01      1.05329e-03      1.00000e+02      1.46563e-05
    3.92816e-01      1.05023e-03      1.00000e+02      1.44817e-05
    3.95176e-01      1.04716e-03      1.00000e+02      1.43091e-05
    3.97550e-01      1.04408e-03      1.00000e+02      1.41385e-05
    3.99939e-01      1.04100e-03      1.00000e+02      1.39698e-05
    4.02342e-01      1.03791e-03      1.00000e+02      1.38031e-05
    4.04759e-01      1.03481e-03      1.00000e+02      1.36383e-05
    4.07191e-01      1.03171e-03      1.00000e+02      1.34753e-05
    4.09637e-01      1.02860e-03      1.00000e+02      1.33142e-05
    4.12098e-01      1.02548e-03      1.00000e+02      1.31550e-05
    4.14574e-01      1.02235e-03      1.00000e+02      1.29976e-05
    4.17065e-01      1.01922e-03      1.00000e+02      1.28420e-05
    4.19570e-01      1.01608e-03      1.00000e+02      1.26881e-05
    4.22091e-01      1.01293e-03      1.00000e+02      1.25360e-05
    4.24627e-01      1.00978e-03      1.00000e+02      1.23856e-05
    4.27178e-01      1.00662e-03      1.00000e+02      1.22369e-05
    4.29745e-01      1.00345e-03      1.00000e+02      1.20900e-05
    4.32327e-01      1.00027e-03      1.00000e+02      1.19448e-05
    4.34924e-01      9.97091e-04      1.00000e+02      1.18011e-05
    4.37537e-01      9.93902e-04      1.00000e+02      1.16592e-05
    4.40166e-01      9.90707e-04      1.00000e+02      1.15189e-05
    4.42811e-01      9.87503e-04      1.00000e+02      1.13801e-05
    4.45471e-01      9.84293e-04      1.00000e+02      1.12430e-05
    4.48147e-01      9.81077e-04      1.00000e+02      1.11074e-05
    4.50840e-01      9.77854e-04      1.00000e+02      1.09734e-05
    4.53549e-01      9.74625e-04      1.00000e+02      1.08409e-05
    4.56274e-01      9.71389e-04      1.00000e+02      1.07100e-05
    4.59015e-01      9.68147e-04      1.00000e+02      1.05805e-05
    4.61773e-01      9.64898e-04      1.00000e+02      1.04525e-05
    4.64547e-01      9.61644e-04      1.00000e+02      1.03260e-05
    4.67338e-01      9.58383e-04      1.00000e+02      1.02009e-05
    4.70146e-01      9.55117e-04      1.00000e+02      1.00773e-05
    4.72971e-01      9.51845e-04      1.00000e+02      9.95512e-06
    4.75812e-01      9.48566e-04      1.00000e+02      9.83434e-06
    4.78671e-01      9.45281e-04      1.00000e+02      9.71496e-06
    4.81547e-01      9.41990e-04      1.00000e+02      9.59694e-06
    4.84440e-01      9.38693e-04      1.00000e+02      9.48026e-06
    4.87351e-01      9.35390e-04      1.00000e+02      9.36490e-06
    4.90279e-01      9.32080e-04      1.00000e+02      9.25087e-06
    4.93225e-01      9.28764e-04      1.00000e+02      9.13814e-06
    4.96188e-01      9.25442e-04      1.00000e+02      9.02671e-06
    4.99170e-01      9.22114e-04      1.00000e+02      8.91657e-06
    5.02169e-01      9.18780e-04      1.00000e+02      8.80770e-06
    5.05186e-01      9.15441e-04      1.00000e+02      8.70008e-06
    5.08221e-01      9.12096e-04      1.00000e+02      8.59367e-06
    5.11275e-01      9.08746e-04      1.00000e+02      8.48851e-06
    5.14346e-01      9.05388e-04      1.00000e+02      8.38455e-06
    5.17437e-01      9.02027e-04      1.00000e+02      8.28180e-06
    5.20546e-01      8.98660e-04      1.00000e+02      8.18024e-06
    5.23673e-01      8.95286e-04      1.00000e+02      8.07984e-06
    5.26820e-01      8.91907e-04      1.00000e+02      7.98061e-06
    5.29985e-01      8.88521e-04      1.00000e+02      7.88251e-06
    5.33169e-01      8.85131e-04      1.00000e+02      7.78556e-06
    5.36373e-01      8.81734e-04      1.00000e+02      7.68967e-06
    5.39595e-01      8.78332e-04      1.00000e+02      7.59490e-06
    5.42838e-01      8.74923e-04      1.00000e+02      7.50121e-06
    5.46099e-01      8.71510e-04      1.00000e+02      7.40857e-06
    5.49380e-01      8.68092e-04      1.00000e+02      7.31704e-06
    5.52681e-01      8.64669e-04      1.00000e+02      7.22655e-06
    5.56002e-01      8.61241e-04      1.00000e+02      7.13713e-06
    5.59343e-01      8.57809e-04      1.00000e+02      7.04875e-06
    5.62703e-01      8.54371e-04      1.00000e+02      6.96140e-06
    5.66084e-01      8.50930e-04      1.00000e+02      6.87504e-06
    5.69485e-01      8.47483e-04      1.00000e+02      6.78969e-06
    5.72907e-01      8.44032e-04      1.00000e+02      6.70531e-06
    5.76349e-01      8.40578e-04      1.00000e+02      6.62191e-06
    5.79812e-01      8.37119e-04      1.00000e+02      6.53947e-06
    5.83296e-01      8.33656e-04      1.00000e+02      6.45802e-06
    5.86801e-01      8.30188e-04      1.00000e+02      6.37750e-06
    5.90327e-01      8.26718e-04      1.00000e+02      6.29791e-06
    5.93873e-01      8.23242e-04      1.00000e+02      6.21924e-06
    5.97442e-01      8.19763e-04      1.00000e+02      6.14150e-06
    6.01031e-01      8.16278e-04      1.00000e+02      6.06462e-06
    6.04643e-01      8.12789e-04      1.00000e+02      5.98865e-06
    6.08276e-01      8.09297e-04      1.00000e+02      5.91356e-06
    6.11930e-01      8.05801e-04      1.00000e+02      5.83934e-06
    6.15607e-01      8.02301e-04      1.00000e+02      5.76599e-06
    6.19306e-01      7.98797e-04      1.00000e+02      5.69349e-06
    6.23027e-01      7.95289e-04      1.00000e+02      5.62182e-06
    6.26771e-01      7.91777e-04      1.00000e+02      5.55100e-06
    6.30537e-01      7.88262e-04      1.00000e+02      5.48098e-06
    6.34325e-01      7.84742e-04      1.00000e+02      5.41180e-06
    6.38136e-01      7.81219e-04      1.00000e+02      5.34341e-06
    6.41971e-01      7.77692e-04      1.00000e+02      5.27581e-06
    6.45828e-01      7.74162e-04      1.00000e+02      5.20900e-06
    6.49708e-01      7.70630e-04      1.00000e+02      5.14297e-06
    6.53612e-01      7.67093e-04      1.00000e+02      5.07771e-06
    6.57540e-01      7.63554e-04      1.00000e+02      5.01321e-06
    6.61490e-01      7.60011e-04      1.00000e+02      4.94947e-06
    6.65465e-01      7.56466e-04      1.00000e+02      4.88647e-06
    6.69463e-01      7.52917e-04      1.00000e+02      4.82420e-06
    6.73486e-01      7.49366e-04      1.00000e+02      4.76267e-06
    6.77533e-01      7.45811e-04      1.00000e+02      4.70184e-06
    6.81604e-01      7.42255e-04      1.00000e+02      4.64173e-06
    6.85699e-01      7.38696e-04      1.00000e+02      4.58233e-06
    6.89819e-01      7.35134e-04      1.00000e+02      4.52362e-06
    6.93964e-01      7.31570e-04      1.00000e+02      4.46559e-06
    6.98134e-01      7.28003e-04      1.00000e+02      4.40825e-06
    7.02329e-01      7.24434e-04      1.00000e+02      4.35158e-06
    7.06549e-01      7.20863e-04      1.00000e+02      4.29557e-06
    7.10794e-01      7.17290e-04      1.00000e+02      4.24022e-06
    7.15065e-01      7.13714e-04      1.00000e+02      4.18551e-06
    7.19361e-01      7.10136e-04      1.00000e+02      4.13146e-06
    7.23684e-01      7.06557e-04      1.00000e+02      4.07803e-06
    7.28032e-01      7.02976e-04      1.00000e+02      4.02524e-06
    7.32406e-01      6.99394e-04      1.00000e+02      3.97304e-06
    7.36807e-01      6.95811e-04      1.00000e+02      3.92148e-06
    7.41234e-01      6.92225e-04      1.00000e+02      3.87053e-06
    7.45688e-01      6.88640e-04      1.00000e+02      3.82017e-06
    7.50169e-01      6.85054e-04      1.00000e+02      3.77042e-06
    7.54676e-01      6.81466e-04      1.00000e+02      3.72126e-06
    7.59211e-01      6.77877e-04      1.00000e+02      3.67268e-06
    7.63773e-01      6.74287e-04      1.00000e+02      3.62467e-06
    7.68362e-01      6.70697e-04      1.00000e+02      3.57723e-06
    7.72979e-01      6.67105e-04      1.00000e+02      3.53034e-06
    7.77623e-01      6.63511e-04      1.00000e+02      3.48401e-06
    7.82296e-01      6.59917e-04      1.00000e+02      3.43822e-06
    7.86996e-01      6.56324e-04      1.00000e+02      3.39296e-06
    7.91725e-01      6.52728e-04      1.00000e+02      3.34826e-06
    7.96483e-01      6.49132e-04      1.00000e+02      3.30408e-06
    8.01268e-01      6.45536e-04      1.00000e+02      3.26043e-06
    8.06083e-01      6.41938e-04      1.00000e+02      3.21729e-06
    8.10926e-01      6.38340e-04      1.00000e+02      3.17466e-06
    8.15799e-01      6.34743e-04      1.00000e+02      3.13253e-06
    8.20701e-01      6.31147e-04      1.00000e+02      3.09091e-06
    8.25632e-01      6.27550e-04      1.00000e+02      3.04978e-06
    8.30593e-01      6.23956e-04      1.00000e+02      3.00915e-06
    8.35584e-01      6.20361e-04      1.00000e+02      2.96900e-06
    8.40605e-01      6.16769e-04      1.00000e+02      2.92934e-06
    8.45656e-01      6.13177e-04      1.00000e+02      2.89016e-06
    8.50737e-01      6.09584e-04      1.00000e+02      2.85146e-06
    8.55849e-01      6.05994e-04      1.00000e+02      2.81321e-06
    8.60992e-01      6.02404e-04      1.00000e+02      2.77540e-06
    8.66165e-01      5.98815e-04      1.00000e+02      2.73806e-06
    8.71370e-01      5.95227e-04      1.00000e+02      2.70116e-06
    8.76606e-01      5.91639e-04      1.00000e+02      2.66470e-06
    8.81873e-01      5.88054e-04      1.00000e+02      2.62867e-06
    8.87172e-01      5.84471e-04      1.00000e+02      2.59308e-06
    8.92503e-01      5.80888e-04      1.00000e+02      2.55791e-06
    8.97866e-01      5.77307e-04      1.00000e+02      2.52317e-06
    9.03261e-01      5.73728e-04      1.00000e+02      2.48886e-06
    9.08688e-01      5.70150e-04      1.00000e+02      2.45495e-06
    9.14148e-01      5.66575e-04      1.00000e+02      2.42146e-06
    9.19641e-01      5.63000e-04      1.00000e+02      2.38837e-06
    9.25167e-01      5.59427e-04      1.00000e+02      2.35568e-06
    9.30726e-01      5.55858e-04      1.00000e+02      2.32338e-06
    9.36319e-01      5.52289e-04      1.00000e+02      2.29147e-06
    9.41945e-01      5.48723e-04      1.00000e+02      2.25994e-06
    9.47605e-01      5.45161e-04      1.00000e+02      2.22879e-06
    9.53299e-01      5.41603e-04      1.00000e+02      2.19801e-06
    9.59027e-01      5.38047e-04      1.00000e+02      2.16763e-06
    9.64790e-01      5.34494e-04      1.00000e+02      2.13762e-06
    9.70587e-01      5.30946e-04      1.00000e+02      2.10797e-06
    9.76419e-01      5.27400e-04      1.00000e+02      2.07868e-06
    9.82286e-01      5.23859e-04      1.00000e+02      2.04975e-06
    9.88189e-01      5.20320e-04      1.00000e+02      2.02117e-06
    9.94126e-01      5.16786e-04      1.00000e+02      1.99294e-06
    1.00010e+00      5.13722e-04      1.00000e+02      1.96506e-06
