    Er (keV)         SM dN/dE         BG dN/dE        BSM dN/dE (events/kg/day/keV)
    2.50100e-01      1.86908e-04      1.00000e+02      9.27263e-07
    2.52651e-01      1.86665e-04      1.00000e+02      9.27256e-07
    2.55227e-01      1.86418e-04      1.00000e+02      9.27249e-07
    2.57830e-01      1.86170e-04      1.00000e+02      9.27242e-07
    2.60459e-01      1.85919e-04      1.00000e+02      9.27235e-07
    2.63115e-01      1.85665e-04      1.00000e+02      9.27228e-07
    2.65799e-01      1.85409e-04      1.00000e+02      9.27220e-07
    2.68509e-01      1.85150e-04      1.00000e+02      9.27213e-07
    2.71248e-01      1.84888e-04      1.00000e+02      9.27206e-07
    2.74014e-01      1.84624e-04      1.00000e+02      9.27198e-07
    2.76808e-01      1.84357e-04      1.00000e+02      9.27191e-07
    2.79631e-01      1.84087e-04      1.00000e+02      9.27183e-07
    2.82483e-01      1.83815e-04      1.00000e+02      9.27176e-07
    2.85364e-01      1.83540e-04      1.00000e+02      9.27168e-07
    2.88274e-01      1.83262e-04      1.00000e+02      9.27160e-07
    2.91214e-01      1.82985e-04      1.00000e+02      9.27154e-07
    2.94184e-01      1.82713e-04      1.00000e+02      9.27151e-07
    2.97185e-01      1.82437e-04      1.00000e+02      9.27148e-07
    3.00215e-01      1.82159e-04      1.00000e+02      9.27144e-07
    3.03277e-01      1.81878e-04      1.00000e+02      9.27141e-07
    3.06370e-01      1.81594e-04      1.00000e+02      9.27138e-07
    3.09495e-01      1.81307e-04      1.00000e+02      9.27134e-07
    3.12651e-01      1.81018e-04      1.00000e+02      9.27131e-07
    3.15840e-01      1.80725e-04      1.00000e+02      9.27128e-07
    3.19061e-01      1.80429e-04      1.00000e+02      9.27124e-07
    3.22315e-01      1.80131e-04      1.00000e+02      9.27121e-07
    3.25602e-01      1.79829e-04      1.00000e+02      9.27117e-07
    3.28923e-01      1.79524e-04      1.00000e+02      9.27114e-07
    3.32278e-01      1.79223e-04      1.00000e+02      9.27110e-07
    3.35667e-01      1.78923e-04      1.00000e+02      9.27106e-07
    3.39090e-01      1.78621e-04      1.00000e+02      9.27102e-07
    3.42549e-01      1.78315e-04      1.00000e+02      9.27098e-07
    3.46042e-01      1.78006e-04      1.00000e+02      9.27094e-07
    3.49572e-01      1.77694e-04      1.00000e+02      9.27090e-07
    3.53137e-01      1.77378e-04      1.00000e+02      9.27086e-07
    3.56739e-01      1.77060e-04      1.00000e+02      9.27082e-07
    3.60377e-01      1.76738e-04      1.00000e+02      9.27078e-07
    3.64053e-01      1.76413e-04      1.00000e+02      9.27074e-07
    3.67766e-01      1.76084e-04      1.00000e+02      9.27070e-07
    3.71517e-01      1.75756e-04      1.00000e+02      9.27065e-07
    3.75306e-01      1.75433e-04      1.00000e+02      9.27061e-07
    3.79134e-01      1.75106e-04      1.00000e+02      9.27056e-07
    3.83001e-01      1.74776e-04      1.00000e+02      9.27051e-07
    3.86907e-01      1.74443e-04      1.00000e+02      9.27047e-07
    3.90853e-01      1.74106e-04      1.00000e+02      9.27042e-07
    3.94840e-01      1.73766e-04      1.00000e+02      9.27037e-07
    3.98867e-01      1.73422e-04      1.00000e+02      9.27032e-07
    4.02935e-01      1.73075e-04      1.00000e+02      9.27027e-07
    4.07045e-01      1.72724e-04      1.00000e+02      9.27022e-07
    4.11196e-01      1.72372e-04      1.00000e+02      9.27017e-07
    4.15391e-01      1.72026e-04      1.00000e+02      9.27012e-07
    4.19627e-01      1.71676e-04      1.00000e+02      9.27007e-07
    4.23907e-01      1.71323e-04      1.00000e+02      9.27002e-07
    4.28231e-01      1.70967e-04      1.00000e+02      9.26997e-07
    4.32599e-01      1.70607e-04      1.00000e+02      9.26991e-07
    4.37011e-01      1.70243e-04      1.00000e+02      9.26986e-07
    4.41469e-01      1.69875e-04      1.00000e+02      9.26981e-07
    4.45971e-01      1.69504e-04      1.00000e+02      9.26975e-07
    4.50520e-01      1.69129e-04      1.00000e+02      9.26970e-07
    4.55115e-01      1.68761e-04      1.00000e+02      9.26964e-07
    4.59758e-01      1.68390e-04      1.00000e+02      9.26958e-07
    4.64447e-01      1.68015e-04      1.00000e+02      9.26953e-07
    4.69184e-01      1.67637e-04      1.00000e+02      9.26947e-07
    4.73970e-01      1.67254e-04      1.00000e+02      9.26941e-07
    4.78804e-01      1.66868e-04      1.00000e+02      9.26935e-07
    4.83688e-01      1.66478e-04      1.00000e+02      9.26928e-07
    4.88622e-01      1.66084e-04      1.00000e+02      9.26922e-07
    4.93606e-01      1.65692e-04      1.00000e+02      9.26916e-07
    4.98640e-01      1.65302e-04      1.00000e+02      9.26910e-07
    5.03726e-01      1.64908e-04      1.00000e+02      9.26904e-07
    5.08865e-01      1.64510e-04      1.00000e+02      9.26897e-07
    5.14055e-01      1.64108e-04      1.00000e+02      9.26891e-07
    5.19298e-01      1.63702e-04      1.00000e+02      9.26885e-07
    5.24595e-01      1.63292e-04      1.00000e+02      9.26878e-07
    5.29946e-01      1.62877e-04      1.00000e+02      9.26872e-07
    5.35352e-01      1.62469e-04      1.00000e+02      9.26865e-07
    5.40812e-01      1.62059e-04      1.00000e+02      9.26858e-07
    5.46329e-01      1.61645e-04      1.00000e+02      9.26851e-07
    5.51901e-01      1.61227e-04      1.00000e+02      9.26844e-07
    5.57531e-01      1.60804e-04      1.00000e+02      9.26837e-07
    5.63218e-01      1.60378e-04      1.00000e+02      9.26830e-07
    5.68963e-01      1.59946e-04      1.00000e+02      9.26823e-07
    5.74766e-01      1.59518e-04      1.00000e+02      9.26816e-07
    5.80629e-01      1.59091e-04      1.00000e+02      9.26808e-07
    5.86552e-01      1.58659e-04      1.00000e+02      9.26801e-07
    5.92535e-01      1.58223e-04      1.00000e+02      9.26793e-07
    5.98579e-01      1.57783e-04      1.00000e+02      9.26786e-07
    6.04684e-01      1.57338e-04      1.00000e+02      9.26778e-07
    6.10852e-01      1.56888e-04      1.00000e+02      9.26770e-07
    6.17083e-01      1.56446e-04      1.00000e+02      9.26763e-07
    6.23378e-01      1.56000e-04      1.00000e+02      9.26756e-07
    6.29736e-01      1.55550e-04      1.00000e+02      9.26749e-07
    6.36160e-01      1.55095e-04      1.00000e+02      9.26742e-07
    6.42649e-01      1.54636e-04      1.00000e+02      9.26734e-07
    6.49204e-01      1.54172e-04      1.00000e+02      9.26727e-07
    6.55827e-01      1.53711e-04      1.00000e+02      9.26720e-07
    6.62516e-01      1.53250e-04      1.00000e+02      9.26712e-07
    6.69274e-01      1.52785e-04      1.00000e+02      9.26705e-07
    6.76101e-01      1.52314e-04      1.00000e+02      9.26698e-07
    6.82998e-01      1.51839e-04      1.00000e+02      9.26690e-07
    6.89965e-01      1.51359e-04      1.00000e+02      9.26683e-07
    6.97003e-01      1.50884e-04      1.00000e+02      9.26675e-07
    7.04113e-01      1.50407e-04      1.00000e+02      9.26668e-07
    7.11295e-01      1.49926e-04      1.00000e+02      9.26660e-07
    7.18551e-01      1.49439e-04      1.00000e+02      9.26652e-07
    7.25880e-01      1.48948e-04      1.00000e+02      9.26645e-07
    7.33285e-01      1.48454e-04      1.00000e+02      9.26637e-07
    7.40765e-01      1.47966e-04      1.00000e+02      9.26629e-07
    7.48321e-01      1.47473e-04      1.00000e+02      9.26621e-07
    7.55954e-01      1.46975e-04      1.00000e+02      9.26613e-07
    7.63666e-01      1.46472e-04      1.00000e+02      9.26605e-07
    7.71456e-01      1.45964e-04      1.00000e+02      9.26597e-07
    7.79325e-01      1.45463e-04      1.00000e+02      9.26588e-07
    7.87275e-01      1.44957e-04      1.00000e+02      9.26580e-07
    7.95305e-01      1.44447e-04      1.00000e+02      9.26571e-07
    8.03418e-01      1.43931e-04      1.00000e+02      9.26562e-07
    8.11614e-01      1.43410e-04      1.00000e+02      9.26553e-07
    8.19893e-01      1.42896e-04      1.00000e+02      9.26544e-07
    8.28256e-01      1.42378e-04      1.00000e+02      9.26534e-07
    8.36705e-01      1.41855e-04      1.00000e+02      9.26525e-07
    8.45240e-01      1.41326e-04      1.00000e+02      9.26515e-07
    8.53862e-01      1.40794e-04      1.00000e+02      9.26505e-07
    8.62573e-01      1.40268e-04      1.00000e+02      9.26495e-07
    8.71372e-01      1.39737e-04      1.00000e+02      9.26485e-07
    8.80260e-01      1.39200e-04      1.00000e+02      9.26474e-07
    8.89240e-01      1.38658e-04      1.00000e+02      9.26463e-07
    8.98311e-01      1.38118e-04      1.00000e+02      9.26452e-07
    9.07474e-01      1.37579e-04      1.00000e+02      9.26441e-07
    9.16731e-01      1.37033e-04      1.00000e+02      9.26430e-07
    9.26083e-01      1.36482e-04      1.00000e+02      9.26418e-07
    9.35530e-01      1.35930e-04      1.00000e+02      9.26406e-07
    9.45073e-01      1.35381e-04      1.00000e+02      9.26394e-07
    9.54714e-01      1.34826e-04      1.00000e+02      9.26382e-07
    9.64453e-01      1.34265e-04      1.00000e+02      9.26370e-07
    9.74291e-01      1.33702e-04      1.00000e+02      9.26357e-07
    9.84230e-01      1.33144e-04      1.00000e+02      9.26344e-07
    9.94270e-01      1.32580e-04      1.00000e+02      9.26331e-07
    1.00441e+00      1.32011e-04      1.00000e+02      9.26319e-07
    1.01466e+00      1.31438e-04      1.00000e+02      9.26305e-07
    1.02501e+00      1.30870e-04      1.00000e+02      9.26292e-07
    1.03547e+00      1.30297e-04      1.00000e+02      9.26279e-07
    1.04603e+00      1.29718e-04      1.00000e+02      9.26265e-07
    1.05670e+00      1.29138e-04      1.00000e+02      9.26252e-07
    1.06748e+00      1.28561e-04      1.00000e+02      9.26238e-07
    1.07837e+00      1.27977e-04      1.00000e+02      9.26224e-07
    1.08937e+00      1.27388e-04      1.00000e+02      9.26210e-07
    1.10048e+00      1.26802e-04      1.00000e+02      9.26196e-07
    1.11171e+00      1.26215e-04      1.00000e+02      9.26182e-07
    1.12305e+00      1.25621e-04      1.00000e+02      9.26168e-07
    1.13450e+00      1.25023e-04      1.00000e+02      9.26153e-07
    1.14608e+00      1.24430e-04      1.00000e+02      9.26138e-07
    1.15777e+00      1.23832e-04      1.00000e+02      9.26123e-07
    1.16958e+00      1.23228e-04      1.00000e+02      9.26108e-07
    1.18151e+00      1.22626e-04      1.00000e+02      9.26092e-07
    1.19356e+00      1.22023e-04      1.00000e+02      9.26077e-07
    1.20574e+00      1.21414e-04      1.00000e+02      9.26061e-07
    1.21804e+00      1.20804e-04      1.00000e+02      9.26044e-07
    1.23046e+00      1.20196e-04      1.00000e+02      9.26028e-07
    1.24302e+00      1.19583e-04      1.00000e+02      9.26012e-07
    1.25570e+00      1.18965e-04      1.00000e+02      9.25995e-07
    1.26851e+00      1.18352e-04      1.00000e+02      9.25979e-07
    1.28145e+00      1.17733e-04      1.00000e+02      9.25963e-07
    1.29452e+00      1.17108e-04      1.00000e+02      9.25946e-07
    1.30772e+00      1.16490e-04      1.00000e+02      9.25930e-07
    1.32107e+00      1.15865e-04      1.00000e+02      9.25914e-07
    1.33454e+00      1.15234e-04      1.00000e+02      9.25898e-07
    1.34816e+00      1.14611e-04      1.00000e+02      9.25882e-07
    1.36191e+00      1.13981e-04      1.00000e+02      9.25865e-07
    1.37580e+00      1.13346e-04      1.00000e+02      9.25848e-07
    1.38984e+00      1.12717e-04      1.00000e+02      9.25831e-07
    1.40401e+00      1.12081e-04      1.00000e+02      9.25813e-07
    1.41834e+00      1.11442e-04      1.00000e+02      9.25796e-07
    1.43281e+00      1.10806e-04      1.00000e+02      9.25778e-07
    1.44742e+00      1.10163e-04      1.00000e+02      9.25760e-07
    1.46219e+00      1.09521e-04      1.00000e+02      9.25741e-07
    1.47711e+00      1.08880e-04      1.00000e+02      9.25722e-07
    1.49217e+00      1.08232e-04      1.00000e+02      9.25703e-07
    1.50740e+00      1.07589e-04      1.00000e+02      9.25685e-07
    1.52277e+00      1.06942e-04      1.00000e+02      9.25665e-07
    1.53831e+00      1.06291e-04      1.00000e+02      9.25646e-07
    1.55400e+00      1.05644e-04      1.00000e+02      9.25626e-07
    1.56985e+00      1.04991e-04      1.00000e+02      9.25606e-07
    1.58587e+00      1.04340e-04      1.00000e+02      9.25586e-07
    1.60205e+00      1.03686e-04      1.00000e+02      9.25566e-07
    1.61839e+00      1.03029e-04      1.00000e+02      9.25545e-07
    1.63490e+00      1.02375e-04      1.00000e+02      9.25524e-07
    1.65158e+00      1.01715e-04      1.00000e+02      9.25502e-07
    1.66843e+00      1.01058e-04      1.00000e+02      9.25480e-07
    1.68545e+00      1.00398e-04      1.00000e+02      9.25458e-07
    1.70264e+00      9.97362e-05      1.00000e+02      9.25436e-07
    1.72001e+00      9.90757e-05      1.00000e+02      9.25414e-07
    1.73756e+00      9.84099e-05      1.00000e+02      9.25391e-07
    1.75528e+00      9.77492e-05      1.00000e+02      9.25367e-07
    1.77319e+00      9.70817e-05      1.00000e+02      9.25343e-07
    1.79128e+00      9.64188e-05      1.00000e+02      9.25319e-07
    1.80955e+00      9.57510e-05      1.00000e+02      9.25294e-07
    1.82801e+00      9.50850e-05      1.00000e+02      9.25270e-07
    1.84666e+00      9.44168e-05      1.00000e+02      9.25246e-07
    1.86550e+00      9.37483e-05      1.00000e+02      9.25221e-07
    1.88453e+00      9.30796e-05      1.00000e+02      9.25197e-07
    1.90375e+00      9.24092e-05      1.00000e+02      9.25172e-07
    1.92318e+00      9.17397e-05      1.00000e+02      9.25147e-07
    1.94279e+00      9.10680e-05      1.00000e+02      9.25121e-07
    1.96261e+00      9.03987e-05      1.00000e+02      9.25096e-07
    1.98264e+00      8.97265e-05      1.00000e+02      9.25069e-07
    2.00286e+00      8.90564e-05      1.00000e+02      9.25043e-07
    2.02329e+00      8.83835e-05      1.00000e+02      9.25016e-07
    2.04393e+00      8.77124e-05      1.00000e+02      9.24989e-07
    2.06479e+00      8.70392e-05      1.00000e+02      9.24962e-07
    2.08585e+00      8.63671e-05      1.00000e+02      9.24934e-07
    2.10713e+00      8.56940e-05      1.00000e+02      9.24906e-07
    2.12862e+00      8.50207e-05      1.00000e+02      9.24878e-07
    2.15034e+00      8.43484e-05      1.00000e+02      9.24850e-07
    2.17228e+00      8.36744e-05      1.00000e+02      9.24822e-07
    2.19444e+00      8.30041e-05      1.00000e+02      9.24793e-07
    2.21682e+00      8.23302e-05      1.00000e+02      9.24765e-07
    2.23944e+00      8.16614e-05      1.00000e+02      9.24735e-07
    2.26228e+00      8.09885e-05      1.00000e+02      9.24705e-07
    2.28536e+00      8.03185e-05      1.00000e+02      9.24675e-07
    2.30868e+00      7.96474e-05      1.00000e+02      9.24644e-07
    2.33223e+00      7.89759e-05      1.00000e+02      9.24613e-07
    2.35602e+00      7.83075e-05      1.00000e+02      9.24582e-07
    2.38006e+00      7.76365e-05      1.00000e+02      9.24550e-07
    2.40434e+00      7.69700e-05      1.00000e+02      9.24518e-07
    2.42887e+00      7.63017e-05      1.00000e+02      9.24485e-07
    2.45364e+00      7.56331e-05      1.00000e+02      9.24452e-07
    2.47868e+00      7.49677e-05      1.00000e+02      9.24418e-07
    2.50396e+00      7.43006e-05      1.00000e+02      9.24384e-07
    2.52951e+00      7.36369e-05      1.00000e+02      9.24350e-07
    2.55531e+00      7.29744e-05      1.00000e+02      9.24315e-07
    2.58138e+00      7.23107e-05      1.00000e+02      9.24280e-07
    2.60771e+00      7.16514e-05      1.00000e+02      9.24244e-07
    2.63432e+00      7.09922e-05      1.00000e+02      9.24208e-07
    2.66119e+00      7.03323e-05      1.00000e+02      9.24174e-07
    2.68834e+00      6.96767e-05      1.00000e+02      9.24167e-07
    2.71577e+00      6.90212e-05      1.00000e+02      9.24141e-07
    2.74347e+00      6.83654e-05      1.00000e+02      9.24102e-07
    2.77146e+00      6.77128e-05      1.00000e+02      9.24063e-07
    2.79973e+00      6.70615e-05      1.00000e+02      9.24023e-07
    2.82830e+00      6.64106e-05      1.00000e+02      9.23983e-07
    2.85715e+00      6.57617e-05      1.00000e+02      9.23942e-07
    2.88630e+00      6.51168e-05      1.00000e+02      9.23901e-07
    2.91574e+00      6.44723e-05      1.00000e+02      9.23860e-07
    2.94549e+00      6.38286e-05      1.00000e+02      9.23818e-07
    2.97554e+00      6.31882e-05      1.00000e+02      9.23776e-07
    3.00589e+00      6.25507e-05      1.00000e+02      9.23733e-07
    3.03656e+00      6.19145e-05      1.00000e+02      9.23690e-07
    3.06753e+00      6.12796e-05      1.00000e+02      9.23646e-07
    3.09883e+00      6.06466e-05      1.00000e+02      9.23601e-07
    3.13044e+00      6.00179e-05      1.00000e+02      9.23556e-07
    3.16238e+00      5.93914e-05      1.00000e+02      9.23511e-07
    3.19464e+00      5.87670e-05      1.00000e+02      9.23465e-07
    3.22723e+00      5.81444e-05      1.00000e+02      9.23419e-07
    3.26015e+00      5.75238e-05      1.00000e+02      9.23372e-07
    3.29341e+00      5.69078e-05      1.00000e+02      9.23326e-07
    3.32701e+00      5.62938e-05      1.00000e+02      9.23279e-07
    3.36095e+00      5.56818e-05      1.00000e+02      9.23232e-07
    3.39524e+00      5.50724e-05      1.00000e+02      9.23184e-07
    3.42988e+00      5.44663e-05      1.00000e+02      9.23135e-07
    3.46487e+00      5.38636e-05      1.00000e+02      9.23086e-07
    3.50022e+00      5.32643e-05      1.00000e+02      9.23036e-07
    3.53592e+00      5.26687e-05      1.00000e+02      9.22985e-07
    3.57200e+00      5.20756e-05      1.00000e+02      9.22935e-07
    3.60844e+00      5.14855e-05      1.00000e+02      9.22884e-07
    3.64525e+00      5.08990e-05      1.00000e+02      9.22832e-07
    3.68244e+00      5.03161e-05      1.00000e+02      9.22779e-07
    3.72000e+00      4.97364e-05      1.00000e+02      9.22725e-07
    3.75796e+00      4.91598e-05      1.00000e+02      9.22671e-07
    3.79629e+00      4.85866e-05      1.00000e+02      9.22616e-07
    3.83502e+00      4.80175e-05      1.00000e+02      9.22560e-07
    3.87415e+00      4.74525e-05      1.00000e+02      9.22504e-07
    3.91367e+00      4.68913e-05      1.00000e+02      9.22446e-07
    3.95360e+00      4.63341e-05      1.00000e+02      9.22388e-07
    3.99393e+00      4.57810e-05      1.00000e+02      9.22329e-07
    4.03467e+00      4.52318e-05      1.00000e+02      9.22269e-07
    4.07584e+00      4.46863e-05      1.00000e+02      9.22209e-07
    4.11742e+00      4.41449e-05      1.00000e+02      9.22148e-07
    4.15942e+00      4.36076e-05      1.00000e+02      9.22087e-07
    4.20185e+00      4.30745e-05      1.00000e+02      9.22025e-07
    4.24472e+00      4.25456e-05      1.00000e+02      9.21962e-07
    4.28803e+00      4.20217e-05      1.00000e+02      9.21899e-07
    4.33177e+00      4.15023e-05      1.00000e+02      9.21838e-07
    4.37596e+00      4.09874e-05      1.00000e+02      9.21775e-07
    4.42061e+00      4.04769e-05      1.00000e+02      9.21710e-07
    4.46570e+00      3.99708e-05      1.00000e+02      9.21645e-07
    4.51126e+00      3.94699e-05      1.00000e+02      9.21574e-07
    4.55728e+00      3.89729e-05      1.00000e+02      9.21506e-07
    4.60378e+00      3.84812e-05      1.00000e+02      9.21438e-07
    4.65074e+00      3.79950e-05      1.00000e+02      9.21370e-07
    4.69819e+00      3.75134e-05      1.00000e+02      9.21302e-07
    4.74612e+00      3.70361e-05      1.00000e+02      9.21232e-07
    4.79454e+00      3.65645e-05      1.00000e+02      9.21162e-07
    4.84345e+00      3.60978e-05      1.00000e+02      9.21090e-07
    4.89286e+00      3.56355e-05      1.00000e+02      9.21018e-07
    4.94278e+00      3.51783e-05      1.00000e+02      9.20945e-07
    4.99321e+00      3.47275e-05      1.00000e+02      9.20870e-07
    5.04415e+00      3.42824e-05      1.00000e+02      9.20795e-07
    5.09561e+00      3.38419e-05      1.00000e+02      9.20718e-07
    5.14759e+00      3.34059e-05      1.00000e+02      9.20641e-07
    5.20010e+00      3.29762e-05      1.00000e+02      9.20562e-07
    5.25316e+00      3.25519e-05      1.00000e+02      9.20482e-07
    5.30675e+00      3.21326e-05      1.00000e+02      9.20401e-07
    5.36089e+00      3.17192e-05      1.00000e+02      9.20319e-07
    5.41558e+00      3.13108e-05      1.00000e+02      9.20236e-07
    5.47083e+00      3.09079e-05      1.00000e+02      9.20152e-07
    5.52664e+00      3.05119e-05      1.00000e+02      9.20068e-07
    5.58302e+00      3.01206e-05      1.00000e+02      9.19982e-07
    5.63998e+00      2.97355e-05      1.00000e+02      9.19897e-07
    5.69752e+00      2.93561e-05      1.00000e+02      9.19810e-07
    5.75564e+00      2.89819e-05      1.00000e+02      9.19722e-07
    5.81436e+00      2.86139e-05      1.00000e+02      9.19634e-07
    5.87368e+00      2.82510e-05      1.00000e+02      9.19544e-07
    5.93360e+00      2.78943e-05      1.00000e+02      9.19454e-07
    5.99413e+00      2.75435e-05      1.00000e+02      9.19363e-07
    6.05528e+00      2.71991e-05      1.00000e+02      9.19270e-07
    6.11706e+00      2.68602e-05      1.00000e+02      9.19177e-07
    6.17946e+00      2.65276e-05      1.00000e+02      9.19082e-07
    6.24251e+00      2.62002e-05      1.00000e+02      9.18987e-07
    6.30619e+00      2.58782e-05      1.00000e+02      9.18891e-07
    6.37053e+00      2.55629e-05      1.00000e+02      9.18794e-07
    6.43552e+00      2.52534e-05      1.00000e+02      9.18695e-07
    6.50117e+00      2.49503e-05      1.00000e+02      9.18596e-07
    6.56750e+00      2.46530e-05      1.00000e+02      9.18495e-07
    6.63450e+00      2.43610e-05      1.00000e+02      9.18392e-07
    6.70218e+00      2.40746e-05      1.00000e+02      9.18288e-07
    6.77056e+00      2.37947e-05      1.00000e+02      9.18181e-07
    6.83963e+00      2.35212e-05      1.00000e+02      9.18074e-07
    6.90941e+00      2.32535e-05      1.00000e+02      9.17965e-07
    6.97990e+00      2.29912e-05      1.00000e+02      9.17855e-07
    7.05110e+00      2.27346e-05      1.00000e+02      9.17743e-07
    7.12304e+00      2.24839e-05      1.00000e+02      9.17631e-07
    7.19571e+00      2.22394e-05      1.00000e+02      9.17517e-07
    7.26912e+00      2.20005e-05      1.00000e+02      9.17402e-07
    7.34328e+00      2.17674e-05      1.00000e+02      9.17285e-07
    7.41819e+00      2.15402e-05      1.00000e+02      9.17167e-07
    7.49387e+00      2.13186e-05      1.00000e+02      9.17047e-07
    7.57032e+00      2.11027e-05      1.00000e+02      9.16926e-07
    7.64755e+00      2.08926e-05      1.00000e+02      9.16803e-07
    7.72557e+00      2.06880e-05      1.00000e+02      9.16680e-07
    7.80439e+00      2.04889e-05      1.00000e+02      9.16556e-07
    7.88401e+00      2.02950e-05      1.00000e+02      9.16430e-07
    7.96444e+00      2.01072e-05      1.00000e+02      9.16304e-07
    8.04569e+00      1.99246e-05      1.00000e+02      9.16177e-07
    8.12777e+00      1.97477e-05      1.00000e+02      9.16048e-07
    8.21069e+00      1.95761e-05      1.00000e+02      9.15918e-07
    8.29446e+00      1.94095e-05      1.00000e+02      9.15786e-07
    8.37908e+00      1.92480e-05      1.00000e+02      9.15652e-07
    8.46456e+00      1.90917e-05      1.00000e+02      9.15516e-07
    8.55092e+00      1.89407e-05      1.00000e+02      9.15377e-07
    8.63815e+00      1.87951e-05      1.00000e+02      9.15237e-07
    8.72628e+00      1.86540e-05      1.00000e+02      9.15094e-07
    8.81530e+00      1.85171e-05      1.00000e+02      9.14949e-07
    8.90523e+00      1.83862e-05      1.00000e+02      9.14803e-07
    8.99608e+00      1.82599e-05      1.00000e+02      9.14655e-07
    9.08786e+00      1.81376e-05      1.00000e+02      9.14506e-07
    9.18058e+00      1.80203e-05      1.00000e+02      9.14356e-07
    9.27424e+00      1.79074e-05      1.00000e+02      9.14203e-07
    9.36885e+00      1.77991e-05      1.00000e+02      9.14048e-07
    9.46443e+00      1.76950e-05      1.00000e+02      9.13893e-07
    9.56099e+00      1.75952e-05      1.00000e+02      9.13735e-07
    9.65853e+00      1.74996e-05      1.00000e+02      9.13575e-07
    9.75706e+00      1.74079e-05      1.00000e+02      9.13414e-07
    9.85660e+00      1.73204e-05      1.00000e+02      9.13251e-07
    9.95716e+00      1.72367e-05      1.00000e+02      9.13087e-07
    1.00587e+01      1.71567e-05      1.00000e+02      9.12921e-07
    1.01614e+01      1.70803e-05      1.00000e+02      9.12752e-07
    1.02650e+01      1.70077e-05      1.00000e+02      9.12581e-07
    1.03697e+01      1.69383e-05      1.00000e+02      9.12407e-07
    1.04755e+01      1.68726e-05      1.00000e+02      9.12231e-07
    1.05824e+01      1.68100e-05      1.00000e+02      9.12053e-07
    1.06904e+01      1.67505e-05      1.00000e+02      9.11873e-07
    1.07994e+01      1.66940e-05      1.00000e+02      9.11691e-07
    1.09096e+01      1.66406e-05      1.00000e+02      9.11506e-07
    1.10209e+01      1.65903e-05      1.00000e+02      9.11319e-07
    1.11333e+01      1.65420e-05      1.00000e+02      9.11132e-07
    1.12469e+01      1.64968e-05      1.00000e+02      9.10942e-07
    1.13617e+01      1.64543e-05      1.00000e+02      9.10751e-07
    1.14776e+01      1.64139e-05      1.00000e+02      9.10557e-07
    1.15947e+01      1.63759e-05      1.00000e+02      9.10361e-07
    1.17130e+01      1.63400e-05      1.00000e+02      9.10162e-07
    1.18325e+01      1.63063e-05      1.00000e+02      9.09962e-07
    1.19532e+01      1.62745e-05      1.00000e+02      9.09758e-07
    1.20751e+01      1.62446e-05      1.00000e+02      9.09552e-07
    1.21983e+01      1.62164e-05      1.00000e+02      9.09345e-07
    1.23228e+01      1.61899e-05      1.00000e+02      9.09135e-07
    1.24485e+01      1.61649e-05      1.00000e+02      9.08923e-07
    1.25755e+01      1.61415e-05      1.00000e+02      9.08709e-07
    1.27038e+01      1.61193e-05      1.00000e+02      9.08493e-07
    1.28334e+01      1.60985e-05      1.00000e+02      9.08273e-07
    1.29643e+01      1.60787e-05      1.00000e+02      9.08051e-07
    1.30966e+01      1.60600e-05      1.00000e+02      9.07827e-07
    1.32302e+01      1.60423e-05      1.00000e+02      9.07599e-07
    1.33651e+01      1.60255e-05      1.00000e+02      9.07370e-07
    1.35015e+01      1.60094e-05      1.00000e+02      9.07137e-07
    1.36392e+01      1.59942e-05      1.00000e+02      9.06902e-07
    1.37784e+01      1.59795e-05      1.00000e+02      9.06664e-07
    1.39189e+01      1.59655e-05      1.00000e+02      9.06423e-07
    1.40609e+01      1.59517e-05      1.00000e+02      9.06171e-07
    1.42044e+01      1.59385e-05      1.00000e+02      9.05923e-07
    1.43493e+01      1.59257e-05      1.00000e+02      9.05671e-07
    1.44957e+01      1.59132e-05      1.00000e+02      9.05416e-07
    1.46436e+01      1.59011e-05      1.00000e+02      9.05165e-07
    1.47930e+01      1.58890e-05      1.00000e+02      9.04906e-07
    1.49439e+01      1.58772e-05      1.00000e+02      9.04642e-07
    1.50963e+01      1.58655e-05      1.00000e+02      9.04376e-07
    1.52504e+01      1.58538e-05      1.00000e+02      9.04105e-07
    1.54059e+01      1.58422e-05      1.00000e+02      9.03832e-07
    1.55631e+01      1.58307e-05      1.00000e+02      9.03555e-07
    1.57219e+01      1.58191e-05      1.00000e+02      9.03274e-07
    1.58823e+01      1.58076e-05      1.00000e+02      9.02992e-07
    1.60443e+01      1.57961e-05      1.00000e+02      9.02706e-07
    1.62080e+01      1.57846e-05      1.00000e+02      9.02417e-07
    1.63733e+01      1.57729e-05      1.00000e+02      9.02126e-07
    1.65404e+01      1.57613e-05      1.00000e+02      9.01830e-07
    1.67091e+01      1.57495e-05      1.00000e+02      9.01530e-07
    1.68796e+01      1.57377e-05      1.00000e+02      9.01227e-07
    1.70518e+01      1.57258e-05      1.00000e+02      9.00918e-07
    1.72258e+01      1.57138e-05      1.00000e+02      9.00605e-07
    1.74015e+01      1.57017e-05      1.00000e+02      9.00290e-07
    1.75790e+01      1.56895e-05      1.00000e+02      8.99972e-07
    1.77584e+01      1.56773e-05      1.00000e+02      8.99652e-07
    1.79395e+01      1.56650e-05      1.00000e+02      8.99327e-07
    1.81226e+01      1.56525e-05      1.00000e+02      8.98998e-07
    1.83075e+01      1.56400e-05      1.00000e+02      8.98666e-07
    1.84942e+01      1.56274e-05      1.00000e+02      8.98330e-07
    1.86829e+01      1.56147e-05      1.00000e+02      8.97990e-07
    1.88735e+01      1.56018e-05      1.00000e+02      8.97646e-07
    1.90661e+01      1.55889e-05      1.00000e+02      8.97299e-07
    1.92606e+01      1.55758e-05      1.00000e+02      8.96947e-07
    1.94571e+01      1.55627e-05      1.00000e+02      8.96590e-07
    1.96556e+01      1.55494e-05      1.00000e+02      8.96229e-07
    1.98561e+01      1.55360e-05      1.00000e+02      8.95864e-07
    2.00587e+01      1.55225e-05      1.00000e+02      8.95495e-07
    2.02633e+01      1.55089e-05      1.00000e+02      8.95122e-07
    2.04700e+01      1.54953e-05      1.00000e+02      8.94745e-07
    2.06789e+01      1.54814e-05      1.00000e+02      8.94364e-07
    2.08898e+01      1.54675e-05      1.00000e+02      8.93978e-07
    2.11029e+01      1.54535e-05      1.00000e+02      8.93588e-07
    2.13182e+01      1.54393e-05      1.00000e+02      8.93193e-07
    2.15357e+01      1.54250e-05      1.00000e+02      8.92793e-07
    2.17554e+01      1.54106e-05      1.00000e+02      8.92388e-07
    2.19774e+01      1.53960e-05      1.00000e+02      8.91980e-07
    2.22016e+01      1.53814e-05      1.00000e+02      8.91567e-07
    2.24281e+01      1.53666e-05      1.00000e+02      8.91149e-07
    2.26569e+01      1.53517e-05      1.00000e+02      8.90725e-07
    2.28880e+01      1.53367e-05      1.00000e+02      8.90295e-07
    2.31215e+01      1.53215e-05      1.00000e+02      8.89860e-07
    2.33574e+01      1.53062e-05      1.00000e+02      8.89421e-07
    2.35957e+01      1.52908e-05      1.00000e+02      8.88977e-07
    2.38364e+01      1.52752e-05      1.00000e+02      8.88526e-07
    2.40796e+01      1.52595e-05      1.00000e+02      8.88069e-07
    2.43253e+01      1.52436e-05      1.00000e+02      8.87608e-07
    2.45735e+01      1.52277e-05      1.00000e+02      8.87143e-07
    2.48242e+01      1.52116e-05      1.00000e+02      8.86672e-07
    2.50774e+01      1.51954e-05      1.00000e+02      8.86198e-07
    2.53332e+01      1.51790e-05      1.00000e+02      8.85718e-07
    2.55917e+01      1.51625e-05      1.00000e+02      8.85231e-07
    2.58528e+01      1.51459e-05      1.00000e+02      8.84738e-07
    2.61165e+01      1.51291e-05      1.00000e+02      8.84239e-07
    2.63830e+01      1.51121e-05      1.00000e+02      8.83734e-07
    2.66521e+01      1.50951e-05      1.00000e+02      8.83224e-07
    2.69240e+01      1.50779e-05      1.00000e+02      8.82709e-07
    2.71987e+01      1.50605e-05      1.00000e+02      8.82189e-07
    2.74762e+01      1.50430e-05      1.00000e+02      8.81660e-07
    2.77565e+01      1.50253e-05      1.00000e+02      8.81125e-07
    2.80397e+01      1.50075e-05      1.00000e+02      8.80582e-07
    2.83257e+01      1.49895e-05      1.00000e+02      8.80032e-07
    2.86147e+01      1.49713e-05      1.00000e+02      8.79477e-07
    2.89067e+01      1.49530e-05      1.00000e+02      8.78915e-07
    2.92016e+01      1.49345e-05      1.00000e+02      8.78347e-07
    2.94995e+01      1.49159e-05      1.00000e+02      8.77772e-07
    2.98004e+01      1.48972e-05      1.00000e+02      8.77193e-07
    3.01045e+01      1.48783e-05      1.00000e+02      8.76605e-07
    3.04116e+01      1.48592e-05      1.00000e+02      8.76011e-07
    3.07218e+01      1.48400e-05      1.00000e+02      8.75410e-07
    3.10353e+01      1.48206e-05      1.00000e+02      8.74803e-07
    3.13519e+01      1.48011e-05      1.00000e+02      8.74191e-07
    3.16717e+01      1.47815e-05      1.00000e+02      8.73574e-07
    3.19948e+01      1.47617e-05      1.00000e+02      8.72950e-07
    3.23213e+01      1.47417e-05      1.00000e+02      8.72319e-07
    3.26510e+01      1.47216e-05      1.00000e+02      8.71680e-07
    3.29841e+01      1.47013e-05      1.00000e+02      8.71035e-07
    3.33206e+01      1.46809e-05      1.00000e+02      8.70382e-07
    3.36605e+01      1.46603e-05      1.00000e+02      8.69721e-07
    3.40040e+01      1.46394e-05      1.00000e+02      8.69050e-07
    3.43509e+01      1.46184e-05      1.00000e+02      8.68369e-07
    3.47013e+01      1.45972e-05      1.00000e+02      8.67680e-07
    3.50553e+01      1.45758e-05      1.00000e+02      8.66983e-07
    3.54130e+01      1.45542e-05      1.00000e+02      8.66276e-07
    3.57743e+01      1.45324e-05      1.00000e+02      8.65563e-07
    3.61392e+01      1.45105e-05      1.00000e+02      8.64841e-07
    3.65079e+01      1.44884e-05      1.00000e+02      8.64111e-07
    3.68804e+01      1.44661e-05      1.00000e+02      8.63373e-07
    3.72566e+01      1.44436e-05      1.00000e+02      8.62626e-07
    3.76367e+01      1.44210e-05      1.00000e+02      8.61873e-07
    3.80207e+01      1.43982e-05      1.00000e+02      8.61110e-07
    3.84086e+01      1.43752e-05      1.00000e+02      8.60339e-07
    3.88004e+01      1.43520e-05      1.00000e+02      8.59560e-07
    3.91963e+01      1.43287e-05      1.00000e+02      8.58774e-07
    3.95961e+01      1.43052e-05      1.00000e+02      8.57982e-07
    4.00001e+01      1.42816e-05      1.00000e+02      8.57179e-07
