    Er (keV)         SM dN/dE         BG dN/dE        BSM dN/dE (events/kg/day/keV)
    5.01000e-02      1.11864e+02      1.00000e+01      1.71694e-05
    5.07438e-02      1.11151e+02      1.00000e+01      1.71694e-05
    5.13959e-02      1.10429e+02      1.00000e+01      1.71693e-05
    5.20564e-02      1.09698e+02      1.00000e+01      1.71693e-05
    5.27254e-02      1.08957e+02      1.00000e+01      1.71693e-05
    5.34030e-02      1.08207e+02      1.00000e+01      1.71693e-05
    5.40893e-02      1.07447e+02      1.00000e+01      1.71693e-05
    5.47845e-02      1.06677e+02      1.00000e+01      1.71693e-05
    5.54886e-02      1.05897e+02      1.00000e+01      1.71693e-05
    5.62018e-02      1.05107e+02      1.00000e+01      1.71692e-05
    5.69242e-02      1.04307e+02      1.00000e+01      1.71692e-05
    5.76558e-02      1.03497e+02      1.00000e+01      1.71692e-05
    5.83969e-02      1.02677e+02      1.00000e+01      1.71692e-05
    5.91476e-02      1.01845e+02      1.00000e+01      1.71692e-05
    5.99079e-02      1.01004e+02      1.00000e+01      1.71692e-05
    6.06779e-02      1.00151e+02      1.00000e+01      1.71691e-05
    6.14580e-02      9.92871e+01      1.00000e+01      1.71691e-05
    6.22480e-02      9.84123e+01      1.00000e+01      1.71691e-05
    6.30482e-02      9.75262e+01      1.00000e+01      1.71691e-05
    6.38587e-02      9.66287e+01      1.00000e+01      1.71691e-05
    6.46797e-02      9.57196e+01      1.00000e+01      1.71691e-05
    6.55112e-02      9.47989e+01      1.00000e+01      1.71690e-05
    6.63535e-02      9.38662e+01      1.00000e+01      1.71690e-05
    6.72066e-02      9.29216e+01      1.00000e+01      1.71690e-05
    6.80706e-02      9.19648e+01      1.00000e+01      1.71690e-05
    6.89458e-02      9.09957e+01      1.00000e+01      1.71690e-05
    6.98323e-02      9.00141e+01      1.00000e+01      1.71689e-05
    7.07302e-02      8.90199e+01      1.00000e+01      1.71689e-05
    7.16396e-02      8.80129e+01      1.00000e+01      1.71689e-05
    7.25607e-02      8.69929e+01      1.00000e+01      1.71689e-05
    7.34938e-02      8.59597e+01      1.00000e+01      1.71689e-05
    7.44388e-02      8.49133e+01      1.00000e+01      1.71688e-05
    7.53960e-02      8.38534e+01      1.00000e+01      1.71688e-05
    7.63655e-02      8.27798e+01      1.00000e+01      1.71688e-05
    7.73475e-02      8.16924e+01      1.00000e+01      1.71688e-05
    7.83421e-02      8.05911e+01      1.00000e+01      1.71688e-05
    7.93496e-02      7.94755e+01      1.00000e+01      1.71687e-05
    8.03700e-02      7.83959e+01      1.00000e+01      1.71710e-05
    8.14035e-02      7.76939e+01      1.00000e+01      1.71912e-05
    8.24504e-02      7.69828e+01      1.00000e+01      1.72117e-05
    8.35108e-02      7.62626e+01      1.00000e+01      1.72324e-05
    8.45848e-02      7.55332e+01      1.00000e+01      1.72534e-05
    8.56726e-02      7.47943e+01      1.00000e+01      1.72746e-05
    8.67744e-02      7.40459e+01      1.00000e+01      1.72962e-05
    8.78905e-02      7.32879e+01      1.00000e+01      1.73180e-05
    8.90209e-02      7.25202e+01      1.00000e+01      1.73401e-05
    9.01658e-02      7.17425e+01      1.00000e+01      1.73625e-05
    9.13255e-02      7.09549e+01      1.00000e+01      1.73851e-05
    9.25001e-02      7.01571e+01      1.00000e+01      1.74081e-05
    9.36899e-02      6.93490e+01      1.00000e+01      1.74314e-05
    9.48949e-02      6.85305e+01      1.00000e+01      1.74549e-05
    9.61155e-02      6.77015e+01      1.00000e+01      1.74788e-05
    9.73518e-02      6.68618e+01      1.00000e+01      1.75029e-05
    9.86040e-02      6.60113e+01      1.00000e+01      1.75274e-05
    9.98724e-02      6.51498e+01      1.00000e+01      1.75522e-05
    1.01157e-01      6.42772e+01      1.00000e+01      1.75773e-05
    1.02458e-01      6.33935e+01      1.00000e+01      1.76027e-05
    1.03776e-01      6.24983e+01      1.00000e+01      1.76285e-05
    1.05111e-01      6.15916e+01      1.00000e+01      1.76546e-05
    1.06463e-01      6.06732e+01      1.00000e+01      1.76810e-05
    1.07833e-01      5.97430e+01      1.00000e+01      1.77078e-05
    1.09220e-01      5.88009e+01      1.00000e+01      1.77349e-05
    1.10625e-01      5.78739e+01      1.00000e+01      1.77600e-05
    1.12048e-01      5.72310e+01      1.00000e+01      1.77600e-05
    1.13490e-01      5.65799e+01      1.00000e+01      1.77600e-05
    1.14950e-01      5.59204e+01      1.00000e+01      1.77599e-05
    1.16428e-01      5.52525e+01      1.00000e+01      1.77599e-05
    1.17926e-01      5.45759e+01      1.00000e+01      1.77599e-05
    1.19443e-01      5.38906e+01      1.00000e+01      1.77598e-05
    1.20980e-01      5.31965e+01      1.00000e+01      1.77598e-05
    1.22537e-01      5.24934e+01      1.00000e+01      1.77598e-05
    1.24113e-01      5.17813e+01      1.00000e+01      1.77598e-05
    1.25710e-01      5.10600e+01      1.00000e+01      1.77597e-05
    1.27327e-01      5.03295e+01      1.00000e+01      1.77597e-05
    1.28965e-01      4.95895e+01      1.00000e+01      1.77597e-05
    1.30625e-01      4.88400e+01      1.00000e+01      1.77596e-05
    1.32305e-01      4.80809e+01      1.00000e+01      1.77596e-05
    1.34008e-01      4.73119e+01      1.00000e+01      1.77596e-05
    1.35732e-01      4.65331e+01      1.00000e+01      1.77595e-05
    1.37478e-01      4.57443e+01      1.00000e+01      1.77595e-05
    1.39247e-01      4.49452e+01      1.00000e+01      1.77595e-05
    1.41039e-01      4.41735e+01      1.00000e+01      1.77594e-05
    1.42854e-01      4.35961e+01      1.00000e+01      1.77594e-05
    1.44692e-01      4.30112e+01      1.00000e+01      1.77593e-05
    1.46553e-01      4.24188e+01      1.00000e+01      1.77593e-05
    1.48439e-01      4.18188e+01      1.00000e+01      1.77592e-05
    1.50349e-01      4.12111e+01      1.00000e+01      1.77592e-05
    1.52284e-01      4.05955e+01      1.00000e+01      1.77591e-05
    1.54243e-01      3.99720e+01      1.00000e+01      1.77591e-05
    1.56228e-01      3.93405e+01      1.00000e+01      1.77590e-05
    1.58238e-01      3.87008e+01      1.00000e+01      1.77590e-05
    1.60275e-01      3.80529e+01      1.00000e+01      1.77589e-05
    1.62337e-01      3.73967e+01      1.00000e+01      1.77589e-05
    1.64426e-01      3.67320e+01      1.00000e+01      1.77588e-05
    1.66542e-01      3.60588e+01      1.00000e+01      1.77588e-05
    1.68685e-01      3.53769e+01      1.00000e+01      1.77587e-05
    1.70856e-01      3.46862e+01      1.00000e+01      1.77586e-05
    1.73054e-01      3.41594e+01      1.00000e+01      1.77586e-05
    1.75281e-01      3.36391e+01      1.00000e+01      1.77585e-05
    1.77537e-01      3.31121e+01      1.00000e+01      1.77585e-05
    1.79822e-01      3.25783e+01      1.00000e+01      1.77584e-05
    1.82136e-01      3.20376e+01      1.00000e+01      1.77584e-05
    1.84480e-01      3.14900e+01      1.00000e+01      1.77583e-05
    1.86854e-01      3.09353e+01      1.00000e+01      1.77583e-05
    1.89258e-01      3.03735e+01      1.00000e+01      1.77582e-05
    1.91694e-01      2.98045e+01      1.00000e+01      1.77582e-05
    1.94161e-01      2.92281e+01      1.00000e+01      1.77581e-05
    1.96660e-01      2.86443e+01      1.00000e+01      1.77581e-05
    1.99191e-01      2.80529e+01      1.00000e+01      1.77580e-05
    2.01754e-01      2.74818e+01      1.00000e+01      1.77580e-05
    2.04351e-01      2.70219e+01      1.00000e+01      1.77579e-05
    2.06981e-01      2.65561e+01      1.00000e+01      1.77578e-05
    2.09644e-01      2.60842e+01      1.00000e+01      1.77578e-05
    2.12342e-01      2.56064e+01      1.00000e+01      1.77577e-05
    2.15075e-01      2.51223e+01      1.00000e+01      1.77576e-05
    2.17843e-01      2.46320e+01      1.00000e+01      1.77575e-05
    2.20647e-01      2.41354e+01      1.00000e+01      1.77575e-05
    2.23487e-01      2.36325e+01      1.00000e+01      1.77574e-05
    2.26363e-01      2.31230e+01      1.00000e+01      1.77573e-05
    2.29276e-01      2.26070e+01      1.00000e+01      1.77573e-05
    2.32227e-01      2.21130e+01      1.00000e+01      1.77572e-05
    2.35216e-01      2.17038e+01      1.00000e+01      1.77571e-05
    2.38244e-01      2.12893e+01      1.00000e+01      1.77571e-05
    2.41310e-01      2.08696e+01      1.00000e+01      1.77570e-05
    2.44416e-01      2.04444e+01      1.00000e+01      1.77569e-05
    2.47562e-01      2.00137e+01      1.00000e+01      1.77569e-05
    2.50748e-01      1.95775e+01      1.00000e+01      1.77568e-05
    2.53975e-01      1.91357e+01      1.00000e+01      1.77567e-05
    2.57244e-01      1.86882e+01      1.00000e+01      1.77567e-05
    2.60555e-01      1.82349e+01      1.00000e+01      1.77566e-05
    2.63909e-01      1.78391e+01      1.00000e+01      1.77565e-05
    2.67306e-01      1.74744e+01      1.00000e+01      1.77565e-05
    2.70746e-01      1.71051e+01      1.00000e+01      1.77564e-05
    2.74231e-01      1.67309e+01      1.00000e+01      1.77563e-05
    2.77761e-01      1.63520e+01      1.00000e+01      1.77563e-05
    2.81336e-01      1.59682e+01      1.00000e+01      1.77562e-05
    2.84957e-01      1.55795e+01      1.00000e+01      1.77561e-05
    2.88625e-01      1.51857e+01      1.00000e+01      1.77560e-05
    2.92340e-01      1.47940e+01      1.00000e+01      1.77560e-05
    2.96103e-01      1.44727e+01      1.00000e+01      1.77559e-05
    2.99914e-01      1.41474e+01      1.00000e+01      1.77558e-05
    3.03775e-01      1.38178e+01      1.00000e+01      1.77557e-05
    3.07685e-01      1.34840e+01      1.00000e+01      1.77556e-05
    3.11645e-01      1.31459e+01      1.00000e+01      1.77555e-05
    3.15657e-01      1.28035e+01      1.00000e+01      1.77555e-05
    3.19720e-01      1.24566e+01      1.00000e+01      1.77554e-05
    3.23835e-01      1.21320e+01      1.00000e+01      1.77553e-05
    3.28004e-01      1.18474e+01      1.00000e+01      1.77552e-05
    3.32226e-01      1.15592e+01      1.00000e+01      1.77551e-05
    3.36502e-01      1.12673e+01      1.00000e+01      1.77550e-05
    3.40834e-01      1.09716e+01      1.00000e+01      1.77549e-05
    3.45221e-01      1.06721e+01      1.00000e+01      1.77549e-05
    3.49665e-01      1.03687e+01      1.00000e+01      1.77548e-05
    3.54166e-01      1.00827e+01      1.00000e+01      1.77547e-05
    3.58725e-01      9.83065e+00      1.00000e+01      1.77546e-05
    3.63343e-01      9.57533e+00      1.00000e+01      1.77545e-05
    3.68020e-01      9.31672e+00      1.00000e+01      1.77544e-05
    3.72757e-01      9.05479e+00      1.00000e+01      1.77543e-05
    3.77556e-01      8.78947e+00      1.00000e+01      1.77542e-05
    3.82416e-01      8.52075e+00      1.00000e+01      1.77541e-05
    3.87338e-01      8.29597e+00      1.00000e+01      1.77540e-05
    3.92324e-01      8.07211e+00      1.00000e+01      1.77539e-05
    3.97375e-01      7.84536e+00      1.00000e+01      1.77537e-05
    4.02490e-01      7.61570e+00      1.00000e+01      1.77536e-05
    4.07671e-01      7.38308e+00      1.00000e+01      1.77534e-05
    4.12919e-01      7.14746e+00      1.00000e+01      1.77533e-05
    4.18235e-01      6.95057e+00      1.00000e+01      1.77532e-05
    4.23619e-01      6.75204e+00      1.00000e+01      1.77530e-05
    4.29072e-01      6.55095e+00      1.00000e+01      1.77529e-05
    4.34595e-01      6.34728e+00      1.00000e+01      1.77528e-05
    4.40190e-01      6.14098e+00      1.00000e+01      1.77526e-05
    4.45857e-01      5.94859e+00      1.00000e+01      1.77525e-05
    4.51596e-01      5.77389e+00      1.00000e+01      1.77524e-05
    4.57410e-01      5.59694e+00      1.00000e+01      1.77523e-05
    4.63298e-01      5.41772e+00      1.00000e+01      1.77521e-05
    4.69262e-01      5.23618e+00      1.00000e+01      1.77520e-05
    4.75303e-01      5.06146e+00      1.00000e+01      1.77519e-05
    4.81422e-01      4.90687e+00      1.00000e+01      1.77517e-05
    4.87619e-01      4.75029e+00      1.00000e+01      1.77516e-05
    4.93897e-01      4.59170e+00      1.00000e+01      1.77515e-05
    5.00255e-01      4.43107e+00      1.00000e+01      1.77513e-05
    5.06695e-01      4.28058e+00      1.00000e+01      1.77512e-05
    5.13218e-01      4.14321e+00      1.00000e+01      1.77511e-05
    5.19825e-01      4.00406e+00      1.00000e+01      1.77509e-05
    5.26517e-01      3.86312e+00      1.00000e+01      1.77508e-05
    5.33295e-01      3.72037e+00      1.00000e+01      1.77506e-05
    5.40160e-01      3.59641e+00      1.00000e+01      1.77505e-05
    5.47114e-01      3.47340e+00      1.00000e+01      1.77503e-05
    5.54158e-01      3.34881e+00      1.00000e+01      1.77502e-05
    5.61292e-01      3.22261e+00      1.00000e+01      1.77500e-05
    5.68518e-01      3.10672e+00      1.00000e+01      1.77498e-05
    5.75837e-01      2.99792e+00      1.00000e+01      1.77497e-05
    5.83250e-01      2.88773e+00      1.00000e+01      1.77495e-05
    5.90758e-01      2.77611e+00      1.00000e+01      1.77494e-05
    5.98364e-01      2.67195e+00      1.00000e+01      1.77492e-05
    6.06067e-01      2.57538e+00      1.00000e+01      1.77490e-05
    6.13869e-01      2.47757e+00      1.00000e+01      1.77488e-05
    6.21772e-01      2.37850e+00      1.00000e+01      1.77487e-05
    6.29777e-01      2.28695e+00      1.00000e+01      1.77485e-05
    6.37885e-01      2.19964e+00      1.00000e+01      1.77483e-05
    6.46097e-01      2.11120e+00      1.00000e+01      1.77481e-05
    6.54415e-01      2.02163e+00      1.00000e+01      1.77480e-05
    6.62840e-01      1.94333e+00      1.00000e+01      1.77477e-05
    6.71373e-01      1.86506e+00      1.00000e+01      1.77475e-05
    6.80017e-01      1.78577e+00      1.00000e+01      1.77473e-05
    6.88771e-01      1.70999e+00      1.00000e+01      1.77471e-05
    6.97639e-01      1.64022e+00      1.00000e+01      1.77469e-05
    7.06620e-01      1.56955e+00      1.00000e+01      1.77467e-05
    7.15717e-01      1.49815e+00      1.00000e+01      1.77464e-05
    7.24932e-01      1.43591e+00      1.00000e+01      1.77462e-05
    7.34265e-01      1.37287e+00      1.00000e+01      1.77460e-05
    7.43718e-01      1.30902e+00      1.00000e+01      1.77458e-05
    7.53293e-01      1.25144e+00      1.00000e+01      1.77456e-05
    7.62991e-01      1.19512e+00      1.00000e+01      1.77454e-05
    7.72814e-01      1.13807e+00      1.00000e+01      1.77452e-05
    7.82763e-01      1.08563e+00      1.00000e+01      1.77449e-05
    7.92841e-01      1.03514e+00      1.00000e+01      1.77447e-05
    8.03048e-01      9.83998e-01      1.00000e+01      1.77444e-05
    8.13387e-01      9.37123e-01      1.00000e+01      1.77442e-05
    8.23859e-01      8.91949e-01      1.00000e+01      1.77440e-05
    8.34466e-01      8.46193e-01      1.00000e+01      1.77437e-05
    8.45209e-01      8.04866e-01      1.00000e+01      1.77435e-05
    8.56091e-01      7.64242e-01      1.00000e+01      1.77432e-05
    8.67113e-01      7.23242e-01      1.00000e+01      1.77429e-05
    8.78276e-01      6.87142e-01      1.00000e+01      1.77427e-05
    8.89584e-01      6.50578e-01      1.00000e+01      1.77424e-05
    9.01037e-01      6.15248e-01      1.00000e+01      1.77422e-05
    9.12637e-01      5.82725e-01      1.00000e+01      1.77419e-05
    9.24387e-01      5.49784e-01      1.00000e+01      1.77417e-05
    9.36288e-01      5.19652e-01      1.00000e+01      1.77414e-05
    9.48343e-01      4.90204e-01      1.00000e+01      1.77411e-05
    9.60552e-01      4.61353e-01      1.00000e+01      1.77408e-05
    9.72919e-01      4.35194e-01      1.00000e+01      1.77405e-05
    9.85445e-01      4.08699e-01      1.00000e+01      1.77402e-05
    9.98133e-01      3.84736e-01      1.00000e+01      1.79413e-05
    1.01098e+00      3.61138e-01      1.00000e+01      1.81922e-05
    1.02400e+00      3.38681e-01      1.00000e+01      1.83306e-05
    1.03718e+00      3.17689e-01      1.00000e+01      1.83303e-05
    1.05054e+00      2.96882e-01      1.00000e+01      1.83300e-05
    1.06406e+00      2.78138e-01      1.00000e+01      1.83296e-05
    1.07776e+00      2.59152e-01      1.00000e+01      1.83292e-05
    1.09164e+00      2.42368e-01      1.00000e+01      1.83289e-05
    1.10569e+00      2.25524e-01      1.00000e+01      1.83286e-05
    1.11993e+00      2.10208e-01      1.00000e+01      1.83282e-05
    1.13435e+00      1.95197e-01      1.00000e+01      1.83278e-05
    1.14895e+00      1.81347e-01      1.00000e+01      1.83275e-05
    1.16374e+00      1.67979e-01      1.00000e+01      1.83272e-05
    1.17873e+00      1.55474e-01      1.00000e+01      1.83268e-05
    1.19390e+00      1.43434e-01      1.00000e+01      1.83264e-05
    1.20928e+00      1.32424e-01      1.00000e+01      1.83260e-05
    1.22484e+00      1.21977e-01      1.00000e+01      1.83256e-05
    1.24061e+00      1.12292e-01      1.00000e+01      1.83252e-05
    1.25659e+00      1.02904e-01      1.00000e+01      1.83248e-05
    1.27277e+00      9.44119e-02      1.00000e+01      1.83244e-05
    1.28915e+00      8.60958e-02      1.00000e+01      1.83241e-05
    1.30575e+00      7.87618e-02      1.00000e+01      1.83236e-05
    1.32256e+00      7.15403e-02      1.00000e+01      1.83232e-05
    1.33959e+00      6.51570e-02      1.00000e+01      1.83228e-05
    1.35684e+00      5.90233e-02      1.00000e+01      1.83223e-05
    1.37431e+00      5.34439e-02      1.00000e+01      1.83217e-05
    1.39200e+00      4.82795e-02      1.00000e+01      1.83213e-05
    1.40992e+00      4.33567e-02      1.00000e+01      1.83210e-05
    1.42808e+00      3.90758e-02      1.00000e+01      1.83206e-05
    1.44646e+00      3.49730e-02      1.00000e+01      1.83201e-05
    1.46509e+00      3.13031e-02      1.00000e+01      1.83197e-05
    1.48395e+00      2.79533e-02      1.00000e+01      1.83192e-05
    1.50306e+00      2.47934e-02      1.00000e+01      1.83187e-05
    1.52241e+00      2.20678e-02      1.00000e+01      1.83182e-05
    1.54201e+00      1.95169e-02      1.00000e+01      1.83178e-05
    1.56186e+00      1.71532e-02      1.00000e+01      1.83173e-05
    1.58197e+00      1.51461e-02      1.00000e+01      1.83168e-05
    1.60234e+00      1.32735e-02      1.00000e+01      1.83163e-05
    1.62297e+00      1.15460e-02      1.00000e+01      1.83157e-05
    1.64387e+00      1.00451e-02      1.00000e+01      1.83153e-05
    1.66503e+00      8.71192e-03      1.00000e+01      1.83147e-05
    1.68647e+00      7.53849e-03      1.00000e+01      1.83142e-05
    1.70819e+00      6.50724e-03      1.00000e+01      1.83137e-05
    1.73018e+00      5.60500e-03      1.00000e+01      1.83131e-05
    1.75246e+00      4.80361e-03      1.00000e+01      1.83125e-05
    1.77502e+00      4.10133e-03      1.00000e+01      1.83119e-05
    1.79787e+00      3.52974e-03      1.00000e+01      1.83113e-05
    1.82102e+00      3.03202e-03      1.00000e+01      1.83107e-05
    1.84447e+00      2.60799e-03      1.00000e+01      1.83102e-05
    1.86822e+00      2.25576e-03      1.00000e+01      1.83097e-05
    1.89227e+00      1.96443e-03      1.00000e+01      1.83090e-05
    1.91663e+00      1.72517e-03      1.00000e+01      1.83085e-05
    1.94131e+00      1.52204e-03      1.00000e+01      1.83078e-05
    1.96631e+00      1.34949e-03      1.00000e+01      1.83071e-05
    1.99162e+00      1.20410e-03      1.00000e+01      1.84129e-05
    2.01727e+00      1.08606e-03      1.00000e+01      1.88961e-05
    2.04324e+00      9.78426e-04      1.00000e+01      1.88955e-05
    2.06955e+00      8.84209e-04      1.00000e+01      1.88947e-05
    2.09619e+00      8.01639e-04      1.00000e+01      1.88940e-05
    2.12318e+00      7.29401e-04      1.00000e+01      1.88933e-05
    2.15052e+00      6.66369e-04      1.00000e+01      1.88925e-05
    2.17821e+00      6.12656e-04      1.00000e+01      1.88918e-05
    2.20625e+00      5.67844e-04      1.00000e+01      1.88912e-05
    2.23466e+00      5.29138e-04      1.00000e+01      1.88904e-05
    2.26343e+00      4.96605e-04      1.00000e+01      1.88896e-05
    2.29257e+00      4.69445e-04      1.00000e+01      1.88888e-05
    2.32209e+00      4.46909e-04      1.00000e+01      1.88880e-05
    2.35199e+00      4.28257e-04      1.00000e+01      1.88871e-05
    2.38227e+00      4.12647e-04      1.00000e+01      1.88863e-05
    2.41295e+00      3.99833e-04      1.00000e+01      1.88855e-05
    2.44401e+00      3.89212e-04      1.00000e+01      1.88846e-05
    2.47548e+00      3.80409e-04      1.00000e+01      1.88838e-05
    2.50736e+00      3.73056e-04      1.00000e+01      1.88829e-05
    2.53964e+00      3.66930e-04      1.00000e+01      1.88821e-05
    2.57234e+00      3.61843e-04      1.00000e+01      1.88812e-05
    2.60546e+00      3.57652e-04      1.00000e+01      1.88802e-05
    2.63901e+00      3.54239e-04      1.00000e+01      1.88794e-05
    2.67298e+00      3.51509e-04      1.00000e+01      1.88785e-05
    2.70740e+00      3.49381e-04      1.00000e+01      1.88775e-05
    2.74226e+00      3.47779e-04      1.00000e+01      1.88767e-05
    2.77757e+00      3.46665e-04      1.00000e+01      1.88756e-05
    2.81333e+00      3.45902e-04      1.00000e+01      1.88747e-05
    2.84955e+00      3.45410e-04      1.00000e+01      1.88737e-05
    2.88624e+00      3.45109e-04      1.00000e+01      1.88726e-05
    2.92341e+00      3.44938e-04      1.00000e+01      1.88715e-05
    2.96105e+00      3.44852e-04      1.00000e+01      1.88704e-05
    2.99917e+00      3.44806e-04      1.00000e+01      1.88693e-05
    3.03779e+00      3.44781e-04      1.00000e+01      1.88683e-05
    3.07690e+00      3.44759e-04      1.00000e+01      1.88672e-05
    3.11652e+00      3.44736e-04      1.00000e+01      1.88661e-05
    3.15665e+00      3.44714e-04      1.00000e+01      1.88650e-05
    3.19729e+00      3.44691e-04      1.00000e+01      1.88638e-05
    3.23846e+00      3.44669e-04      1.00000e+01      1.88627e-05
    3.28015e+00      3.44645e-04      1.00000e+01      1.88615e-05
    3.32239e+00      3.44625e-04      1.00000e+01      1.88604e-05
    3.36517e+00      3.44599e-04      1.00000e+01      1.88591e-05
    3.40849e+00      3.44575e-04      1.00000e+01      1.88579e-05
    3.45238e+00      3.44551e-04      1.00000e+01      1.88566e-05
    3.49683e+00      3.44526e-04      1.00000e+01      1.88554e-05
    3.54186e+00      3.44502e-04      1.00000e+01      1.88541e-05
    3.58746e+00      3.44478e-04      1.00000e+01      1.88528e-05
    3.63365e+00      3.44436e-04      1.00000e+01      1.88506e-05
    3.68044e+00      3.44427e-04      1.00000e+01      1.88502e-05
    3.72783e+00      3.44400e-04      1.00000e+01      1.88488e-05
    3.77582e+00      3.44374e-04      1.00000e+01      1.88474e-05
    3.82444e+00      3.44349e-04      1.00000e+01      1.88461e-05
    3.87368e+00      3.44323e-04      1.00000e+01      1.88447e-05
    3.92356e+00      3.44294e-04      1.00000e+01      1.88432e-05
    3.97408e+00      3.44269e-04      1.00000e+01      1.88418e-05
    4.02525e+00      3.44242e-04      1.00000e+01      1.88404e-05
    4.07708e+00      3.44213e-04      1.00000e+01      1.88388e-05
    4.12957e+00      3.44187e-04      1.00000e+01      1.88374e-05
    4.18274e+00      3.44158e-04      1.00000e+01      1.88358e-05
    4.23660e+00      3.44129e-04      1.00000e+01      1.88343e-05
    4.29115e+00      3.44099e-04      1.00000e+01      1.88327e-05
    4.34640e+00      3.44074e-04      1.00000e+01      1.88313e-05
    4.40236e+00      3.44043e-04      1.00000e+01      1.88296e-05
    4.45905e+00      3.44012e-04      1.00000e+01      1.88279e-05
    4.51646e+00      3.43982e-04      1.00000e+01      1.88263e-05
    4.57461e+00      3.43952e-04      1.00000e+01      1.88246e-05
    4.63351e+00      3.43920e-04      1.00000e+01      1.88229e-05
    4.69317e+00      3.43890e-04      1.00000e+01      1.88212e-05
    4.75360e+00      3.43858e-04      1.00000e+01      1.88195e-05
    4.81481e+00      3.43826e-04      1.00000e+01      1.88177e-05
    4.87680e+00      3.43794e-04      1.00000e+01      1.88159e-05
    4.93960e+00      3.43762e-04      1.00000e+01      1.88141e-05
    5.00320e+00      3.43729e-04      1.00000e+01      1.88123e-05
    5.06762e+00      3.43696e-04      1.00000e+01      1.88105e-05
    5.13287e+00      3.43663e-04      1.00000e+01      1.88087e-05
    5.19896e+00      3.43629e-04      1.00000e+01      1.88069e-05
    5.26590e+00      3.43597e-04      1.00000e+01      1.88051e-05
    5.33370e+00      3.43562e-04      1.00000e+01      1.88033e-05
    5.40238e+00      3.43529e-04      1.00000e+01      1.88015e-05
    5.47194e+00      3.43495e-04      1.00000e+01      1.87997e-05
    5.54239e+00      3.43465e-04      1.00000e+01      1.87981e-05
    5.61375e+00      3.43426e-04      1.00000e+01      1.87960e-05
    5.68604e+00      3.43391e-04      1.00000e+01      1.87942e-05
    5.75925e+00      3.43358e-04      1.00000e+01      1.87924e-05
    5.83340e+00      3.43320e-04      1.00000e+01      1.87905e-05
    5.90851e+00      3.43285e-04      1.00000e+01      1.87887e-05
    5.98459e+00      3.43250e-04      1.00000e+01      1.87868e-05
    6.06165e+00      3.43214e-04      1.00000e+01      1.87850e-05
    6.13970e+00      3.43178e-04      1.00000e+01      1.87831e-05
    6.21875e+00      3.43141e-04      1.00000e+01      1.87812e-05
    6.29882e+00      3.43109e-04      1.00000e+01      1.87797e-05
    6.37992e+00      3.43067e-04      1.00000e+01      1.87775e-05
    6.46207e+00      3.43030e-04      1.00000e+01      1.87757e-05
    6.54527e+00      3.43109e-04      1.00000e+01      1.87800e-05
    6.62955e+00      3.42952e-04      1.00000e+01      1.87717e-05
    6.71491e+00      3.42912e-04      1.00000e+01      1.87696e-05
    6.80137e+00      3.42872e-04      1.00000e+01      1.87676e-05
    6.88895e+00      3.42831e-04      1.00000e+01      1.87655e-05
    6.97765e+00      3.42792e-04      1.00000e+01      1.87635e-05
    7.06749e+00      3.42750e-04      1.00000e+01      1.87614e-05
    7.15849e+00      3.42708e-04      1.00000e+01      1.87592e-05
    7.25066e+00      3.42666e-04      1.00000e+01      1.87570e-05
    7.34402e+00      3.42624e-04      1.00000e+01      1.87549e-05
    7.43858e+00      3.42580e-04      1.00000e+01      1.87526e-05
    7.53436e+00      3.42534e-04      1.00000e+01      1.87502e-05
    7.63137e+00      3.42490e-04      1.00000e+01      1.87479e-05
    7.72963e+00      3.42445e-04      1.00000e+01      1.87456e-05
    7.82916e+00      3.42401e-04      1.00000e+01      1.87433e-05
    7.92997e+00      3.42356e-04      1.00000e+01      1.87410e-05
    8.03207e+00      3.42309e-04      1.00000e+01      1.87385e-05
    8.13549e+00      3.42262e-04      1.00000e+01      1.87361e-05
    8.24024e+00      3.42213e-04      1.00000e+01      1.87335e-05
    8.34634e+00      3.42166e-04      1.00000e+01      1.87310e-05
    8.45381e+00      3.42118e-04      1.00000e+01      1.87285e-05
    8.56266e+00      3.42068e-04      1.00000e+01      1.87259e-05
    8.67291e+00      3.42018e-04      1.00000e+01      1.87233e-05
    8.78458e+00      3.41966e-04      1.00000e+01      1.87205e-05
    8.89769e+00      3.41918e-04      1.00000e+01      1.87180e-05
    9.01226e+00      3.41864e-04      1.00000e+01      1.87151e-05
    9.12830e+00      3.41812e-04      1.00000e+01      1.87124e-05
    9.24583e+00      3.41759e-04      1.00000e+01      1.87096e-05
    9.36488e+00      3.41706e-04      1.00000e+01      1.87067e-05
    9.48546e+00      3.41651e-04      1.00000e+01      1.87038e-05
    9.60760e+00      3.41595e-04      1.00000e+01      1.87008e-05
    9.73131e+00      3.41541e-04      1.00000e+01      1.86979e-05
    9.85660e+00      3.41486e-04      1.00000e+01      1.86950e-05
    9.98352e+00      3.41427e-04      1.00000e+01      1.86918e-05
    1.01121e+01      3.41370e-04      1.00000e+01      1.86887e-05
    1.02423e+01      3.41312e-04      1.00000e+01      1.86856e-05
    1.03741e+01      3.41252e-04      1.00000e+01      1.86824e-05
    1.05077e+01      3.41194e-04      1.00000e+01      1.86792e-05
    1.06430e+01      3.41133e-04      1.00000e+01      1.86760e-05
    1.07801e+01      3.41073e-04      1.00000e+01      1.86727e-05
    1.09189e+01      3.41012e-04      1.00000e+01      1.86694e-05
    1.10595e+01      3.40950e-04      1.00000e+01      1.86660e-05
    1.12019e+01      3.40885e-04      1.00000e+01      1.86625e-05
    1.13461e+01      3.40828e-04      1.00000e+01      1.86593e-05
    1.14922e+01      3.40759e-04      1.00000e+01      1.86556e-05
    1.16402e+01      3.40697e-04      1.00000e+01      1.86522e-05
    1.17900e+01      3.40629e-04      1.00000e+01      1.86484e-05
    1.19418e+01      3.40562e-04      1.00000e+01      1.86447e-05
    1.20956e+01      3.40493e-04      1.00000e+01      1.86410e-05
    1.22513e+01      3.40422e-04      1.00000e+01      1.86370e-05
    1.24091e+01      3.40357e-04      1.00000e+01      1.86334e-05
    1.25689e+01      3.40286e-04      1.00000e+01      1.86295e-05
    1.27307e+01      3.40218e-04      1.00000e+01      1.86257e-05
    1.28946e+01      3.40145e-04      1.00000e+01      1.86217e-05
    1.30607e+01      3.40072e-04      1.00000e+01      1.86176e-05
    1.32288e+01      3.39997e-04      1.00000e+01      1.86134e-05
    1.33992e+01      3.39924e-04      1.00000e+01      1.86093e-05
    1.35717e+01      3.39848e-04      1.00000e+01      1.86051e-05
    1.37464e+01      3.39772e-04      1.00000e+01      1.86008e-05
    1.39234e+01      3.39698e-04      1.00000e+01      1.85967e-05
    1.41027e+01      3.39619e-04      1.00000e+01      1.85922e-05
    1.42843e+01      3.39540e-04      1.00000e+01      1.85878e-05
    1.44682e+01      3.39459e-04      1.00000e+01      1.85832e-05
    1.46545e+01      3.39379e-04      1.00000e+01      1.85787e-05
    1.48432e+01      3.39298e-04      1.00000e+01      1.85741e-05
    1.50343e+01      3.39216e-04      1.00000e+01      1.85694e-05
    1.52279e+01      3.39134e-04      1.00000e+01      1.85647e-05
    1.54240e+01      3.39049e-04      1.00000e+01      1.85599e-05
    1.56226e+01      3.38964e-04      1.00000e+01      1.85551e-05
    1.58237e+01      3.38878e-04      1.00000e+01      1.85501e-05
    1.60275e+01      3.38791e-04      1.00000e+01      1.85451e-05
    1.62338e+01      3.38702e-04      1.00000e+01      1.85400e-05
    1.64429e+01      3.38613e-04      1.00000e+01      1.85349e-05
    1.66546e+01      3.38525e-04      1.00000e+01      1.85298e-05
    1.68690e+01      3.38433e-04      1.00000e+01      1.85245e-05
    1.70862e+01      3.38342e-04      1.00000e+01      1.85192e-05
    1.73062e+01      3.38248e-04      1.00000e+01      1.85138e-05
    1.75291e+01      3.38153e-04      1.00000e+01      1.85083e-05
    1.77548e+01      3.38059e-04      1.00000e+01      1.85028e-05
    1.79834e+01      3.37964e-04      1.00000e+01      1.84973e-05
    1.82149e+01      3.37867e-04      1.00000e+01      1.84916e-05
    1.84495e+01      3.37768e-04      1.00000e+01      1.84858e-05
    1.86870e+01      3.37668e-04      1.00000e+01      1.84800e-05
    1.89276e+01      3.37568e-04      1.00000e+01      1.84741e-05
    1.91714e+01      3.37467e-04      1.00000e+01      1.84682e-05
    1.94182e+01      3.37363e-04      1.00000e+01      1.84620e-05
    1.96682e+01      3.37256e-04      1.00000e+01      1.84557e-05
    1.99215e+01      3.37153e-04      1.00000e+01      1.84496e-05
    2.01780e+01      3.37048e-04      1.00000e+01      1.84434e-05
    2.04378e+01      3.36941e-04      1.00000e+01      1.84370e-05
    2.07010e+01      3.36831e-04      1.00000e+01      1.84304e-05
    2.09675e+01      3.36720e-04      1.00000e+01      1.84238e-05
    2.12375e+01      3.36609e-04      1.00000e+01      1.84172e-05
    2.15109e+01      3.36496e-04      1.00000e+01      1.84104e-05
    2.17879e+01      3.36384e-04      1.00000e+01      1.84037e-05
    2.20685e+01      3.36269e-04      1.00000e+01      1.83968e-05
    2.23526e+01      3.36153e-04      1.00000e+01      1.83897e-05
    2.26404e+01      3.36032e-04      1.00000e+01      1.83824e-05
    2.29319e+01      3.35916e-04      1.00000e+01      1.83754e-05
    2.32272e+01      3.35796e-04      1.00000e+01      1.83681e-05
    2.35263e+01      3.35671e-04      1.00000e+01      1.83605e-05
    2.38292e+01      3.35551e-04      1.00000e+01      1.83531e-05
    2.41360e+01      3.35428e-04      1.00000e+01      1.83456e-05
    2.44468e+01      3.35301e-04      1.00000e+01      1.83378e-05
    2.47616e+01      3.35176e-04      1.00000e+01      1.83301e-05
    2.50804e+01      3.35048e-04      1.00000e+01      1.83222e-05
    2.54034e+01      3.34918e-04      1.00000e+01      1.83142e-05
    2.57304e+01      3.34786e-04      1.00000e+01      1.83060e-05
    2.60618e+01      3.34654e-04      1.00000e+01      1.82978e-05
    2.63973e+01      3.34519e-04      1.00000e+01      1.82895e-05
    2.67372e+01      3.34383e-04      1.00000e+01      1.82810e-05
    2.70815e+01      3.34247e-04      1.00000e+01      1.82725e-05
    2.74302e+01      3.34109e-04      1.00000e+01      1.82638e-05
    2.77834e+01      3.33968e-04      1.00000e+01      1.82550e-05
    2.81411e+01      3.33827e-04      1.00000e+01      1.82461e-05
    2.85035e+01      3.33685e-04      1.00000e+01      1.82371e-05
    2.88705e+01      3.33540e-04      1.00000e+01      1.82280e-05
    2.92422e+01      3.33394e-04      1.00000e+01      1.82187e-05
    2.96187e+01      3.33247e-04      1.00000e+01      1.82094e-05
    3.00001e+01      3.33096e-04      1.00000e+01      1.81998e-05
