    Er (keV)         SM dN/dE         BG dN/dE        BSM dN/dE (events/kg/day/keV)
    2.50100e-01      7.66155e+00      1.00000e+02      2.14146e-05
    2.52651e-01      7.59394e+00      1.00000e+02      2.14145e-05
    2.55227e-01      7.52564e+00      1.00000e+02      2.14144e-05
    2.57830e-01      7.45665e+00      1.00000e+02      2.14144e-05
    2.60459e-01      7.38695e+00      1.00000e+02      2.14143e-05
    2.63115e-01      7.31654e+00      1.00000e+02      2.14142e-05
    2.65799e-01      7.24541e+00      1.00000e+02      2.14141e-05
    2.68509e-01      7.17356e+00      1.00000e+02      2.14141e-05
    2.71248e-01      7.10097e+00      1.00000e+02      2.14140e-05
    2.74014e-01      7.02764e+00      1.00000e+02      2.14139e-05
    2.76808e-01      6.95357e+00      1.00000e+02      2.14139e-05
    2.79631e-01      6.87873e+00      1.00000e+02      2.14138e-05
    2.82483e-01      6.80314e+00      1.00000e+02      2.14137e-05
    2.85364e-01      6.72677e+00      1.00000e+02      2.14136e-05
    2.88274e-01      6.64963e+00      1.00000e+02      2.14136e-05
    2.91214e-01      6.57694e+00      1.00000e+02      2.14135e-05
    2.94184e-01      6.51286e+00      1.00000e+02      2.14134e-05
    2.97185e-01      6.44813e+00      1.00000e+02      2.14133e-05
    3.00215e-01      6.38274e+00      1.00000e+02      2.14132e-05
    3.03277e-01      6.31668e+00      1.00000e+02      2.14132e-05
    3.06370e-01      6.24995e+00      1.00000e+02      2.14131e-05
    3.09495e-01      6.18254e+00      1.00000e+02      2.14130e-05
    3.12651e-01      6.11444e+00      1.00000e+02      2.14129e-05
    3.15840e-01      6.04564e+00      1.00000e+02      2.14129e-05
    3.19061e-01      5.97615e+00      1.00000e+02      2.14128e-05
    3.22315e-01      5.90594e+00      1.00000e+02      2.14127e-05
    3.25602e-01      5.83502e+00      1.00000e+02      2.14126e-05
    3.28923e-01      5.76337e+00      1.00000e+02      2.14125e-05
    3.32278e-01      5.69843e+00      1.00000e+02      2.14125e-05
    3.35667e-01      5.63809e+00      1.00000e+02      2.14124e-05
    3.39090e-01      5.57712e+00      1.00000e+02      2.14123e-05
    3.42549e-01      5.51553e+00      1.00000e+02      2.14122e-05
    3.46042e-01      5.45332e+00      1.00000e+02      2.14121e-05
    3.49572e-01      5.39047e+00      1.00000e+02      2.14120e-05
    3.53137e-01      5.32698e+00      1.00000e+02      2.14120e-05
    3.56739e-01      5.26284e+00      1.00000e+02      2.14119e-05
    3.60377e-01      5.19804e+00      1.00000e+02      2.14118e-05
    3.64053e-01      5.13259e+00      1.00000e+02      2.14117e-05
    3.67766e-01      5.06647e+00      1.00000e+02      2.14116e-05
    3.71517e-01      5.00274e+00      1.00000e+02      2.14115e-05
    3.75306e-01      4.94621e+00      1.00000e+02      2.14114e-05
    3.79134e-01      4.88911e+00      1.00000e+02      2.14113e-05
    3.83001e-01      4.83142e+00      1.00000e+02      2.14112e-05
    3.86907e-01      4.77315e+00      1.00000e+02      2.14111e-05
    3.90853e-01      4.71428e+00      1.00000e+02      2.14109e-05
    3.94840e-01      4.65481e+00      1.00000e+02      2.14108e-05
    3.98867e-01      4.59473e+00      1.00000e+02      2.14107e-05
    4.02935e-01      4.53404e+00      1.00000e+02      2.14106e-05
    4.07045e-01      4.47273e+00      1.00000e+02      2.14104e-05
    4.11196e-01      4.41213e+00      1.00000e+02      2.14103e-05
    4.15391e-01      4.35903e+00      1.00000e+02      2.14102e-05
    4.19627e-01      4.30538e+00      1.00000e+02      2.14101e-05
    4.23907e-01      4.25119e+00      1.00000e+02      2.14100e-05
    4.28231e-01      4.19644e+00      1.00000e+02      2.14099e-05
    4.32599e-01      4.14114e+00      1.00000e+02      2.14097e-05
    4.37011e-01      4.08527e+00      1.00000e+02      2.14096e-05
    4.41469e-01      4.02883e+00      1.00000e+02      2.14095e-05
    4.45971e-01      3.97182e+00      1.00000e+02      2.14094e-05
    4.50520e-01      3.91422e+00      1.00000e+02      2.14092e-05
    4.55115e-01      3.86453e+00      1.00000e+02      2.14091e-05
    4.59758e-01      3.81480e+00      1.00000e+02      2.14090e-05
    4.64447e-01      3.76456e+00      1.00000e+02      2.14089e-05
    4.69184e-01      3.71381e+00      1.00000e+02      2.14088e-05
    4.73970e-01      3.66254e+00      1.00000e+02      2.14086e-05
    4.78804e-01      3.61075e+00      1.00000e+02      2.14085e-05
    4.83688e-01      3.55843e+00      1.00000e+02      2.14084e-05
    4.88622e-01      3.50557e+00      1.00000e+02      2.14082e-05
    4.93606e-01      3.45546e+00      1.00000e+02      2.14081e-05
    4.98640e-01      3.40764e+00      1.00000e+02      2.14080e-05
    5.03726e-01      3.35934e+00      1.00000e+02      2.14078e-05
    5.08865e-01      3.31054e+00      1.00000e+02      2.14077e-05
    5.14055e-01      3.26124e+00      1.00000e+02      2.14075e-05
    5.19298e-01      3.21145e+00      1.00000e+02      2.14074e-05
    5.24595e-01      3.16114e+00      1.00000e+02      2.14072e-05
    5.29946e-01      3.11032e+00      1.00000e+02      2.14071e-05
    5.35352e-01      3.06485e+00      1.00000e+02      2.14069e-05
    5.40812e-01      3.02045e+00      1.00000e+02      2.14068e-05
    5.46329e-01      2.97560e+00      1.00000e+02      2.14066e-05
    5.51901e-01      2.93030e+00      1.00000e+02      2.14064e-05
    5.57531e-01      2.88453e+00      1.00000e+02      2.14063e-05
    5.63218e-01      2.83829e+00      1.00000e+02      2.14061e-05
    5.68963e-01      2.79159e+00      1.00000e+02      2.14059e-05
    5.74766e-01      2.74803e+00      1.00000e+02      2.14058e-05
    5.80629e-01      2.70636e+00      1.00000e+02      2.14056e-05
    5.86552e-01      2.66426e+00      1.00000e+02      2.14055e-05
    5.92535e-01      2.62173e+00      1.00000e+02      2.14054e-05
    5.98579e-01      2.57877e+00      1.00000e+02      2.14052e-05
    6.04684e-01      2.53537e+00      1.00000e+02      2.14051e-05
    6.10852e-01      2.49152e+00      1.00000e+02      2.14050e-05
    6.17083e-01      2.45221e+00      1.00000e+02      2.14052e-05
    6.23378e-01      2.41295e+00      1.00000e+02      2.14055e-05
    6.29736e-01      2.37329e+00      1.00000e+02      2.14059e-05
    6.36160e-01      2.33323e+00      1.00000e+02      2.14062e-05
    6.42649e-01      2.29276e+00      1.00000e+02      2.14065e-05
    6.49204e-01      2.25187e+00      1.00000e+02      2.14068e-05
    6.55827e-01      2.21375e+00      1.00000e+02      2.14065e-05
    6.62516e-01      2.17697e+00      1.00000e+02      2.14058e-05
    6.69274e-01      2.13981e+00      1.00000e+02      2.14050e-05
    6.76101e-01      2.10228e+00      1.00000e+02      2.14043e-05
    6.82998e-01      2.06436e+00      1.00000e+02      2.14036e-05
    6.89965e-01      2.02606e+00      1.00000e+02      2.14028e-05
    6.97003e-01      1.99077e+00      1.00000e+02      2.14025e-05
    7.04113e-01      1.95623e+00      1.00000e+02      2.14023e-05
    7.11295e-01      1.92133e+00      1.00000e+02      2.14021e-05
    7.18551e-01      1.88608e+00      1.00000e+02      2.14019e-05
    7.25880e-01      1.85047e+00      1.00000e+02      2.14018e-05
    7.33285e-01      1.81528e+00      1.00000e+02      2.14016e-05
    7.40765e-01      1.78298e+00      1.00000e+02      2.14013e-05
    7.48321e-01      1.75034e+00      1.00000e+02      2.14011e-05
    7.55954e-01      1.71738e+00      1.00000e+02      2.14009e-05
    7.63666e-01      1.68408e+00      1.00000e+02      2.14007e-05
    7.71456e-01      1.65043e+00      1.00000e+02      2.14004e-05
    7.79325e-01      1.61999e+00      1.00000e+02      2.14002e-05
    7.87275e-01      1.58949e+00      1.00000e+02      2.14000e-05
    7.95305e-01      1.55868e+00      1.00000e+02      2.13998e-05
    8.03418e-01      1.52755e+00      1.00000e+02      2.13996e-05
    8.11614e-01      1.49610e+00      1.00000e+02      2.13993e-05
    8.19893e-01      1.46760e+00      1.00000e+02      2.13991e-05
    8.28256e-01      1.43903e+00      1.00000e+02      2.13988e-05
    8.36705e-01      1.41016e+00      1.00000e+02      2.13985e-05
    8.45240e-01      1.38100e+00      1.00000e+02      2.13982e-05
    8.53862e-01      1.35212e+00      1.00000e+02      2.13979e-05
    8.62573e-01      1.32550e+00      1.00000e+02      2.13976e-05
    8.71372e-01      1.29861e+00      1.00000e+02      2.13974e-05
    8.80260e-01      1.27145e+00      1.00000e+02      2.13971e-05
    8.89240e-01      1.24401e+00      1.00000e+02      2.13969e-05
    8.98311e-01      1.21818e+00      1.00000e+02      2.13967e-05
    9.07474e-01      1.19312e+00      1.00000e+02      2.13965e-05
    9.16731e-01      1.16781e+00      1.00000e+02      2.13963e-05
    9.26083e-01      1.14223e+00      1.00000e+02      2.13961e-05
    9.35530e-01      1.11722e+00      1.00000e+02      2.13959e-05
    9.45073e-01      1.09377e+00      1.00000e+02      2.13956e-05
    9.54714e-01      1.07009e+00      1.00000e+02      2.13953e-05
    9.64453e-01      1.04616e+00      1.00000e+02      2.13950e-05
    9.74291e-01      1.02239e+00      1.00000e+02      2.13947e-05
    9.84230e-01      1.00048e+00      1.00000e+02      2.13945e-05
    9.94270e-01      9.78356e-01      1.00000e+02      2.13942e-05
    1.00441e+00      9.56002e-01      1.00000e+02      2.13939e-05
    1.01466e+00      9.33789e-01      1.00000e+02      2.13936e-05
    1.02501e+00      9.13120e-01      1.00000e+02      2.13933e-05
    1.03547e+00      8.92240e-01      1.00000e+02      2.13931e-05
    1.04603e+00      8.71147e-01      1.00000e+02      2.13928e-05
    1.05670e+00      8.50568e-01      1.00000e+02      2.13925e-05
    1.06748e+00      8.31183e-01      1.00000e+02      2.13921e-05
    1.07837e+00      8.11601e-01      1.00000e+02      2.13918e-05
    1.08937e+00      7.91819e-01      1.00000e+02      2.13914e-05
    1.10048e+00      7.73088e-01      1.00000e+02      2.13911e-05
    1.11171e+00      7.54827e-01      1.00000e+02      2.13908e-05
    1.12305e+00      7.36379e-01      1.00000e+02      2.13905e-05
    1.13450e+00      7.17922e-01      1.00000e+02      2.13901e-05
    1.14608e+00      7.00863e-01      1.00000e+02      2.13898e-05
    1.15777e+00      6.83630e-01      1.00000e+02      2.13895e-05
    1.16958e+00      6.66221e-01      1.00000e+02      2.13892e-05
    1.18151e+00      6.49708e-01      1.00000e+02      2.13888e-05
    1.19356e+00      6.33555e-01      1.00000e+02      2.13885e-05
    1.20574e+00      6.17237e-01      1.00000e+02      2.13881e-05
    1.21804e+00      6.01348e-01      1.00000e+02      2.13877e-05
    1.23046e+00      5.86376e-01      1.00000e+02      2.13874e-05
    1.24302e+00      5.71251e-01      1.00000e+02      2.13870e-05
    1.25570e+00      5.56151e-01      1.00000e+02      2.13867e-05
    1.26851e+00      5.41922e-01      1.00000e+02      2.13863e-05
    1.28145e+00      5.27548e-01      1.00000e+02      2.13859e-05
    1.29452e+00      5.13089e-01      1.00000e+02      2.13855e-05
    1.30772e+00      4.99808e-01      1.00000e+02      2.13852e-05
    1.32107e+00      4.86393e-01      1.00000e+02      2.13848e-05
    1.33454e+00      4.72880e-01      1.00000e+02      2.13844e-05
    1.34816e+00      4.60383e-01      1.00000e+02      2.13840e-05
    1.36191e+00      4.47760e-01      1.00000e+02      2.13836e-05
    1.37580e+00      4.35132e-01      1.00000e+02      2.13832e-05
    1.38984e+00      4.23374e-01      1.00000e+02      2.13828e-05
    1.40401e+00      4.11497e-01      1.00000e+02      2.13824e-05
    1.41834e+00      3.99780e-01      1.00000e+02      2.13819e-05
    1.43281e+00      3.88696e-01      1.00000e+02      2.13815e-05
    1.44742e+00      3.77498e-01      1.00000e+02      2.13811e-05
    1.46219e+00      3.66674e-01      1.00000e+02      2.13807e-05
    1.47711e+00      3.56199e-01      1.00000e+02      2.13802e-05
    1.49217e+00      3.45617e-01      1.00000e+02      2.13797e-05
    1.50740e+00      3.35674e-01      1.00000e+02      2.13793e-05
    1.52277e+00      3.25780e-01      1.00000e+02      2.13789e-05
    1.53831e+00      3.15967e-01      1.00000e+02      2.13785e-05
    1.55400e+00      3.06697e-01      1.00000e+02      2.13780e-05
    1.56985e+00      2.97333e-01      1.00000e+02      2.13776e-05
    1.58587e+00      2.88387e-01      1.00000e+02      2.13771e-05
    1.60205e+00      2.79596e-01      1.00000e+02      2.13766e-05
    1.61839e+00      2.70855e-01      1.00000e+02      2.13761e-05
    1.63490e+00      2.62595e-01      1.00000e+02      2.13757e-05
    1.65158e+00      2.54251e-01      1.00000e+02      2.13752e-05
    1.66843e+00      2.46334e-01      1.00000e+02      2.13747e-05
    1.68545e+00      2.38484e-01      1.00000e+02      2.13742e-05
    1.70264e+00      2.30803e-01      1.00000e+02      2.13737e-05
    1.72001e+00      2.23394e-01      1.00000e+02      2.13732e-05
    1.73756e+00      2.15973e-01      1.00000e+02      2.13727e-05
    1.75528e+00      2.08995e-01      1.00000e+02      2.13722e-05
    1.77319e+00      2.01946e-01      1.00000e+02      2.13716e-05
    1.79128e+00      1.95289e-01      1.00000e+02      2.13711e-05
    1.80955e+00      1.88641e-01      1.00000e+02      2.13705e-05
    1.82801e+00      1.82251e-01      1.00000e+02      2.13700e-05
    1.84666e+00      1.75967e-01      1.00000e+02      2.13694e-05
    1.86550e+00      1.69867e-01      1.00000e+02      2.13689e-05
    1.88453e+00      1.63956e-01      1.00000e+02      2.13684e-05
    1.90375e+00      1.58161e-01      1.00000e+02      2.13679e-05
    1.92318e+00      1.52586e-01      1.00000e+02      2.13674e-05
    1.94279e+00      1.47082e-01      1.00000e+02      2.13668e-05
    1.96261e+00      1.41787e-01      1.00000e+02      2.13660e-05
    1.98264e+00      1.36561e-01      1.00000e+02      2.13653e-05
    2.00286e+00      1.31563e-01      1.00000e+02      2.13647e-05
    2.02329e+00      1.26429e-01      1.00000e+02      2.13640e-05
    2.04393e+00      1.21065e-01      1.00000e+02      2.13634e-05
    2.06479e+00      1.16278e-01      1.00000e+02      2.13627e-05
    2.08585e+00      1.12473e-01      1.00000e+02      2.13621e-05
    2.10713e+00      1.08466e-01      1.00000e+02      2.13615e-05
    2.12862e+00      1.04238e-01      1.00000e+02      2.13608e-05
    2.15034e+00      1.00159e-01      1.00000e+02      2.13602e-05
    2.17228e+00      9.61621e-02      1.00000e+02      2.13596e-05
    2.19444e+00      9.23483e-02      1.00000e+02      2.13589e-05
    2.21682e+00      8.85613e-02      1.00000e+02      2.13583e-05
    2.23944e+00      8.50014e-02      1.00000e+02      2.13576e-05
    2.26228e+00      8.14646e-02      1.00000e+02      2.13569e-05
    2.28536e+00      7.80945e-02      1.00000e+02      2.13561e-05
    2.30868e+00      7.48016e-02      1.00000e+02      2.13554e-05
    2.33223e+00      7.16023e-02      1.00000e+02      2.13546e-05
    2.35602e+00      6.85415e-02      1.00000e+02      2.13539e-05
    2.38006e+00      6.55212e-02      1.00000e+02      2.13532e-05
    2.40434e+00      6.26669e-02      1.00000e+02      2.13522e-05
    2.42887e+00      5.98668e-02      1.00000e+02      2.13514e-05
    2.45364e+00      5.71474e-02      1.00000e+02      2.13509e-05
    2.47868e+00      5.45717e-02      1.00000e+02      2.13501e-05
    2.50396e+00      5.20463e-02      1.00000e+02      2.13493e-05
    2.52951e+00      4.96287e-02      1.00000e+02      2.13486e-05
    2.55531e+00      4.72966e-02      1.00000e+02      2.13478e-05
    2.58138e+00      4.50181e-02      1.00000e+02      2.13470e-05
    2.60771e+00      4.28667e-02      1.00000e+02      2.13461e-05
    2.63432e+00      4.07771e-02      1.00000e+02      2.13454e-05
    2.66119e+00      3.87395e-02      1.00000e+02      2.13447e-05
    2.68834e+00      3.68193e-02      1.00000e+02      2.13438e-05
    2.71577e+00      3.49616e-02      1.00000e+02      2.13429e-05
    2.74347e+00      3.31600e-02      1.00000e+02      2.13421e-05
    2.77146e+00      3.14583e-02      1.00000e+02      2.13412e-05
    2.79973e+00      2.98191e-02      1.00000e+02      2.13403e-05
    2.82830e+00      2.82271e-02      1.00000e+02      2.13393e-05
    2.85715e+00      2.66933e-02      1.00000e+02      2.13385e-05
    2.88630e+00      2.52510e-02      1.00000e+02      2.13375e-05
    2.91574e+00      2.38587e-02      1.00000e+02      2.13365e-05
    2.94549e+00      2.25166e-02      1.00000e+02      2.13356e-05
    2.97554e+00      2.12396e-02      1.00000e+02      2.13347e-05
    3.00589e+00      2.00252e-02      1.00000e+02      2.13337e-05
    3.03656e+00      1.88570e-02      1.00000e+02      2.13328e-05
    3.06753e+00      1.77355e-02      1.00000e+02      2.13318e-05
    3.09883e+00      1.66654e-02      1.00000e+02      2.13308e-05
    3.13044e+00      1.56564e-02      1.00000e+02      2.13298e-05
    3.16238e+00      1.46919e-02      1.00000e+02      2.13288e-05
    3.19464e+00      1.37688e-02      1.00000e+02      2.13277e-05
    3.22723e+00      1.28857e-02      1.00000e+02      2.13267e-05
    3.26015e+00      1.20485e-02      1.00000e+02      2.13257e-05
    3.29341e+00      1.12622e-02      1.00000e+02      2.13246e-05
    3.32701e+00      1.05142e-02      1.00000e+02      2.13235e-05
    3.36095e+00      9.80424e-03      1.00000e+02      2.13225e-05
    3.39524e+00      9.13113e-03      1.00000e+02      2.13215e-05
    3.42988e+00      8.49398e-03      1.00000e+02      2.13203e-05
    3.46487e+00      7.89315e-03      1.00000e+02      2.13191e-05
    3.50022e+00      7.32864e-03      1.00000e+02      2.13180e-05
    3.53592e+00      6.79979e-03      1.00000e+02      2.13169e-05
    3.57200e+00      6.30222e-03      1.00000e+02      2.13158e-05
    3.60844e+00      5.83376e-03      1.00000e+02      2.13133e-05
    3.64525e+00      5.39584e-03      1.00000e+02      2.13125e-05
    3.68244e+00      4.98640e-03      1.00000e+02      2.13122e-05
    3.72000e+00      4.60307e-03      1.00000e+02      2.13113e-05
    3.75796e+00      4.24533e-03      1.00000e+02      2.13102e-05
    3.79629e+00      3.91208e-03      1.00000e+02      2.13085e-05
    3.83502e+00      3.60229e-03      1.00000e+02      2.13073e-05
    3.87415e+00      3.31475e-03      1.00000e+02      2.13060e-05
    3.91367e+00      3.04757e-03      1.00000e+02      2.13048e-05
    3.95360e+00      2.80049e-03      1.00000e+02      2.13035e-05
    3.99393e+00      2.57167e-03      1.00000e+02      2.13022e-05
    4.03467e+00      2.36000e-03      1.00000e+02      2.13009e-05
    4.07584e+00      2.16474e-03      1.00000e+02      2.12995e-05
    4.11742e+00      1.98448e-03      1.00000e+02      2.12982e-05
    4.15942e+00      1.82016e-03      1.00000e+02      2.12968e-05
    4.20185e+00      1.66977e-03      1.00000e+02      2.12955e-05
    4.24472e+00      1.53152e-03      1.00000e+02      2.12941e-05
    4.28803e+00      1.40406e-03      1.00000e+02      2.12926e-05
    4.33177e+00      1.28887e-03      1.00000e+02      2.12913e-05
    4.37596e+00      1.18440e-03      1.00000e+02      2.12900e-05
    4.42061e+00      1.09000e-03      1.00000e+02      2.12885e-05
    4.46570e+00      1.00454e-03      1.00000e+02      2.12869e-05
    4.51126e+00      9.29813e-04      1.00000e+02      2.12855e-05
    4.55728e+00      8.62752e-04      1.00000e+02      2.12839e-05
    4.60378e+00      8.03200e-04      1.00000e+02      2.12824e-05
    4.65074e+00      7.51036e-04      1.00000e+02      2.12809e-05
    4.69819e+00      7.04458e-04      1.00000e+02      2.12794e-05
    4.74612e+00      6.63828e-04      1.00000e+02      2.12778e-05
    4.79454e+00      6.20757e-04      1.00000e+02      2.12762e-05
    4.84345e+00      5.99493e-04      1.00000e+02      2.12746e-05
    4.89286e+00      5.73692e-04      1.00000e+02      2.12730e-05
    4.94278e+00      5.50223e-04      1.00000e+02      2.12714e-05
    4.99321e+00      5.32299e-04      1.00000e+02      2.12698e-05
    5.04415e+00      5.15876e-04      1.00000e+02      2.12682e-05
    5.09561e+00      5.01427e-04      1.00000e+02      2.12665e-05
    5.14759e+00      4.88577e-04      1.00000e+02      2.12649e-05
    5.20010e+00      4.77178e-04      1.00000e+02      2.12633e-05
    5.25316e+00      4.66866e-04      1.00000e+02      2.12617e-05
    5.30675e+00      4.57439e-04      1.00000e+02      2.12600e-05
    5.36089e+00      4.48891e-04      1.00000e+02      2.12585e-05
    5.41558e+00      4.41365e-04      1.00000e+02      2.12568e-05
    5.47083e+00      4.34480e-04      1.00000e+02      2.12552e-05
    5.52664e+00      4.28420e-04      1.00000e+02      2.12535e-05
    5.58302e+00      4.23407e-04      1.00000e+02      2.12519e-05
    5.63998e+00      4.18243e-04      1.00000e+02      2.12502e-05
    5.69752e+00      4.14071e-04      1.00000e+02      2.12486e-05
    5.75564e+00      4.10352e-04      1.00000e+02      2.12471e-05
    5.81436e+00      4.07164e-04      1.00000e+02      2.12453e-05
    5.87368e+00      4.04360e-04      1.00000e+02      2.12436e-05
    5.93360e+00      4.01964e-04      1.00000e+02      2.12420e-05
    5.99413e+00      3.99870e-04      1.00000e+02      2.12403e-05
    6.05528e+00      3.98093e-04      1.00000e+02      2.12387e-05
    6.11706e+00      3.96545e-04      1.00000e+02      2.12370e-05
    6.17946e+00      3.95223e-04      1.00000e+02      2.12353e-05
    6.24251e+00      3.94068e-04      1.00000e+02      2.12337e-05
    6.30619e+00      3.93070e-04      1.00000e+02      2.12320e-05
    6.37053e+00      3.92207e-04      1.00000e+02      2.12303e-05
    6.43552e+00      3.91455e-04      1.00000e+02      2.12286e-05
    6.50117e+00      3.90807e-04      1.00000e+02      2.12269e-05
    6.56750e+00      3.90356e-04      1.00000e+02      2.12319e-05
    6.63450e+00      3.89723e-04      1.00000e+02      2.12234e-05
    6.70218e+00      3.89283e-04      1.00000e+02      2.12215e-05
    6.77056e+00      3.88900e-04      1.00000e+02      2.12197e-05
    6.83963e+00      3.88571e-04      1.00000e+02      2.12178e-05
    6.90941e+00      3.88295e-04      1.00000e+02      2.12160e-05
    6.97990e+00      3.88063e-04      1.00000e+02      2.12142e-05
    7.05110e+00      3.87869e-04      1.00000e+02      2.12122e-05
    7.12304e+00      3.87713e-04      1.00000e+02      2.12104e-05
    7.19571e+00      3.87586e-04      1.00000e+02      2.12084e-05
    7.26912e+00      3.87486e-04      1.00000e+02      2.12064e-05
    7.34328e+00      3.87410e-04      1.00000e+02      2.12045e-05
    7.41819e+00      3.87348e-04      1.00000e+02      2.12024e-05
    7.49387e+00      3.87297e-04      1.00000e+02      2.12003e-05
    7.57032e+00      3.87255e-04      1.00000e+02      2.11983e-05
    7.64755e+00      3.87215e-04      1.00000e+02      2.11962e-05
    7.72557e+00      3.87175e-04      1.00000e+02      2.11941e-05
    7.80439e+00      3.87136e-04      1.00000e+02      2.11921e-05
    7.88401e+00      3.87095e-04      1.00000e+02      2.11900e-05
    7.96444e+00      3.87054e-04      1.00000e+02      2.11879e-05
    8.04569e+00      3.87012e-04      1.00000e+02      2.11857e-05
    8.12777e+00      3.86969e-04      1.00000e+02      2.11834e-05
    8.21069e+00      3.86927e-04      1.00000e+02      2.11812e-05
    8.29446e+00      3.86885e-04      1.00000e+02      2.11790e-05
    8.37908e+00      3.86840e-04      1.00000e+02      2.11767e-05
    8.46456e+00      3.86796e-04      1.00000e+02      2.11744e-05
    8.55092e+00      3.86752e-04      1.00000e+02      2.11720e-05
    8.63815e+00      3.86707e-04      1.00000e+02      2.11697e-05
    8.72628e+00      3.86662e-04      1.00000e+02      2.11673e-05
    8.81530e+00      3.86616e-04      1.00000e+02      2.11649e-05
    8.90523e+00      3.86572e-04      1.00000e+02      2.11626e-05
    8.99608e+00      3.86524e-04      1.00000e+02      2.11600e-05
    9.08786e+00      3.86477e-04      1.00000e+02      2.11575e-05
    9.18058e+00      3.86429e-04      1.00000e+02      2.11550e-05
    9.27424e+00      3.86382e-04      1.00000e+02      2.11525e-05
    9.36885e+00      3.86332e-04      1.00000e+02      2.11498e-05
    9.46443e+00      3.86285e-04      1.00000e+02      2.11473e-05
    9.56099e+00      3.86239e-04      1.00000e+02      2.11449e-05
    9.65853e+00      3.86188e-04      1.00000e+02      2.11421e-05
    9.75706e+00      3.86137e-04      1.00000e+02      2.11394e-05
    9.85660e+00      3.86088e-04      1.00000e+02      2.11367e-05
    9.95716e+00      3.86035e-04      1.00000e+02      2.11339e-05
    1.00587e+01      3.85984e-04      1.00000e+02      2.11312e-05
    1.01614e+01      3.85932e-04      1.00000e+02      2.11284e-05
    1.02650e+01      3.85879e-04      1.00000e+02      2.11255e-05
    1.03697e+01      3.85825e-04      1.00000e+02      2.11226e-05
    1.04755e+01      3.85774e-04      1.00000e+02      2.11199e-05
    1.05824e+01      3.85721e-04      1.00000e+02      2.11170e-05
    1.06904e+01      3.85665e-04      1.00000e+02      2.11139e-05
    1.07994e+01      3.85609e-04      1.00000e+02      2.11109e-05
    1.09096e+01      3.85558e-04      1.00000e+02      2.11081e-05
    1.10209e+01      3.85502e-04      1.00000e+02      2.11051e-05
    1.11333e+01      3.85445e-04      1.00000e+02      2.11020e-05
    1.12469e+01      3.85389e-04      1.00000e+02      2.10989e-05
    1.13617e+01      3.85331e-04      1.00000e+02      2.10957e-05
    1.14776e+01      3.85273e-04      1.00000e+02      2.10926e-05
    1.15947e+01      3.85219e-04      1.00000e+02      2.10896e-05
    1.17130e+01      3.85157e-04      1.00000e+02      2.10862e-05
    1.18325e+01      3.85097e-04      1.00000e+02      2.10829e-05
    1.19532e+01      3.85037e-04      1.00000e+02      2.10796e-05
    1.20751e+01      3.84977e-04      1.00000e+02      2.10763e-05
    1.21983e+01      3.84914e-04      1.00000e+02      2.10728e-05
    1.23228e+01      3.84851e-04      1.00000e+02      2.10694e-05
    1.24485e+01      3.84792e-04      1.00000e+02      2.10661e-05
    1.25755e+01      3.84729e-04      1.00000e+02      2.10626e-05
    1.27038e+01      3.84666e-04      1.00000e+02      2.10591e-05
    1.28334e+01      3.84598e-04      1.00000e+02      2.10553e-05
    1.29643e+01      3.84537e-04      1.00000e+02      2.10519e-05
    1.30966e+01      3.84472e-04      1.00000e+02      2.10483e-05
    1.32302e+01      3.84405e-04      1.00000e+02      2.10446e-05
    1.33651e+01      3.84339e-04      1.00000e+02      2.10409e-05
    1.35015e+01      3.84274e-04      1.00000e+02      2.10372e-05
    1.36392e+01      3.84203e-04      1.00000e+02      2.10333e-05
    1.37784e+01      3.84137e-04      1.00000e+02      2.10295e-05
    1.39189e+01      3.84069e-04      1.00000e+02      2.10257e-05
    1.40609e+01      3.83998e-04      1.00000e+02      2.10217e-05
    1.42044e+01      3.83931e-04      1.00000e+02      2.10179e-05
    1.43493e+01      3.83857e-04      1.00000e+02      2.10138e-05
    1.44957e+01      3.83784e-04      1.00000e+02      2.10096e-05
    1.46436e+01      3.83712e-04      1.00000e+02      2.10056e-05
    1.47930e+01      3.83639e-04      1.00000e+02      2.10015e-05
    1.49439e+01      3.83566e-04      1.00000e+02      2.09973e-05
    1.50963e+01      3.83492e-04      1.00000e+02      2.09931e-05
    1.52504e+01      3.83418e-04      1.00000e+02      2.09889e-05
    1.54059e+01      3.83342e-04      1.00000e+02      2.09846e-05
    1.55631e+01      3.83264e-04      1.00000e+02      2.09801e-05
    1.57219e+01      3.83187e-04      1.00000e+02      2.09757e-05
    1.58823e+01      3.83112e-04      1.00000e+02      2.09714e-05
    1.60443e+01      3.83032e-04      1.00000e+02      2.09669e-05
    1.62080e+01      3.82954e-04      1.00000e+02      2.09623e-05
    1.63733e+01      3.82875e-04      1.00000e+02      2.09578e-05
    1.65404e+01      3.82794e-04      1.00000e+02      2.09531e-05
    1.67091e+01      3.82714e-04      1.00000e+02      2.09485e-05
    1.68796e+01      3.82631e-04      1.00000e+02      2.09438e-05
    1.70518e+01      3.82550e-04      1.00000e+02      2.09390e-05
    1.72258e+01      3.82465e-04      1.00000e+02      2.09341e-05
    1.74015e+01      3.82381e-04      1.00000e+02      2.09293e-05
    1.75790e+01      3.82296e-04      1.00000e+02      2.09243e-05
    1.77584e+01      3.82210e-04      1.00000e+02      2.09193e-05
    1.79395e+01      3.82126e-04      1.00000e+02      2.09144e-05
    1.81226e+01      3.82038e-04      1.00000e+02      2.09093e-05
    1.83075e+01      3.81955e-04      1.00000e+02      2.09044e-05
    1.84942e+01      3.81865e-04      1.00000e+02      2.08991e-05
    1.86829e+01      3.81774e-04      1.00000e+02      2.08938e-05
    1.88735e+01      3.81684e-04      1.00000e+02      2.08885e-05
    1.90661e+01      3.81595e-04      1.00000e+02      2.08833e-05
    1.92606e+01      3.81501e-04      1.00000e+02      2.08778e-05
    1.94571e+01      3.81410e-04      1.00000e+02      2.08724e-05
    1.96556e+01      3.81313e-04      1.00000e+02      2.08667e-05
    1.98561e+01      3.81222e-04      1.00000e+02      2.08613e-05
    2.00587e+01      3.81127e-04      1.00000e+02      2.08557e-05
    2.02633e+01      3.81031e-04      1.00000e+02      2.08499e-05
    2.04700e+01      3.80934e-04      1.00000e+02      2.08442e-05
    2.06789e+01      3.80833e-04      1.00000e+02      2.08382e-05
    2.08898e+01      3.80735e-04      1.00000e+02      2.08323e-05
    2.11029e+01      3.80636e-04      1.00000e+02      2.08264e-05
    2.13182e+01      3.80535e-04      1.00000e+02      2.08204e-05
    2.15357e+01      3.80436e-04      1.00000e+02      2.08144e-05
    2.17554e+01      3.80334e-04      1.00000e+02      2.08083e-05
    2.19774e+01      3.80230e-04      1.00000e+02      2.08021e-05
    2.22016e+01      3.80127e-04      1.00000e+02      2.07958e-05
    2.24281e+01      3.75127e-04      1.00000e+02      2.05282e-05
    2.26569e+01      3.79914e-04      1.00000e+02      2.07829e-05
    2.28880e+01      3.79810e-04      1.00000e+02      2.07766e-05
    2.31215e+01      3.79703e-04      1.00000e+02      2.07701e-05
    2.33574e+01      3.79595e-04      1.00000e+02      2.07635e-05
    2.35957e+01      3.79482e-04      1.00000e+02      2.07567e-05
    2.38364e+01      3.79374e-04      1.00000e+02      2.07501e-05
    2.40796e+01      3.79264e-04      1.00000e+02      2.07433e-05
    2.43253e+01      3.79152e-04      1.00000e+02      2.07365e-05
    2.45735e+01      3.79038e-04      1.00000e+02      2.07295e-05
    2.48242e+01      3.78924e-04      1.00000e+02      2.07224e-05
    2.50774e+01      3.78810e-04      1.00000e+02      2.07154e-05
    2.53332e+01      3.78695e-04      1.00000e+02      2.07083e-05
    2.55917e+01      3.78577e-04      1.00000e+02      2.07010e-05
    2.58528e+01      3.78458e-04      1.00000e+02      2.06936e-05
    2.61165e+01      3.78339e-04      1.00000e+02      2.06862e-05
    2.63830e+01      3.78218e-04      1.00000e+02      2.06787e-05
    2.66521e+01      3.78098e-04      1.00000e+02      2.06712e-05
    2.69240e+01      3.77975e-04      1.00000e+02      2.06635e-05
    2.71987e+01      3.77850e-04      1.00000e+02      2.06557e-05
    2.74762e+01      3.77726e-04      1.00000e+02      2.06480e-05
    2.77565e+01      3.77601e-04      1.00000e+02      2.06401e-05
    2.80397e+01      3.77475e-04      1.00000e+02      2.06322e-05
    2.83257e+01      3.77348e-04      1.00000e+02      2.06242e-05
    2.86147e+01      3.77219e-04      1.00000e+02      2.06160e-05
    2.89067e+01      3.77088e-04      1.00000e+02      2.06078e-05
    2.92016e+01      3.76956e-04      1.00000e+02      2.05994e-05
    2.94995e+01      3.76825e-04      1.00000e+02      2.05911e-05
    2.98004e+01      3.76692e-04      1.00000e+02      2.05826e-05
    3.01045e+01      3.76557e-04      1.00000e+02      2.05740e-05
    3.04116e+01      3.76422e-04      1.00000e+02      2.05654e-05
    3.07218e+01      3.76286e-04      1.00000e+02      2.05567e-05
    3.10353e+01      3.76147e-04      1.00000e+02      2.05478e-05
    3.13519e+01      3.76011e-04      1.00000e+02      2.05391e-05
    3.16717e+01      3.75868e-04      1.00000e+02      2.05299e-05
    3.19948e+01      3.75726e-04      1.00000e+02      2.05207e-05
    3.23213e+01      3.75585e-04      1.00000e+02      2.05116e-05
    3.26510e+01      3.75443e-04      1.00000e+02      2.05024e-05
    3.29841e+01      3.75298e-04      1.00000e+02      2.04930e-05
    3.33206e+01      3.75152e-04      1.00000e+02      2.04836e-05
    3.36605e+01      3.75004e-04      1.00000e+02      2.04739e-05
    3.40040e+01      3.74857e-04      1.00000e+02      2.04643e-05
    3.43509e+01      3.74707e-04      1.00000e+02      2.04545e-05
    3.47013e+01      3.74555e-04      1.00000e+02      2.04446e-05
    3.50553e+01      3.74403e-04      1.00000e+02      2.04347e-05
    3.54130e+01      3.74249e-04      1.00000e+02      2.04245e-05
    3.57743e+01      3.74095e-04      1.00000e+02      2.04144e-05
    3.61392e+01      3.73939e-04      1.00000e+02      2.04042e-05
    3.65079e+01      3.73782e-04      1.00000e+02      2.03938e-05
    3.68804e+01      3.73624e-04      1.00000e+02      2.03833e-05
    3.72566e+01      3.73465e-04      1.00000e+02      2.03728e-05
    3.76367e+01      3.73304e-04      1.00000e+02      2.03621e-05
    3.80207e+01      3.73141e-04      1.00000e+02      2.03512e-05
    3.84086e+01      3.72978e-04      1.00000e+02      2.03403e-05
    3.88004e+01      3.72812e-04      1.00000e+02      2.03293e-05
    3.91963e+01      3.72645e-04      1.00000e+02      2.03181e-05
    3.95961e+01      3.72479e-04      1.00000e+02      2.03069e-05
    4.00001e+01      3.72309e-04      1.00000e+02      2.02955e-05
