    Er (keV)         SM dN/dE         BG dN/dE        BSM dN/dE (events/kg/day/keV)
    5.01000e-02      2.33052e-02      5.00000e+00      9.27491e-07
    5.07729e-02      2.29553e-02      5.00000e+00      9.27491e-07
    5.14550e-02      2.26008e-02      5.00000e+00      9.27490e-07
    5.21461e-02      2.22414e-02      5.00000e+00      9.27489e-07
    5.28466e-02      2.18773e-02      5.00000e+00      9.27489e-07
    5.35565e-02      2.15082e-02      5.00000e+00      9.27488e-07
    5.42760e-02      2.11342e-02      5.00000e+00      9.27487e-07
    5.50052e-02      2.07551e-02      5.00000e+00      9.27487e-07
    5.57441e-02      2.03710e-02      5.00000e+00      9.27486e-07
    5.64931e-02      1.99816e-02      5.00000e+00      9.27485e-07
    5.72520e-02      1.95871e-02      5.00000e+00      9.27485e-07
    5.80213e-02      1.91872e-02      5.00000e+00      9.27484e-07
    5.88008e-02      1.87819e-02      5.00000e+00      9.27483e-07
    5.95909e-02      1.83712e-02      5.00000e+00      9.27483e-07
    6.03916e-02      1.79549e-02      5.00000e+00      9.27482e-07
    6.12030e-02      1.75331e-02      5.00000e+00      9.27481e-07
    6.20254e-02      1.71056e-02      5.00000e+00      9.27480e-07
    6.28589e-02      1.66723e-02      5.00000e+00      9.27480e-07
    6.37035e-02      1.62332e-02      5.00000e+00      9.27479e-07
    6.45596e-02      1.57881e-02      5.00000e+00      9.27478e-07
    6.54271e-02      1.53371e-02      5.00000e+00      9.27477e-07
    6.63064e-02      1.48800e-02      5.00000e+00      9.27477e-07
    6.71974e-02      1.44168e-02      5.00000e+00      9.27476e-07
    6.81005e-02      1.39473e-02      5.00000e+00      9.27475e-07
    6.90157e-02      1.34715e-02      5.00000e+00      9.27474e-07
    6.99433e-02      1.29893e-02      5.00000e+00      9.27473e-07
    7.08833e-02      1.25007e-02      5.00000e+00      9.27472e-07
    7.18360e-02      1.20054e-02      5.00000e+00      9.27472e-07
    7.28014e-02      1.15035e-02      5.00000e+00      9.27471e-07
    7.37799e-02      1.09948e-02      5.00000e+00      9.27470e-07
    7.47716e-02      1.04793e-02      5.00000e+00      9.27469e-07
    7.57766e-02      9.95680e-03      5.00000e+00      9.27468e-07
    7.67951e-02      9.42730e-03      5.00000e+00      9.27467e-07
    7.78274e-02      8.89067e-03      5.00000e+00      9.27466e-07
    7.88735e-02      8.34683e-03      5.00000e+00      9.27465e-07
    7.99337e-02      7.79566e-03      5.00000e+00      9.27464e-07
    8.10082e-02      7.23708e-03      5.00000e+00      9.27463e-07
    8.20971e-02      6.67097e-03      5.00000e+00      9.27462e-07
    8.32007e-02      6.09725e-03      5.00000e+00      9.27461e-07
    8.43192e-02      5.51581e-03      5.00000e+00      9.27460e-07
    8.54527e-02      4.92654e-03      5.00000e+00      9.27459e-07
    8.66014e-02      4.32934e-03      5.00000e+00      9.27458e-07
    8.77657e-02      3.72410e-03      5.00000e+00      9.27457e-07
    8.89456e-02      3.11071e-03      5.00000e+00      9.27456e-07
    9.01413e-02      2.48908e-03      5.00000e+00      9.27455e-07
    9.13532e-02      2.34596e-03      5.00000e+00      9.27454e-07
    9.25814e-02      2.30566e-03      5.00000e+00      9.27452e-07
    9.38261e-02      2.26481e-03      5.00000e+00      9.27450e-07
    9.50875e-02      2.22342e-03      5.00000e+00      9.27448e-07
    9.63660e-02      2.18147e-03      5.00000e+00      9.27447e-07
    9.76616e-02      2.13895e-03      5.00000e+00      9.27445e-07
    9.89747e-02      2.09587e-03      5.00000e+00      9.27443e-07
    1.00305e-01      2.05220e-03      5.00000e+00      9.27441e-07
    1.01654e-01      2.00795e-03      5.00000e+00      9.27439e-07
    1.03021e-01      1.96310e-03      5.00000e+00      9.27437e-07
    1.04406e-01      1.91764e-03      5.00000e+00      9.27435e-07
    1.05810e-01      1.87158e-03      5.00000e+00      9.27433e-07
    1.07233e-01      1.82489e-03      5.00000e+00      9.27431e-07
    1.08675e-01      1.77758e-03      5.00000e+00      9.27429e-07
    1.10136e-01      1.72963e-03      5.00000e+00      9.27427e-07
    1.11617e-01      1.68103e-03      5.00000e+00      9.27425e-07
    1.13118e-01      1.63178e-03      5.00000e+00      9.27423e-07
    1.14639e-01      1.58187e-03      5.00000e+00      9.27421e-07
    1.16181e-01      1.53128e-03      5.00000e+00      9.27419e-07
    1.17743e-01      1.48002e-03      5.00000e+00      9.27417e-07
    1.19326e-01      1.42806e-03      5.00000e+00      9.27415e-07
    1.20931e-01      1.37540e-03      5.00000e+00      9.27412e-07
    1.22557e-01      1.32204e-03      5.00000e+00      9.27410e-07
    1.24205e-01      1.26796e-03      5.00000e+00      9.27408e-07
    1.25876e-01      1.21315e-03      5.00000e+00      9.27405e-07
    1.27568e-01      1.15760e-03      5.00000e+00      9.27403e-07
    1.29284e-01      1.10131e-03      5.00000e+00      9.27401e-07
    1.31023e-01      1.04789e-03      5.00000e+00      9.27398e-07
    1.32785e-01      1.01035e-03      5.00000e+00      9.27396e-07
    1.34571e-01      9.72307e-04      5.00000e+00      9.27393e-07
    1.36380e-01      9.33752e-04      5.00000e+00      9.27391e-07
    1.38215e-01      8.94678e-04      5.00000e+00      9.27389e-07
    1.40074e-01      8.55078e-04      5.00000e+00      9.27386e-07
    1.41957e-01      8.14945e-04      5.00000e+00      9.27383e-07
    1.43867e-01      7.74272e-04      5.00000e+00      9.27381e-07
    1.45802e-01      7.33051e-04      5.00000e+00      9.27378e-07
    1.47763e-01      6.91276e-04      5.00000e+00      9.27376e-07
    1.49750e-01      6.48938e-04      5.00000e+00      9.27373e-07
    1.51764e-01      6.06031e-04      5.00000e+00      9.27370e-07
    1.53805e-01      5.62546e-04      5.00000e+00      9.27367e-07
    1.55874e-01      5.18476e-04      5.00000e+00      9.27365e-07
    1.57971e-01      4.73813e-04      5.00000e+00      9.27362e-07
    1.60095e-01      4.28548e-04      5.00000e+00      9.27359e-07
    1.62249e-01      3.82675e-04      5.00000e+00      9.27356e-07
    1.64431e-01      3.36184e-04      5.00000e+00      9.27353e-07
    1.66643e-01      2.89067e-04      5.00000e+00      9.27350e-07
    1.68884e-01      2.41316e-04      5.00000e+00      9.27347e-07
    1.71156e-01      1.94947e-04      5.00000e+00      9.27344e-07
    1.73458e-01      1.94707e-04      5.00000e+00      9.27341e-07
    1.75792e-01      1.94465e-04      5.00000e+00      9.27338e-07
    1.78156e-01      1.94219e-04      5.00000e+00      9.27336e-07
    1.80553e-01      1.93969e-04      5.00000e+00      9.27333e-07
    1.82981e-01      1.93716e-04      5.00000e+00      9.27330e-07
    1.85443e-01      1.93460e-04      5.00000e+00      9.27327e-07
    1.87937e-01      1.93200e-04      5.00000e+00      9.27324e-07
    1.90465e-01      1.92937e-04      5.00000e+00      9.27321e-07
    1.93028e-01      1.92671e-04      5.00000e+00      9.27318e-07
    1.95624e-01      1.92400e-04      5.00000e+00      9.27315e-07
    1.98256e-01      1.92127e-04      5.00000e+00      9.27312e-07
    2.00923e-01      1.91849e-04      5.00000e+00      9.27309e-07
    2.03626e-01      1.91568e-04      5.00000e+00      9.27306e-07
    2.06365e-01      1.91282e-04      5.00000e+00      9.27303e-07
    2.09141e-01      1.90994e-04      5.00000e+00      9.27300e-07
    2.11954e-01      1.90703e-04      5.00000e+00      9.27296e-07
    2.14806e-01      1.90420e-04      5.00000e+00      9.27294e-07
    2.17695e-01      1.90133e-04      5.00000e+00      9.27291e-07
    2.20624e-01      1.89841e-04      5.00000e+00      9.27289e-07
    2.23592e-01      1.89546e-04      5.00000e+00      9.27286e-07
    2.26600e-01      1.89247e-04      5.00000e+00      9.27283e-07
    2.29649e-01      1.88944e-04      5.00000e+00      9.27281e-07
    2.32738e-01      1.88637e-04      5.00000e+00      9.27278e-07
    2.35869e-01      1.88326e-04      5.00000e+00      9.27275e-07
    2.39042e-01      1.88011e-04      5.00000e+00      9.27272e-07
    2.42258e-01      1.87691e-04      5.00000e+00      9.27270e-07
    2.45517e-01      1.87367e-04      5.00000e+00      9.27267e-07
    2.48821e-01      1.87039e-04      5.00000e+00      9.27264e-07
    2.52168e-01      1.86707e-04      5.00000e+00      9.27260e-07
    2.55561e-01      1.86384e-04      5.00000e+00      9.27251e-07
    2.58999e-01      1.86056e-04      5.00000e+00      9.27242e-07
    2.62483e-01      1.85724e-04      5.00000e+00      9.27233e-07
    2.66015e-01      1.85387e-04      5.00000e+00      9.27223e-07
    2.69594e-01      1.85046e-04      5.00000e+00      9.27213e-07
    2.73221e-01      1.84700e-04      5.00000e+00      9.27204e-07
    2.76897e-01      1.84350e-04      5.00000e+00      9.27194e-07
    2.80622e-01      1.83995e-04      5.00000e+00      9.27184e-07
    2.84398e-01      1.83635e-04      5.00000e+00      9.27174e-07
    2.88224e-01      1.83270e-04      5.00000e+00      9.27163e-07
    2.92102e-01      1.82900e-04      5.00000e+00      9.27153e-07
    2.96032e-01      1.82540e-04      5.00000e+00      9.27149e-07
    3.00015e-01      1.82175e-04      5.00000e+00      9.27145e-07
    3.04052e-01      1.81806e-04      5.00000e+00      9.27140e-07
    3.08142e-01      1.81431e-04      5.00000e+00      9.27136e-07
    3.12288e-01      1.81051e-04      5.00000e+00      9.27131e-07
    3.16490e-01      1.80667e-04      5.00000e+00      9.27127e-07
    3.20748e-01      1.80276e-04      5.00000e+00      9.27122e-07
    3.25064e-01      1.79881e-04      5.00000e+00      9.27118e-07
    3.29438e-01      1.79481e-04      5.00000e+00      9.27113e-07
    3.33870e-01      1.79079e-04      5.00000e+00      9.27108e-07
    3.38362e-01      1.78683e-04      5.00000e+00      9.27103e-07
    3.42915e-01      1.78281e-04      5.00000e+00      9.27098e-07
    3.47529e-01      1.77874e-04      5.00000e+00      9.27093e-07
    3.52205e-01      1.77461e-04      5.00000e+00      9.27087e-07
    3.56944e-01      1.77043e-04      5.00000e+00      9.27082e-07
    3.61747e-01      1.76619e-04      5.00000e+00      9.27076e-07
    3.66614e-01      1.76189e-04      5.00000e+00      9.27071e-07
    3.71547e-01      1.75754e-04      5.00000e+00      9.27065e-07
    3.76546e-01      1.75324e-04      5.00000e+00      9.27059e-07
    3.81613e-01      1.74893e-04      5.00000e+00      9.27053e-07
    3.86748e-01      1.74455e-04      5.00000e+00      9.27047e-07
    3.91952e-01      1.74012e-04      5.00000e+00      9.27040e-07
    3.97226e-01      1.73563e-04      5.00000e+00      9.27034e-07
    4.02571e-01      1.73108e-04      5.00000e+00      9.27027e-07
    4.07987e-01      1.72647e-04      5.00000e+00      9.27021e-07
    4.13477e-01      1.72180e-04      5.00000e+00      9.27014e-07
    4.19041e-01      1.71722e-04      5.00000e+00      9.27007e-07
    4.24679e-01      1.71258e-04      5.00000e+00      9.27001e-07
    4.30394e-01      1.70788e-04      5.00000e+00      9.26994e-07
    4.36185e-01      1.70312e-04      5.00000e+00      9.26987e-07
    4.42054e-01      1.69829e-04      5.00000e+00      9.26980e-07
    4.48003e-01      1.69339e-04      5.00000e+00      9.26973e-07
    4.54031e-01      1.68844e-04      5.00000e+00      9.26966e-07
    4.60140e-01      1.68357e-04      5.00000e+00      9.26958e-07
    4.66332e-01      1.67864e-04      5.00000e+00      9.26950e-07
    4.72607e-01      1.67364e-04      5.00000e+00      9.26942e-07
    4.78966e-01      1.66857e-04      5.00000e+00      9.26934e-07
    4.85412e-01      1.66343e-04      5.00000e+00      9.26926e-07
    4.91943e-01      1.65822e-04      5.00000e+00      9.26918e-07
    4.98563e-01      1.65306e-04      5.00000e+00      9.26910e-07
    5.05272e-01      1.64787e-04      5.00000e+00      9.26902e-07
    5.12071e-01      1.64262e-04      5.00000e+00      9.26893e-07
    5.18962e-01      1.63729e-04      5.00000e+00      9.26885e-07
    5.25945e-01      1.63190e-04      5.00000e+00      9.26876e-07
    5.33022e-01      1.62643e-04      5.00000e+00      9.26868e-07
    5.40195e-01      1.62103e-04      5.00000e+00      9.26859e-07
    5.47464e-01      1.61559e-04      5.00000e+00      9.26850e-07
    5.54831e-01      1.61007e-04      5.00000e+00      9.26840e-07
    5.62297e-01      1.60448e-04      5.00000e+00      9.26831e-07
    5.69864e-01      1.59882e-04      5.00000e+00      9.26822e-07
    5.77532e-01      1.59314e-04      5.00000e+00      9.26812e-07
    5.85304e-01      1.58749e-04      5.00000e+00      9.26802e-07
    5.93180e-01      1.58177e-04      5.00000e+00      9.26793e-07
    6.01162e-01      1.57596e-04      5.00000e+00      9.26783e-07
    6.09252e-01      1.57008e-04      5.00000e+00      9.26773e-07
    6.17451e-01      1.56417e-04      5.00000e+00      9.26763e-07
    6.25759e-01      1.55830e-04      5.00000e+00      9.26754e-07
    6.34180e-01      1.55236e-04      5.00000e+00      9.26744e-07
    6.42714e-01      1.54633e-04      5.00000e+00      9.26734e-07
    6.51363e-01      1.54022e-04      5.00000e+00      9.26724e-07
    6.60129e-01      1.53412e-04      5.00000e+00      9.26715e-07
    6.69012e-01      1.52802e-04      5.00000e+00      9.26705e-07
    6.78015e-01      1.52183e-04      5.00000e+00      9.26695e-07
    6.87139e-01      1.51556e-04      5.00000e+00      9.26686e-07
    6.96386e-01      1.50922e-04      5.00000e+00      9.26676e-07
    7.05757e-01      1.50295e-04      5.00000e+00      9.26666e-07
    7.15254e-01      1.49661e-04      5.00000e+00      9.26656e-07
    7.24880e-01      1.49017e-04      5.00000e+00      9.26646e-07
    7.34634e-01      1.48365e-04      5.00000e+00      9.26636e-07
    7.44521e-01      1.47719e-04      5.00000e+00      9.26625e-07
    7.54540e-01      1.47068e-04      5.00000e+00      9.26615e-07
    7.64694e-01      1.46407e-04      5.00000e+00      9.26604e-07
    7.74984e-01      1.45737e-04      5.00000e+00      9.26593e-07
    7.85414e-01      1.45074e-04      5.00000e+00      9.26582e-07
    7.95983e-01      1.44404e-04      5.00000e+00      9.26570e-07
    8.06695e-01      1.43725e-04      5.00000e+00      9.26558e-07
    8.17551e-01      1.43038e-04      5.00000e+00      9.26547e-07
    8.28553e-01      1.42359e-04      5.00000e+00      9.26534e-07
    8.39703e-01      1.41670e-04      5.00000e+00      9.26521e-07
    8.51003e-01      1.40972e-04      5.00000e+00      9.26508e-07
    8.62456e-01      1.40273e-04      5.00000e+00      9.26495e-07
    8.74062e-01      1.39574e-04      5.00000e+00      9.26481e-07
    8.85825e-01      1.38866e-04      5.00000e+00      9.26467e-07
    8.97746e-01      1.38149e-04      5.00000e+00      9.26453e-07
    9.09827e-01      1.37439e-04      5.00000e+00      9.26438e-07
    9.22071e-01      1.36720e-04      5.00000e+00      9.26423e-07
    9.34480e-01      1.35991e-04      5.00000e+00      9.26408e-07
    9.47056e-01      1.35265e-04      5.00000e+00      9.26392e-07
    9.59801e-01      1.34534e-04      5.00000e+00      9.26375e-07
    9.72717e-01      1.33793e-04      5.00000e+00      9.26359e-07
    9.85808e-01      1.33053e-04      5.00000e+00      9.26342e-07
    9.99074e-01      1.32311e-04      5.00000e+00      9.26325e-07
    1.01252e+00      1.31559e-04      5.00000e+00      9.26308e-07
    1.02615e+00      1.30806e-04      5.00000e+00      9.26291e-07
    1.03996e+00      1.30052e-04      5.00000e+00      9.26273e-07
    1.05395e+00      1.29287e-04      5.00000e+00      9.26255e-07
    1.06813e+00      1.28524e-04      5.00000e+00      9.26237e-07
    1.08251e+00      1.27757e-04      5.00000e+00      9.26219e-07
    1.09708e+00      1.26980e-04      5.00000e+00      9.26201e-07
    1.11184e+00      1.26207e-04      5.00000e+00      9.26182e-07
    1.12680e+00      1.25426e-04      5.00000e+00      9.26163e-07
    1.14197e+00      1.24638e-04      5.00000e+00      9.26143e-07
    1.15734e+00      1.23854e-04      5.00000e+00      9.26124e-07
    1.17291e+00      1.23060e-04      5.00000e+00      9.26103e-07
    1.18870e+00      1.22265e-04      5.00000e+00      9.26083e-07
    1.20469e+00      1.21468e-04      5.00000e+00      9.26062e-07
    1.22091e+00      1.20660e-04      5.00000e+00      9.26041e-07
    1.23734e+00      1.19860e-04      5.00000e+00      9.26019e-07
    1.25399e+00      1.19049e-04      5.00000e+00      9.25997e-07
    1.27087e+00      1.18238e-04      5.00000e+00      9.25976e-07
    1.28797e+00      1.17423e-04      5.00000e+00      9.25954e-07
    1.30530e+00      1.16601e-04      5.00000e+00      9.25933e-07
    1.32287e+00      1.15782e-04      5.00000e+00      9.25912e-07
    1.34067e+00      1.14951e-04      5.00000e+00      9.25891e-07
    1.35872e+00      1.14128e-04      5.00000e+00      9.25869e-07
    1.37700e+00      1.13293e-04      5.00000e+00      9.25847e-07
    1.39553e+00      1.12461e-04      5.00000e+00      9.25824e-07
    1.41431e+00      1.11621e-04      5.00000e+00      9.25801e-07
    1.43335e+00      1.10781e-04      5.00000e+00      9.25777e-07
    1.45264e+00      1.09937e-04      5.00000e+00      9.25753e-07
    1.47219e+00      1.09090e-04      5.00000e+00      9.25729e-07
    1.49200e+00      1.08242e-04      5.00000e+00      9.25704e-07
    1.51208e+00      1.07391e-04      5.00000e+00      9.25679e-07
    1.53243e+00      1.06538e-04      5.00000e+00      9.25653e-07
    1.55305e+00      1.05682e-04      5.00000e+00      9.25628e-07
    1.57395e+00      1.04824e-04      5.00000e+00      9.25601e-07
    1.59514e+00      1.03964e-04      5.00000e+00      9.25574e-07
    1.61660e+00      1.03101e-04      5.00000e+00      9.25547e-07
    1.63836e+00      1.02238e-04      5.00000e+00      9.25519e-07
    1.66041e+00      1.01369e-04      5.00000e+00      9.25491e-07
    1.68276e+00      1.00503e-04      5.00000e+00      9.25462e-07
    1.70540e+00      9.96285e-05      5.00000e+00      9.25433e-07
    1.72835e+00      9.87598e-05      5.00000e+00      9.25403e-07
    1.75162e+00      9.78844e-05      5.00000e+00      9.25372e-07
    1.77519e+00      9.70096e-05      5.00000e+00      9.25341e-07
    1.79908e+00      9.61334e-05      5.00000e+00      9.25309e-07
    1.82329e+00      9.52529e-05      5.00000e+00      9.25276e-07
    1.84783e+00      9.43761e-05      5.00000e+00      9.25244e-07
    1.87270e+00      9.34938e-05      5.00000e+00      9.25212e-07
    1.89790e+00      9.26124e-05      5.00000e+00      9.25179e-07
    1.92344e+00      9.17308e-05      5.00000e+00      9.25146e-07
    1.94933e+00      9.08451e-05      5.00000e+00      9.25113e-07
    1.97557e+00      8.99637e-05      5.00000e+00      9.25079e-07
    2.00215e+00      8.90800e-05      5.00000e+00      9.25044e-07
    2.02910e+00      8.81927e-05      5.00000e+00      9.25009e-07
    2.05641e+00      8.73092e-05      5.00000e+00      9.24973e-07
    2.08408e+00      8.64238e-05      5.00000e+00      9.24936e-07
    2.11213e+00      8.55357e-05      5.00000e+00      9.24899e-07
    2.14056e+00      8.46497e-05      5.00000e+00      9.24862e-07
    2.16937e+00      8.37648e-05      5.00000e+00      9.24825e-07
    2.19856e+00      8.28790e-05      5.00000e+00      9.24788e-07
    2.22815e+00      8.19932e-05      5.00000e+00      9.24750e-07
    2.25814e+00      8.11110e-05      5.00000e+00      9.24710e-07
    2.28853e+00      8.02274e-05      5.00000e+00      9.24671e-07
    2.31933e+00      7.93431e-05      5.00000e+00      9.24630e-07
    2.35054e+00      7.84587e-05      5.00000e+00      9.24589e-07
    2.38218e+00      7.75792e-05      5.00000e+00      9.24547e-07
    2.41424e+00      7.66996e-05      5.00000e+00      9.24504e-07
    2.44673e+00      7.58200e-05      5.00000e+00      9.24461e-07
    2.47966e+00      7.49408e-05      5.00000e+00      9.24417e-07
    2.51303e+00      7.40631e-05      5.00000e+00      9.24372e-07
    2.54685e+00      7.31898e-05      5.00000e+00      9.24326e-07
    2.58113e+00      7.23185e-05      5.00000e+00      9.24280e-07
    2.61587e+00      7.14488e-05      5.00000e+00      9.24233e-07
    2.65107e+00      7.05809e-05      5.00000e+00      9.24185e-07
    2.68675e+00      6.97149e-05      5.00000e+00      9.24152e-07
    2.72291e+00      6.88510e-05      5.00000e+00      9.24131e-07
    2.75956e+00      6.79892e-05      5.00000e+00      9.24080e-07
    2.79670e+00      6.71295e-05      5.00000e+00      9.24028e-07
    2.83434e+00      6.62726e-05      5.00000e+00      9.23974e-07
    2.87248e+00      6.54207e-05      5.00000e+00      9.23921e-07
    2.91114e+00      6.45711e-05      5.00000e+00      9.23866e-07
    2.95032e+00      6.37250e-05      5.00000e+00      9.23812e-07
    2.99003e+00      6.28825e-05      5.00000e+00      9.23755e-07
    3.03027e+00      6.20434e-05      5.00000e+00      9.23698e-07
    3.07105e+00      6.12079e-05      5.00000e+00      9.23641e-07
    3.11239e+00      6.03758e-05      5.00000e+00      9.23582e-07
    3.15428e+00      5.95483e-05      5.00000e+00      9.23522e-07
    3.19673e+00      5.87256e-05      5.00000e+00      9.23462e-07
    3.23975e+00      5.79071e-05      5.00000e+00      9.23401e-07
    3.28335e+00      5.70930e-05      5.00000e+00      9.23340e-07
    3.32754e+00      5.62838e-05      5.00000e+00      9.23278e-07
    3.37233e+00      5.54787e-05      5.00000e+00      9.23216e-07
    3.41771e+00      5.46785e-05      5.00000e+00      9.23152e-07
    3.46371e+00      5.38844e-05      5.00000e+00      9.23087e-07
    3.51033e+00      5.30954e-05      5.00000e+00      9.23021e-07
    3.55757e+00      5.23112e-05      5.00000e+00      9.22955e-07
    3.60545e+00      5.15328e-05      5.00000e+00      9.22888e-07
    3.65398e+00      5.07612e-05      5.00000e+00      9.22820e-07
    3.70315e+00      4.99953e-05      5.00000e+00      9.22750e-07
    3.75299e+00      4.92345e-05      5.00000e+00      9.22678e-07
    3.80350e+00      4.84788e-05      5.00000e+00      9.22605e-07
    3.85469e+00      4.77322e-05      5.00000e+00      9.22532e-07
    3.90657e+00      4.69916e-05      5.00000e+00      9.22456e-07
    3.95915e+00      4.62571e-05      5.00000e+00      9.22380e-07
    4.01243e+00      4.55303e-05      5.00000e+00      9.22302e-07
    4.06644e+00      4.48103e-05      5.00000e+00      9.22223e-07
    4.12116e+00      4.40961e-05      5.00000e+00      9.22143e-07
    4.17663e+00      4.33901e-05      5.00000e+00      9.22062e-07
    4.23284e+00      4.26911e-05      5.00000e+00      9.21979e-07
    4.28981e+00      4.19996e-05      5.00000e+00      9.21897e-07
    4.34755e+00      4.13176e-05      5.00000e+00      9.21817e-07
    4.40606e+00      4.06418e-05      5.00000e+00      9.21731e-07
    4.46536e+00      3.99756e-05      5.00000e+00      9.21645e-07
    4.52546e+00      3.93154e-05      5.00000e+00      9.21553e-07
    4.58636e+00      3.86643e-05      5.00000e+00      9.21464e-07
    4.64809e+00      3.80216e-05      5.00000e+00      9.21374e-07
    4.71065e+00      3.73889e-05      5.00000e+00      9.21284e-07
    4.77404e+00      3.67628e-05      5.00000e+00      9.21192e-07
    4.83830e+00      3.61466e-05      5.00000e+00      9.21098e-07
    4.90341e+00      3.55381e-05      5.00000e+00      9.21003e-07
    4.96941e+00      3.49389e-05      5.00000e+00      9.20905e-07
    5.03629e+00      3.43505e-05      5.00000e+00      9.20806e-07
    5.10407e+00      3.37703e-05      5.00000e+00      9.20705e-07
    5.17277e+00      3.31985e-05      5.00000e+00      9.20603e-07
    5.24239e+00      3.26372e-05      5.00000e+00      9.20498e-07
    5.31294e+00      3.20853e-05      5.00000e+00      9.20392e-07
    5.38445e+00      3.15419e-05      5.00000e+00      9.20283e-07
    5.45691e+00      3.10081e-05      5.00000e+00      9.20173e-07
    5.53036e+00      3.04856e-05      5.00000e+00      9.20062e-07
    5.60479e+00      2.99725e-05      5.00000e+00      9.19950e-07
    5.68022e+00      2.94693e-05      5.00000e+00      9.19836e-07
    5.75667e+00      2.89756e-05      5.00000e+00      9.19721e-07
    5.83415e+00      2.84918e-05      5.00000e+00      9.19604e-07
    5.91267e+00      2.80178e-05      5.00000e+00      9.19486e-07
    5.99225e+00      2.75545e-05      5.00000e+00      9.19366e-07
    6.07289e+00      2.71015e-05      5.00000e+00      9.19244e-07
    6.15463e+00      2.66590e-05      5.00000e+00      9.19120e-07
    6.23746e+00      2.62262e-05      5.00000e+00      9.18994e-07
    6.32141e+00      2.58029e-05      5.00000e+00      9.18868e-07
    6.40649e+00      2.53907e-05      5.00000e+00      9.18739e-07
    6.49271e+00      2.49889e-05      5.00000e+00      9.18609e-07
    6.58010e+00      2.45974e-05      5.00000e+00      9.18476e-07
    6.66866e+00      2.42153e-05      5.00000e+00      9.18340e-07
    6.75841e+00      2.38436e-05      5.00000e+00      9.18200e-07
    6.84937e+00      2.34836e-05      5.00000e+00      9.18059e-07
    6.94155e+00      2.31328e-05      5.00000e+00      9.17915e-07
    7.03498e+00      2.27918e-05      5.00000e+00      9.17769e-07
    7.12966e+00      2.24615e-05      5.00000e+00      9.17620e-07
    7.22562e+00      2.21412e-05      5.00000e+00      9.17470e-07
    7.32287e+00      2.18306e-05      5.00000e+00      9.17317e-07
    7.42142e+00      2.15306e-05      5.00000e+00      9.17162e-07
    7.52131e+00      2.12401e-05      5.00000e+00      9.17003e-07
    7.62253e+00      2.09599e-05      5.00000e+00      9.16843e-07
    7.72512e+00      2.06892e-05      5.00000e+00      9.16681e-07
    7.82910e+00      2.04280e-05      5.00000e+00      9.16517e-07
    7.93447e+00      2.01764e-05      5.00000e+00      9.16351e-07
    8.04125e+00      1.99343e-05      5.00000e+00      9.16184e-07
    8.14948e+00      1.97022e-05      5.00000e+00      9.16014e-07
    8.25916e+00      1.94789e-05      5.00000e+00      9.15841e-07
    8.37032e+00      1.92643e-05      5.00000e+00      9.15666e-07
    8.48298e+00      1.90588e-05      5.00000e+00      9.15486e-07
    8.59715e+00      1.88627e-05      5.00000e+00      9.15303e-07
    8.71285e+00      1.86752e-05      5.00000e+00      9.15116e-07
    8.83012e+00      1.84950e-05      5.00000e+00      9.14925e-07
    8.94896e+00      1.83247e-05      5.00000e+00      9.14732e-07
    9.06941e+00      1.81619e-05      5.00000e+00      9.14536e-07
    9.19147e+00      1.80068e-05      5.00000e+00      9.14338e-07
    9.31518e+00      1.78600e-05      5.00000e+00      9.14136e-07
    9.44055e+00      1.77205e-05      5.00000e+00      9.13931e-07
    9.56761e+00      1.75885e-05      5.00000e+00      9.13724e-07
    9.69637e+00      1.74637e-05      5.00000e+00      9.13513e-07
    9.82688e+00      1.73460e-05      5.00000e+00      9.13299e-07
    9.95914e+00      1.72351e-05      5.00000e+00      9.13083e-07
    1.00932e+01      1.71305e-05      5.00000e+00      9.12864e-07
    1.02290e+01      1.70325e-05      5.00000e+00      9.12640e-07
    1.03667e+01      1.69403e-05      5.00000e+00      9.12412e-07
    1.05062e+01      1.68542e-05      5.00000e+00      9.12180e-07
    1.06476e+01      1.67737e-05      5.00000e+00      9.11945e-07
    1.07909e+01      1.66983e-05      5.00000e+00      9.11705e-07
    1.09362e+01      1.66283e-05      5.00000e+00      9.11462e-07
    1.10833e+01      1.65632e-05      5.00000e+00      9.11215e-07
    1.12325e+01      1.65024e-05      5.00000e+00      9.10966e-07
    1.13837e+01      1.64464e-05      5.00000e+00      9.10714e-07
    1.15369e+01      1.63943e-05      5.00000e+00      9.10458e-07
    1.16922e+01      1.63462e-05      5.00000e+00      9.10197e-07
    1.18495e+01      1.63017e-05      5.00000e+00      9.09933e-07
    1.20090e+01      1.62605e-05      5.00000e+00      9.09664e-07
    1.21706e+01      1.62226e-05      5.00000e+00      9.09392e-07
    1.23344e+01      1.61876e-05      5.00000e+00      9.09116e-07
    1.25005e+01      1.61552e-05      5.00000e+00      9.08836e-07
    1.26687e+01      1.61252e-05      5.00000e+00      9.08552e-07
    1.28392e+01      1.60975e-05      5.00000e+00      9.08263e-07
    1.30120e+01      1.60719e-05      5.00000e+00      9.07970e-07
    1.31871e+01      1.60478e-05      5.00000e+00      9.07673e-07
    1.33646e+01      1.60256e-05      5.00000e+00      9.07371e-07
    1.35445e+01      1.60046e-05      5.00000e+00      9.07064e-07
    1.37268e+01      1.59849e-05      5.00000e+00      9.06752e-07
    1.39115e+01      1.59662e-05      5.00000e+00      9.06435e-07
    1.40988e+01      1.59482e-05      5.00000e+00      9.06106e-07
    1.42885e+01      1.59310e-05      5.00000e+00      9.05777e-07
    1.44808e+01      1.59144e-05      5.00000e+00      9.05442e-07
    1.46757e+01      1.58985e-05      5.00000e+00      9.05109e-07
    1.48732e+01      1.58827e-05      5.00000e+00      9.04765e-07
    1.50734e+01      1.58672e-05      5.00000e+00      9.04416e-07
    1.52763e+01      1.58519e-05      5.00000e+00      9.04060e-07
    1.54819e+01      1.58366e-05      5.00000e+00      9.03698e-07
    1.56903e+01      1.58214e-05      5.00000e+00      9.03330e-07
    1.59014e+01      1.58063e-05      5.00000e+00      9.02958e-07
    1.61155e+01      1.57911e-05      5.00000e+00      9.02581e-07
    1.63323e+01      1.57758e-05      5.00000e+00      9.02198e-07
    1.65522e+01      1.57605e-05      5.00000e+00      9.01809e-07
    1.67749e+01      1.57450e-05      5.00000e+00      9.01413e-07
    1.70007e+01      1.57293e-05      5.00000e+00      9.01010e-07
    1.72295e+01      1.57135e-05      5.00000e+00      9.00598e-07
    1.74614e+01      1.56976e-05      5.00000e+00      9.00183e-07
    1.76964e+01      1.56815e-05      5.00000e+00      8.99762e-07
    1.79346e+01      1.56653e-05      5.00000e+00      8.99336e-07
    1.81760e+01      1.56489e-05      5.00000e+00      8.98902e-07
    1.84206e+01      1.56324e-05      5.00000e+00      8.98462e-07
    1.86685e+01      1.56156e-05      5.00000e+00      8.98016e-07
    1.89198e+01      1.55987e-05      5.00000e+00      8.97563e-07
    1.91744e+01      1.55816e-05      5.00000e+00      8.97103e-07
    1.94325e+01      1.55643e-05      5.00000e+00      8.96634e-07
    1.96940e+01      1.55468e-05      5.00000e+00      8.96159e-07
    1.99591e+01      1.55292e-05      5.00000e+00      8.95676e-07
    2.02277e+01      1.55113e-05      5.00000e+00      8.95187e-07
    2.05000e+01      1.54933e-05      5.00000e+00      8.94691e-07
    2.07759e+01      1.54750e-05      5.00000e+00      8.94187e-07
    2.10555e+01      1.54566e-05      5.00000e+00      8.93675e-07
    2.13389e+01      1.54379e-05      5.00000e+00      8.93155e-07
    2.16261e+01      1.54191e-05      5.00000e+00      8.92627e-07
    2.19171e+01      1.54000e-05      5.00000e+00      8.92091e-07
    2.22121e+01      1.53807e-05      5.00000e+00      8.91547e-07
    2.25111e+01      1.53612e-05      5.00000e+00      8.90996e-07
    2.28140e+01      1.53415e-05      5.00000e+00      8.90433e-07
    2.31211e+01      1.53215e-05      5.00000e+00      8.89861e-07
    2.34323e+01      1.53013e-05      5.00000e+00      8.89282e-07
    2.37477e+01      1.52809e-05      5.00000e+00      8.88693e-07
    2.40673e+01      1.52603e-05      5.00000e+00      8.88093e-07
    2.43912e+01      1.52394e-05      5.00000e+00      8.87485e-07
    2.47195e+01      1.52183e-05      5.00000e+00      8.86869e-07
    2.50522e+01      1.51970e-05      5.00000e+00      8.86245e-07
    2.53894e+01      1.51754e-05      5.00000e+00      8.85613e-07
    2.57311e+01      1.51536e-05      5.00000e+00      8.84968e-07
    2.60774e+01      1.51316e-05      5.00000e+00      8.84313e-07
    2.64284e+01      1.51093e-05      5.00000e+00      8.83648e-07
    2.67840e+01      1.50867e-05      5.00000e+00      8.82974e-07
    2.71445e+01      1.50640e-05      5.00000e+00      8.82291e-07
    2.75099e+01      1.50409e-05      5.00000e+00      8.81596e-07
    2.78801e+01      1.50175e-05      5.00000e+00      8.80888e-07
    2.82554e+01      1.49939e-05      5.00000e+00      8.80167e-07
    2.86356e+01      1.49700e-05      5.00000e+00      8.79437e-07
    2.90211e+01      1.49458e-05      5.00000e+00      8.78694e-07
    2.94116e+01      1.49214e-05      5.00000e+00      8.77942e-07
    2.98075e+01      1.48968e-05      5.00000e+00      8.77179e-07
    3.02087e+01      1.48718e-05      5.00000e+00      8.76403e-07
    3.06153e+01      1.48466e-05      5.00000e+00      8.75616e-07
    3.10273e+01      1.48211e-05      5.00000e+00      8.74819e-07
    3.14449e+01      1.47954e-05      5.00000e+00      8.74012e-07
    3.18681e+01      1.47695e-05      5.00000e+00      8.73195e-07
    3.22970e+01      1.47432e-05      5.00000e+00      8.72366e-07
    3.27317e+01      1.47167e-05      5.00000e+00      8.71524e-07
    3.31722e+01      1.46899e-05      5.00000e+00      8.70670e-07
    3.36187e+01      1.46628e-05      5.00000e+00      8.69802e-07
    3.40712e+01      1.46354e-05      5.00000e+00      8.68918e-07
    3.45297e+01      1.46076e-05      5.00000e+00      8.68017e-07
    3.49945e+01      1.45795e-05      5.00000e+00      8.67103e-07
    3.54655e+01      1.45510e-05      5.00000e+00      8.66172e-07
    3.59428e+01      1.45223e-05      5.00000e+00      8.65229e-07
    3.64265e+01      1.44932e-05      5.00000e+00      8.64273e-07
    3.69168e+01      1.44639e-05      5.00000e+00      8.63301e-07
    3.74137e+01      1.44343e-05      5.00000e+00      8.62315e-07
    3.79172e+01      1.44043e-05      5.00000e+00      8.61315e-07
    3.84275e+01      1.43741e-05      5.00000e+00      8.60301e-07
    3.89447e+01      1.43435e-05      5.00000e+00      8.59274e-07
    3.94689e+01      1.43127e-05      5.00000e+00      8.58234e-07
    4.00001e+01      1.42816e-05      5.00000e+00      8.57179e-07
