    Er (keV)         SM dN/dE         BG dN/dE        BSM dN/dE (events/kg/day/keV)
    5.01000e-02      2.20460e+01      5.00000e+00      2.14200e-05
    5.07729e-02      2.19467e+01      5.00000e+00      2.14200e-05
    5.14550e-02      2.18460e+01      5.00000e+00      2.14200e-05
    5.21461e-02      2.17440e+01      5.00000e+00      2.14200e-05
    5.28466e-02      2.16407e+01      5.00000e+00      2.14199e-05
    5.35565e-02      2.15359e+01      5.00000e+00      2.14199e-05
    5.42760e-02      2.14297e+01      5.00000e+00      2.14199e-05
    5.50052e-02      2.13221e+01      5.00000e+00      2.14199e-05
    5.57441e-02      2.12131e+01      5.00000e+00      2.14199e-05
    5.64931e-02      2.11026e+01      5.00000e+00      2.14199e-05
    5.72520e-02      2.09906e+01      5.00000e+00      2.14198e-05
    5.80213e-02      2.08771e+01      5.00000e+00      2.14198e-05
    5.88008e-02      2.07620e+01      5.00000e+00      2.14198e-05
    5.95909e-02      2.06454e+01      5.00000e+00      2.14198e-05
    6.03916e-02      2.05273e+01      5.00000e+00      2.14197e-05
    6.12030e-02      2.04075e+01      5.00000e+00      2.14197e-05
    6.20254e-02      2.02862e+01      5.00000e+00      2.14197e-05
    6.28589e-02      2.01632e+01      5.00000e+00      2.14197e-05
    6.37035e-02      2.00385e+01      5.00000e+00      2.14197e-05
    6.45596e-02      1.99122e+01      5.00000e+00      2.14196e-05
    6.54271e-02      1.97842e+01      5.00000e+00      2.14196e-05
    6.63064e-02      1.96544e+01      5.00000e+00      2.14196e-05
    6.71974e-02      1.95230e+01      5.00000e+00      2.14196e-05
    6.81005e-02      1.93897e+01      5.00000e+00      2.14195e-05
    6.90157e-02      1.92546e+01      5.00000e+00      2.14195e-05
    6.99433e-02      1.91178e+01      5.00000e+00      2.14195e-05
    7.08833e-02      1.89790e+01      5.00000e+00      2.14195e-05
    7.18360e-02      1.88385e+01      5.00000e+00      2.14194e-05
    7.28014e-02      1.86960e+01      5.00000e+00      2.14194e-05
    7.37799e-02      1.85516e+01      5.00000e+00      2.14194e-05
    7.47716e-02      1.84053e+01      5.00000e+00      2.14193e-05
    7.57766e-02      1.82569e+01      5.00000e+00      2.14193e-05
    7.67951e-02      1.81066e+01      5.00000e+00      2.14193e-05
    7.78274e-02      1.79543e+01      5.00000e+00      2.14193e-05
    7.88735e-02      1.77999e+01      5.00000e+00      2.14192e-05
    7.99337e-02      1.76435e+01      5.00000e+00      2.14192e-05
    8.10082e-02      1.74849e+01      5.00000e+00      2.14192e-05
    8.20971e-02      1.73242e+01      5.00000e+00      2.14191e-05
    8.32007e-02      1.71614e+01      5.00000e+00      2.14191e-05
    8.43192e-02      1.69963e+01      5.00000e+00      2.14191e-05
    8.54527e-02      1.68291e+01      5.00000e+00      2.14191e-05
    8.66014e-02      1.66595e+01      5.00000e+00      2.14190e-05
    8.77657e-02      1.64877e+01      5.00000e+00      2.14190e-05
    8.89456e-02      1.63136e+01      5.00000e+00      2.14190e-05
    9.01413e-02      1.61372e+01      5.00000e+00      2.14189e-05
    9.13532e-02      1.60255e+01      5.00000e+00      2.14189e-05
    9.25814e-02      1.59267e+01      5.00000e+00      2.14189e-05
    9.38261e-02      1.58266e+01      5.00000e+00      2.14188e-05
    9.50875e-02      1.57252e+01      5.00000e+00      2.14188e-05
    9.63660e-02      1.56224e+01      5.00000e+00      2.14188e-05
    9.76616e-02      1.55182e+01      5.00000e+00      2.14187e-05
    9.89747e-02      1.54126e+01      5.00000e+00      2.14187e-05
    1.00305e-01      1.53056e+01      5.00000e+00      2.14187e-05
    1.01654e-01      1.51972e+01      5.00000e+00      2.14186e-05
    1.03021e-01      1.50873e+01      5.00000e+00      2.14186e-05
    1.04406e-01      1.49759e+01      5.00000e+00      2.14185e-05
    1.05810e-01      1.48630e+01      5.00000e+00      2.14185e-05
    1.07233e-01      1.47486e+01      5.00000e+00      2.14185e-05
    1.08675e-01      1.46327e+01      5.00000e+00      2.14184e-05
    1.10136e-01      1.45152e+01      5.00000e+00      2.14184e-05
    1.11617e-01      1.43961e+01      5.00000e+00      2.14184e-05
    1.13118e-01      1.42754e+01      5.00000e+00      2.14183e-05
    1.14639e-01      1.41531e+01      5.00000e+00      2.14183e-05
    1.16181e-01      1.40291e+01      5.00000e+00      2.14182e-05
    1.17743e-01      1.39035e+01      5.00000e+00      2.14182e-05
    1.19326e-01      1.37762e+01      5.00000e+00      2.14182e-05
    1.20931e-01      1.36471e+01      5.00000e+00      2.14181e-05
    1.22557e-01      1.35164e+01      5.00000e+00      2.14181e-05
    1.24205e-01      1.33839e+01      5.00000e+00      2.14180e-05
    1.25876e-01      1.32495e+01      5.00000e+00      2.14180e-05
    1.27568e-01      1.31134e+01      5.00000e+00      2.14179e-05
    1.29284e-01      1.29755e+01      5.00000e+00      2.14179e-05
    1.31023e-01      1.28436e+01      5.00000e+00      2.14178e-05
    1.32785e-01      1.27459e+01      5.00000e+00      2.14178e-05
    1.34571e-01      1.26469e+01      5.00000e+00      2.14177e-05
    1.36380e-01      1.25466e+01      5.00000e+00      2.14177e-05
    1.38215e-01      1.24450e+01      5.00000e+00      2.14176e-05
    1.40074e-01      1.23420e+01      5.00000e+00      2.14176e-05
    1.41957e-01      1.22376e+01      5.00000e+00      2.14175e-05
    1.43867e-01      1.21318e+01      5.00000e+00      2.14175e-05
    1.45802e-01      1.20246e+01      5.00000e+00      2.14174e-05
    1.47763e-01      1.19159e+01      5.00000e+00      2.14174e-05
    1.49750e-01      1.18057e+01      5.00000e+00      2.14173e-05
    1.51764e-01      1.16941e+01      5.00000e+00      2.14172e-05
    1.53805e-01      1.15810e+01      5.00000e+00      2.14172e-05
    1.55874e-01      1.14664e+01      5.00000e+00      2.14171e-05
    1.57971e-01      1.13502e+01      5.00000e+00      2.14171e-05
    1.60095e-01      1.12324e+01      5.00000e+00      2.14170e-05
    1.62249e-01      1.11131e+01      5.00000e+00      2.14169e-05
    1.64431e-01      1.09922e+01      5.00000e+00      2.14169e-05
    1.66643e-01      1.08696e+01      5.00000e+00      2.14168e-05
    1.68884e-01      1.07454e+01      5.00000e+00      2.14167e-05
    1.71156e-01      1.06208e+01      5.00000e+00      2.14167e-05
    1.73458e-01      1.05244e+01      5.00000e+00      2.14166e-05
    1.75792e-01      1.04268e+01      5.00000e+00      2.14166e-05
    1.78156e-01      1.03279e+01      5.00000e+00      2.14165e-05
    1.80553e-01      1.02276e+01      5.00000e+00      2.14164e-05
    1.82981e-01      1.01259e+01      5.00000e+00      2.14164e-05
    1.85443e-01      1.00229e+01      5.00000e+00      2.14163e-05
    1.87937e-01      9.91856e+00      5.00000e+00      2.14163e-05
    1.90465e-01      9.81277e+00      5.00000e+00      2.14162e-05
    1.93028e-01      9.70555e+00      5.00000e+00      2.14161e-05
    1.95624e-01      9.59689e+00      5.00000e+00      2.14161e-05
    1.98256e-01      9.48677e+00      5.00000e+00      2.14160e-05
    2.00923e-01      9.37517e+00      5.00000e+00      2.14160e-05
    2.03626e-01      9.26207e+00      5.00000e+00      2.14159e-05
    2.06365e-01      9.14744e+00      5.00000e+00      2.14158e-05
    2.09141e-01      9.03127e+00      5.00000e+00      2.14158e-05
    2.11954e-01      8.91842e+00      5.00000e+00      2.14157e-05
    2.14806e-01      8.82491e+00      5.00000e+00      2.14156e-05
    2.17695e-01      8.73013e+00      5.00000e+00      2.14155e-05
    2.20624e-01      8.63408e+00      5.00000e+00      2.14154e-05
    2.23592e-01      8.53673e+00      5.00000e+00      2.14153e-05
    2.26600e-01      8.43807e+00      5.00000e+00      2.14153e-05
    2.29649e-01      8.33809e+00      5.00000e+00      2.14152e-05
    2.32738e-01      8.23676e+00      5.00000e+00      2.14151e-05
    2.35869e-01      8.13407e+00      5.00000e+00      2.14150e-05
    2.39042e-01      8.02999e+00      5.00000e+00      2.14149e-05
    2.42258e-01      7.92452e+00      5.00000e+00      2.14148e-05
    2.45517e-01      7.81762e+00      5.00000e+00      2.14147e-05
    2.48821e-01      7.70928e+00      5.00000e+00      2.14146e-05
    2.52168e-01      7.60211e+00      5.00000e+00      2.14145e-05
    2.55561e-01      7.51300e+00      5.00000e+00      2.14144e-05
    2.58999e-01      7.42270e+00      5.00000e+00      2.14143e-05
    2.62483e-01      7.33118e+00      5.00000e+00      2.14142e-05
    2.66015e-01      7.23843e+00      5.00000e+00      2.14141e-05
    2.69594e-01      7.14443e+00      5.00000e+00      2.14140e-05
    2.73221e-01      7.04916e+00      5.00000e+00      2.14139e-05
    2.76897e-01      6.95261e+00      5.00000e+00      2.14138e-05
    2.80622e-01      6.85477e+00      5.00000e+00      2.14137e-05
    2.84398e-01      6.75560e+00      5.00000e+00      2.14136e-05
    2.88224e-01      6.65511e+00      5.00000e+00      2.14135e-05
    2.92102e-01      6.55325e+00      5.00000e+00      2.14134e-05
    2.96032e-01      6.46928e+00      5.00000e+00      2.14133e-05
    3.00015e-01      6.38426e+00      5.00000e+00      2.14132e-05
    3.04052e-01      6.29810e+00      5.00000e+00      2.14131e-05
    3.08142e-01      6.21079e+00      5.00000e+00      2.14130e-05
    3.12288e-01      6.12230e+00      5.00000e+00      2.14129e-05
    3.16490e-01      6.03261e+00      5.00000e+00      2.14128e-05
    3.20748e-01      5.94172e+00      5.00000e+00      2.14127e-05
    3.25064e-01      5.84961e+00      5.00000e+00      2.14126e-05
    3.29438e-01      5.75626e+00      5.00000e+00      2.14125e-05
    3.33870e-01      5.66684e+00      5.00000e+00      2.14124e-05
    3.38362e-01      5.58768e+00      5.00000e+00      2.14123e-05
    3.42915e-01      5.50745e+00      5.00000e+00      2.14122e-05
    3.47529e-01      5.42614e+00      5.00000e+00      2.14121e-05
    3.52205e-01      5.34374e+00      5.00000e+00      2.14120e-05
    3.56944e-01      5.26023e+00      5.00000e+00      2.14119e-05
    3.61747e-01      5.17560e+00      5.00000e+00      2.14118e-05
    3.66614e-01      5.08983e+00      5.00000e+00      2.14116e-05
    3.71547e-01      5.00290e+00      5.00000e+00      2.14115e-05
    3.76546e-01      4.92541e+00      5.00000e+00      2.14114e-05
    3.81613e-01      4.85058e+00      5.00000e+00      2.14112e-05
    3.86748e-01      4.77475e+00      5.00000e+00      2.14111e-05
    3.91952e-01      4.69790e+00      5.00000e+00      2.14109e-05
    3.97226e-01      4.62001e+00      5.00000e+00      2.14107e-05
    4.02571e-01      4.54107e+00      5.00000e+00      2.14106e-05
    4.07987e-01      4.46107e+00      5.00000e+00      2.14104e-05
    4.13477e-01      4.38066e+00      5.00000e+00      2.14102e-05
    4.19041e-01      4.31097e+00      5.00000e+00      2.14101e-05
    4.24679e-01      4.24035e+00      5.00000e+00      2.14099e-05
    4.30394e-01      4.16878e+00      5.00000e+00      2.14097e-05
    4.36185e-01      4.09624e+00      5.00000e+00      2.14096e-05
    4.42054e-01      4.02273e+00      5.00000e+00      2.14094e-05
    4.48003e-01      3.94823e+00      5.00000e+00      2.14092e-05
    4.54031e-01      3.87362e+00      5.00000e+00      2.14091e-05
    4.60140e-01      3.80811e+00      5.00000e+00      2.14089e-05
    4.66332e-01      3.74172e+00      5.00000e+00      2.14088e-05
    4.72607e-01      3.67444e+00      5.00000e+00      2.14086e-05
    4.78966e-01      3.60625e+00      5.00000e+00      2.14085e-05
    4.85412e-01      3.53714e+00      5.00000e+00      2.14083e-05
    4.91943e-01      3.46711e+00      5.00000e+00      2.14081e-05
    4.98563e-01      3.40294e+00      5.00000e+00      2.14080e-05
    5.05272e-01      3.34078e+00      5.00000e+00      2.14078e-05
    5.12071e-01      3.27779e+00      5.00000e+00      2.14076e-05
    5.18962e-01      3.21394e+00      5.00000e+00      2.14074e-05
    5.25945e-01      3.14924e+00      5.00000e+00      2.14072e-05
    5.33022e-01      3.08367e+00      5.00000e+00      2.14070e-05
    5.40195e-01      3.02446e+00      5.00000e+00      2.14068e-05
    5.47464e-01      2.96597e+00      5.00000e+00      2.14067e-05
    5.54831e-01      2.90668e+00      5.00000e+00      2.14065e-05
    5.62297e-01      2.84660e+00      5.00000e+00      2.14063e-05
    5.69864e-01      2.78570e+00      5.00000e+00      2.14060e-05
    5.77532e-01      2.72682e+00      5.00000e+00      2.14058e-05
    5.85304e-01      2.67175e+00      5.00000e+00      2.14056e-05
    5.93180e-01      2.61593e+00      5.00000e+00      2.14054e-05
    6.01162e-01      2.55937e+00      5.00000e+00      2.14052e-05
    6.09252e-01      2.50205e+00      5.00000e+00      2.14049e-05
    6.17451e-01      2.44641e+00      5.00000e+00      2.14047e-05
    6.25759e-01      2.39571e+00      5.00000e+00      2.14045e-05
    6.34180e-01      2.34433e+00      5.00000e+00      2.14043e-05
    6.42714e-01      2.29226e+00      5.00000e+00      2.14041e-05
    6.51363e-01      2.23948e+00      5.00000e+00      2.14039e-05
    6.60129e-01      2.18923e+00      5.00000e+00      2.14036e-05
    6.69012e-01      2.14097e+00      5.00000e+00      2.14033e-05
    6.78015e-01      2.09207e+00      5.00000e+00      2.14030e-05
    6.87139e-01      2.04250e+00      5.00000e+00      2.14028e-05
    6.96386e-01      1.99274e+00      5.00000e+00      2.14025e-05
    7.05757e-01      1.94777e+00      5.00000e+00      2.14022e-05
    7.15254e-01      1.90219e+00      5.00000e+00      2.14020e-05
    7.24880e-01      1.85601e+00      5.00000e+00      2.14017e-05
    7.34634e-01      1.80920e+00      5.00000e+00      2.14015e-05
    7.44521e-01      1.76629e+00      5.00000e+00      2.14012e-05
    7.54540e-01      1.72354e+00      5.00000e+00      2.14009e-05
    7.64694e-01      1.68022e+00      5.00000e+00      2.14006e-05
    7.74984e-01      1.63631e+00      5.00000e+00      2.14003e-05
    7.85414e-01      1.59618e+00      5.00000e+00      2.14001e-05
    7.95983e-01      1.55617e+00      5.00000e+00      2.13998e-05
    8.06695e-01      1.51563e+00      5.00000e+00      2.13995e-05
    8.17551e-01      1.47488e+00      5.00000e+00      2.13992e-05
    8.28553e-01      1.43766e+00      5.00000e+00      2.13989e-05
    8.39703e-01      1.39994e+00      5.00000e+00      2.13986e-05
    8.51003e-01      1.36172e+00      5.00000e+00      2.13982e-05
    8.62456e-01      1.32502e+00      5.00000e+00      2.13979e-05
    8.74062e-01      1.29015e+00      5.00000e+00      2.13976e-05
    8.85825e-01      1.25482e+00      5.00000e+00      2.13972e-05
    8.97746e-01      1.21910e+00      5.00000e+00      2.13969e-05
    9.09827e-01      1.18650e+00      5.00000e+00      2.13966e-05
    9.22071e-01      1.15346e+00      5.00000e+00      2.13962e-05
    9.34480e-01      1.11997e+00      5.00000e+00      2.13959e-05
    9.47056e-01      1.08861e+00      5.00000e+00      2.13956e-05
    9.59801e-01      1.05774e+00      5.00000e+00      2.13952e-05
    9.72717e-01      1.02647e+00      5.00000e+00      2.13948e-05
    9.85808e-01      9.96642e-01      5.00000e+00      2.13944e-05
    9.99074e-01      9.67750e-01      5.00000e+00      2.13940e-05
    1.01252e+00      9.38470e-01      5.00000e+00      2.13937e-05
    1.02615e+00      9.10442e-01      5.00000e+00      2.13933e-05
    1.03996e+00      8.83337e-01      5.00000e+00      2.13929e-05
    1.05395e+00      8.55867e-01      5.00000e+00      2.13925e-05
    1.06813e+00      8.29803e-01      5.00000e+00      2.13921e-05
    1.08251e+00      8.04335e-01      5.00000e+00      2.13916e-05
    1.09708e+00      7.78524e-01      5.00000e+00      2.13912e-05
    1.11184e+00      7.54497e-01      5.00000e+00      2.13907e-05
    1.12680e+00      7.30508e-01      5.00000e+00      2.13903e-05
    1.14197e+00      7.06565e-01      5.00000e+00      2.13899e-05
    1.15734e+00      6.84267e-01      5.00000e+00      2.13895e-05
    1.17291e+00      6.61668e-01      5.00000e+00      2.13891e-05
    1.18870e+00      6.39950e-01      5.00000e+00      2.13887e-05
    1.20469e+00      6.18893e-01      5.00000e+00      2.13881e-05
    1.22091e+00      5.97633e-01      5.00000e+00      2.13876e-05
    1.23734e+00      5.77996e-01      5.00000e+00      2.13872e-05
    1.25399e+00      5.58095e-01      5.00000e+00      2.13867e-05
    1.27087e+00      5.39033e-01      5.00000e+00      2.13862e-05
    1.28797e+00      5.20439e-01      5.00000e+00      2.13858e-05
    1.30530e+00      5.02020e-01      5.00000e+00      2.13853e-05
    1.32287e+00      4.84641e-01      5.00000e+00      2.13848e-05
    1.34067e+00      4.67028e-01      5.00000e+00      2.13842e-05
    1.35872e+00      4.50705e-01      5.00000e+00      2.13836e-05
    1.37700e+00      4.34218e-01      5.00000e+00      2.13829e-05
    1.39553e+00      4.18583e-01      5.00000e+00      2.13824e-05
    1.41431e+00      4.03104e-01      5.00000e+00      2.13820e-05
    1.43335e+00      3.88216e-01      5.00000e+00      2.13815e-05
    1.45264e+00      3.73679e-01      5.00000e+00      2.13810e-05
    1.47219e+00      3.59575e-01      5.00000e+00      2.13804e-05
    1.49200e+00      3.45914e-01      5.00000e+00      2.13798e-05
    1.51208e+00      3.32600e-01      5.00000e+00      2.13792e-05
    1.53243e+00      3.19723e-01      5.00000e+00      2.13786e-05
    1.55305e+00      3.07227e-01      5.00000e+00      2.13781e-05
    1.57395e+00      2.95165e-01      5.00000e+00      2.13775e-05
    1.59514e+00      2.83524e-01      5.00000e+00      2.13769e-05
    1.61660e+00      2.72204e-01      5.00000e+00      2.13762e-05
    1.63836e+00      2.61104e-01      5.00000e+00      2.13756e-05
    1.66041e+00      2.50039e-01      5.00000e+00      2.13749e-05
    1.68276e+00      2.39726e-01      5.00000e+00      2.13743e-05
    1.70540e+00      2.29489e-01      5.00000e+00      2.13736e-05
    1.72835e+00      2.19887e-01      5.00000e+00      2.13729e-05
    1.75162e+00      2.10306e-01      5.00000e+00      2.13723e-05
    1.77519e+00      2.00972e-01      5.00000e+00      2.13715e-05
    1.79908e+00      1.92185e-01      5.00000e+00      2.13708e-05
    1.82329e+00      1.83772e-01      5.00000e+00      2.13700e-05
    1.84783e+00      1.75625e-01      5.00000e+00      2.13690e-05
    1.87270e+00      1.67580e-01      5.00000e+00      2.13681e-05
    1.89790e+00      1.59895e-01      5.00000e+00      2.13679e-05
    1.92344e+00      1.52493e-01      5.00000e+00      2.13673e-05
    1.94933e+00      1.45224e-01      5.00000e+00      2.13665e-05
    1.97557e+00      1.38221e-01      5.00000e+00      2.13656e-05
    2.00215e+00      1.31591e-01      5.00000e+00      2.13647e-05
    2.02910e+00      1.25282e-01      5.00000e+00      2.13639e-05
    2.05641e+00      1.19680e-01      5.00000e+00      2.13630e-05
    2.08408e+00      1.13648e-01      5.00000e+00      2.13622e-05
    2.11213e+00      1.07430e-01      5.00000e+00      2.13614e-05
    2.14056e+00      1.01967e-01      5.00000e+00      2.13605e-05
    2.16937e+00      9.67158e-02      5.00000e+00      2.13597e-05
    2.19856e+00      9.16309e-02      5.00000e+00      2.13589e-05
    2.22815e+00      8.67340e-02      5.00000e+00      2.13580e-05
    2.25814e+00      8.21296e-02      5.00000e+00      2.13570e-05
    2.28853e+00      7.76593e-02      5.00000e+00      2.13560e-05
    2.31933e+00      7.33387e-02      5.00000e+00      2.13551e-05
    2.35054e+00      6.91882e-02      5.00000e+00      2.13541e-05
    2.38218e+00      6.52850e-02      5.00000e+00      2.13531e-05
    2.41424e+00      6.15305e-02      5.00000e+00      2.13519e-05
    2.44673e+00      5.79239e-02      5.00000e+00      2.13509e-05
    2.47966e+00      5.44660e-02      5.00000e+00      2.13501e-05
    2.51303e+00      5.11562e-02      5.00000e+00      2.13491e-05
    2.54685e+00      4.80395e-02      5.00000e+00      2.13481e-05
    2.58113e+00      4.50646e-02      5.00000e+00      2.13470e-05
    2.61587e+00      4.22215e-02      5.00000e+00      2.13459e-05
    2.65107e+00      3.95109e-02      5.00000e+00      2.13449e-05
    2.68675e+00      3.69325e-02      5.00000e+00      2.13438e-05
    2.72291e+00      3.44847e-02      5.00000e+00      2.13427e-05
    2.75956e+00      3.21637e-02      5.00000e+00      2.13416e-05
    2.79670e+00      2.99630e-02      5.00000e+00      2.13404e-05
    2.83434e+00      2.78794e-02      5.00000e+00      2.13395e-05
    2.87248e+00      2.55928e-02      5.00000e+00      2.13378e-05
    2.91114e+00      2.40281e-02      5.00000e+00      2.13367e-05
    2.95032e+00      2.23067e-02      5.00000e+00      2.13354e-05
    2.99003e+00      2.06491e-02      5.00000e+00      2.13342e-05
    3.03027e+00      1.90851e-02      5.00000e+00      2.13330e-05
    3.07105e+00      1.76122e-02      5.00000e+00      2.13317e-05
    3.11239e+00      1.62248e-02      5.00000e+00      2.13304e-05
    3.15428e+00      1.49227e-02      5.00000e+00      2.13290e-05
    3.19673e+00      1.37004e-02      5.00000e+00      2.13277e-05
    3.23975e+00      1.25597e-02      5.00000e+00      2.13264e-05
    3.28335e+00      1.14945e-02      5.00000e+00      2.13249e-05
    3.32754e+00      1.05007e-02      5.00000e+00      2.13237e-05
    3.37233e+00      9.57834e-03      5.00000e+00      2.13221e-05
    3.41771e+00      8.72073e-03      5.00000e+00      2.13207e-05
    3.46371e+00      7.91771e-03      5.00000e+00      2.13192e-05
    3.51033e+00      7.17788e-03      5.00000e+00      2.13177e-05
    3.55757e+00      6.49468e-03      5.00000e+00      2.13162e-05
    3.60545e+00      5.86911e-03      5.00000e+00      2.13147e-05
    3.65398e+00      5.29674e-03      5.00000e+00      2.13131e-05
    3.70315e+00      4.77147e-03      5.00000e+00      2.13115e-05
    3.75299e+00      4.28971e-03      5.00000e+00      2.13098e-05
    3.80350e+00      3.84967e-03      5.00000e+00      2.13083e-05
    3.85469e+00      3.45469e-03      5.00000e+00      2.13066e-05
    3.90657e+00      3.09469e-03      5.00000e+00      2.13050e-05
    3.95915e+00      2.76709e-03      5.00000e+00      2.13033e-05
    4.01243e+00      2.47308e-03      5.00000e+00      2.13017e-05
    4.06644e+00      2.20855e-03      5.00000e+00      2.12998e-05
    4.12116e+00      1.96907e-03      5.00000e+00      2.12981e-05
    4.17663e+00      1.75708e-03      5.00000e+00      2.12962e-05
    4.23284e+00      1.56723e-03      5.00000e+00      2.12945e-05
    4.28981e+00      1.39807e-03      5.00000e+00      2.12926e-05
    4.34755e+00      1.25030e-03      5.00000e+00      2.12909e-05
    4.40606e+00      1.11921e-03      5.00000e+00      2.12890e-05
    4.46536e+00      1.00668e-03      5.00000e+00      2.12869e-05
    4.52546e+00      9.08044e-04      5.00000e+00      2.12850e-05
    4.58636e+00      8.24621e-04      5.00000e+00      2.12829e-05
    4.64809e+00      7.52907e-04      5.00000e+00      2.12810e-05
    4.71065e+00      6.93425e-04      5.00000e+00      2.12789e-05
    4.77404e+00      6.43324e-04      5.00000e+00      2.12769e-05
    4.83830e+00      6.02965e-04      5.00000e+00      2.12747e-05
    4.90341e+00      5.68715e-04      5.00000e+00      2.12726e-05
    4.96941e+00      5.40947e-04      5.00000e+00      2.12706e-05
    5.03629e+00      5.18275e-04      5.00000e+00      2.12684e-05
    5.10407e+00      4.99220e-04      5.00000e+00      2.12663e-05
    5.17277e+00      4.82986e-04      5.00000e+00      2.12642e-05
    5.24239e+00      4.68873e-04      5.00000e+00      2.12620e-05
    5.31294e+00      4.56475e-04      5.00000e+00      2.12599e-05
    5.38445e+00      4.45592e-04      5.00000e+00      2.12578e-05
    5.45691e+00      4.36128e-04      5.00000e+00      2.12556e-05
    5.53036e+00      4.28042e-04      5.00000e+00      2.12535e-05
    5.60479e+00      4.21118e-04      5.00000e+00      2.12512e-05
    5.68022e+00      4.15232e-04      5.00000e+00      2.12491e-05
    5.75667e+00      4.10301e-04      5.00000e+00      2.12470e-05
    5.83415e+00      4.06181e-04      5.00000e+00      2.12447e-05
    5.91267e+00      4.02760e-04      5.00000e+00      2.12426e-05
    5.99225e+00      3.99939e-04      5.00000e+00      2.12404e-05
    6.07289e+00      3.97625e-04      5.00000e+00      2.12382e-05
    6.15463e+00      3.95726e-04      5.00000e+00      2.12360e-05
    6.23746e+00      3.94155e-04      5.00000e+00      2.12338e-05
    6.32141e+00      3.92855e-04      5.00000e+00      2.12316e-05
    6.40649e+00      3.91779e-04      5.00000e+00      2.12294e-05
    6.49271e+00      3.90886e-04      5.00000e+00      2.12271e-05
    6.58010e+00      3.90130e-04      5.00000e+00      2.12248e-05
    6.66866e+00      3.89493e-04      5.00000e+00      2.12225e-05
    6.75841e+00      3.88962e-04      5.00000e+00      2.12200e-05
    6.84937e+00      3.88530e-04      5.00000e+00      2.12175e-05
    6.94155e+00      3.88183e-04      5.00000e+00      2.12152e-05
    7.03498e+00      3.87909e-04      5.00000e+00      2.12127e-05
    7.12966e+00      3.87700e-04      5.00000e+00      2.12102e-05
    7.22562e+00      3.87543e-04      5.00000e+00      2.12076e-05
    7.32287e+00      3.87430e-04      5.00000e+00      2.12051e-05
    7.42142e+00      3.87346e-04      5.00000e+00      2.12024e-05
    7.52131e+00      3.87281e-04      5.00000e+00      2.11996e-05
    7.62253e+00      3.87228e-04      5.00000e+00      2.11969e-05
    7.72512e+00      3.87175e-04      5.00000e+00      2.11942e-05
    7.82910e+00      3.87123e-04      5.00000e+00      2.11915e-05
    7.93447e+00      3.87069e-04      5.00000e+00      2.11887e-05
    8.04125e+00      3.87014e-04      5.00000e+00      2.11858e-05
    8.14948e+00      3.86958e-04      5.00000e+00      2.11828e-05
    8.25916e+00      3.86901e-04      5.00000e+00      2.11799e-05
    8.37032e+00      3.86844e-04      5.00000e+00      2.11769e-05
    8.48298e+00      3.86786e-04      5.00000e+00      2.11738e-05
    8.59715e+00      3.86728e-04      5.00000e+00      2.11708e-05
    8.71285e+00      3.86669e-04      5.00000e+00      2.11677e-05
    8.83012e+00      3.86609e-04      5.00000e+00      2.11645e-05
    8.94896e+00      3.86548e-04      5.00000e+00      2.11613e-05
    9.06941e+00      3.86486e-04      5.00000e+00      2.11580e-05
    9.19147e+00      3.86423e-04      5.00000e+00      2.11546e-05
    9.31518e+00      3.86361e-04      5.00000e+00      2.11514e-05
    9.44055e+00      3.86297e-04      5.00000e+00      2.11480e-05
    9.56761e+00      3.86236e-04      5.00000e+00      2.11447e-05
    9.69637e+00      3.86168e-04      5.00000e+00      2.11410e-05
    9.82688e+00      3.86102e-04      5.00000e+00      2.11375e-05
    9.95914e+00      3.86035e-04      5.00000e+00      2.11339e-05
    1.00932e+01      3.85967e-04      5.00000e+00      2.11303e-05
    1.02290e+01      3.85895e-04      5.00000e+00      2.11264e-05
    1.03667e+01      3.85829e-04      5.00000e+00      2.11228e-05
    1.05062e+01      3.85759e-04      5.00000e+00      2.11190e-05
    1.06476e+01      3.85687e-04      5.00000e+00      2.11151e-05
    1.07909e+01      3.85616e-04      5.00000e+00      2.11113e-05
    1.09362e+01      3.85544e-04      5.00000e+00      2.11074e-05
    1.10833e+01      3.85470e-04      5.00000e+00      2.11034e-05
    1.12325e+01      3.85395e-04      5.00000e+00      2.10993e-05
    1.13837e+01      3.85324e-04      5.00000e+00      2.10954e-05
    1.15369e+01      3.85243e-04      5.00000e+00      2.10910e-05
    1.16922e+01      3.85167e-04      5.00000e+00      2.10868e-05
    1.18495e+01      3.85089e-04      5.00000e+00      2.10825e-05
    1.20090e+01      3.85009e-04      5.00000e+00      2.10781e-05
    1.21706e+01      3.84929e-04      5.00000e+00      2.10737e-05
    1.23344e+01      3.84847e-04      5.00000e+00      2.10691e-05
    1.25005e+01      3.84766e-04      5.00000e+00      2.10647e-05
    1.26687e+01      3.84683e-04      5.00000e+00      2.10600e-05
    1.28392e+01      3.84599e-04      5.00000e+00      2.10554e-05
    1.30120e+01      3.84514e-04      5.00000e+00      2.10506e-05
    1.31871e+01      3.84428e-04      5.00000e+00      2.10459e-05
    1.33646e+01      3.84339e-04      5.00000e+00      2.10409e-05
    1.35445e+01      3.84250e-04      5.00000e+00      2.10359e-05
    1.37268e+01      3.84159e-04      5.00000e+00      2.10308e-05
    1.39115e+01      3.84073e-04      5.00000e+00      2.10259e-05
    1.40988e+01      3.83978e-04      5.00000e+00      2.10206e-05
    1.42885e+01      3.83885e-04      5.00000e+00      2.10154e-05
    1.44808e+01      3.83796e-04      5.00000e+00      2.10103e-05
    1.46757e+01      3.83696e-04      5.00000e+00      2.10047e-05
    1.48732e+01      3.83600e-04      5.00000e+00      2.09992e-05
    1.50734e+01      3.83502e-04      5.00000e+00      2.09937e-05
    1.52763e+01      3.83405e-04      5.00000e+00      2.09882e-05
    1.54819e+01      3.83305e-04      5.00000e+00      2.09825e-05
    1.56903e+01      3.83202e-04      5.00000e+00      2.09766e-05
    1.59014e+01      3.83102e-04      5.00000e+00      2.09709e-05
    1.61155e+01      3.82999e-04      5.00000e+00      2.09649e-05
    1.63323e+01      3.82895e-04      5.00000e+00      2.09589e-05
    1.65522e+01      3.82788e-04      5.00000e+00      2.09528e-05
    1.67749e+01      3.82680e-04      5.00000e+00      2.09466e-05
    1.70007e+01      3.82573e-04      5.00000e+00      2.09404e-05
    1.72295e+01      3.82464e-04      5.00000e+00      2.09340e-05
    1.74614e+01      3.82352e-04      5.00000e+00      2.09276e-05
    1.76964e+01      3.82241e-04      5.00000e+00      2.09211e-05
    1.79346e+01      3.82129e-04      5.00000e+00      2.09146e-05
    1.81760e+01      3.82014e-04      5.00000e+00      2.09079e-05
    1.84206e+01      3.81898e-04      5.00000e+00      2.09011e-05
    1.86685e+01      3.81781e-04      5.00000e+00      2.08942e-05
    1.89198e+01      3.81662e-04      5.00000e+00      2.08873e-05
    1.91744e+01      3.81543e-04      5.00000e+00      2.08802e-05
    1.94325e+01      3.81420e-04      5.00000e+00      2.08730e-05
    1.96940e+01      3.81295e-04      5.00000e+00      2.08656e-05
    1.99591e+01      3.81174e-04      5.00000e+00      2.08584e-05
    2.02277e+01      3.81047e-04      5.00000e+00      2.08509e-05
    2.05000e+01      3.80919e-04      5.00000e+00      2.08433e-05
    2.07759e+01      3.80788e-04      5.00000e+00      2.08355e-05
    2.10555e+01      3.80658e-04      5.00000e+00      2.08278e-05
    2.13389e+01      3.80527e-04      5.00000e+00      2.08199e-05
    2.16261e+01      3.80394e-04      5.00000e+00      2.08119e-05
    2.19171e+01      3.80260e-04      5.00000e+00      2.08038e-05
    2.22121e+01      3.80122e-04      5.00000e+00      2.07955e-05
    2.25111e+01      3.79984e-04      5.00000e+00      2.07871e-05
    2.28140e+01      3.79845e-04      5.00000e+00      2.07787e-05
    2.31211e+01      3.79703e-04      5.00000e+00      2.07701e-05
    2.34323e+01      3.79559e-04      5.00000e+00      2.07614e-05
    2.37477e+01      3.79415e-04      5.00000e+00      2.07526e-05
    2.40673e+01      3.79270e-04      5.00000e+00      2.07437e-05
    2.43912e+01      3.79121e-04      5.00000e+00      2.07345e-05
    2.47195e+01      3.78972e-04      5.00000e+00      2.07254e-05
    2.50522e+01      3.78822e-04      5.00000e+00      2.07161e-05
    2.53894e+01      3.78669e-04      5.00000e+00      2.07067e-05
    2.57311e+01      3.78513e-04      5.00000e+00      2.06970e-05
    2.60774e+01      3.78356e-04      5.00000e+00      2.06873e-05
    2.64284e+01      3.78199e-04      5.00000e+00      2.06775e-05
    2.67840e+01      3.78037e-04      5.00000e+00      2.06674e-05
    2.71445e+01      3.77875e-04      5.00000e+00      2.06573e-05
    2.75099e+01      3.77712e-04      5.00000e+00      2.06471e-05
    2.78801e+01      3.77546e-04      5.00000e+00      2.06367e-05
    2.82554e+01      3.77379e-04      5.00000e+00      2.06261e-05
    2.86356e+01      3.77209e-04      5.00000e+00      2.06154e-05
    2.90211e+01      3.77036e-04      5.00000e+00      2.06045e-05
    2.94116e+01      3.76865e-04      5.00000e+00      2.05936e-05
    2.98075e+01      3.76689e-04      5.00000e+00      2.05824e-05
    3.02087e+01      3.76657e-04      5.00000e+00      2.05711e-05
    3.06153e+01      3.76333e-04      5.00000e+00      2.05597e-05
    3.10273e+01      3.76150e-04      5.00000e+00      2.05480e-05
    3.14449e+01      3.75968e-04      5.00000e+00      2.05363e-05
    3.18681e+01      3.75781e-04      5.00000e+00      2.05243e-05
    3.22970e+01      3.75595e-04      5.00000e+00      2.05123e-05
    3.27317e+01      3.75406e-04      5.00000e+00      2.05001e-05
    3.31722e+01      3.75217e-04      5.00000e+00      2.04878e-05
    3.36187e+01      3.75022e-04      5.00000e+00      2.04751e-05
    3.40712e+01      3.74822e-04      5.00000e+00      2.04622e-05
    3.45297e+01      3.74630e-04      5.00000e+00      2.04495e-05
    3.49945e+01      3.74429e-04      5.00000e+00      2.04364e-05
    3.54655e+01      3.74226e-04      5.00000e+00      2.04231e-05
    3.59428e+01      3.74023e-04      5.00000e+00      2.04097e-05
    3.64265e+01      3.73818e-04      5.00000e+00      2.03961e-05
    3.69168e+01      3.73609e-04      5.00000e+00      2.03823e-05
    3.74137e+01      3.73401e-04      5.00000e+00      2.03685e-05
    3.79172e+01      3.73185e-04      5.00000e+00      2.03541e-05
    3.84275e+01      3.72969e-04      5.00000e+00      2.03398e-05
    3.89447e+01      3.72753e-04      5.00000e+00      2.03253e-05
    3.94689e+01      3.72531e-04      5.00000e+00      2.03105e-05
    4.00001e+01      3.72309e-04      5.00000e+00      2.02955e-05
