    Er (keV)         SM dN/dE         BG dN/dE        BSM dN/dE (events/kg/day/keV)
    5.01000e-02      1.11864e+02      1.00000e+01      6.21463e-05
    5.07438e-02      1.11151e+02      1.00000e+01      6.15368e-05
    5.13959e-02      1.10429e+02      1.00000e+01      6.09194e-05
    5.20564e-02      1.09698e+02      1.00000e+01      6.02941e-05
    5.27254e-02      1.08957e+02      1.00000e+01      5.96608e-05
    5.34030e-02      1.08207e+02      1.00000e+01      5.90193e-05
    5.40893e-02      1.07447e+02      1.00000e+01      5.83695e-05
    5.47845e-02      1.06677e+02      1.00000e+01      5.77114e-05
    5.54886e-02      1.05897e+02      1.00000e+01      5.70448e-05
    5.62018e-02      1.05107e+02      1.00000e+01      5.63696e-05
    5.69242e-02      1.04307e+02      1.00000e+01      5.56857e-05
    5.76558e-02      1.03497e+02      1.00000e+01      5.49930e-05
    5.83969e-02      1.02677e+02      1.00000e+01      5.42914e-05
    5.91476e-02      1.01845e+02      1.00000e+01      5.35807e-05
    5.99079e-02      1.01004e+02      1.00000e+01      5.28610e-05
    6.06779e-02      1.00151e+02      1.00000e+01      5.21319e-05
    6.14580e-02      9.92871e+01      1.00000e+01      5.13934e-05
    6.22480e-02      9.84123e+01      1.00000e+01      5.06455e-05
    6.30482e-02      9.75262e+01      1.00000e+01      4.98879e-05
    6.38587e-02      9.66287e+01      1.00000e+01      4.91205e-05
    6.46797e-02      9.57196e+01      1.00000e+01      4.83433e-05
    6.55112e-02      9.47989e+01      1.00000e+01      4.75561e-05
    6.63535e-02      9.38662e+01      1.00000e+01      4.67587e-05
    6.72066e-02      9.29216e+01      1.00000e+01      4.59511e-05
    6.80706e-02      9.19648e+01      1.00000e+01      4.51330e-05
    6.89458e-02      9.09957e+01      1.00000e+01      4.43045e-05
    6.98323e-02      9.00141e+01      1.00000e+01      4.34652e-05
    7.07302e-02      8.90199e+01      1.00000e+01      4.26152e-05
    7.16396e-02      8.80129e+01      1.00000e+01      4.17542e-05
    7.25607e-02      8.69929e+01      1.00000e+01      4.08821e-05
    7.34938e-02      8.59597e+01      1.00000e+01      3.99988e-05
    7.44388e-02      8.49133e+01      1.00000e+01      3.91042e-05
    7.53960e-02      8.38534e+01      1.00000e+01      3.81980e-05
    7.63655e-02      8.27798e+01      1.00000e+01      3.72801e-05
    7.73475e-02      8.16924e+01      1.00000e+01      3.63504e-05
    7.83421e-02      8.05911e+01      1.00000e+01      3.54088e-05
    7.93496e-02      7.94755e+01      1.00000e+01      3.44550e-05
    8.03700e-02      7.83959e+01      1.00000e+01      3.35503e-05
    8.14035e-02      7.76939e+01      1.00000e+01      3.31121e-05
    8.24504e-02      7.69828e+01      1.00000e+01      3.26682e-05
    8.35108e-02      7.62626e+01      1.00000e+01      3.22186e-05
    8.45848e-02      7.55332e+01      1.00000e+01      3.17632e-05
    8.56726e-02      7.47943e+01      1.00000e+01      3.13020e-05
    8.67744e-02      7.40459e+01      1.00000e+01      3.08348e-05
    8.78905e-02      7.32879e+01      1.00000e+01      3.03616e-05
    8.90209e-02      7.25202e+01      1.00000e+01      2.98823e-05
    9.01658e-02      7.17425e+01      1.00000e+01      2.93968e-05
    9.13255e-02      7.09549e+01      1.00000e+01      2.89051e-05
    9.25001e-02      7.01571e+01      1.00000e+01      2.84070e-05
    9.36899e-02      6.93490e+01      1.00000e+01      2.79026e-05
    9.48949e-02      6.85305e+01      1.00000e+01      2.73916e-05
    9.61155e-02      6.77015e+01      1.00000e+01      2.68741e-05
    9.73518e-02      6.68618e+01      1.00000e+01      2.63499e-05
    9.86040e-02      6.60113e+01      1.00000e+01      2.58189e-05
    9.98724e-02      6.51498e+01      1.00000e+01      2.52811e-05
    1.01157e-01      6.42772e+01      1.00000e+01      2.47364e-05
    1.02458e-01      6.33935e+01      1.00000e+01      2.41847e-05
    1.03776e-01      6.24983e+01      1.00000e+01      2.36259e-05
    1.05111e-01      6.15916e+01      1.00000e+01      2.30598e-05
    1.06463e-01      6.06732e+01      1.00000e+01      2.24865e-05
    1.07833e-01      5.97430e+01      1.00000e+01      2.19058e-05
    1.09220e-01      5.88009e+01      1.00000e+01      2.13176e-05
    1.10625e-01      5.78739e+01      1.00000e+01      2.07452e-05
    1.12048e-01      5.72310e+01      1.00000e+01      2.04188e-05
    1.13490e-01      5.65799e+01      1.00000e+01      2.00882e-05
    1.14950e-01      5.59204e+01      1.00000e+01      1.97533e-05
    1.16428e-01      5.52525e+01      1.00000e+01      1.94140e-05
    1.17926e-01      5.45759e+01      1.00000e+01      1.90705e-05
    1.19443e-01      5.38906e+01      1.00000e+01      1.87224e-05
    1.20980e-01      5.31965e+01      1.00000e+01      1.83700e-05
    1.22537e-01      5.24934e+01      1.00000e+01      1.80129e-05
    1.24113e-01      5.17813e+01      1.00000e+01      1.76513e-05
    1.25710e-01      5.10600e+01      1.00000e+01      1.72850e-05
    1.27327e-01      5.03295e+01      1.00000e+01      1.69140e-05
    1.28965e-01      4.95895e+01      1.00000e+01      1.65383e-05
    1.30625e-01      4.88400e+01      1.00000e+01      1.61576e-05
    1.32305e-01      4.80809e+01      1.00000e+01      1.57721e-05
    1.34008e-01      4.73119e+01      1.00000e+01      1.53817e-05
    1.35732e-01      4.65331e+01      1.00000e+01      1.49862e-05
    1.37478e-01      4.57443e+01      1.00000e+01      1.45856e-05
    1.39247e-01      4.49452e+01      1.00000e+01      1.41798e-05
    1.41039e-01      4.41735e+01      1.00000e+01      1.37954e-05
    1.42854e-01      4.35961e+01      1.00000e+01      1.35505e-05
    1.44692e-01      4.30112e+01      1.00000e+01      1.33025e-05
    1.46553e-01      4.24188e+01      1.00000e+01      1.30512e-05
    1.48439e-01      4.18188e+01      1.00000e+01      1.27968e-05
    1.50349e-01      4.12111e+01      1.00000e+01      1.25390e-05
    1.52284e-01      4.05955e+01      1.00000e+01      1.22779e-05
    1.54243e-01      3.99720e+01      1.00000e+01      1.20135e-05
    1.56228e-01      3.93405e+01      1.00000e+01      1.17457e-05
    1.58238e-01      3.87008e+01      1.00000e+01      1.14744e-05
    1.60275e-01      3.80529e+01      1.00000e+01      1.11996e-05
    1.62337e-01      3.73967e+01      1.00000e+01      1.09213e-05
    1.64426e-01      3.67320e+01      1.00000e+01      1.06394e-05
    1.66542e-01      3.60588e+01      1.00000e+01      1.03539e-05
    1.68685e-01      3.53769e+01      1.00000e+01      1.00647e-05
    1.70856e-01      3.46862e+01      1.00000e+01      9.77181e-06
    1.73054e-01      3.41594e+01      1.00000e+01      9.57500e-06
    1.75281e-01      3.36391e+01      1.00000e+01      9.38330e-06
    1.77537e-01      3.31121e+01      1.00000e+01      9.18913e-06
    1.79822e-01      3.25783e+01      1.00000e+01      8.99247e-06
    1.82136e-01      3.20376e+01      1.00000e+01      8.79327e-06
    1.84480e-01      3.14900e+01      1.00000e+01      8.59150e-06
    1.86854e-01      3.09353e+01      1.00000e+01      8.38714e-06
    1.89258e-01      3.03735e+01      1.00000e+01      8.18015e-06
    1.91694e-01      2.98045e+01      1.00000e+01      7.97049e-06
    1.94161e-01      2.92281e+01      1.00000e+01      7.75813e-06
    1.96660e-01      2.86443e+01      1.00000e+01      7.54304e-06
    1.99191e-01      2.80529e+01      1.00000e+01      7.32518e-06
    2.01754e-01      2.74818e+01      1.00000e+01      7.11809e-06
    2.04351e-01      2.70219e+01      1.00000e+01      6.96636e-06
    2.06981e-01      2.65561e+01      1.00000e+01      6.81267e-06
    2.09644e-01      2.60842e+01      1.00000e+01      6.65700e-06
    2.12342e-01      2.56064e+01      1.00000e+01      6.49932e-06
    2.15075e-01      2.51223e+01      1.00000e+01      6.33962e-06
    2.17843e-01      2.46320e+01      1.00000e+01      6.17786e-06
    2.20647e-01      2.41354e+01      1.00000e+01      6.01401e-06
    2.23487e-01      2.36325e+01      1.00000e+01      5.84806e-06
    2.26363e-01      2.31230e+01      1.00000e+01      5.67997e-06
    2.29276e-01      2.26070e+01      1.00000e+01      5.50972e-06
    2.32227e-01      2.21130e+01      1.00000e+01      5.34950e-06
    2.35216e-01      2.17038e+01      1.00000e+01      5.22615e-06
    2.38244e-01      2.12893e+01      1.00000e+01      5.10121e-06
    2.41310e-01      2.08696e+01      1.00000e+01      4.97466e-06
    2.44416e-01      2.04444e+01      1.00000e+01      4.84649e-06
    2.47562e-01      2.00137e+01      1.00000e+01      4.71666e-06
    2.50748e-01      1.95775e+01      1.00000e+01      4.58516e-06
    2.53975e-01      1.91357e+01      1.00000e+01      4.45197e-06
    2.57244e-01      1.86882e+01      1.00000e+01      4.31706e-06
    2.60555e-01      1.82349e+01      1.00000e+01      4.18042e-06
    2.63909e-01      1.78391e+01      1.00000e+01      4.06612e-06
    2.67306e-01      1.74744e+01      1.00000e+01      3.96418e-06
    2.70746e-01      1.71051e+01      1.00000e+01      3.86093e-06
    2.74231e-01      1.67309e+01      1.00000e+01      3.75635e-06
    2.77761e-01      1.63520e+01      1.00000e+01      3.65042e-06
    2.81336e-01      1.59682e+01      1.00000e+01      3.54313e-06
    2.84957e-01      1.55795e+01      1.00000e+01      3.43445e-06
    2.88625e-01      1.51857e+01      1.00000e+01      3.32438e-06
    2.92340e-01      1.47940e+01      1.00000e+01      3.21527e-06
    2.96103e-01      1.44727e+01      1.00000e+01      3.13041e-06
    2.99914e-01      1.41474e+01      1.00000e+01      3.04445e-06
    3.03775e-01      1.38178e+01      1.00000e+01      2.95739e-06
    3.07685e-01      1.34840e+01      1.00000e+01      2.86921e-06
    3.11645e-01      1.31459e+01      1.00000e+01      2.77989e-06
    3.15657e-01      1.28035e+01      1.00000e+01      2.68942e-06
    3.19720e-01      1.24566e+01      1.00000e+01      2.59779e-06
    3.23835e-01      1.21320e+01      1.00000e+01      2.51360e-06
    3.28004e-01      1.18474e+01      1.00000e+01      2.44259e-06
    3.32226e-01      1.15592e+01      1.00000e+01      2.37066e-06
    3.36502e-01      1.12673e+01      1.00000e+01      2.29781e-06
    3.40834e-01      1.09716e+01      1.00000e+01      2.22401e-06
    3.45221e-01      1.06721e+01      1.00000e+01      2.14927e-06
    3.49665e-01      1.03687e+01      1.00000e+01      2.07357e-06
    3.54166e-01      1.00827e+01      1.00000e+01      2.00343e-06
    3.58725e-01      9.83065e+00      1.00000e+01      1.94393e-06
    3.63343e-01      9.57533e+00      1.00000e+01      1.88367e-06
    3.68020e-01      9.31672e+00      1.00000e+01      1.82263e-06
    3.72757e-01      9.05479e+00      1.00000e+01      1.76080e-06
    3.77556e-01      8.78947e+00      1.00000e+01      1.69818e-06
    3.82416e-01      8.52075e+00      1.00000e+01      1.63475e-06
    3.87338e-01      8.29597e+00      1.00000e+01      1.58380e-06
    3.92324e-01      8.07211e+00      1.00000e+01      1.53326e-06
    3.97375e-01      7.84536e+00      1.00000e+01      1.48208e-06
    4.02490e-01      7.61570e+00      1.00000e+01      1.43023e-06
    4.07671e-01      7.38308e+00      1.00000e+01      1.37772e-06
    4.12919e-01      7.14746e+00      1.00000e+01      1.32453e-06
    4.18235e-01      6.95057e+00      1.00000e+01      1.28188e-06
    4.23619e-01      6.75204e+00      1.00000e+01      1.23892e-06
    4.29072e-01      6.55095e+00      1.00000e+01      1.19541e-06
    4.34595e-01      6.34728e+00      1.00000e+01      1.15134e-06
    4.40190e-01      6.14098e+00      1.00000e+01      1.10670e-06
    4.45857e-01      5.94859e+00      1.00000e+01      1.06570e-06
    4.51596e-01      5.77389e+00      1.00000e+01      1.02928e-06
    4.57410e-01      5.59694e+00      1.00000e+01      9.92395e-07
    4.63298e-01      5.41772e+00      1.00000e+01      9.55035e-07
    4.69262e-01      5.23618e+00      1.00000e+01      9.17195e-07
    4.75303e-01      5.06146e+00      1.00000e+01      8.81091e-07
    4.81422e-01      4.90687e+00      1.00000e+01      8.49971e-07
    4.87619e-01      4.75029e+00      1.00000e+01      8.18449e-07
    4.93897e-01      4.59170e+00      1.00000e+01      7.86521e-07
    5.00255e-01      4.43107e+00      1.00000e+01      7.54183e-07
    5.06695e-01      4.28058e+00      1.00000e+01      7.24322e-07
    5.13218e-01      4.14321e+00      1.00000e+01      6.97638e-07
    5.19825e-01      4.00406e+00      1.00000e+01      6.70611e-07
    5.26517e-01      3.86312e+00      1.00000e+01      6.43236e-07
    5.33295e-01      3.72037e+00      1.00000e+01      6.15508e-07
    5.40160e-01      3.59641e+00      1.00000e+01      5.92179e-07
    5.47114e-01      3.47340e+00      1.00000e+01      5.69135e-07
    5.54158e-01      3.34881e+00      1.00000e+01      5.45795e-07
    5.61292e-01      3.22261e+00      1.00000e+01      5.22155e-07
    5.68518e-01      3.10672e+00      1.00000e+01      5.00853e-07
    5.75837e-01      2.99792e+00      1.00000e+01      4.81179e-07
    5.83250e-01      2.88773e+00      1.00000e+01      4.61252e-07
    5.90758e-01      2.77611e+00      1.00000e+01      4.41068e-07
    5.98364e-01      2.67195e+00      1.00000e+01      4.22484e-07
    6.06067e-01      2.57538e+00      1.00000e+01      4.05531e-07
    6.13869e-01      2.47757e+00      1.00000e+01      3.88359e-07
    6.21772e-01      2.37850e+00      1.00000e+01      3.70966e-07
    6.29777e-01      2.28695e+00      1.00000e+01      3.55288e-07
    6.37885e-01      2.19964e+00      1.00000e+01      3.40602e-07
    6.46097e-01      2.11120e+00      1.00000e+01      3.25727e-07
    6.54415e-01      2.02163e+00      1.00000e+01      3.10660e-07
    6.62840e-01      1.94333e+00      1.00000e+01      2.97805e-07
    6.71373e-01      1.86506e+00      1.00000e+01      2.84984e-07
    6.80017e-01      1.78577e+00      1.00000e+01      2.71998e-07
    6.88771e-01      1.70999e+00      1.00000e+01      2.59649e-07
    6.97639e-01      1.64022e+00      1.00000e+01      2.48384e-07
    7.06620e-01      1.56955e+00      1.00000e+01      2.36974e-07
    7.15717e-01      1.49815e+00      1.00000e+01      2.25450e-07
    7.24932e-01      1.43591e+00      1.00000e+01      2.15568e-07
    7.34265e-01      1.37287e+00      1.00000e+01      2.05559e-07
    7.43718e-01      1.30902e+00      1.00000e+01      1.95422e-07
    7.53293e-01      1.25144e+00      1.00000e+01      1.86357e-07
    7.62991e-01      1.19512e+00      1.00000e+01      1.77516e-07
    7.72814e-01      1.13807e+00      1.00000e+01      1.68561e-07
    7.82763e-01      1.08563e+00      1.00000e+01      1.60414e-07
    7.92841e-01      1.03514e+00      1.00000e+01      1.52616e-07
    8.03048e-01      9.83998e-01      1.00000e+01      1.44718e-07
    8.13387e-01      9.37123e-01      1.00000e+01      1.37551e-07
    8.23859e-01      8.91949e-01      1.00000e+01      1.30680e-07
    8.34466e-01      8.46193e-01      1.00000e+01      1.23721e-07
    8.45209e-01      8.04866e-01      1.00000e+01      1.17531e-07
    8.56091e-01      7.64242e-01      1.00000e+01      1.11473e-07
    8.67113e-01      7.23242e-01      1.00000e+01      1.05361e-07
    8.78276e-01      6.87142e-01      1.00000e+01      1.00109e-07
    8.89584e-01      6.50578e-01      1.00000e+01      9.47885e-08
    9.01037e-01      6.15248e-01      1.00000e+01      8.96542e-08
    9.12637e-01      5.82725e-01      1.00000e+01      8.49401e-08
    9.24387e-01      5.49784e-01      1.00000e+01      8.01654e-08
    9.36288e-01      5.19652e-01      1.00000e+01      7.58170e-08
    9.48343e-01      4.90204e-01      1.00000e+01      7.15745e-08
    9.60552e-01      4.61353e-01      1.00000e+01      6.74216e-08
    9.72919e-01      4.35194e-01      1.00000e+01      6.36684e-08
    9.85445e-01      4.08699e-01      1.00000e+01      5.98669e-08
    9.98133e-01      3.84736e-01      1.00000e+01      5.64205e-08
    1.01098e+00      3.61138e-01      1.00000e+01      5.30243e-08
    1.02400e+00      3.38681e-01      1.00000e+01      4.97941e-08
    1.03718e+00      3.17689e-01      1.00000e+01      4.67770e-08
    1.05054e+00      2.96882e-01      1.00000e+01      4.37895e-08
    1.06406e+00      2.78138e-01      1.00000e+01      4.11141e-08
    1.07776e+00      2.59152e-01      1.00000e+01      3.84043e-08
    1.09164e+00      2.42368e-01      1.00000e+01      3.60107e-08
    1.10569e+00      2.25524e-01      1.00000e+01      3.36088e-08
    1.11993e+00      2.10208e-01      1.00000e+01      3.14447e-08
    1.13435e+00      1.95197e-01      1.00000e+01      2.93299e-08
    1.14895e+00      1.81347e-01      1.00000e+01      2.73846e-08
    1.16374e+00      1.67979e-01      1.00000e+01      2.55100e-08
    1.17873e+00      1.55474e-01      1.00000e+01      2.37576e-08
    1.19390e+00      1.43434e-01      1.00000e+01      2.20711e-08
    1.20928e+00      1.32424e-01      1.00000e+01      2.05004e-08
    1.22484e+00      1.21977e-01      1.00000e+01      1.89913e-08
    1.24061e+00      1.12292e-01      1.00000e+01      1.75954e-08
    1.25659e+00      1.02904e-01      1.00000e+01      1.62440e-08
    1.27277e+00      9.44119e-02      1.00000e+01      1.50052e-08
    1.28915e+00      8.60958e-02      1.00000e+01      1.37871e-08
    1.30575e+00      7.87618e-02      1.00000e+01      1.26981e-08
    1.32256e+00      7.15403e-02      1.00000e+01      1.16231e-08
    1.33959e+00      6.51570e-02      1.00000e+01      1.06607e-08
    1.35684e+00      5.90233e-02      1.00000e+01      9.72890e-09
    1.37431e+00      5.34439e-02      1.00000e+01      8.86718e-09
    1.39200e+00      4.82795e-02      1.00000e+01      8.06580e-09
    1.40992e+00      4.33567e-02      1.00000e+01      7.29929e-09
    1.42808e+00      3.90758e-02      1.00000e+01      6.62359e-09
    1.44646e+00      3.49730e-02      1.00000e+01      5.97277e-09
    1.46509e+00      3.13031e-02      1.00000e+01      5.38373e-09
    1.48395e+00      2.79533e-02      1.00000e+01      4.84276e-09
    1.50306e+00      2.47934e-02      1.00000e+01      4.33047e-09
    1.52241e+00      2.20678e-02      1.00000e+01      3.89021e-09
    1.54201e+00      1.95169e-02      1.00000e+01      3.47783e-09
    1.56186e+00      1.71532e-02      1.00000e+01      3.09527e-09
    1.58197e+00      1.51461e-02      1.00000e+01      2.75768e-09
    1.60234e+00      1.32735e-02      1.00000e+01      2.44056e-09
    1.62297e+00      1.15460e-02      1.00000e+01      2.14600e-09
    1.64387e+00      1.00451e-02      1.00000e+01      1.89397e-09
    1.66503e+00      8.71192e-03      1.00000e+01      1.65772e-09
    1.68647e+00      7.53849e-03      1.00000e+01      1.43803e-09
    1.70819e+00      6.50724e-03      1.00000e+01      1.24316e-09
    1.73018e+00      5.60500e-03      1.00000e+01      1.06768e-09
    1.75246e+00      4.80361e-03      1.00000e+01      9.07852e-10
    1.77502e+00      4.10133e-03      1.00000e+01      7.63876e-10
    1.79787e+00      3.52974e-03      1.00000e+01      6.40838e-10
    1.82102e+00      3.03202e-03      1.00000e+01      5.32274e-10
    1.84447e+00      2.60799e-03      1.00000e+01      4.37102e-10
    1.86822e+00      2.25576e-03      1.00000e+01      3.55103e-10
    1.89227e+00      1.96443e-03      1.00000e+01      2.89518e-10
    1.91663e+00      1.72517e-03      1.00000e+01      2.38021e-10
    1.94131e+00      1.52204e-03      1.00000e+01      1.97245e-10
    1.96631e+00      1.34949e-03      1.00000e+01      1.65996e-10
    1.99162e+00      1.20410e-03      1.00000e+01      1.42408e-10
    2.01727e+00      1.08606e-03      1.00000e+01      1.23661e-10
    2.04324e+00      9.78426e-04      1.00000e+01      1.07927e-10
    2.06955e+00      8.84209e-04      1.00000e+01      9.35507e-11
    2.09619e+00      8.01639e-04      1.00000e+01      8.04254e-11
    2.12318e+00      7.29401e-04      1.00000e+01      6.85603e-11
    2.15052e+00      6.66369e-04      1.00000e+01      5.79213e-11
    2.17821e+00      6.12656e-04      1.00000e+01      4.85077e-11
    2.20625e+00      5.67844e-04      1.00000e+01      4.03553e-11
    2.23466e+00      5.29138e-04      1.00000e+01      3.34038e-11
    2.26343e+00      4.96605e-04      1.00000e+01      2.75185e-11
    2.29257e+00      4.69445e-04      1.00000e+01      2.24790e-11
    2.32209e+00      4.46909e-04      1.00000e+01      1.82686e-11
    2.35199e+00      4.28257e-04      1.00000e+01      1.48692e-11
    2.38227e+00      4.12647e-04      1.00000e+01      1.22086e-11
    2.41295e+00      3.99833e-04      1.00000e+01      9.98161e-12
    2.44401e+00      3.89212e-04      1.00000e+01      8.14630e-12
    2.47548e+00      3.80409e-04      1.00000e+01      6.68211e-12
    2.50736e+00      3.73056e-04      1.00000e+01      5.56085e-12
    2.53964e+00      3.66930e-04      1.00000e+01      4.62491e-12
    2.57234e+00      3.61843e-04      1.00000e+01      3.78418e-12
    2.60546e+00      3.57652e-04      1.00000e+01      3.03680e-12
    2.63901e+00      3.54239e-04      1.00000e+01      2.38043e-12
    2.67298e+00      3.51509e-04      1.00000e+01      1.80874e-12
    2.70740e+00      3.49381e-04      1.00000e+01      1.31635e-12
    2.74226e+00      3.47779e-04      1.00000e+01      9.01632e-13
    2.77757e+00      3.46665e-04      1.00000e+01      5.72838e-13
    2.81333e+00      3.45902e-04      1.00000e+01      3.19805e-13
    2.84955e+00      3.45410e-04      1.00000e+01      1.40895e-13
    2.88624e+00      3.45109e-04      1.00000e+01      3.49366e-14
    2.92341e+00      3.44938e-04      1.00000e+01      3.51311e-16
    2.96105e+00      3.44852e-04      1.00000e+01      -5.11512e-194
    2.99917e+00      3.44806e-04      1.00000e+01      -9.73111e-194
    3.03779e+00      3.44781e-04      1.00000e+01      -1.42939e-193
    3.07690e+00      3.44759e-04      1.00000e+01      -1.88009e-193
    3.11652e+00      3.44736e-04      1.00000e+01      -2.32404e-193
    3.15665e+00      3.44714e-04      1.00000e+01      -2.76302e-193
    3.19729e+00      3.44691e-04      1.00000e+01      -3.19694e-193
    3.23846e+00      3.44669e-04      1.00000e+01      -3.62420e-193
    3.28015e+00      3.44645e-04      1.00000e+01      -4.04684e-193
    3.32239e+00      3.44625e-04      1.00000e+01      -4.46405e-193
    3.36517e+00      3.44599e-04      1.00000e+01      -4.87560e-193
    3.40849e+00      3.44575e-04      1.00000e+01      -5.28278e-193
    3.45238e+00      3.44551e-04      1.00000e+01      -5.68366e-193
    3.49683e+00      3.44526e-04      1.00000e+01      -6.08047e-193
    3.54186e+00      3.44502e-04      1.00000e+01      -6.47140e-193
    3.58746e+00      3.44478e-04      1.00000e+01      -6.85818e-193
    3.63365e+00      3.44436e-04      1.00000e+01      -7.23928e-193
    3.68044e+00      3.44427e-04      1.00000e+01      -7.61643e-193
    3.72783e+00      3.44400e-04      1.00000e+01      -7.98785e-193
    3.77582e+00      3.44374e-04      1.00000e+01      -8.35523e-193
    3.82444e+00      3.44349e-04      1.00000e+01      -8.71766e-193
    3.87368e+00      3.44323e-04      1.00000e+01      -9.07549e-193
    3.92356e+00      3.44294e-04      1.00000e+01      -9.42921e-193
    3.97408e+00      3.44269e-04      1.00000e+01      -9.77785e-193
    4.02525e+00      3.44242e-04      1.00000e+01      -1.01223e-192
    4.07708e+00      3.44213e-04      1.00000e+01      -1.04626e-192
    4.12957e+00      3.44187e-04      1.00000e+01      -1.07984e-192
    4.18274e+00      3.44158e-04      1.00000e+01      -1.11298e-192
    4.23660e+00      3.44129e-04      1.00000e+01      -1.14571e-192
    4.29115e+00      3.44099e-04      1.00000e+01      -1.17804e-192
    4.34640e+00      3.44074e-04      1.00000e+01      -1.20997e-192
    4.40236e+00      3.44043e-04      1.00000e+01      -1.24146e-192
    4.45905e+00      3.44012e-04      1.00000e+01      -1.27256e-192
    4.51646e+00      3.43982e-04      1.00000e+01      -1.30327e-192
    4.57461e+00      3.43952e-04      1.00000e+01      -1.33359e-192
    4.63351e+00      3.43920e-04      1.00000e+01      -1.36353e-192
    4.69317e+00      3.43890e-04      1.00000e+01      -1.39309e-192
    4.75360e+00      3.43858e-04      1.00000e+01      -1.42227e-192
    4.81481e+00      3.43826e-04      1.00000e+01      -1.45108e-192
    4.87680e+00      3.43794e-04      1.00000e+01      -1.47953e-192
    4.93960e+00      3.43762e-04      1.00000e+01      -1.50762e-192
    5.00320e+00      3.43729e-04      1.00000e+01      -1.53535e-192
    5.06762e+00      3.43696e-04      1.00000e+01      -1.56274e-192
    5.13287e+00      3.43663e-04      1.00000e+01      -1.58978e-192
    5.19896e+00      3.43629e-04      1.00000e+01      -1.61646e-192
    5.26590e+00      3.43597e-04      1.00000e+01      -1.64280e-192
    5.33370e+00      3.43562e-04      1.00000e+01      -1.66882e-192
    5.40238e+00      3.43529e-04      1.00000e+01      -1.69451e-192
    5.47194e+00      3.43495e-04      1.00000e+01      -1.71987e-192
    5.54239e+00      3.43465e-04      1.00000e+01      -1.74490e-192
    5.61375e+00      3.43426e-04      1.00000e+01      -1.76963e-192
    5.68604e+00      3.43391e-04      1.00000e+01      -1.79403e-192
    5.75925e+00      3.43358e-04      1.00000e+01      -1.81813e-192
    5.83340e+00      3.43320e-04      1.00000e+01      -1.84192e-192
    5.90851e+00      3.43285e-04      1.00000e+01      -1.86541e-192
    5.98459e+00      3.43250e-04      1.00000e+01      -1.88860e-192
    6.06165e+00      3.43214e-04      1.00000e+01      -1.91150e-192
    6.13970e+00      3.43178e-04      1.00000e+01      -1.93410e-192
    6.21875e+00      3.43141e-04      1.00000e+01      -1.95643e-192
    6.29882e+00      3.43109e-04      1.00000e+01      -1.97846e-192
    6.37992e+00      3.43067e-04      1.00000e+01      -2.00022e-192
    6.46207e+00      3.43030e-04      1.00000e+01      -2.02170e-192
    6.54527e+00      3.43109e-04      1.00000e+01      -2.04290e-192
    6.62955e+00      3.42952e-04      1.00000e+01      -2.06384e-192
    6.71491e+00      3.42912e-04      1.00000e+01      -2.08451e-192
    6.80137e+00      3.42872e-04      1.00000e+01      -2.10493e-192
    6.88895e+00      3.42831e-04      1.00000e+01      -2.12508e-192
    6.97765e+00      3.42792e-04      1.00000e+01      -2.14498e-192
    7.06749e+00      3.42750e-04      1.00000e+01      -2.16462e-192
    7.15849e+00      3.42708e-04      1.00000e+01      -2.18401e-192
    7.25066e+00      3.42666e-04      1.00000e+01      -2.20316e-192
    7.34402e+00      3.42624e-04      1.00000e+01      -2.22206e-192
    7.43858e+00      3.42580e-04      1.00000e+01      -2.24073e-192
    7.53436e+00      3.42534e-04      1.00000e+01      -2.25915e-192
    7.63137e+00      3.42490e-04      1.00000e+01      -2.27735e-192
    7.72963e+00      3.42445e-04      1.00000e+01      -2.29531e-192
    7.82916e+00      3.42401e-04      1.00000e+01      -2.31304e-192
    7.92997e+00      3.42356e-04      1.00000e+01      -2.33055e-192
    8.03207e+00      3.42309e-04      1.00000e+01      -2.34784e-192
    8.13549e+00      3.42262e-04      1.00000e+01      -2.36491e-192
    8.24024e+00      3.42213e-04      1.00000e+01      -2.38176e-192
    8.34634e+00      3.42166e-04      1.00000e+01      -2.39839e-192
    8.45381e+00      3.42118e-04      1.00000e+01      -2.41482e-192
    8.56266e+00      3.42068e-04      1.00000e+01      -2.43104e-192
    8.67291e+00      3.42018e-04      1.00000e+01      -2.44705e-192
    8.78458e+00      3.41966e-04      1.00000e+01      -2.46285e-192
    8.89769e+00      3.41918e-04      1.00000e+01      -2.47846e-192
    9.01226e+00      3.41864e-04      1.00000e+01      -2.49387e-192
    9.12830e+00      3.41812e-04      1.00000e+01      -2.50908e-192
    9.24583e+00      3.41759e-04      1.00000e+01      -2.52410e-192
    9.36488e+00      3.41706e-04      1.00000e+01      -2.53893e-192
    9.48546e+00      3.41651e-04      1.00000e+01      -2.55357e-192
    9.60760e+00      3.41595e-04      1.00000e+01      -2.56803e-192
    9.73131e+00      3.41541e-04      1.00000e+01      -2.58230e-192
    9.85660e+00      3.41486e-04      1.00000e+01      -2.59639e-192
    9.98352e+00      3.41427e-04      1.00000e+01      -2.61030e-192
    1.01121e+01      3.41370e-04      1.00000e+01      -2.62403e-192
    1.02423e+01      3.41312e-04      1.00000e+01      -2.63759e-192
    1.03741e+01      3.41252e-04      1.00000e+01      -2.65098e-192
    1.05077e+01      3.41194e-04      1.00000e+01      -2.66420e-192
    1.06430e+01      3.41133e-04      1.00000e+01      -2.67725e-192
    1.07801e+01      3.41073e-04      1.00000e+01      -2.69013e-192
    1.09189e+01      3.41012e-04      1.00000e+01      -2.70285e-192
    1.10595e+01      3.40950e-04      1.00000e+01      -2.71541e-192
    1.12019e+01      3.40885e-04      1.00000e+01      -2.72781e-192
    1.13461e+01      3.40828e-04      1.00000e+01      -2.74005e-192
    1.14922e+01      3.40759e-04      1.00000e+01      -2.75213e-192
    1.16402e+01      3.40697e-04      1.00000e+01      -2.76407e-192
    1.17900e+01      3.40629e-04      1.00000e+01      -2.77585e-192
    1.19418e+01      3.40562e-04      1.00000e+01      -2.78748e-192
    1.20956e+01      3.40493e-04      1.00000e+01      -2.79896e-192
    1.22513e+01      3.40422e-04      1.00000e+01      -2.81030e-192
    1.24091e+01      3.40357e-04      1.00000e+01      -2.82149e-192
    1.25689e+01      3.40286e-04      1.00000e+01      -2.83254e-192
    1.27307e+01      3.40218e-04      1.00000e+01      -2.84345e-192
    1.28946e+01      3.40145e-04      1.00000e+01      -2.85423e-192
    1.30607e+01      3.40072e-04      1.00000e+01      -2.86486e-192
    1.32288e+01      3.39997e-04      1.00000e+01      -2.87536e-192
    1.33992e+01      3.39924e-04      1.00000e+01      -2.88573e-192
    1.35717e+01      3.39848e-04      1.00000e+01      -2.89596e-192
    1.37464e+01      3.39772e-04      1.00000e+01      -2.90607e-192
    1.39234e+01      3.39698e-04      1.00000e+01      -2.91604e-192
    1.41027e+01      3.39619e-04      1.00000e+01      -2.92589e-192
    1.42843e+01      3.39540e-04      1.00000e+01      -2.93562e-192
    1.44682e+01      3.39459e-04      1.00000e+01      -2.94522e-192
    1.46545e+01      3.39379e-04      1.00000e+01      -2.95470e-192
    1.48432e+01      3.39298e-04      1.00000e+01      -2.96406e-192
    1.50343e+01      3.39216e-04      1.00000e+01      -2.97330e-192
    1.52279e+01      3.39134e-04      1.00000e+01      -2.98242e-192
    1.54240e+01      3.39049e-04      1.00000e+01      -2.99143e-192
    1.56226e+01      3.38964e-04      1.00000e+01      -3.00032e-192
    1.58237e+01      3.38878e-04      1.00000e+01      -3.00910e-192
    1.60275e+01      3.38791e-04      1.00000e+01      -3.01777e-192
    1.62338e+01      3.38702e-04      1.00000e+01      -3.02632e-192
    1.64429e+01      3.38613e-04      1.00000e+01      -3.03477e-192
    1.66546e+01      3.38525e-04      1.00000e+01      -3.04311e-192
    1.68690e+01      3.38433e-04      1.00000e+01      -3.05135e-192
    1.70862e+01      3.38342e-04      1.00000e+01      -3.05948e-192
    1.73062e+01      3.38248e-04      1.00000e+01      -3.06751e-192
    1.75291e+01      3.38153e-04      1.00000e+01      -3.07543e-192
    1.77548e+01      3.38059e-04      1.00000e+01      -3.08326e-192
    1.79834e+01      3.37964e-04      1.00000e+01      -3.09098e-192
    1.82149e+01      3.37867e-04      1.00000e+01      -3.09861e-192
    1.84495e+01      3.37768e-04      1.00000e+01      -3.10614e-192
    1.86870e+01      3.37668e-04      1.00000e+01      -3.11358e-192
    1.89276e+01      3.37568e-04      1.00000e+01      -3.12092e-192
    1.91714e+01      3.37467e-04      1.00000e+01      -3.12816e-192
    1.94182e+01      3.37363e-04      1.00000e+01      -3.13532e-192
    1.96682e+01      3.37256e-04      1.00000e+01      -3.14238e-192
    1.99215e+01      3.37153e-04      1.00000e+01      -3.14936e-192
    2.01780e+01      3.37048e-04      1.00000e+01      -3.15624e-192
    2.04378e+01      3.36941e-04      1.00000e+01      -3.16304e-192
    2.07010e+01      3.36831e-04      1.00000e+01      -3.16975e-192
    2.09675e+01      3.36720e-04      1.00000e+01      -3.17638e-192
    2.12375e+01      3.36609e-04      1.00000e+01      -3.18292e-192
    2.15109e+01      3.36496e-04      1.00000e+01      -3.18938e-192
    2.17879e+01      3.36384e-04      1.00000e+01      -3.19576e-192
    2.20685e+01      3.36269e-04      1.00000e+01      -3.20205e-192
    2.23526e+01      3.36153e-04      1.00000e+01      -3.20827e-192
    2.26404e+01      3.36032e-04      1.00000e+01      -3.21441e-192
    2.29319e+01      3.35916e-04      1.00000e+01      -3.22047e-192
    2.32272e+01      3.35796e-04      1.00000e+01      -3.22645e-192
    2.35263e+01      3.35671e-04      1.00000e+01      -3.23236e-192
    2.38292e+01      3.35551e-04      1.00000e+01      -3.23819e-192
    2.41360e+01      3.35428e-04      1.00000e+01      -3.24395e-192
    2.44468e+01      3.35301e-04      1.00000e+01      -3.24963e-192
    2.47616e+01      3.35176e-04      1.00000e+01      -3.25524e-192
    2.50804e+01      3.35048e-04      1.00000e+01      -3.26078e-192
    2.54034e+01      3.34918e-04      1.00000e+01      -3.26625e-192
    2.57304e+01      3.34786e-04      1.00000e+01      -3.27166e-192
    2.60618e+01      3.34654e-04      1.00000e+01      -3.27699e-192
    2.63973e+01      3.34519e-04      1.00000e+01      -3.28225e-192
    2.67372e+01      3.34383e-04      1.00000e+01      -3.28745e-192
    2.70815e+01      3.34247e-04      1.00000e+01      -3.29258e-192
    2.74302e+01      3.34109e-04      1.00000e+01      -3.29765e-192
    2.77834e+01      3.33968e-04      1.00000e+01      -3.30265e-192
    2.81411e+01      3.33827e-04      1.00000e+01      -3.30759e-192
    2.85035e+01      3.33685e-04      1.00000e+01      -3.31247e-192
    2.88705e+01      3.33540e-04      1.00000e+01      -3.31728e-192
    2.92422e+01      3.33394e-04      1.00000e+01      -3.32204e-192
    2.96187e+01      3.33247e-04      1.00000e+01      -3.32673e-192
    3.00001e+01      3.33096e-04      1.00000e+01      -3.33137e-192
