    Er (keV)         SM dN/dE         BG dN/dE        BSM dN/dE (events/kg/day/keV)
    5.01000e-02      9.32597e-03      1.00000e+01      1.99575e-08
    5.07438e-02      9.15930e-03      1.00000e+01      1.95377e-08
    5.13959e-02      8.99049e-03      1.00000e+01      1.91124e-08
    5.20564e-02      8.81949e-03      1.00000e+01      1.86817e-08
    5.27254e-02      8.64630e-03      1.00000e+01      1.82454e-08
    5.34030e-02      8.47088e-03      1.00000e+01      1.78036e-08
    5.40893e-02      8.29320e-03      1.00000e+01      1.73560e-08
    5.47845e-02      8.11323e-03      1.00000e+01      1.69027e-08
    5.54886e-02      7.93094e-03      1.00000e+01      1.64435e-08
    5.62018e-02      7.74631e-03      1.00000e+01      1.59784e-08
    5.69242e-02      7.55930e-03      1.00000e+01      1.55073e-08
    5.76558e-02      7.36988e-03      1.00000e+01      1.50302e-08
    5.83969e-02      7.17802e-03      1.00000e+01      1.45469e-08
    5.91476e-02      6.98369e-03      1.00000e+01      1.40574e-08
    5.99079e-02      6.78686e-03      1.00000e+01      1.35616e-08
    6.06779e-02      6.58749e-03      1.00000e+01      1.30594e-08
    6.14580e-02      6.38556e-03      1.00000e+01      1.25508e-08
    6.22480e-02      6.18103e-03      1.00000e+01      1.20356e-08
    6.30482e-02      5.97386e-03      1.00000e+01      1.15137e-08
    6.38587e-02      5.76403e-03      1.00000e+01      1.09852e-08
    6.46797e-02      5.55149e-03      1.00000e+01      1.04498e-08
    6.55112e-02      5.33622e-03      1.00000e+01      9.90757e-09
    6.63535e-02      5.11818e-03      1.00000e+01      9.35833e-09
    6.72066e-02      4.89733e-03      1.00000e+01      8.80202e-09
    6.80706e-02      4.67363e-03      1.00000e+01      8.23855e-09
    6.89458e-02      4.44706e-03      1.00000e+01      7.66782e-09
    6.98323e-02      4.21756e-03      1.00000e+01      7.08974e-09
    7.07302e-02      3.98512e-03      1.00000e+01      6.50422e-09
    7.16396e-02      3.74968e-03      1.00000e+01      5.91116e-09
    7.25607e-02      3.51120e-03      1.00000e+01      5.31047e-09
    7.34938e-02      3.26966e-03      1.00000e+01      4.70204e-09
    7.44388e-02      3.02501e-03      1.00000e+01      4.08577e-09
    7.53960e-02      2.77721e-03      1.00000e+01      3.46157e-09
    7.63655e-02      2.52621e-03      1.00000e+01      2.82933e-09
    7.73475e-02      2.27199e-03      1.00000e+01      2.18896e-09
    7.83421e-02      2.01449e-03      1.00000e+01      1.54033e-09
    7.93496e-02      1.75367e-03      1.00000e+01      8.83357e-10
    8.03700e-02      1.51965e-03      1.00000e+01      2.94241e-10
    8.14035e-02      1.51740e-03      1.00000e+01      2.91765e-10
    8.24504e-02      1.51511e-03      1.00000e+01      2.89258e-10
    8.35108e-02      1.51279e-03      1.00000e+01      2.86718e-10
    8.45848e-02      1.51045e-03      1.00000e+01      2.84146e-10
    8.56726e-02      1.50807e-03      1.00000e+01      2.81540e-10
    8.67744e-02      1.50567e-03      1.00000e+01      2.78901e-10
    8.78905e-02      1.50323e-03      1.00000e+01      2.76228e-10
    8.90209e-02      1.50076e-03      1.00000e+01      2.73521e-10
    9.01658e-02      1.49826e-03      1.00000e+01      2.70779e-10
    9.13255e-02      1.49573e-03      1.00000e+01      2.68001e-10
    9.25001e-02      1.49317e-03      1.00000e+01      2.65188e-10
    9.36899e-02      1.49057e-03      1.00000e+01      2.62338e-10
    9.48949e-02      1.48794e-03      1.00000e+01      2.59452e-10
    9.61155e-02      1.48527e-03      1.00000e+01      2.56529e-10
    9.73518e-02      1.48257e-03      1.00000e+01      2.53568e-10
    9.86040e-02      1.47984e-03      1.00000e+01      2.50568e-10
    9.98724e-02      1.47707e-03      1.00000e+01      2.47531e-10
    1.01157e-01      1.47426e-03      1.00000e+01      2.44454e-10
    1.02458e-01      1.47142e-03      1.00000e+01      2.41337e-10
    1.03776e-01      1.46854e-03      1.00000e+01      2.38180e-10
    1.05111e-01      1.46563e-03      1.00000e+01      2.34983e-10
    1.06463e-01      1.46268e-03      1.00000e+01      2.31745e-10
    1.07833e-01      1.45969e-03      1.00000e+01      2.28464e-10
    1.09220e-01      1.45666e-03      1.00000e+01      2.25142e-10
    1.10625e-01      1.45361e-03      1.00000e+01      2.21892e-10
    1.12048e-01      1.45071e-03      1.00000e+01      2.19851e-10
    1.13490e-01      1.44778e-03      1.00000e+01      2.17783e-10
    1.14950e-01      1.44481e-03      1.00000e+01      2.15689e-10
    1.16428e-01      1.44180e-03      1.00000e+01      2.13568e-10
    1.17926e-01      1.43875e-03      1.00000e+01      2.11419e-10
    1.19443e-01      1.43567e-03      1.00000e+01      2.09243e-10
    1.20980e-01      1.43254e-03      1.00000e+01      2.07039e-10
    1.22537e-01      1.42938e-03      1.00000e+01      2.04806e-10
    1.24113e-01      1.42617e-03      1.00000e+01      2.02545e-10
    1.25710e-01      1.42292e-03      1.00000e+01      2.00255e-10
    1.27327e-01      1.41963e-03      1.00000e+01      1.97935e-10
    1.28965e-01      1.41630e-03      1.00000e+01      1.95585e-10
    1.30625e-01      1.41292e-03      1.00000e+01      1.93205e-10
    1.32305e-01      1.40950e-03      1.00000e+01      1.90794e-10
    1.34008e-01      1.40604e-03      1.00000e+01      1.88352e-10
    1.35732e-01      1.40253e-03      1.00000e+01      1.85879e-10
    1.37478e-01      1.39898e-03      1.00000e+01      1.83374e-10
    1.39247e-01      1.39538e-03      1.00000e+01      1.80837e-10
    1.41039e-01      1.39178e-03      1.00000e+01      1.78400e-10
    1.42854e-01      1.38833e-03      1.00000e+01      1.76656e-10
    1.44692e-01      1.38485e-03      1.00000e+01      1.74890e-10
    1.46553e-01      1.38132e-03      1.00000e+01      1.73101e-10
    1.48439e-01      1.37774e-03      1.00000e+01      1.71289e-10
    1.50349e-01      1.37412e-03      1.00000e+01      1.69454e-10
    1.52284e-01      1.37045e-03      1.00000e+01      1.67595e-10
    1.54243e-01      1.36673e-03      1.00000e+01      1.65712e-10
    1.56228e-01      1.36297e-03      1.00000e+01      1.63805e-10
    1.58238e-01      1.35916e-03      1.00000e+01      1.61873e-10
    1.60275e-01      1.35530e-03      1.00000e+01      1.59916e-10
    1.62337e-01      1.35139e-03      1.00000e+01      1.57935e-10
    1.64426e-01      1.34742e-03      1.00000e+01      1.55927e-10
    1.66542e-01      1.34341e-03      1.00000e+01      1.53894e-10
    1.68685e-01      1.33935e-03      1.00000e+01      1.51835e-10
    1.70856e-01      1.33523e-03      1.00000e+01      1.49749e-10
    1.73054e-01      1.33130e-03      1.00000e+01      1.48186e-10
    1.75281e-01      1.32734e-03      1.00000e+01      1.46644e-10
    1.77537e-01      1.32332e-03      1.00000e+01      1.45083e-10
    1.79822e-01      1.31926e-03      1.00000e+01      1.43502e-10
    1.82136e-01      1.31514e-03      1.00000e+01      1.41900e-10
    1.84480e-01      1.31096e-03      1.00000e+01      1.40278e-10
    1.86854e-01      1.30674e-03      1.00000e+01      1.38635e-10
    1.89258e-01      1.30246e-03      1.00000e+01      1.36970e-10
    1.91694e-01      1.29812e-03      1.00000e+01      1.35284e-10
    1.94161e-01      1.29373e-03      1.00000e+01      1.33577e-10
    1.96660e-01      1.28929e-03      1.00000e+01      1.31848e-10
    1.99191e-01      1.28478e-03      1.00000e+01      1.30096e-10
    2.01754e-01      1.28027e-03      1.00000e+01      1.28404e-10
    2.04351e-01      1.27592e-03      1.00000e+01      1.27043e-10
    2.06981e-01      1.27152e-03      1.00000e+01      1.25664e-10
    2.09644e-01      1.26705e-03      1.00000e+01      1.24268e-10
    2.12342e-01      1.26254e-03      1.00000e+01      1.22854e-10
    2.15075e-01      1.25796e-03      1.00000e+01      1.21421e-10
    2.17843e-01      1.25332e-03      1.00000e+01      1.19970e-10
    2.20647e-01      1.24863e-03      1.00000e+01      1.18500e-10
    2.23487e-01      1.24387e-03      1.00000e+01      1.17012e-10
    2.26363e-01      1.23905e-03      1.00000e+01      1.15504e-10
    2.29276e-01      1.23417e-03      1.00000e+01      1.13977e-10
    2.32227e-01      1.22929e-03      1.00000e+01      1.12510e-10
    2.35216e-01      1.22456e-03      1.00000e+01      1.11278e-10
    2.38244e-01      1.21977e-03      1.00000e+01      1.10030e-10
    2.41310e-01      1.21492e-03      1.00000e+01      1.08767e-10
    2.44416e-01      1.21000e-03      1.00000e+01      1.07487e-10
    2.47562e-01      1.20502e-03      1.00000e+01      1.06190e-10
    2.50748e-01      1.19998e-03      1.00000e+01      1.04877e-10
    2.53975e-01      1.19487e-03      1.00000e+01      1.03547e-10
    2.57244e-01      1.18970e-03      1.00000e+01      1.02200e-10
    2.60555e-01      1.18446e-03      1.00000e+01      1.00836e-10
    2.63909e-01      1.17932e-03      1.00000e+01      9.96219e-11
    2.67306e-01      1.17423e-03      1.00000e+01      9.84894e-11
    2.70746e-01      1.16907e-03      1.00000e+01      9.73423e-11
    2.74231e-01      1.16384e-03      1.00000e+01      9.61804e-11
    2.77761e-01      1.15855e-03      1.00000e+01      9.50035e-11
    2.81336e-01      1.15318e-03      1.00000e+01      9.38115e-11
    2.84957e-01      1.14775e-03      1.00000e+01      9.26041e-11
    2.88625e-01      1.14225e-03      1.00000e+01      9.13812e-11
    2.92340e-01      1.13670e-03      1.00000e+01      9.01610e-11
    2.96103e-01      1.13134e-03      1.00000e+01      8.91229e-11
    2.99914e-01      1.12591e-03      1.00000e+01      8.80714e-11
    3.03775e-01      1.12042e-03      1.00000e+01      8.70064e-11
    3.07685e-01      1.11485e-03      1.00000e+01      8.59276e-11
    3.11645e-01      1.10921e-03      1.00000e+01      8.48350e-11
    3.15657e-01      1.10349e-03      1.00000e+01      8.37283e-11
    3.19720e-01      1.09771e-03      1.00000e+01      8.26074e-11
    3.23835e-01      1.09195e-03      1.00000e+01      8.15399e-11
    3.28004e-01      1.08631e-03      1.00000e+01      8.05709e-11
    3.32226e-01      1.08059e-03      1.00000e+01      7.95895e-11
    3.36502e-01      1.07480e-03      1.00000e+01      7.85954e-11
    3.40834e-01      1.06893e-03      1.00000e+01      7.75885e-11
    3.45221e-01      1.06298e-03      1.00000e+01      7.65686e-11
    3.49665e-01      1.05697e-03      1.00000e+01      7.55356e-11
    3.54166e-01      1.05097e-03      1.00000e+01      7.45444e-11
    3.58725e-01      1.04509e-03      1.00000e+01      7.36377e-11
    3.63343e-01      1.03912e-03      1.00000e+01      7.27193e-11
    3.68020e-01      1.03308e-03      1.00000e+01      7.17891e-11
    3.72757e-01      1.02697e-03      1.00000e+01      7.08469e-11
    3.77556e-01      1.02077e-03      1.00000e+01      6.98926e-11
    3.82416e-01      1.01449e-03      1.00000e+01      6.89260e-11
    3.87338e-01      1.00841e-03      1.00000e+01      6.80683e-11
    3.92324e-01      1.00227e-03      1.00000e+01      6.72093e-11
    3.97375e-01      9.96046e-04      1.00000e+01      6.63393e-11
    4.02490e-01      9.89745e-04      1.00000e+01      6.54580e-11
    4.07671e-01      9.83363e-04      1.00000e+01      6.45655e-11
    4.12919e-01      9.76899e-04      1.00000e+01      6.36614e-11
    4.18235e-01      9.70635e-04      1.00000e+01      6.28571e-11
    4.23619e-01      9.64297e-04      1.00000e+01      6.20448e-11
    4.29072e-01      9.57878e-04      1.00000e+01      6.12221e-11
    4.34595e-01      9.51376e-04      1.00000e+01      6.03888e-11
    4.40190e-01      9.44790e-04      1.00000e+01      5.95448e-11
    4.45857e-01      9.38252e-04      1.00000e+01      5.87350e-11
    4.51596e-01      9.31790e-04      1.00000e+01      5.79699e-11
    4.57410e-01      9.25245e-04      1.00000e+01      5.71948e-11
    4.63298e-01      9.18615e-04      1.00000e+01      5.64098e-11
    4.69262e-01      9.11901e-04      1.00000e+01      5.56146e-11
    4.75303e-01      9.05185e-04      1.00000e+01      5.48350e-11
    4.81422e-01      8.98592e-04      1.00000e+01      5.41086e-11
    4.87619e-01      8.91914e-04      1.00000e+01      5.33727e-11
    4.93897e-01      8.85150e-04      1.00000e+01      5.26274e-11
    5.00255e-01      8.78299e-04      1.00000e+01      5.18725e-11
    5.06695e-01      8.71490e-04      1.00000e+01      5.11435e-11
    5.13218e-01      8.64754e-04      1.00000e+01      5.04488e-11
    5.19825e-01      8.57932e-04      1.00000e+01      4.97452e-11
    5.26517e-01      8.51021e-04      1.00000e+01      4.90326e-11
    5.33295e-01      8.44022e-04      1.00000e+01      4.83107e-11
    5.40160e-01      8.37188e-04      1.00000e+01      4.76429e-11
    5.47114e-01      8.30298e-04      1.00000e+01      4.69743e-11
    5.54158e-01      8.23319e-04      1.00000e+01      4.62971e-11
    5.61292e-01      8.16251e-04      1.00000e+01      4.56112e-11
    5.68518e-01      8.09262e-04      1.00000e+01      4.49542e-11
    5.75837e-01      8.02307e-04      1.00000e+01      4.43159e-11
    5.83250e-01      7.95263e-04      1.00000e+01      4.36694e-11
    5.90758e-01      7.88128e-04      1.00000e+01      4.30146e-11
    5.98364e-01      7.81046e-04      1.00000e+01      4.23807e-11
    6.06067e-01      7.74019e-04      1.00000e+01      4.17682e-11
    6.13869e-01      7.66901e-04      1.00000e+01      4.11479e-11
    6.21772e-01      7.59691e-04      1.00000e+01      4.05195e-11
    6.29777e-01      7.52566e-04      1.00000e+01      3.99164e-11
    6.37885e-01      7.45458e-04      1.00000e+01      3.93260e-11
    6.46097e-01      7.38258e-04      1.00000e+01      3.87281e-11
    6.54415e-01      7.30966e-04      1.00000e+01      3.81224e-11
    6.62840e-01      7.23844e-04      1.00000e+01      3.75547e-11
    6.71373e-01      7.16652e-04      1.00000e+01      3.69835e-11
    6.80017e-01      7.09367e-04      1.00000e+01      3.64049e-11
    6.88771e-01      7.02100e-04      1.00000e+01      3.58369e-11
    6.97639e-01      6.94911e-04      1.00000e+01      3.52893e-11
    7.06620e-01      6.87630e-04      1.00000e+01      3.47347e-11
    7.15717e-01      6.80261e-04      1.00000e+01      3.41737e-11
    7.24932e-01      6.73074e-04      1.00000e+01      3.36471e-11
    7.34265e-01      6.65794e-04      1.00000e+01      3.31136e-11
    7.43718e-01      6.58421e-04      1.00000e+01      3.25733e-11
    7.53293e-01      6.51173e-04      1.00000e+01      3.20569e-11
    7.62991e-01      6.43894e-04      1.00000e+01      3.15426e-11
    7.72814e-01      6.36522e-04      1.00000e+01      3.10217e-11
    7.82763e-01      6.29239e-04      1.00000e+01      3.05186e-11
    7.92841e-01      6.21953e-04      1.00000e+01      3.00211e-11
    8.03048e-01      6.14574e-04      1.00000e+01      2.95171e-11
    8.13387e-01      6.07286e-04      1.00000e+01      2.90301e-11
    8.23859e-01      5.99993e-04      1.00000e+01      2.85476e-11
    8.34466e-01      5.92606e-04      1.00000e+01      2.80590e-11
    8.45209e-01      5.85346e-04      1.00000e+01      2.75902e-11
    8.56091e-01      5.78047e-04      1.00000e+01      2.71218e-11
    8.67113e-01      5.70661e-04      1.00000e+01      2.66481e-11
    8.78276e-01      5.63442e-04      1.00000e+01      2.61976e-11
    8.89584e-01      5.56130e-04      1.00000e+01      2.57413e-11
    9.01037e-01      5.48816e-04      1.00000e+01      2.52890e-11
    9.12637e-01      5.41582e-04      1.00000e+01      2.48497e-11
    9.24387e-01      5.34255e-04      1.00000e+01      2.44047e-11
    9.36288e-01      5.27032e-04      1.00000e+01      2.39740e-11
    9.48343e-01      5.19781e-04      1.00000e+01      2.35444e-11
    9.60552e-01      5.12501e-04      1.00000e+01      2.31155e-11
    9.72919e-01      5.05330e-04      1.00000e+01      2.27006e-11
    9.85445e-01      4.98065e-04      1.00000e+01      2.22804e-11
    9.98133e-01      4.91079e-04      1.00000e+01      2.18744e-11
    1.01098e+00      4.84089e-04      1.00000e+01      2.14677e-11
    1.02400e+00      4.77033e-04      1.00000e+01      2.10661e-11
    1.03718e+00      4.69916e-04      1.00000e+01      2.06718e-11
    1.05054e+00      4.62747e-04      1.00000e+01      2.02760e-11
    1.06406e+00      4.55697e-04      1.00000e+01      1.98932e-11
    1.07776e+00      4.48556e-04      1.00000e+01      1.95055e-11
    1.09164e+00      4.41559e-04      1.00000e+01      1.91325e-11
    1.10569e+00      4.34487e-04      1.00000e+01      1.87559e-11
    1.11993e+00      4.27518e-04      1.00000e+01      1.83897e-11
    1.13435e+00      4.20514e-04      1.00000e+01      1.80233e-11
    1.14895e+00      4.13586e-04      1.00000e+01      1.76649e-11
    1.16374e+00      4.06649e-04      1.00000e+01      1.73080e-11
    1.17873e+00      3.99774e-04      1.00000e+01      1.69578e-11
    1.19390e+00      3.92902e-04      1.00000e+01      1.66098e-11
    1.20928e+00      3.86091e-04      1.00000e+01      1.62683e-11
    1.22484e+00      3.79282e-04      1.00000e+01      1.59289e-11
    1.24061e+00      3.72545e-04      1.00000e+01      1.55963e-11
    1.25659e+00      3.65796e-04      1.00000e+01      1.52646e-11
    1.27277e+00      3.59141e-04      1.00000e+01      1.49410e-11
    1.28915e+00      3.52450e-04      1.00000e+01      1.46168e-11
    1.30575e+00      3.45888e-04      1.00000e+01      1.43025e-11
    1.32256e+00      3.39284e-04      1.00000e+01      1.39869e-11
    1.33959e+00      3.32797e-04      1.00000e+01      1.36805e-11
    1.35684e+00      3.26304e-04      1.00000e+01      1.33748e-11
    1.37431e+00      3.19873e-04      1.00000e+01      1.30743e-11
    1.39200e+00      3.13494e-04      1.00000e+01      1.27783e-11
    1.40992e+00      3.07118e-04      1.00000e+01      1.24838e-11
    1.42808e+00      3.00858e-04      1.00000e+01      1.21975e-11
    1.44646e+00      2.94592e-04      1.00000e+01      1.19118e-11
    1.46509e+00      2.88404e-04      1.00000e+01      1.16316e-11
    1.48395e+00      2.82272e-04      1.00000e+01      1.13556e-11
    1.50306e+00      2.76148e-04      1.00000e+01      1.10812e-11
    1.52241e+00      2.70144e-04      1.00000e+01      1.08143e-11
    1.54201e+00      2.64162e-04      1.00000e+01      1.05495e-11
    1.56186e+00      2.58207e-04      1.00000e+01      1.02871e-11
    1.58197e+00      2.52369e-04      1.00000e+01      1.00317e-11
    1.60234e+00      2.46555e-04      1.00000e+01      9.77832e-12
    1.62297e+00      2.40773e-04      1.00000e+01      9.52732e-12
    1.64387e+00      2.35113e-04      1.00000e+01      9.28346e-12
    1.66503e+00      2.29487e-04      1.00000e+01      9.04192e-12
    1.68647e+00      2.23902e-04      1.00000e+01      8.80296e-12
    1.70819e+00      2.18408e-04      1.00000e+01      8.56930e-12
    1.73018e+00      2.12982e-04      1.00000e+01      8.33938e-12
    1.75246e+00      2.07603e-04      1.00000e+01      8.11226e-12
    1.77502e+00      2.02277e-04      1.00000e+01      7.88818e-12
    1.79787e+00      1.97058e-04      1.00000e+01      7.66984e-12
    1.82102e+00      1.91896e-04      1.00000e+01      7.45457e-12
    1.84447e+00      1.86791e-04      1.00000e+01      7.24234e-12
    1.86822e+00      1.81746e-04      1.00000e+01      7.03328e-12
    1.89227e+00      1.76788e-04      1.00000e+01      6.82837e-12
    1.91663e+00      1.71914e-04      1.00000e+01      6.62784e-12
    1.94131e+00      1.67104e-04      1.00000e+01      6.43046e-12
    1.96631e+00      1.62361e-04      1.00000e+01      6.23628e-12
    1.99162e+00      1.57771e-04      1.00000e+01      6.04540e-12
    2.01727e+00      1.53550e-04      1.00000e+01      5.85790e-12
    2.04324e+00      1.49040e-04      1.00000e+01      5.67475e-12
    2.06955e+00      1.44608e-04      1.00000e+01      5.49496e-12
    2.09619e+00      1.40249e-04      1.00000e+01      5.31856e-12
    2.12318e+00      1.35966e-04      1.00000e+01      5.14553e-12
    2.15052e+00      1.31759e-04      1.00000e+01      4.97585e-12
    2.17821e+00      1.27629e-04      1.00000e+01      4.80952e-12
    2.20625e+00      1.23578e-04      1.00000e+01      4.64654e-12
    2.23466e+00      1.19606e-04      1.00000e+01      4.48688e-12
    2.26343e+00      1.15714e-04      1.00000e+01      4.33061e-12
    2.29257e+00      1.11904e-04      1.00000e+01      4.17765e-12
    2.32209e+00      1.08175e-04      1.00000e+01      4.02812e-12
    2.35199e+00      1.04529e-04      1.00000e+01      3.88188e-12
    2.38227e+00      1.00961e-04      1.00000e+01      3.73895e-12
    2.41295e+00      9.74780e-05      1.00000e+01      3.59915e-12
    2.44401e+00      9.40768e-05      1.00000e+01      3.46266e-12
    2.47548e+00      9.07573e-05      1.00000e+01      3.32945e-12
    2.50736e+00      8.75203e-05      1.00000e+01      3.19941e-12
    2.53964e+00      8.43622e-05      1.00000e+01      3.07252e-12
    2.57234e+00      8.12877e-05      1.00000e+01      2.94862e-12
    2.60546e+00      7.82949e-05      1.00000e+01      2.82791e-12
    2.63901e+00      7.53821e-05      1.00000e+01      2.71035e-12
    2.67298e+00      7.25485e-05      1.00000e+01      2.59566e-12
    2.70740e+00      6.97943e-05      1.00000e+01      2.48395e-12
    2.74226e+00      6.71197e-05      1.00000e+01      2.37521e-12
    2.77757e+00      6.45346e-05      1.00000e+01      2.26988e-12
    2.81333e+00      6.20290e-05      1.00000e+01      2.16735e-12
    2.84955e+00      5.95995e-05      1.00000e+01      2.06775e-12
    2.88624e+00      5.72470e-05      1.00000e+01      1.97090e-12
    2.92341e+00      5.49681e-05      1.00000e+01      1.87682e-12
    2.96105e+00      5.27789e-05      1.00000e+01      1.78597e-12
    2.99917e+00      5.06630e-05      1.00000e+01      1.69782e-12
    3.03779e+00      4.86201e-05      1.00000e+01      1.61229e-12
    3.07690e+00      4.66504e-05      1.00000e+01      1.52948e-12
    3.11652e+00      4.47655e-05      1.00000e+01      1.44974e-12
    3.15665e+00      4.29477e-05      1.00000e+01      1.37250e-12
    3.19729e+00      4.11989e-05      1.00000e+01      1.29765e-12
    3.23846e+00      3.95318e-05      1.00000e+01      1.22588e-12
    3.28015e+00      3.79308e-05      1.00000e+01      1.15645e-12
    3.32239e+00      3.63973e-05      1.00000e+01      1.08971e-12
    3.36517e+00      3.49369e-05      1.00000e+01      1.02540e-12
    3.40849e+00      3.35375e-05      1.00000e+01      9.63406e-13
    3.45238e+00      3.22125e-05      1.00000e+01      9.04335e-13
    3.49683e+00      3.09452e-05      1.00000e+01      8.47194e-13
    3.54186e+00      2.97464e-05      1.00000e+01      7.92744e-13
    3.58746e+00      2.86051e-05      1.00000e+01      7.40437e-13
    3.63365e+00      2.75299e-05      1.00000e+01      6.90578e-13
    3.68044e+00      2.65060e-05      1.00000e+01      6.42763e-13
    3.72783e+00      2.55482e-05      1.00000e+01      5.97407e-13
    3.77582e+00      2.46406e-05      1.00000e+01      5.54047e-13
    3.82444e+00      2.37895e-05      1.00000e+01      5.12875e-13
    3.87368e+00      2.29914e-05      1.00000e+01      4.73764e-13
    3.92356e+00      2.22406e-05      1.00000e+01      4.36611e-13
    3.97408e+00      2.15441e-05      1.00000e+01      4.01554e-13
    4.02525e+00      2.08929e-05      1.00000e+01      3.68427e-13
    4.07708e+00      2.02860e-05      1.00000e+01      3.37067e-13
    4.12957e+00      1.97239e-05      1.00000e+01      3.07642e-13
    4.18274e+00      1.92063e-05      1.00000e+01      2.79997e-13
    4.23660e+00      1.87253e-05      1.00000e+01      2.54146e-13
    4.29115e+00      1.82853e-05      1.00000e+01      2.29796e-13
    4.34640e+00      1.78781e-05      1.00000e+01      2.07214e-13
    4.40236e+00      1.75108e-05      1.00000e+01      1.86173e-13
    4.45905e+00      1.71735e-05      1.00000e+01      1.66717e-13
    4.51646e+00      1.68680e-05      1.00000e+01      1.48678e-13
    4.57461e+00      1.65915e-05      1.00000e+01      1.32041e-13
    4.63351e+00      1.63420e-05      1.00000e+01      1.16775e-13
    4.69317e+00      1.61183e-05      1.00000e+01      1.02783e-13
    4.75360e+00      1.59184e-05      1.00000e+01      9.00251e-14
    4.81481e+00      1.57404e-05      1.00000e+01      7.84806e-14
    4.87680e+00      1.55828e-05      1.00000e+01      6.80061e-14
    4.93960e+00      1.54439e-05      1.00000e+01      5.85968e-14
    5.00320e+00      1.53219e-05      1.00000e+01      5.02173e-14
    5.06762e+00      1.52154e-05      1.00000e+01      4.27237e-14
    5.13287e+00      1.51229e-05      1.00000e+01      3.61402e-14
    5.19896e+00      1.50432e-05      1.00000e+01      3.03751e-14
    5.26590e+00      1.49744e-05      1.00000e+01      2.53362e-14
    5.33370e+00      1.49156e-05      1.00000e+01      2.09974e-14
    5.40238e+00      1.48650e-05      1.00000e+01      1.72647e-14
    5.47194e+00      1.48224e-05      1.00000e+01      1.41333e-14
    5.54239e+00      1.47860e-05      1.00000e+01      1.14948e-14
    5.61375e+00      1.47551e-05      1.00000e+01      9.29905e-15
    5.68604e+00      1.47289e-05      1.00000e+01      7.49100e-15
    5.75925e+00      1.47065e-05      1.00000e+01      6.02156e-15
    5.83340e+00      1.46873e-05      1.00000e+01      4.84123e-15
    5.90851e+00      1.46707e-05      1.00000e+01      3.90276e-15
    5.98459e+00      1.46561e-05      1.00000e+01      3.15837e-15
    6.06165e+00      1.46433e-05      1.00000e+01      2.56954e-15
    6.13970e+00      1.46318e-05      1.00000e+01      2.10828e-15
    6.21875e+00      1.46213e-05      1.00000e+01      1.74950e-15
    6.29882e+00      1.46116e-05      1.00000e+01      1.46761e-15
    6.37992e+00      1.46026e-05      1.00000e+01      1.24543e-15
    6.46207e+00      1.45940e-05      1.00000e+01      1.07025e-15
    6.54527e+00      1.45858e-05      1.00000e+01      9.30643e-16
    6.62955e+00      1.45779e-05      1.00000e+01      8.18051e-16
    6.71491e+00      1.45702e-05      1.00000e+01      7.25964e-16
    6.80137e+00      1.45626e-05      1.00000e+01      6.49371e-16
    6.88895e+00      1.45552e-05      1.00000e+01      5.84726e-16
    6.97765e+00      1.45478e-05      1.00000e+01      5.29070e-16
    7.06749e+00      1.45405e-05      1.00000e+01      4.80100e-16
    7.15849e+00      1.45333e-05      1.00000e+01      4.36388e-16
    7.25066e+00      1.45261e-05      1.00000e+01      3.97142e-16
    7.34402e+00      1.45189e-05      1.00000e+01      3.61199e-16
    7.43858e+00      1.45118e-05      1.00000e+01      3.27931e-16
    7.53436e+00      1.45046e-05      1.00000e+01      2.97148e-16
    7.63137e+00      1.44975e-05      1.00000e+01      2.68454e-16
    7.72963e+00      1.44903e-05      1.00000e+01      2.41512e-16
    7.82916e+00      1.44832e-05      1.00000e+01      2.16242e-16
    7.92997e+00      1.44761e-05      1.00000e+01      1.92538e-16
    8.03207e+00      1.44689e-05      1.00000e+01      1.70768e-16
    8.13549e+00      1.44618e-05      1.00000e+01      1.50673e-16
    8.24024e+00      1.44546e-05      1.00000e+01      1.32027e-16
    8.34634e+00      1.44474e-05      1.00000e+01      1.14851e-16
    8.45381e+00      1.44402e-05      1.00000e+01      9.90310e-17
    8.56266e+00      1.44329e-05      1.00000e+01      8.46928e-17
    8.67291e+00      1.44256e-05      1.00000e+01      7.18303e-17
    8.78458e+00      1.44182e-05      1.00000e+01      6.02728e-17
    8.89769e+00      1.44107e-05      1.00000e+01      4.98502e-17
    9.01226e+00      1.44032e-05      1.00000e+01      4.06738e-17
    9.12830e+00      1.43957e-05      1.00000e+01      3.26885e-17
    9.24583e+00      1.43881e-05      1.00000e+01      2.56969e-17
    9.36488e+00      1.43804e-05      1.00000e+01      1.97732e-17
    9.48546e+00      1.43726e-05      1.00000e+01      1.48228e-17
    9.60760e+00      1.43648e-05      1.00000e+01      1.07082e-17
    9.73131e+00      1.43569e-05      1.00000e+01      7.42076e-18
    9.85660e+00      1.43490e-05      1.00000e+01      4.91806e-18
    9.98352e+00      1.43409e-05      1.00000e+01      3.05914e-18
    1.01121e+01      1.43328e-05      1.00000e+01      1.80761e-18
    1.02423e+01      1.43246e-05      1.00000e+01      1.11873e-18
    1.03741e+01      1.43162e-05      1.00000e+01      8.81409e-19
    1.05077e+01      1.43078e-05      1.00000e+01      6.98389e-19
    1.06430e+01      1.42993e-05      1.00000e+01      5.37237e-19
    1.07801e+01      1.42906e-05      1.00000e+01      3.97843e-19
    1.09189e+01      1.42819e-05      1.00000e+01      2.79768e-19
    1.10595e+01      1.42730e-05      1.00000e+01      1.82751e-19
    1.12019e+01      1.42641e-05      1.00000e+01      1.06715e-19
    1.13461e+01      1.42551e-05      1.00000e+01      5.11776e-20
    1.14922e+01      1.42460e-05      1.00000e+01      1.59249e-20
    1.16402e+01      1.42368e-05      1.00000e+01      7.29607e-22
    1.17900e+01      1.42275e-05      1.00000e+01      9.49136e-191
    1.19418e+01      1.42180e-05      1.00000e+01      9.25477e-191
    1.20956e+01      1.42085e-05      1.00000e+01      9.02119e-191
    1.22513e+01      1.41988e-05      1.00000e+01      8.79058e-191
    1.24091e+01      1.41891e-05      1.00000e+01      8.56289e-191
    1.25689e+01      1.41792e-05      1.00000e+01      8.33808e-191
    1.27307e+01      1.41692e-05      1.00000e+01      8.11613e-191
    1.28946e+01      1.41591e-05      1.00000e+01      7.89701e-191
    1.30607e+01      1.41489e-05      1.00000e+01      7.68065e-191
    1.32288e+01      1.41386e-05      1.00000e+01      7.46706e-191
    1.33992e+01      1.41282e-05      1.00000e+01      7.25617e-191
    1.35717e+01      1.41176e-05      1.00000e+01      7.04795e-191
    1.37464e+01      1.41069e-05      1.00000e+01      6.84240e-191
    1.39234e+01      1.40961e-05      1.00000e+01      6.63945e-191
    1.41027e+01      1.40850e-05      1.00000e+01      6.43908e-191
    1.42843e+01      1.40739e-05      1.00000e+01      6.24125e-191
    1.44682e+01      1.40627e-05      1.00000e+01      6.04593e-191
    1.46545e+01      1.40514e-05      1.00000e+01      5.85309e-191
    1.48432e+01      1.40400e-05      1.00000e+01      5.66269e-191
    1.50343e+01      1.40284e-05      1.00000e+01      5.47473e-191
    1.52279e+01      1.40166e-05      1.00000e+01      5.28915e-191
    1.54240e+01      1.40047e-05      1.00000e+01      5.10592e-191
    1.56226e+01      1.39927e-05      1.00000e+01      4.92502e-191
    1.58237e+01      1.39805e-05      1.00000e+01      4.74642e-191
    1.60275e+01      1.39682e-05      1.00000e+01      4.57009e-191
    1.62338e+01      1.39558e-05      1.00000e+01      4.39599e-191
    1.64429e+01      1.39433e-05      1.00000e+01      4.22411e-191
    1.66546e+01      1.39305e-05      1.00000e+01      4.05441e-191
    1.68690e+01      1.39177e-05      1.00000e+01      3.88687e-191
    1.70862e+01      1.39046e-05      1.00000e+01      3.72146e-191
    1.73062e+01      1.38914e-05      1.00000e+01      3.55815e-191
    1.75291e+01      1.38781e-05      1.00000e+01      3.39690e-191
    1.77548e+01      1.38647e-05      1.00000e+01      3.23771e-191
    1.79834e+01      1.38511e-05      1.00000e+01      3.08054e-191
    1.82149e+01      1.38374e-05      1.00000e+01      2.92537e-191
    1.84495e+01      1.38235e-05      1.00000e+01      2.77217e-191
    1.86870e+01      1.38094e-05      1.00000e+01      2.62091e-191
    1.89276e+01      1.37952e-05      1.00000e+01      2.47157e-191
    1.91714e+01      1.37809e-05      1.00000e+01      2.32414e-191
    1.94182e+01      1.37663e-05      1.00000e+01      2.17858e-191
    1.96682e+01      1.37516e-05      1.00000e+01      2.03486e-191
    1.99215e+01      1.37368e-05      1.00000e+01      1.89297e-191
    2.01780e+01      1.37218e-05      1.00000e+01      1.75289e-191
    2.04378e+01      1.37066e-05      1.00000e+01      1.61457e-191
    2.07010e+01      1.36913e-05      1.00000e+01      1.47803e-191
    2.09675e+01      1.36758e-05      1.00000e+01      1.34321e-191
    2.12375e+01      1.36601e-05      1.00000e+01      1.21010e-191
    2.15109e+01      1.36442e-05      1.00000e+01      1.07869e-191
    2.17879e+01      1.36282e-05      1.00000e+01      9.48947e-192
    2.20685e+01      1.36120e-05      1.00000e+01      8.20849e-192
    2.23526e+01      1.35956e-05      1.00000e+01      6.94381e-192
    2.26404e+01      1.35791e-05      1.00000e+01      5.69519e-192
    2.29319e+01      1.35623e-05      1.00000e+01      4.46243e-192
    2.32272e+01      1.35454e-05      1.00000e+01      3.24531e-192
    2.35263e+01      1.35282e-05      1.00000e+01      2.04366e-192
    2.38292e+01      1.35109e-05      1.00000e+01      8.57281e-193
    2.41360e+01      1.34934e-05      1.00000e+01      -3.14009e-193
    2.44468e+01      1.34757e-05      1.00000e+01      -1.47042e-192
    2.47616e+01      1.34578e-05      1.00000e+01      -2.61218e-192
    2.50804e+01      1.34398e-05      1.00000e+01      -3.73940e-192
    2.54034e+01      1.34215e-05      1.00000e+01      -4.85234e-192
    2.57304e+01      1.34031e-05      1.00000e+01      -5.95111e-192
    2.60618e+01      1.33844e-05      1.00000e+01      -7.03593e-192
    2.63973e+01      1.33655e-05      1.00000e+01      -8.10698e-192
    2.67372e+01      1.33465e-05      1.00000e+01      -9.16441e-192
    2.70815e+01      1.33272e-05      1.00000e+01      -1.02084e-191
    2.74302e+01      1.33078e-05      1.00000e+01      -1.12392e-191
    2.77834e+01      1.32881e-05      1.00000e+01      -1.22568e-191
    2.81411e+01      1.32681e-05      1.00000e+01      -1.32615e-191
    2.85035e+01      1.32480e-05      1.00000e+01      -1.42535e-191
    2.88705e+01      1.32276e-05      1.00000e+01      -1.52328e-191
    2.92422e+01      1.32070e-05      1.00000e+01      -1.61998e-191
    2.96187e+01      1.31862e-05      1.00000e+01      -1.71544e-191
    3.00001e+01      1.31652e-05      1.00000e+01      -1.80969e-191
