    Er (keV)         SM dN/dE         BG dN/dE        BSM dN/dE (events/kg/day/keV)
    2.01000e-02      1.19112e-01      1.00000e+01      5.30999e+00
    2.04064e-02      1.18131e-01      1.00000e+01      5.30999e+00
    2.07174e-02      1.17135e-01      1.00000e+01      5.30999e+00
    2.10332e-02      1.16123e-01      1.00000e+01      5.30999e+00
    2.13539e-02      1.15096e-01      1.00000e+01      5.30999e+00
    2.16794e-02      1.14054e-01      1.00000e+01      5.30999e+00
    2.20100e-02      1.12995e-01      1.00000e+01      5.30999e+00
    2.23456e-02      1.11920e-01      1.00000e+01      5.30999e+00
    2.26864e-02      1.10829e-01      1.00000e+01      5.30999e+00
    2.30323e-02      1.09721e-01      1.00000e+01      5.30999e+00
    2.33836e-02      1.08595e-01      1.00000e+01      5.30999e+00
    2.37403e-02      1.07453e-01      1.00000e+01      5.30999e+00
    2.41024e-02      1.06293e-01      1.00000e+01      5.30999e+00
    2.44701e-02      1.05116e-01      1.00000e+01      5.30999e+00
    2.48434e-02      1.03920e-01      1.00000e+01      5.30999e+00
    2.52224e-02      1.02706e-01      1.00000e+01      5.30999e+00
    2.56072e-02      1.01474e-01      1.00000e+01      5.30998e+00
    2.59979e-02      1.00222e-01      1.00000e+01      5.30998e+00
    2.63946e-02      9.89517e-02      1.00000e+01      5.30998e+00
    2.67974e-02      9.76616e-02      1.00000e+01      5.30998e+00
    2.72064e-02      9.63518e-02      1.00000e+01      5.30998e+00
    2.76216e-02      9.50220e-02      1.00000e+01      5.30998e+00
    2.80431e-02      9.36719e-02      1.00000e+01      5.30998e+00
    2.84712e-02      9.23011e-02      1.00000e+01      5.30997e+00
    2.89058e-02      9.09093e-02      1.00000e+01      5.30997e+00
    2.93470e-02      8.94961e-02      1.00000e+01      5.30997e+00
    2.97950e-02      8.80613e-02      1.00000e+01      5.30996e+00
    3.02499e-02      8.66046e-02      1.00000e+01      5.30996e+00
    3.07117e-02      8.51255e-02      1.00000e+01      5.30996e+00
    3.11806e-02      8.36238e-02      1.00000e+01      5.30995e+00
    3.16567e-02      8.20990e-02      1.00000e+01      5.30995e+00
    3.21401e-02      8.05509e-02      1.00000e+01      5.30995e+00
    3.26309e-02      7.89791e-02      1.00000e+01      5.30994e+00
    3.31292e-02      7.73833e-02      1.00000e+01      5.30994e+00
    3.36351e-02      7.57629e-02      1.00000e+01      5.30993e+00
    3.41488e-02      7.41178e-02      1.00000e+01      5.30993e+00
    3.46704e-02      7.24474e-02      1.00000e+01      5.30993e+00
    3.51999e-02      7.07515e-02      1.00000e+01      5.30992e+00
    3.57376e-02      6.90296e-02      1.00000e+01      5.30992e+00
    3.62835e-02      6.72814e-02      1.00000e+01      5.30992e+00
    3.68377e-02      6.55065e-02      1.00000e+01      5.30991e+00
    3.74005e-02      6.37044e-02      1.00000e+01      5.30991e+00
    3.79718e-02      6.18746e-02      1.00000e+01      5.30991e+00
    3.85520e-02      6.00169e-02      1.00000e+01      5.30991e+00
    3.91410e-02      5.81307e-02      1.00000e+01      5.30991e+00
    3.97390e-02      5.62155e-02      1.00000e+01      5.30991e+00
    4.03462e-02      5.42711e-02      1.00000e+01      5.30990e+00
    4.09627e-02      5.22969e-02      1.00000e+01      5.30990e+00
    4.15886e-02      5.02924e-02      1.00000e+01      5.30990e+00
    4.22241e-02      4.82572e-02      1.00000e+01      5.30990e+00
    4.28694e-02      4.61909e-02      1.00000e+01      5.30990e+00
    4.35245e-02      4.40929e-02      1.00000e+01      5.30990e+00
    4.41897e-02      4.19628e-02      1.00000e+01      5.30989e+00
    4.48651e-02      3.98002e-02      1.00000e+01      5.30989e+00
    4.55508e-02      3.76044e-02      1.00000e+01      5.30988e+00
    4.62470e-02      3.53751e-02      1.00000e+01      5.30987e+00
    4.69539e-02      3.31115e-02      1.00000e+01      5.30987e+00
    4.76716e-02      3.08133e-02      1.00000e+01      5.30986e+00
    4.84003e-02      2.84799e-02      1.00000e+01      5.30986e+00
    4.91401e-02      2.61108e-02      1.00000e+01      5.30985e+00
    4.98913e-02      2.37054e-02      1.00000e+01      5.30984e+00
    5.06540e-02      2.12631e-02      1.00000e+01      5.30984e+00
    5.14284e-02      1.87834e-02      1.00000e+01      5.30983e+00
    5.22146e-02      1.62657e-02      1.00000e+01      5.30982e+00
    5.30129e-02      1.48870e-02      1.00000e+01      5.30982e+00
    5.38235e-02      1.36624e-02      1.00000e+01      5.30981e+00
    5.46464e-02      1.24189e-02      1.00000e+01      5.30980e+00
    5.54819e-02      1.11565e-02      1.00000e+01      5.30979e+00
    5.63303e-02      9.87470e-03      1.00000e+01      5.30978e+00
    5.71916e-02      8.57327e-03      1.00000e+01      5.30977e+00
    5.80661e-02      7.25190e-03      1.00000e+01      5.30976e+00
    5.89540e-02      5.91030e-03      1.00000e+01      5.30975e+00
    5.98556e-02      4.54814e-03      1.00000e+01      5.30974e+00
    6.07709e-02      3.34997e-03      1.00000e+01      5.30973e+00
    6.17002e-02      3.31945e-03      1.00000e+01      5.30972e+00
    6.26438e-02      3.28847e-03      1.00000e+01      5.30971e+00
    6.36019e-02      3.25701e-03      1.00000e+01      5.30970e+00
    6.45746e-02      3.22507e-03      1.00000e+01      5.30969e+00
    6.55622e-02      3.19264e-03      1.00000e+01      5.30968e+00
    6.65650e-02      3.15972e-03      1.00000e+01      5.30967e+00
    6.75831e-02      3.12629e-03      1.00000e+01      5.30966e+00
    6.86168e-02      3.09234e-03      1.00000e+01      5.30965e+00
    6.96663e-02      3.05788e-03      1.00000e+01      5.30963e+00
    7.07319e-02      3.02290e-03      1.00000e+01      5.30962e+00
    7.18138e-02      2.98738e-03      1.00000e+01      5.30961e+00
    7.29124e-02      2.95131e-03      1.00000e+01      5.30960e+00
    7.40277e-02      2.91469e-03      1.00000e+01      5.30958e+00
    7.51601e-02      2.87751e-03      1.00000e+01      5.30957e+00
    7.63099e-02      2.83976e-03      1.00000e+01      5.30956e+00
    7.74773e-02      2.80144e-03      1.00000e+01      5.30955e+00
    7.86625e-02      2.76253e-03      1.00000e+01      5.30954e+00
    7.98659e-02      2.72302e-03      1.00000e+01      5.30952e+00
    8.10878e-02      2.68291e-03      1.00000e+01      5.30951e+00
    8.23283e-02      2.64219e-03      1.00000e+01      5.30950e+00
    8.35879e-02      2.60084e-03      1.00000e+01      5.30949e+00
    8.48668e-02      2.55886e-03      1.00000e+01      5.30948e+00
    8.61652e-02      2.51624e-03      1.00000e+01      5.30947e+00
    8.74836e-02      2.47297e-03      1.00000e+01      5.30945e+00
    8.88221e-02      2.42903e-03      1.00000e+01      5.30943e+00
    9.01812e-02      2.38442e-03      1.00000e+01      5.30941e+00
    9.15610e-02      2.33913e-03      1.00000e+01      5.30939e+00
    9.29620e-02      2.29314e-03      1.00000e+01      5.30938e+00
    9.43845e-02      2.24646e-03      1.00000e+01      5.30936e+00
    9.58287e-02      2.19906e-03      1.00000e+01      5.30934e+00
    9.72951e-02      2.15093e-03      1.00000e+01      5.30932e+00
    9.87839e-02      2.10207e-03      1.00000e+01      5.30929e+00
    1.00296e-01      2.05246e-03      1.00000e+01      5.30927e+00
    1.01830e-01      2.00209e-03      1.00000e+01      5.30925e+00
    1.03389e-01      1.95095e-03      1.00000e+01      5.30923e+00
    1.04971e-01      1.89903e-03      1.00000e+01      5.30921e+00
    1.06577e-01      1.84632e-03      1.00000e+01      5.30919e+00
    1.08208e-01      1.79279e-03      1.00000e+01      5.30917e+00
    1.09864e-01      1.73845e-03      1.00000e+01      5.30915e+00
    1.11546e-01      1.68328e-03      1.00000e+01      5.30913e+00
    1.13253e-01      1.62727e-03      1.00000e+01      5.30911e+00
    1.14986e-01      1.57039e-03      1.00000e+01      5.30909e+00
    1.16746e-01      1.51265e-03      1.00000e+01      5.30907e+00
    1.18533e-01      1.45403e-03      1.00000e+01      5.30905e+00
    1.20347e-01      1.39451e-03      1.00000e+01      5.30902e+00
    1.22189e-01      1.33408e-03      1.00000e+01      5.30900e+00
    1.24059e-01      1.27272e-03      1.00000e+01      5.30897e+00
    1.25958e-01      1.21042e-03      1.00000e+01      5.30895e+00
    1.27885e-01      1.14718e-03      1.00000e+01      5.30893e+00
    1.29843e-01      1.08297e-03      1.00000e+01      5.30890e+00
    1.31830e-01      1.01777e-03      1.00000e+01      5.30887e+00
    1.33848e-01      9.51578e-04      1.00000e+01      5.30885e+00
    1.35897e-01      8.84372e-04      1.00000e+01      5.30882e+00
    1.37977e-01      8.16142e-04      1.00000e+01      5.30880e+00
    1.40089e-01      7.46868e-04      1.00000e+01      5.30877e+00
    1.42233e-01      6.76532e-04      1.00000e+01      5.30875e+00
    1.44410e-01      6.05530e-04      1.00000e+01      5.30872e+00
    1.46621e-01      5.34944e-04      1.00000e+01      5.30869e+00
    1.48865e-01      4.63276e-04      1.00000e+01      5.30867e+00
    1.51144e-01      3.90510e-04      1.00000e+01      5.30864e+00
    1.53458e-01      3.31987e-04      1.00000e+01      5.30861e+00
    1.55807e-01      2.87259e-04      1.00000e+01      5.30857e+00
    1.58192e-01      2.41846e-04      1.00000e+01      5.30853e+00
    1.60614e-01      1.96077e-04      1.00000e+01      5.30850e+00
    1.63072e-01      1.95813e-04      1.00000e+01      5.30847e+00
    1.65569e-01      1.95545e-04      1.00000e+01      5.30844e+00
    1.68104e-01      1.95273e-04      1.00000e+01      5.30840e+00
    1.70677e-01      1.94999e-04      1.00000e+01      5.30837e+00
    1.73290e-01      1.94721e-04      1.00000e+01      5.30834e+00
    1.75943e-01      1.94439e-04      1.00000e+01      5.30831e+00
    1.78636e-01      1.94154e-04      1.00000e+01      5.30827e+00
    1.81371e-01      1.93867e-04      1.00000e+01      5.30824e+00
    1.84148e-01      1.93575e-04      1.00000e+01      5.30821e+00
    1.86967e-01      1.93279e-04      1.00000e+01      5.30817e+00
    1.89830e-01      1.92980e-04      1.00000e+01      5.30814e+00
    1.92736e-01      1.92677e-04      1.00000e+01      5.30811e+00
    1.95687e-01      1.92371e-04      1.00000e+01      5.30807e+00
    1.98683e-01      1.92062e-04      1.00000e+01      5.30804e+00
    2.01724e-01      1.91747e-04      1.00000e+01      5.30801e+00
    2.04813e-01      1.91431e-04      1.00000e+01      5.30797e+00
    2.07949e-01      1.91111e-04      1.00000e+01      5.30794e+00
    2.11132e-01      1.90786e-04      1.00000e+01      5.30791e+00
    2.14365e-01      1.90459e-04      1.00000e+01      5.30787e+00
    2.17647e-01      1.90127e-04      1.00000e+01      5.30784e+00
    2.20980e-01      1.89791e-04      1.00000e+01      5.30781e+00
    2.24363e-01      1.89452e-04      1.00000e+01      5.30777e+00
    2.27798e-01      1.89108e-04      1.00000e+01      5.30774e+00
    2.31286e-01      1.88761e-04      1.00000e+01      5.30770e+00
    2.34827e-01      1.88409e-04      1.00000e+01      5.30767e+00
    2.38423e-01      1.88054e-04      1.00000e+01      5.30763e+00
    2.42074e-01      1.87694e-04      1.00000e+01      5.30759e+00
    2.45780e-01      1.87330e-04      1.00000e+01      5.30747e+00
    2.49543e-01      1.86962e-04      1.00000e+01      5.30725e+00
    2.53364e-01      1.86590e-04      1.00000e+01      5.30708e+00
    2.57244e-01      1.86214e-04      1.00000e+01      5.30704e+00
    2.61183e-01      1.85833e-04      1.00000e+01      5.30700e+00
    2.65182e-01      1.85449e-04      1.00000e+01      5.30696e+00
    2.69242e-01      1.85060e-04      1.00000e+01      5.30691e+00
    2.73365e-01      1.84668e-04      1.00000e+01      5.30687e+00
    2.77551e-01      1.84269e-04      1.00000e+01      5.30682e+00
    2.81801e-01      1.83868e-04      1.00000e+01      5.30678e+00
    2.86116e-01      1.83461e-04      1.00000e+01      5.30673e+00
    2.90497e-01      1.83051e-04      1.00000e+01      5.30668e+00
    2.94946e-01      1.82635e-04      1.00000e+01      5.30663e+00
    2.99462e-01      1.82216e-04      1.00000e+01      5.30658e+00
    3.04048e-01      1.81791e-04      1.00000e+01      5.30653e+00
    3.08703e-01      1.81363e-04      1.00000e+01      5.30648e+00
    3.13431e-01      1.80929e-04      1.00000e+01      5.30642e+00
    3.18230e-01      1.80490e-04      1.00000e+01      5.30637e+00
    3.23103e-01      1.80048e-04      1.00000e+01      5.30631e+00
    3.28051e-01      1.79601e-04      1.00000e+01      5.30625e+00
    3.33075e-01      1.79149e-04      1.00000e+01      5.30620e+00
    3.38175e-01      1.78692e-04      1.00000e+01      5.30614e+00
    3.43354e-01      1.78230e-04      1.00000e+01      5.30608e+00
    3.48612e-01      1.77764e-04      1.00000e+01      5.30601e+00
    3.53950e-01      1.77292e-04      1.00000e+01      5.30595e+00
    3.59370e-01      1.76815e-04      1.00000e+01      5.30589e+00
    3.64874e-01      1.76334e-04      1.00000e+01      5.30582e+00
    3.70461e-01      1.75847e-04      1.00000e+01      5.30575e+00
    3.76134e-01      1.75355e-04      1.00000e+01      5.30569e+00
    3.81894e-01      1.74859e-04      1.00000e+01      5.30561e+00
    3.87743e-01      1.74357e-04      1.00000e+01      5.30554e+00
    3.93681e-01      1.73851e-04      1.00000e+01      5.30547e+00
    3.99710e-01      1.73340e-04      1.00000e+01      5.30540e+00
    4.05831e-01      1.72823e-04      1.00000e+01      5.30532e+00
    4.12046e-01      1.72300e-04      1.00000e+01      5.30525e+00
    4.18356e-01      1.71773e-04      1.00000e+01      5.30518e+00
    4.24763e-01      1.71241e-04      1.00000e+01      5.30510e+00
    4.31268e-01      1.70704e-04      1.00000e+01      5.30502e+00
    4.37872e-01      1.70161e-04      1.00000e+01      5.30494e+00
    4.44578e-01      1.69612e-04      1.00000e+01      5.30486e+00
    4.51386e-01      1.69058e-04      1.00000e+01      5.30477e+00
    4.58299e-01      1.68499e-04      1.00000e+01      5.30469e+00
    4.65318e-01      1.67934e-04      1.00000e+01      5.30460e+00
    4.72444e-01      1.67364e-04      1.00000e+01      5.30451e+00
    4.79679e-01      1.66788e-04      1.00000e+01      5.30442e+00
    4.87026e-01      1.66207e-04      1.00000e+01      5.30433e+00
    4.94484e-01      1.65620e-04      1.00000e+01      5.30424e+00
    5.02057e-01      1.65028e-04      1.00000e+01      5.30415e+00
    5.09746e-01      1.64430e-04      1.00000e+01      5.30406e+00
    5.17553e-01      1.63826e-04      1.00000e+01      5.30396e+00
    5.25479e-01      1.63218e-04      1.00000e+01      5.30386e+00
    5.33527e-01      1.62603e-04      1.00000e+01      5.30376e+00
    5.41698e-01      1.61983e-04      1.00000e+01      5.30366e+00
    5.49994e-01      1.61358e-04      1.00000e+01      5.30356e+00
    5.58417e-01      1.60728e-04      1.00000e+01      5.30345e+00
    5.66970e-01      1.60092e-04      1.00000e+01      5.30334e+00
    5.75653e-01      1.59450e-04      1.00000e+01      5.30324e+00
    5.84469e-01      1.58802e-04      1.00000e+01      5.30313e+00
    5.93421e-01      1.58148e-04      1.00000e+01      5.30303e+00
    6.02509e-01      1.57489e-04      1.00000e+01      5.30292e+00
    6.11737e-01      1.56824e-04      1.00000e+01      5.30281e+00
    6.21106e-01      1.56155e-04      1.00000e+01      5.30271e+00
    6.30618e-01      1.55479e-04      1.00000e+01      5.30260e+00
    6.40276e-01      1.54797e-04      1.00000e+01      5.30249e+00
    6.50083e-01      1.54109e-04      1.00000e+01      5.30238e+00
    6.60039e-01      1.53415e-04      1.00000e+01      5.30227e+00
    6.70148e-01      1.52715e-04      1.00000e+01      5.30215e+00
    6.80412e-01      1.52009e-04      1.00000e+01      5.30204e+00
    6.90833e-01      1.51298e-04      1.00000e+01      5.30192e+00
    7.01413e-01      1.50582e-04      1.00000e+01      5.30181e+00
    7.12156e-01      1.49859e-04      1.00000e+01      5.30169e+00
    7.23063e-01      1.49131e-04      1.00000e+01      5.30156e+00
    7.34137e-01      1.48397e-04      1.00000e+01      5.30144e+00
    7.45381e-01      1.47657e-04      1.00000e+01      5.30131e+00
    7.56798e-01      1.46912e-04      1.00000e+01      5.30118e+00
    7.68389e-01      1.46161e-04      1.00000e+01      5.30105e+00
    7.80157e-01      1.45405e-04      1.00000e+01      5.30092e+00
    7.92106e-01      1.44642e-04      1.00000e+01      5.30078e+00
    8.04238e-01      1.43874e-04      1.00000e+01      5.30063e+00
    8.16556e-01      1.43100e-04      1.00000e+01      5.30049e+00
    8.29062e-01      1.42320e-04      1.00000e+01      5.30034e+00
    8.41760e-01      1.41535e-04      1.00000e+01      5.30019e+00
    8.54653e-01      1.40745e-04      1.00000e+01      5.30003e+00
    8.67743e-01      1.39949e-04      1.00000e+01      5.29987e+00
    8.81033e-01      1.39147e-04      1.00000e+01      5.29970e+00
    8.94527e-01      1.38340e-04      1.00000e+01      5.29954e+00
    9.08228e-01      1.37527e-04      1.00000e+01      5.29936e+00
    9.22139e-01      1.36709e-04      1.00000e+01      5.29919e+00
    9.36262e-01      1.35885e-04      1.00000e+01      5.29901e+00
    9.50602e-01      1.35056e-04      1.00000e+01      5.29883e+00
    9.65162e-01      1.34221e-04      1.00000e+01      5.29865e+00
    9.79945e-01      1.33380e-04      1.00000e+01      5.29846e+00
    9.94954e-01      1.32535e-04      1.00000e+01      5.29827e+00
    1.01019e+00      1.31684e-04      1.00000e+01      5.29808e+00
    1.02567e+00      1.30828e-04      1.00000e+01      5.29789e+00
    1.04138e+00      1.29968e-04      1.00000e+01      5.29770e+00
    1.05733e+00      1.29102e-04      1.00000e+01      5.29750e+00
    1.07352e+00      1.28231e-04      1.00000e+01      5.29729e+00
    1.08996e+00      1.27355e-04      1.00000e+01      5.29708e+00
    1.10666e+00      1.26474e-04      1.00000e+01      5.29687e+00
    1.12361e+00      1.25587e-04      1.00000e+01      5.29666e+00
    1.14082e+00      1.24696e-04      1.00000e+01      5.29644e+00
    1.15829e+00      1.23800e-04      1.00000e+01      5.29621e+00
    1.17603e+00      1.22899e-04      1.00000e+01      5.29599e+00
    1.19404e+00      1.21993e-04      1.00000e+01      5.29576e+00
    1.21233e+00      1.21083e-04      1.00000e+01      5.29553e+00
    1.23090e+00      1.20169e-04      1.00000e+01      5.29531e+00
    1.24976e+00      1.19251e-04      1.00000e+01      5.29508e+00
    1.26890e+00      1.18328e-04      1.00000e+01      5.29485e+00
    1.28833e+00      1.17401e-04      1.00000e+01      5.29461e+00
    1.30807e+00      1.16469e-04      1.00000e+01      5.29437e+00
    1.32810e+00      1.15533e-04      1.00000e+01      5.29413e+00
    1.34844e+00      1.14593e-04      1.00000e+01      5.29387e+00
    1.36910e+00      1.13650e-04      1.00000e+01      5.29362e+00
    1.39007e+00      1.12702e-04      1.00000e+01      5.29336e+00
    1.41136e+00      1.11750e-04      1.00000e+01      5.29309e+00
    1.43298e+00      1.10793e-04      1.00000e+01      5.29283e+00
    1.45493e+00      1.09833e-04      1.00000e+01      5.29255e+00
    1.47721e+00      1.08871e-04      1.00000e+01      5.29227e+00
    1.49984e+00      1.07905e-04      1.00000e+01      5.29199e+00
    1.52281e+00      1.06937e-04      1.00000e+01      5.29170e+00
    1.54613e+00      1.05965e-04      1.00000e+01      5.29140e+00
    1.56982e+00      1.04990e-04      1.00000e+01      5.29110e+00
    1.59386e+00      1.04012e-04      1.00000e+01      5.29080e+00
    1.61827e+00      1.03032e-04      1.00000e+01      5.29048e+00
    1.64306e+00      1.02048e-04      1.00000e+01      5.29016e+00
    1.66823e+00      1.01062e-04      1.00000e+01      5.28984e+00
    1.69378e+00      1.00073e-04      1.00000e+01      5.28951e+00
    1.71972e+00      9.90825e-05      1.00000e+01      5.28918e+00
    1.74607e+00      9.80897e-05      1.00000e+01      5.28884e+00
    1.77281e+00      9.70946e-05      1.00000e+01      5.28850e+00
    1.79996e+00      9.60975e-05      1.00000e+01      5.28816e+00
    1.82753e+00      9.50990e-05      1.00000e+01      5.28781e+00
    1.85553e+00      9.40987e-05      1.00000e+01      5.28745e+00
    1.88395e+00      9.30968e-05      1.00000e+01      5.28708e+00
    1.91280e+00      9.20935e-05      1.00000e+01      5.28671e+00
    1.94210e+00      9.10892e-05      1.00000e+01      5.28633e+00
    1.97185e+00      9.00851e-05      1.00000e+01      5.28596e+00
    2.00205e+00      8.90799e-05      1.00000e+01      5.28558e+00
    2.03272e+00      8.80739e-05      1.00000e+01      5.28519e+00
    2.06386e+00      8.70669e-05      1.00000e+01      5.28479e+00
    2.09547e+00      8.60594e-05      1.00000e+01      5.28438e+00
    2.12756e+00      8.50515e-05      1.00000e+01      5.28397e+00
    2.16015e+00      8.40435e-05      1.00000e+01      5.28355e+00
    2.19324e+00      8.30367e-05      1.00000e+01      5.28312e+00
    2.22684e+00      8.20316e-05      1.00000e+01      5.28269e+00
    2.26094e+00      8.10262e-05      1.00000e+01      5.28224e+00
    2.29558e+00      8.00210e-05      1.00000e+01      5.28179e+00
    2.33074e+00      7.90163e-05      1.00000e+01      5.28133e+00
    2.36644e+00      7.80137e-05      1.00000e+01      5.28086e+00
    2.40269e+00      7.70124e-05      1.00000e+01      5.28039e+00
    2.43949e+00      7.60128e-05      1.00000e+01      5.28015e+00
    2.47685e+00      7.50133e-05      1.00000e+01      5.27966e+00
    2.51479e+00      7.40171e-05      1.00000e+01      5.27915e+00
    2.55331e+00      7.30234e-05      1.00000e+01      5.27863e+00
    2.59242e+00      7.20322e-05      1.00000e+01      5.27810e+00
    2.63213e+00      7.10440e-05      1.00000e+01      5.27756e+00
    2.67245e+00      7.00582e-05      1.00000e+01      5.27702e+00
    2.71338e+00      6.90748e-05      1.00000e+01      5.27647e+00
    2.75495e+00      6.80949e-05      1.00000e+01      5.27590e+00
    2.79715e+00      6.71177e-05      1.00000e+01      5.27533e+00
    2.83999e+00      6.61444e-05      1.00000e+01      5.27475e+00
    2.88349e+00      6.51758e-05      1.00000e+01      5.27416e+00
    2.92766e+00      6.42106e-05      1.00000e+01      5.27356e+00
    2.97250e+00      6.32505e-05      1.00000e+01      5.27296e+00
    3.01803e+00      6.22947e-05      1.00000e+01      5.27234e+00
    3.06426e+00      6.13441e-05      1.00000e+01      5.27172e+00
    3.11120e+00      6.03976e-05      1.00000e+01      5.27108e+00
    3.15886e+00      5.94572e-05      1.00000e+01      5.27044e+00
    3.20724e+00      5.85229e-05      1.00000e+01      5.26979e+00
    3.25637e+00      5.75933e-05      1.00000e+01      5.26912e+00
    3.30625e+00      5.66698e-05      1.00000e+01      5.26844e+00
    3.35689e+00      5.57518e-05      1.00000e+01      5.26775e+00
    3.40831e+00      5.48399e-05      1.00000e+01      5.26704e+00
    3.46052e+00      5.39362e-05      1.00000e+01      5.26632e+00
    3.51352e+00      5.30394e-05      1.00000e+01      5.26559e+00
    3.56734e+00      5.21490e-05      1.00000e+01      5.26484e+00
    3.62198e+00      5.12654e-05      1.00000e+01      5.26408e+00
    3.67746e+00      5.03903e-05      1.00000e+01      5.26331e+00
    3.73379e+00      4.95228e-05      1.00000e+01      5.26252e+00
    3.79099e+00      4.86623e-05      1.00000e+01      5.26173e+00
    3.84905e+00      4.78109e-05      1.00000e+01      5.26095e+00
    3.90801e+00      4.69683e-05      1.00000e+01      5.26013e+00
    3.96787e+00      4.61344e-05      1.00000e+01      5.25929e+00
    4.02865e+00      4.53096e-05      1.00000e+01      5.25842e+00
    4.09036e+00      4.44931e-05      1.00000e+01      5.25757e+00
    4.15302e+00      4.36859e-05      1.00000e+01      5.25670e+00
    4.21663e+00      4.28878e-05      1.00000e+01      5.25582e+00
    4.28122e+00      4.21003e-05      1.00000e+01      5.25492e+00
    4.34680e+00      4.13229e-05      1.00000e+01      5.25400e+00
    4.41338e+00      4.05561e-05      1.00000e+01      5.25306e+00
    4.48098e+00      3.97993e-05      1.00000e+01      5.25210e+00
    4.54962e+00      3.90518e-05      1.00000e+01      5.25113e+00
    4.61931e+00      3.83160e-05      1.00000e+01      5.25013e+00
    4.69006e+00      3.75919e-05      1.00000e+01      5.24912e+00
    4.76190e+00      3.68782e-05      1.00000e+01      5.24809e+00
    4.83485e+00      3.61756e-05      1.00000e+01      5.24704e+00
    4.90890e+00      3.54837e-05      1.00000e+01      5.24598e+00
    4.98410e+00      3.48047e-05      1.00000e+01      5.24491e+00
    5.06044e+00      3.41380e-05      1.00000e+01      5.24382e+00
    5.13796e+00      3.34825e-05      1.00000e+01      5.24271e+00
    5.21666e+00      3.28387e-05      1.00000e+01      5.24158e+00
    5.29656e+00      3.22079e-05      1.00000e+01      5.24043e+00
    5.37769e+00      3.15886e-05      1.00000e+01      5.23927e+00
    5.46007e+00      3.09818e-05      1.00000e+01      5.23809e+00
    5.54370e+00      3.03884e-05      1.00000e+01      5.23689e+00
    5.62862e+00      2.98074e-05      1.00000e+01      5.23566e+00
    5.71484e+00      2.92393e-05      1.00000e+01      5.23441e+00
    5.80238e+00      2.86838e-05      1.00000e+01      5.23313e+00
    5.89125e+00      2.81409e-05      1.00000e+01      5.23183e+00
    5.98150e+00      2.76115e-05      1.00000e+01      5.23050e+00
    6.07312e+00      2.70955e-05      1.00000e+01      5.22914e+00
    6.16614e+00      2.65929e-05      1.00000e+01      5.22777e+00
    6.26059e+00      2.61027e-05      1.00000e+01      5.22637e+00
    6.35649e+00      2.56255e-05      1.00000e+01      5.22494e+00
    6.45386e+00      2.51624e-05      1.00000e+01      5.22348e+00
    6.55272e+00      2.47127e-05      1.00000e+01      5.22201e+00
    6.65309e+00      2.42758e-05      1.00000e+01      5.22051e+00
    6.75500e+00      2.38514e-05      1.00000e+01      5.21900e+00
    6.85847e+00      2.34421e-05      1.00000e+01      5.21746e+00
    6.96353e+00      2.30450e-05      1.00000e+01      5.21590e+00
    7.07019e+00      2.26608e-05      1.00000e+01      5.21431e+00
    7.17849e+00      2.22903e-05      1.00000e+01      5.21268e+00
    7.28845e+00      2.19321e-05      1.00000e+01      5.21102e+00
    7.40009e+00      2.15873e-05      1.00000e+01      5.20932e+00
    7.51345e+00      2.12553e-05      1.00000e+01      5.20758e+00
    7.62854e+00      2.09363e-05      1.00000e+01      5.20582e+00
    7.74539e+00      2.06296e-05      1.00000e+01      5.20403e+00
    7.86403e+00      2.03350e-05      1.00000e+01      5.20221e+00
    7.98449e+00      2.00534e-05      1.00000e+01      5.20036e+00
    8.10679e+00      1.97839e-05      1.00000e+01      5.19848e+00
    8.23097e+00      1.95264e-05      1.00000e+01      5.19656e+00
    8.35705e+00      1.92803e-05      1.00000e+01      5.19462e+00
    8.48506e+00      1.90459e-05      1.00000e+01      5.19264e+00
    8.61503e+00      1.88235e-05      1.00000e+01      5.19061e+00
    8.74700e+00      1.86116e-05      1.00000e+01      5.18855e+00
    8.88098e+00      1.84106e-05      1.00000e+01      5.18645e+00
    9.01702e+00      1.82211e-05      1.00000e+01      5.18431e+00
    9.15514e+00      1.80410e-05      1.00000e+01      5.18213e+00
    9.29537e+00      1.78717e-05      1.00000e+01      5.17992e+00
    9.43776e+00      1.77119e-05      1.00000e+01      5.17768e+00
    9.58232e+00      1.75621e-05      1.00000e+01      5.17540e+00
    9.72910e+00      1.74213e-05      1.00000e+01      5.17308e+00
    9.87813e+00      1.72896e-05      1.00000e+01      5.17071e+00
    1.00294e+01      1.71665e-05      1.00000e+01      5.16831e+00
    1.01831e+01      1.70516e-05      1.00000e+01      5.16587e+00
    1.03391e+01      1.69446e-05      1.00000e+01      5.16338e+00
    1.04974e+01      1.68456e-05      1.00000e+01      5.16086e+00
    1.06582e+01      1.67536e-05      1.00000e+01      5.15828e+00
    1.08215e+01      1.66683e-05      1.00000e+01      5.15566e+00
    1.09872e+01      1.65902e-05      1.00000e+01      5.15299e+00
    1.11555e+01      1.65174e-05      1.00000e+01      5.15027e+00
    1.13264e+01      1.64512e-05      1.00000e+01      5.14751e+00
    1.14999e+01      1.63898e-05      1.00000e+01      5.14463e+00
    1.16761e+01      1.63339e-05      1.00000e+01      5.14174e+00
    1.18549e+01      1.62827e-05      1.00000e+01      5.13885e+00
    1.20365e+01      1.62358e-05      1.00000e+01      5.13586e+00
    1.22209e+01      1.61928e-05      1.00000e+01      5.13281e+00
    1.24081e+01      1.61534e-05      1.00000e+01      5.12970e+00
    1.25982e+01      1.61174e-05      1.00000e+01      5.12653e+00
    1.27911e+01      1.60844e-05      1.00000e+01      5.12332e+00
    1.29871e+01      1.60541e-05      1.00000e+01      5.12005e+00
    1.31860e+01      1.60259e-05      1.00000e+01      5.11673e+00
    1.33880e+01      1.59999e-05      1.00000e+01      5.11333e+00
    1.35931e+01      1.59756e-05      1.00000e+01      5.10986e+00
    1.38013e+01      1.59527e-05      1.00000e+01      5.10632e+00
    1.40127e+01      1.59311e-05      1.00000e+01      5.10274e+00
    1.42273e+01      1.59105e-05      1.00000e+01      5.09909e+00
    1.44452e+01      1.58907e-05      1.00000e+01      5.09538e+00
    1.46665e+01      1.58715e-05      1.00000e+01      5.09160e+00
    1.48912e+01      1.58528e-05      1.00000e+01      5.08776e+00
    1.51193e+01      1.58343e-05      1.00000e+01      5.08384e+00
    1.53509e+01      1.58160e-05      1.00000e+01      5.07984e+00
    1.55860e+01      1.57978e-05      1.00000e+01      5.07577e+00
    1.58248e+01      1.57796e-05      1.00000e+01      5.07164e+00
    1.60672e+01      1.57614e-05      1.00000e+01      5.06743e+00
    1.63133e+01      1.57431e-05      1.00000e+01      5.06314e+00
    1.65632e+01      1.57246e-05      1.00000e+01      5.05878e+00
    1.68169e+01      1.57058e-05      1.00000e+01      5.05432e+00
    1.70745e+01      1.56870e-05      1.00000e+01      5.04980e+00
    1.73360e+01      1.56679e-05      1.00000e+01      5.04519e+00
    1.76016e+01      1.56485e-05      1.00000e+01      5.04048e+00
    1.78712e+01      1.56288e-05      1.00000e+01      5.03568e+00
    1.81449e+01      1.56090e-05      1.00000e+01      5.03080e+00
    1.84229e+01      1.55888e-05      1.00000e+01      5.02581e+00
    1.87051e+01      1.55684e-05      1.00000e+01      5.02074e+00
    1.89916e+01      1.55477e-05      1.00000e+01      5.01559e+00
    1.92825e+01      1.55268e-05      1.00000e+01      5.01035e+00
    1.95779e+01      1.55055e-05      1.00000e+01      5.00500e+00
    1.98778e+01      1.54840e-05      1.00000e+01      4.99955e+00
    2.01822e+01      1.54621e-05      1.00000e+01      4.99400e+00
    2.04914e+01      1.54400e-05      1.00000e+01      4.98836e+00
    2.08053e+01      1.54176e-05      1.00000e+01      4.98259e+00
    2.11240e+01      1.53947e-05      1.00000e+01      4.97670e+00
    2.14475e+01      1.53715e-05      1.00000e+01      4.97070e+00
    2.17761e+01      1.53480e-05      1.00000e+01      4.96459e+00
    2.21096e+01      1.53242e-05      1.00000e+01      4.95837e+00
    2.24483e+01      1.53001e-05      1.00000e+01      4.95204e+00
    2.27922e+01      1.52756e-05      1.00000e+01      4.94558e+00
    2.31413e+01      1.52509e-05      1.00000e+01      4.93903e+00
    2.34958e+01      1.52258e-05      1.00000e+01      4.93237e+00
    2.38557e+01      1.52004e-05      1.00000e+01      4.92560e+00
    2.42211e+01      1.51747e-05      1.00000e+01      4.91870e+00
    2.45921e+01      1.51486e-05      1.00000e+01      4.91168e+00
    2.49688e+01      1.51220e-05      1.00000e+01      4.90450e+00
    2.53513e+01      1.50949e-05      1.00000e+01      4.89715e+00
    2.57396e+01      1.50675e-05      1.00000e+01      4.88967e+00
    2.61339e+01      1.50396e-05      1.00000e+01      4.88202e+00
    2.65342e+01      1.50113e-05      1.00000e+01      4.87425e+00
    2.69406e+01      1.49826e-05      1.00000e+01      4.86633e+00
    2.73533e+01      1.49536e-05      1.00000e+01      4.85827e+00
    2.77723e+01      1.49241e-05      1.00000e+01      4.85007e+00
    2.81977e+01      1.48943e-05      1.00000e+01      4.84173e+00
    2.86297e+01      1.48641e-05      1.00000e+01      4.83325e+00
    2.90682e+01      1.48333e-05      1.00000e+01      4.82459e+00
    2.95135e+01      1.48021e-05      1.00000e+01      4.81576e+00
    2.99656e+01      1.47703e-05      1.00000e+01      4.80672e+00
    3.04246e+01      1.47383e-05      1.00000e+01      4.79758e+00
    3.08906e+01      1.47056e-05      1.00000e+01      4.78821e+00
    3.13638e+01      1.46725e-05      1.00000e+01      4.77870e+00
    3.18442e+01      1.46390e-05      1.00000e+01      4.76900e+00
    3.23320e+01      1.46050e-05      1.00000e+01      4.75914e+00
    3.28273e+01      1.45705e-05      1.00000e+01      4.74911e+00
    3.33301e+01      1.45355e-05      1.00000e+01      4.73887e+00
    3.38406e+01      1.44999e-05      1.00000e+01      4.72842e+00
    3.43590e+01      1.44638e-05      1.00000e+01      4.71777e+00
    3.48853e+01      1.44271e-05      1.00000e+01      4.70692e+00
    3.54197e+01      1.43900e-05      1.00000e+01      4.69588e+00
    3.59622e+01      1.43520e-05      1.00000e+01      4.68453e+00
    3.65131e+01      1.43138e-05      1.00000e+01      4.67308e+00
    3.70724e+01      1.42754e-05      1.00000e+01      4.66153e+00
    3.76403e+01      1.42359e-05      1.00000e+01      4.64960e+00
    3.82169e+01      1.41958e-05      1.00000e+01      4.63745e+00
    3.88023e+01      1.41551e-05      1.00000e+01      4.62508e+00
    3.93966e+01      1.41140e-05      1.00000e+01      4.61251e+00
    4.00001e+01      1.40723e-05      1.00000e+01      4.59972e+00
