    Er (keV)         SM dN/dE         BG dN/dE        BSM dN/dE (events/kg/day/keV)
    1.00100e-01      6.45270e+01      1.00000e+02      9.66995e+01
    1.01247e-01      6.38940e+01      1.00000e+02      9.51145e+01
    1.02408e-01      6.32537e+01      1.00000e+02      9.35113e+01
    1.03582e-01      6.26061e+01      1.00000e+02      9.18897e+01
    1.04769e-01      6.19510e+01      1.00000e+02      9.02495e+01
    1.05970e-01      6.12884e+01      1.00000e+02      8.85904e+01
    1.07184e-01      6.06182e+01      1.00000e+02      8.69124e+01
    1.08413e-01      5.99404e+01      1.00000e+02      8.52151e+01
    1.09655e-01      5.92547e+01      1.00000e+02      8.34983e+01
    1.10912e-01      5.85612e+01      1.00000e+02      8.17618e+01
    1.12184e-01      5.78597e+01      1.00000e+02      8.00054e+01
    1.13470e-01      5.71502e+01      1.00000e+02      7.82289e+01
    1.14770e-01      5.64326e+01      1.00000e+02      7.64319e+01
    1.16086e-01      5.57067e+01      1.00000e+02      7.46144e+01
    1.17417e-01      5.49725e+01      1.00000e+02      7.27760e+01
    1.18763e-01      5.42298e+01      1.00000e+02      7.09165e+01
    1.20124e-01      5.34787e+01      1.00000e+02      6.90356e+01
    1.21501e-01      5.27189e+01      1.00000e+02      6.71332e+01
    1.22894e-01      5.19504e+01      1.00000e+02      6.52090e+01
    1.24303e-01      5.11731e+01      1.00000e+02      6.32627e+01
    1.25728e-01      5.04249e+01      1.00000e+02      6.14398e+01
    1.27169e-01      4.98824e+01      1.00000e+02      6.04155e+01
    1.28627e-01      4.93336e+01      1.00000e+02      5.93794e+01
    1.30101e-01      4.87785e+01      1.00000e+02      5.83314e+01
    1.31593e-01      4.82170e+01      1.00000e+02      5.72714e+01
    1.33101e-01      4.76491e+01      1.00000e+02      5.61992e+01
    1.34627e-01      4.70747e+01      1.00000e+02      5.51148e+01
    1.36171e-01      4.64936e+01      1.00000e+02      5.40179e+01
    1.37732e-01      4.59060e+01      1.00000e+02      5.29084e+01
    1.39311e-01      4.53115e+01      1.00000e+02      5.17862e+01
    1.40908e-01      4.47103e+01      1.00000e+02      5.06511e+01
    1.42523e-01      4.41021e+01      1.00000e+02      4.95030e+01
    1.44157e-01      4.34870e+01      1.00000e+02      4.83417e+01
    1.45810e-01      4.28648e+01      1.00000e+02      4.71671e+01
    1.47482e-01      4.22355e+01      1.00000e+02      4.59790e+01
    1.49173e-01      4.15990e+01      1.00000e+02      4.47772e+01
    1.50883e-01      4.09552e+01      1.00000e+02      4.35617e+01
    1.52613e-01      4.03039e+01      1.00000e+02      4.23323e+01
    1.54363e-01      3.96452e+01      1.00000e+02      4.10887e+01
    1.56133e-01      3.89908e+01      1.00000e+02      3.98667e+01
    1.57923e-01      3.85061e+01      1.00000e+02      3.91649e+01
    1.59733e-01      3.80159e+01      1.00000e+02      3.84552e+01
    1.61565e-01      3.75200e+01      1.00000e+02      3.77372e+01
    1.63417e-01      3.70184e+01      1.00000e+02      3.70111e+01
    1.65291e-01      3.65111e+01      1.00000e+02      3.62766e+01
    1.67186e-01      3.59979e+01      1.00000e+02      3.55337e+01
    1.69103e-01      3.54789e+01      1.00000e+02      3.47822e+01
    1.71042e-01      3.49539e+01      1.00000e+02      3.40222e+01
    1.73003e-01      3.44229e+01      1.00000e+02      3.32534e+01
    1.74987e-01      3.38858e+01      1.00000e+02      3.24758e+01
    1.76994e-01      3.33425e+01      1.00000e+02      3.16892e+01
    1.79023e-01      3.27930e+01      1.00000e+02      3.08937e+01
    1.81076e-01      3.22372e+01      1.00000e+02      3.00890e+01
    1.83152e-01      3.16750e+01      1.00000e+02      2.92751e+01
    1.85252e-01      3.11064e+01      1.00000e+02      2.84518e+01
    1.87377e-01      3.05894e+01      1.00000e+02      2.77487e+01
    1.89525e-01      3.01553e+01      1.00000e+02      2.72355e+01
    1.91698e-01      2.97163e+01      1.00000e+02      2.67163e+01
    1.93897e-01      2.92723e+01      1.00000e+02      2.61913e+01
    1.96120e-01      2.88231e+01      1.00000e+02      2.56602e+01
    1.98369e-01      2.83688e+01      1.00000e+02      2.51230e+01
    2.00644e-01      2.79093e+01      1.00000e+02      2.45796e+01
    2.02944e-01      2.74445e+01      1.00000e+02      2.40301e+01
    2.05272e-01      2.69744e+01      1.00000e+02      2.34742e+01
    2.07626e-01      2.64988e+01      1.00000e+02      2.29119e+01
    2.10006e-01      2.60179e+01      1.00000e+02      2.23432e+01
    2.12415e-01      2.55314e+01      1.00000e+02      2.17679e+01
    2.14851e-01      2.50393e+01      1.00000e+02      2.11861e+01
    2.17314e-01      2.45548e+01      1.00000e+02      2.06202e+01
    2.19806e-01      2.41717e+01      1.00000e+02      2.02308e+01
    2.22327e-01      2.37841e+01      1.00000e+02      1.98370e+01
    2.24877e-01      2.33922e+01      1.00000e+02      1.94386e+01
    2.27455e-01      2.29957e+01      1.00000e+02      1.90357e+01
    2.30064e-01      2.25947e+01      1.00000e+02      1.86281e+01
    2.32702e-01      2.21891e+01      1.00000e+02      1.82159e+01
    2.35371e-01      2.17788e+01      1.00000e+02      1.77990e+01
    2.38070e-01      2.13639e+01      1.00000e+02      1.73772e+01
    2.40800e-01      2.09441e+01      1.00000e+02      1.69506e+01
    2.43562e-01      2.05196e+01      1.00000e+02      1.65192e+01
    2.46355e-01      2.00902e+01      1.00000e+02      1.60828e+01
    2.49180e-01      1.97097e+01      1.00000e+02      1.57203e+01
    2.52038e-01      1.93647e+01      1.00000e+02      1.54124e+01
    2.54928e-01      1.90158e+01      1.00000e+02      1.51009e+01
    2.57852e-01      1.86629e+01      1.00000e+02      1.47858e+01
    2.60809e-01      1.83059e+01      1.00000e+02      1.44672e+01
    2.63800e-01      1.79449e+01      1.00000e+02      1.41449e+01
    2.66826e-01      1.75797e+01      1.00000e+02      1.38188e+01
    2.69886e-01      1.72103e+01      1.00000e+02      1.34891e+01
    2.72981e-01      1.68367e+01      1.00000e+02      1.31555e+01
    2.76112e-01      1.64588e+01      1.00000e+02      1.28181e+01
    2.79278e-01      1.61082e+01      1.00000e+02      1.25138e+01
    2.82481e-01      1.58048e+01      1.00000e+02      1.22657e+01
    2.85721e-01      1.54979e+01      1.00000e+02      1.20148e+01
    2.88998e-01      1.51875e+01      1.00000e+02      1.17610e+01
    2.92313e-01      1.48736e+01      1.00000e+02      1.15043e+01
    2.95665e-01      1.45560e+01      1.00000e+02      1.12447e+01
    2.99056e-01      1.42348e+01      1.00000e+02      1.09820e+01
    3.02486e-01      1.39100e+01      1.00000e+02      1.07164e+01
    3.05955e-01      1.35813e+01      1.00000e+02      1.04477e+01
    3.09464e-01      1.32663e+01      1.00000e+02      1.01937e+01
    3.13013e-01      1.29991e+01      1.00000e+02      9.98953e+00
    3.16603e-01      1.27287e+01      1.00000e+02      9.78299e+00
    3.20235e-01      1.24553e+01      1.00000e+02      9.57409e+00
    3.23908e-01      1.21788e+01      1.00000e+02      9.36279e+00
    3.27623e-01      1.18990e+01      1.00000e+02      9.14907e+00
    3.31380e-01      1.16161e+01      1.00000e+02      8.93289e+00
    3.35181e-01      1.13299e+01      1.00000e+02      8.71424e+00
    3.39025e-01      1.10404e+01      1.00000e+02      8.49307e+00
    3.42914e-01      1.08042e+01      1.00000e+02      8.32161e+00
    3.46847e-01      1.05660e+01      1.00000e+02      8.14896e+00
    3.50825e-01      1.03252e+01      1.00000e+02      7.97433e+00
    3.54849e-01      1.00815e+01      1.00000e+02      7.79770e+00
    3.58919e-01      9.83512e+00      1.00000e+02      7.61904e+00
    3.63035e-01      9.58587e+00      1.00000e+02      7.43833e+00
    3.67199e-01      9.33376e+00      1.00000e+02      7.25554e+00
    3.71411e-01      9.09961e+00      1.00000e+02      7.08820e+00
    3.75671e-01      8.89051e+00      1.00000e+02      6.94225e+00
    3.79980e-01      8.67900e+00      1.00000e+02      6.79463e+00
    3.84338e-01      8.46508e+00      1.00000e+02      6.64532e+00
    3.88747e-01      8.24869e+00      1.00000e+02      6.49429e+00
    3.93205e-01      8.02983e+00      1.00000e+02      6.34153e+00
    3.97716e-01      7.80845e+00      1.00000e+02      6.18702e+00
    4.02277e-01      7.60409e+00      1.00000e+02      6.04598e+00
    4.06891e-01      7.41909e+00      1.00000e+02      5.92024e+00
    4.11559e-01      7.23196e+00      1.00000e+02      5.79306e+00
    4.16279e-01      7.04268e+00      1.00000e+02      5.66441e+00
    4.21054e-01      6.85124e+00      1.00000e+02      5.53429e+00
    4.25883e-01      6.65759e+00      1.00000e+02      5.40268e+00
    4.30768e-01      6.46285e+00      1.00000e+02      5.27037e+00
    4.35709e-01      6.30012e+00      1.00000e+02      5.16153e+00
    4.40707e-01      6.13552e+00      1.00000e+02      5.05144e+00
    4.45762e-01      5.96903e+00      1.00000e+02      4.94008e+00
    4.50875e-01      5.80063e+00      1.00000e+02      4.82744e+00
    4.56047e-01      5.63031e+00      1.00000e+02      4.71352e+00
    4.61278e-01      5.45891e+00      1.00000e+02      4.59890e+00
    4.66569e-01      5.31479e+00      1.00000e+02      4.50333e+00
    4.71921e-01      5.16902e+00      1.00000e+02      4.40665e+00
    4.77334e-01      5.02158e+00      1.00000e+02      4.30887e+00
    4.82809e-01      4.87244e+00      1.00000e+02      4.20997e+00
    4.88347e-01      4.72159e+00      1.00000e+02      4.10994e+00
    4.93949e-01      4.57977e+00      1.00000e+02      4.01586e+00
    4.99615e-01      4.45173e+00      1.00000e+02      3.93089e+00
    5.05345e-01      4.32223e+00      1.00000e+02      3.84495e+00
    5.11142e-01      4.19124e+00      1.00000e+02      3.75803e+00
    5.17005e-01      4.05875e+00      1.00000e+02      3.67010e+00
    5.22936e-01      3.92765e+00      1.00000e+02      3.58308e+00
    5.28934e-01      3.81412e+00      1.00000e+02      3.50759e+00
    5.35001e-01      3.69929e+00      1.00000e+02      3.43123e+00
    5.41138e-01      3.58314e+00      1.00000e+02      3.35400e+00
    5.47345e-01      3.46566e+00      1.00000e+02      3.27587e+00
    5.53624e-01      3.34981e+00      1.00000e+02      3.19872e+00
    5.59974e-01      3.24903e+00      1.00000e+02      3.13099e+00
    5.66398e-01      3.14711e+00      1.00000e+02      3.06248e+00
    5.72895e-01      3.04401e+00      1.00000e+02      2.99318e+00
    5.79466e-01      2.93973e+00      1.00000e+02      2.92309e+00
    5.86113e-01      2.84154e+00      1.00000e+02      2.85676e+00
    5.92837e-01      2.75147e+00      1.00000e+02      2.79546e+00
    5.99637e-01      2.66036e+00      1.00000e+02      2.73346e+00
    6.06516e-01      2.56821e+00      1.00000e+02      2.67074e+00
    6.13473e-01      2.47500e+00      1.00000e+02      2.60731e+00
    6.20510e-01      2.39460e+00      1.00000e+02      2.55177e+00
    6.27628e-01      2.31369e+00      1.00000e+02      2.49585e+00
    6.34827e-01      2.23185e+00      1.00000e+02      2.43930e+00
    6.42110e-01      2.14907e+00      1.00000e+02      2.38209e+00
    6.49475e-01      2.07431e+00      1.00000e+02      2.32973e+00
    6.56926e-01      2.00224e+00      1.00000e+02      2.27895e+00
    6.64461e-01      1.92935e+00      1.00000e+02      2.22758e+00
    6.72083e-01      1.85562e+00      1.00000e+02      2.17563e+00
    6.79793e-01      1.78797e+00      1.00000e+02      2.12748e+00
    6.87591e-01      1.72312e+00      1.00000e+02      2.08105e+00
    6.95478e-01      1.65754e+00      1.00000e+02      2.03409e+00
    7.03456e-01      1.59120e+00      1.00000e+02      1.98659e+00
    7.11526e-01      1.53170e+00      1.00000e+02      1.94313e+00
    7.19688e-01      1.47365e+00      1.00000e+02      1.90045e+00
    7.27944e-01      1.41493e+00      1.00000e+02      1.85728e+00
    7.36294e-01      1.35613e+00      1.00000e+02      1.81397e+00
    7.44741e-01      1.30458e+00      1.00000e+02      1.77497e+00
    7.53284e-01      1.25243e+00      1.00000e+02      1.73551e+00
    7.61925e-01      1.19969e+00      1.00000e+02      1.69560e+00
    7.70665e-01      1.15012e+00      1.00000e+02      1.65754e+00
    7.79506e-01      1.10367e+00      1.00000e+02      1.62130e+00
    7.88448e-01      1.05669e+00      1.00000e+02      1.58464e+00
    7.97492e-01      1.00976e+00      1.00000e+02      1.54790e+00
    8.06641e-01      9.68818e-01      1.00000e+02      1.51446e+00
    8.15894e-01      9.27408e-01      1.00000e+02      1.48064e+00
    8.25254e-01      8.85522e-01      1.00000e+02      1.44643e+00
    8.34721e-01      8.47135e-01      1.00000e+02      1.41468e+00
    8.44296e-01      8.09378e-01      1.00000e+02      1.38334e+00
    8.53981e-01      7.71188e-01      1.00000e+02      1.35164e+00
    8.63778e-01      7.36037e-01      1.00000e+02      1.32157e+00
    8.73687e-01      7.02687e-01      1.00000e+02      1.29241e+00
    8.83709e-01      6.68953e-01      1.00000e+02      1.26292e+00
    8.93847e-01      6.37268e-01      1.00000e+02      1.23469e+00
    9.04101e-01      6.07230e-01      1.00000e+02      1.20747e+00
    9.14472e-01      5.76847e-01      1.00000e+02      1.17994e+00
    9.24963e-01      5.48560e-01      1.00000e+02      1.15364e+00
    9.35574e-01      5.21667e-01      1.00000e+02      1.12813e+00
    9.46306e-01      4.94466e-01      1.00000e+02      1.10233e+00
    9.57162e-01      4.69597e-01      1.00000e+02      1.07797e+00
    9.68142e-01      4.45455e-01      1.00000e+02      1.05400e+00
    9.79248e-01      4.21035e-01      1.00000e+02      1.02975e+00
    9.90482e-01      3.99418e-01      1.00000e+02      1.01860e+00
    1.00184e+00      3.77714e-01      1.00000e+02      1.00801e+00
    1.01334e+00      3.56553e-01      1.00000e+02      9.94438e-01
    1.02496e+00      3.37389e-01      1.00000e+02      9.72607e-01
    1.03672e+00      3.18006e-01      1.00000e+02      9.50526e-01
    1.04861e+00      3.00079e-01      1.00000e+02      9.29421e-01
    1.06064e+00      2.82839e-01      1.00000e+02      9.08728e-01
    1.07281e+00      2.65695e-01      1.00000e+02      8.88006e-01
    1.08512e+00      2.50497e-01      1.00000e+02      8.68566e-01
    1.09757e+00      2.35125e-01      1.00000e+02      8.48903e-01
    1.11016e+00      2.20865e-01      1.00000e+02      8.30058e-01
    1.12289e+00      2.07111e-01      1.00000e+02      8.11540e-01
    1.13577e+00      1.93758e-01      1.00000e+02      7.93195e-01
    1.14880e+00      1.81809e-01      1.00000e+02      7.75717e-01
    1.16198e+00      1.69723e-01      1.00000e+02      7.58038e-01
    1.17531e+00      1.58667e-01      1.00000e+02      7.41416e-01
    1.18880e+00      1.47568e-01      1.00000e+02      7.24692e-01
    1.20243e+00      1.37461e-01      1.00000e+02      7.08604e-01
    1.21623e+00      1.27810e-01      1.00000e+02      6.92753e-01
    1.23018e+00      1.18671e-01      1.00000e+02      6.77242e-01
    1.24429e+00      1.10192e-01      1.00000e+02      6.62192e-01
    1.25857e+00      1.01930e-01      1.00000e+02      6.47282e-01
    1.27301e+00      9.43401e-02      1.00000e+02      6.32964e-01
    1.28761e+00      8.68725e-02      1.00000e+02      6.18666e-01
    1.30238e+00      8.02472e-02      1.00000e+02      6.05021e-01
    1.31732e+00      7.36680e-02      1.00000e+02      5.91338e-01
    1.33243e+00      6.78543e-02      1.00000e+02      5.78314e-01
    1.34772e+00      6.20741e-02      1.00000e+02      5.65242e-01
    1.36318e+00      5.69856e-02      1.00000e+02      5.52790e-01
    1.37882e+00      5.19568e-02      1.00000e+02      5.40318e-01
    1.39464e+00      4.75317e-02      1.00000e+02      5.28394e-01
    1.41064e+00      4.32105e-02      1.00000e+02      5.16508e-01
    1.42682e+00      3.93599e-02      1.00000e+02      5.05078e-01
    1.44319e+00      3.56703e-02      1.00000e+02      4.93765e-01
    1.45974e+00      3.23226e-02      1.00000e+02      4.82788e-01
    1.47649e+00      2.92147e-02      1.00000e+02      4.72025e-01
    1.49343e+00      2.63419e-02      1.00000e+02      4.61469e-01
    1.51056e+00      2.37513e-02      1.00000e+02      4.51238e-01
    1.52789e+00      2.12639e-02      1.00000e+02      4.41078e-01
    1.54542e+00      1.91198e-02      1.00000e+02      4.31359e-01
    1.56315e+00      1.70477e-02      1.00000e+02      4.21681e-01
    1.58108e+00      1.52307e-02      1.00000e+02      4.12337e-01
    1.59922e+00      1.35369e-02      1.00000e+02      4.03154e-01
    1.61757e+00      1.19648e-02      1.00000e+02      3.94126e-01
    1.63612e+00      1.06171e-02      1.00000e+02      3.85417e-01
    1.65489e+00      9.34848e-03      1.00000e+02      3.76784e-01
    1.67388e+00      8.25357e-03      1.00000e+02      3.68427e-01
    1.69308e+00      7.24572e-03      1.00000e+02      3.60243e-01
    1.71250e+00      6.29765e-03      1.00000e+02      3.52155e-01
    1.73215e+00      5.52727e-03      1.00000e+02      3.44388e-01
    1.75202e+00      4.82012e-03      1.00000e+02      3.36723e-01
    1.77212e+00      4.18488e-03      1.00000e+02      3.29181e-01
    1.79245e+00      3.66523e-03      1.00000e+02      3.21917e-01
    1.81302e+00      3.19625e-03      1.00000e+02      3.14754e-01
    1.83382e+00      2.78217e-03      1.00000e+02      3.07706e-01
    1.85485e+00      2.45259e-03      1.00000e+02      3.00920e-01
    1.87613e+00      2.16028e-03      1.00000e+02      2.94237e-01
    1.89766e+00      1.90546e-03      1.00000e+02      2.87664e-01
    1.91943e+00      1.69871e-03      1.00000e+02      2.81294e-01
    1.94145e+00      1.52119e-03      1.00000e+02      2.75062e-01
    1.96372e+00      1.36520e-03      1.00000e+02      2.68940e-01
    1.98625e+00      1.22909e-03      1.00000e+02      2.62936e-01
    2.00903e+00      1.12359e-03      1.00000e+02      2.63172e-01
    2.03208e+00      1.02460e-03      1.00000e+02      2.59543e-01
    2.05540e+00      9.33481e-04      1.00000e+02      2.53773e-01
    2.07898e+00      8.52020e-04      1.00000e+02      2.48116e-01
    2.10283e+00      7.80689e-04      1.00000e+02      2.42633e-01
    2.12695e+00      7.19593e-04      1.00000e+02      2.37263e-01
    2.15135e+00      6.65531e-04      1.00000e+02      2.32001e-01
    2.17603e+00      6.17260e-04      1.00000e+02      2.26847e-01
    2.20100e+00      5.75062e-04      1.00000e+02      2.21803e-01
    2.22625e+00      5.39809e-04      1.00000e+02      2.16900e-01
    2.25179e+00      5.09336e-04      1.00000e+02      2.12103e-01
    2.27762e+00      4.83084e-04      1.00000e+02      2.07408e-01
    2.30375e+00      4.60729e-04      1.00000e+02      2.02812e-01
    2.33018e+00      4.41743e-04      1.00000e+02      1.98315e-01
    2.35691e+00      4.25466e-04      1.00000e+02      1.93917e-01
    2.38395e+00      4.11801e-04      1.00000e+02      1.89616e-01
    2.41130e+00      4.00446e-04      1.00000e+02      1.85425e-01
    2.43897e+00      3.90827e-04      1.00000e+02      1.81328e-01
    2.46695e+00      3.82679e-04      1.00000e+02      1.77320e-01
    2.49525e+00      3.75729e-04      1.00000e+02      1.73400e-01
    2.52387e+00      3.69802e-04      1.00000e+02      1.69567e-01
    2.55283e+00      3.64770e-04      1.00000e+02      1.65819e-01
    2.58212e+00      3.60520e-04      1.00000e+02      1.62154e-01
    2.61174e+00      3.56955e-04      1.00000e+02      1.58570e-01
    2.64170e+00      3.54000e-04      1.00000e+02      1.55068e-01
    2.67201e+00      3.51588e-04      1.00000e+02      1.51643e-01
    2.70266e+00      3.49661e-04      1.00000e+02      1.48293e-01
    2.73367e+00      3.48165e-04      1.00000e+02      1.45019e-01
    2.76503e+00      3.47039e-04      1.00000e+02      1.41818e-01
    2.79675e+00      3.46224e-04      1.00000e+02      1.38688e-01
    2.82884e+00      3.45661e-04      1.00000e+02      1.35628e-01
    2.86129e+00      3.45291e-04      1.00000e+02      1.32634e-01
    2.89412e+00      3.45063e-04      1.00000e+02      1.29708e-01
    2.92732e+00      3.44929e-04      1.00000e+02      1.26847e-01
    2.96091e+00      3.44847e-04      1.00000e+02      1.24046e-01
    2.99488e+00      3.44810e-04      1.00000e+02      1.21314e-01
    3.02923e+00      3.44784e-04      1.00000e+02      1.18645e-01
    3.06399e+00      3.44766e-04      1.00000e+02      1.16035e-01
    3.09914e+00      3.44746e-04      1.00000e+02      1.13481e-01
    3.13469e+00      3.44726e-04      1.00000e+02      1.10982e-01
    3.17066e+00      3.44706e-04      1.00000e+02      1.08537e-01
    3.20703e+00      3.44687e-04      1.00000e+02      1.06145e-01
    3.24382e+00      3.44666e-04      1.00000e+02      1.03815e-01
    3.28104e+00      3.44644e-04      1.00000e+02      1.01534e-01
    3.31868e+00      3.44624e-04      1.00000e+02      9.93016e-02
    3.35675e+00      3.44603e-04      1.00000e+02      9.71159e-02
    3.39527e+00      3.44582e-04      1.00000e+02      9.49835e-02
    3.43422e+00      3.44561e-04      1.00000e+02      9.28995e-02
    3.47362e+00      3.44539e-04      1.00000e+02      9.08584e-02
    3.51347e+00      3.44517e-04      1.00000e+02      8.88610e-02
    3.55378e+00      3.44497e-04      1.00000e+02      8.69148e-02
    3.59455e+00      3.44474e-04      1.00000e+02      8.50076e-02
    3.63579e+00      3.44451e-04      1.00000e+02      8.31403e-02
    3.67750e+00      3.44429e-04      1.00000e+02      8.13207e-02
    3.71969e+00      3.44406e-04      1.00000e+02      7.95369e-02
    3.76236e+00      3.44393e-04      1.00000e+02      7.77964e-02
    3.80553e+00      3.44360e-04      1.00000e+02      7.60911e-02
    3.84919e+00      3.44336e-04      1.00000e+02      7.44223e-02
    3.89335e+00      3.44313e-04      1.00000e+02      7.27958e-02
    3.93801e+00      3.44289e-04      1.00000e+02      7.12001e-02
    3.98319e+00      3.44265e-04      1.00000e+02      6.96450e-02
    4.02889e+00      3.44241e-04      1.00000e+02      6.81199e-02
    4.07511e+00      3.44215e-04      1.00000e+02      6.66324e-02
    4.12186e+00      3.44191e-04      1.00000e+02      6.51740e-02
    4.16915e+00      3.44165e-04      1.00000e+02      6.37522e-02
    4.21698e+00      3.44140e-04      1.00000e+02      6.23585e-02
    4.26536e+00      3.44114e-04      1.00000e+02      6.09981e-02
    4.31430e+00      3.44088e-04      1.00000e+02      5.96667e-02
    4.36379e+00      3.44065e-04      1.00000e+02      5.83645e-02
    4.41386e+00      3.44037e-04      1.00000e+02      5.70927e-02
    4.46450e+00      3.44009e-04      1.00000e+02      5.58471e-02
    4.51572e+00      3.43983e-04      1.00000e+02      5.46297e-02
    4.56752e+00      3.43955e-04      1.00000e+02      5.34405e-02
    4.61992e+00      3.43927e-04      1.00000e+02      5.22764e-02
    4.67293e+00      3.43903e-04      1.00000e+02      5.11378e-02
    4.72654e+00      3.43872e-04      1.00000e+02      5.00253e-02
    4.78076e+00      3.43844e-04      1.00000e+02      4.89376e-02
    4.83561e+00      3.43815e-04      1.00000e+02      4.78734e-02
    4.89109e+00      3.43786e-04      1.00000e+02      4.68325e-02
    4.94720e+00      3.43757e-04      1.00000e+02      4.58144e-02
    5.00396e+00      3.43729e-04      1.00000e+02      4.48199e-02
    5.06137e+00      3.43699e-04      1.00000e+02      4.38473e-02
    5.11944e+00      3.43670e-04      1.00000e+02      4.28962e-02
    5.17817e+00      3.43640e-04      1.00000e+02      4.19660e-02
    5.23758e+00      3.43610e-04      1.00000e+02      4.10563e-02
    5.29767e+00      3.43580e-04      1.00000e+02      4.01667e-02
    5.35844e+00      3.43552e-04      1.00000e+02      3.92970e-02
    5.41992e+00      3.43520e-04      1.00000e+02      3.84462e-02
    5.48210e+00      3.43490e-04      1.00000e+02      3.76144e-02
    5.54500e+00      3.43484e-04      1.00000e+02      3.68035e-02
    5.60861e+00      3.43428e-04      1.00000e+02      3.60053e-02
    5.67296e+00      3.43397e-04      1.00000e+02      3.52272e-02
    5.73804e+00      3.43368e-04      1.00000e+02      3.44665e-02
    5.80387e+00      3.43335e-04      1.00000e+02      3.37226e-02
    5.87046e+00      3.43303e-04      1.00000e+02      3.29954e-02
    5.93781e+00      3.43271e-04      1.00000e+02      3.22841e-02
    6.00593e+00      3.43241e-04      1.00000e+02      3.15884e-02
    6.07483e+00      3.43208e-04      1.00000e+02      3.09076e-02
    6.14453e+00      3.43175e-04      1.00000e+02      3.02426e-02
    6.21502e+00      3.43142e-04      1.00000e+02      2.95919e-02
    6.28633e+00      3.43109e-04      1.00000e+02      2.89552e-02
    6.35845e+00      3.43077e-04      1.00000e+02      2.83332e-02
    6.43140e+00      3.43044e-04      1.00000e+02      2.77246e-02
    6.50518e+00      3.43009e-04      1.00000e+02      2.71291e-02
    6.57981e+00      3.42975e-04      1.00000e+02      2.65471e-02
    6.65530e+00      3.42941e-04      1.00000e+02      2.59774e-02
    6.73166e+00      3.42903e-04      1.00000e+02      2.54207e-02
    6.80889e+00      3.42868e-04      1.00000e+02      2.48758e-02
    6.88700e+00      3.42832e-04      1.00000e+02      2.43433e-02
    6.96602e+00      3.42797e-04      1.00000e+02      2.38222e-02
    7.04593e+00      3.42760e-04      1.00000e+02      2.33126e-02
    7.12677e+00      3.42723e-04      1.00000e+02      2.28143e-02
    7.20853e+00      3.42685e-04      1.00000e+02      2.23267e-02
    7.29124e+00      3.42647e-04      1.00000e+02      2.18498e-02
    7.37489e+00      3.42610e-04      1.00000e+02      2.13836e-02
    7.45950e+00      3.42568e-04      1.00000e+02      2.09273e-02
    7.54508e+00      3.42529e-04      1.00000e+02      2.04811e-02
    7.63164e+00      3.42490e-04      1.00000e+02      2.00446e-02
    7.71920e+00      3.42449e-04      1.00000e+02      1.96178e-02
    7.80776e+00      3.42411e-04      1.00000e+02      1.92005e-02
    7.89733e+00      3.42370e-04      1.00000e+02      1.87922e-02
    7.98794e+00      3.42329e-04      1.00000e+02      1.83927e-02
    8.07958e+00      3.42288e-04      1.00000e+02      1.80020e-02
    8.17227e+00      3.42245e-04      1.00000e+02      1.76198e-02
    8.26603e+00      3.42202e-04      1.00000e+02      1.72459e-02
    8.36087e+00      3.42159e-04      1.00000e+02      1.68802e-02
    8.45679e+00      3.42116e-04      1.00000e+02      1.65226e-02
    8.55381e+00      3.42072e-04      1.00000e+02      1.61727e-02
    8.65195e+00      3.42027e-04      1.00000e+02      1.58305e-02
    8.75121e+00      3.41982e-04      1.00000e+02      1.54957e-02
    8.85161e+00      3.41937e-04      1.00000e+02      1.51681e-02
    8.95316e+00      3.41890e-04      1.00000e+02      1.48478e-02
    9.05588e+00      3.41844e-04      1.00000e+02      1.45344e-02
    9.15977e+00      3.41798e-04      1.00000e+02      1.42279e-02
    9.26486e+00      3.41750e-04      1.00000e+02      1.39280e-02
    9.37116e+00      3.41703e-04      1.00000e+02      1.36346e-02
    9.47867e+00      3.41654e-04      1.00000e+02      1.33477e-02
    9.58742e+00      3.41607e-04      1.00000e+02      1.30669e-02
    9.69741e+00      3.41557e-04      1.00000e+02      1.27923e-02
    9.80867e+00      3.41506e-04      1.00000e+02      1.25236e-02
    9.92120e+00      3.41457e-04      1.00000e+02      1.22607e-02
    1.00350e+01      3.41405e-04      1.00000e+02      1.20035e-02
    1.01502e+01      3.41353e-04      1.00000e+02      1.17520e-02
    1.02666e+01      3.41300e-04      1.00000e+02      1.15058e-02
    1.03844e+01      3.41247e-04      1.00000e+02      1.12650e-02
    1.05035e+01      3.41196e-04      1.00000e+02      1.10295e-02
    1.06240e+01      3.41142e-04      1.00000e+02      1.07990e-02
    1.07459e+01      3.41089e-04      1.00000e+02      1.05736e-02
    1.08692e+01      3.41035e-04      1.00000e+02      1.03530e-02
    1.09939e+01      3.40979e-04      1.00000e+02      1.01372e-02
    1.11200e+01      3.40923e-04      1.00000e+02      9.92602e-03
    1.12476e+01      3.40867e-04      1.00000e+02      9.71943e-03
    1.13767e+01      3.40809e-04      1.00000e+02      9.51726e-03
    1.15072e+01      3.40753e-04      1.00000e+02      9.31949e-03
    1.16392e+01      3.40698e-04      1.00000e+02      9.12609e-03
    1.17727e+01      3.40636e-04      1.00000e+02      8.93668e-03
    1.19078e+01      3.40577e-04      1.00000e+02      8.75141e-03
    1.20444e+01      3.40517e-04      1.00000e+02      8.57016e-03
    1.21826e+01      3.40455e-04      1.00000e+02      8.39276e-03
    1.23224e+01      3.40392e-04      1.00000e+02      8.21919e-03
    1.24637e+01      3.40118e-04      1.00000e+02      8.04444e-03
    1.26067e+01      3.40270e-04      1.00000e+02      7.88326e-03
    1.27514e+01      3.40209e-04      1.00000e+02      7.72073e-03
    1.28977e+01      3.40144e-04      1.00000e+02      7.56162e-03
    1.30456e+01      3.40079e-04      1.00000e+02      7.40593e-03
    1.31953e+01      3.40013e-04      1.00000e+02      7.25358e-03
    1.33467e+01      3.39948e-04      1.00000e+02      7.10452e-03
    1.34998e+01      3.39881e-04      1.00000e+02      6.95864e-03
    1.36547e+01      3.39812e-04      1.00000e+02      6.81586e-03
    1.38113e+01      3.39746e-04      1.00000e+02      6.67619e-03
    1.39698e+01      3.39677e-04      1.00000e+02      6.53948e-03
    1.41301e+01      3.39607e-04      1.00000e+02      6.40568e-03
    1.42922e+01      3.39538e-04      1.00000e+02      6.27478e-03
    1.44562e+01      3.39465e-04      1.00000e+02      6.14663e-03
    1.46220e+01      3.39393e-04      1.00000e+02      6.02123e-03
    1.47898e+01      3.39320e-04      1.00000e+02      5.89850e-03
    1.49594e+01      3.39248e-04      1.00000e+02      5.77843e-03
    1.51311e+01      3.39174e-04      1.00000e+02      5.66088e-03
    1.53047e+01      3.39100e-04      1.00000e+02      5.54587e-03
    1.54803e+01      3.39025e-04      1.00000e+02      5.43329e-03
    1.56579e+01      3.38949e-04      1.00000e+02      5.32309e-03
    1.58375e+01      3.38872e-04      1.00000e+02      5.21524e-03
    1.60192e+01      3.38794e-04      1.00000e+02      5.10969e-03
    1.62030e+01      3.38716e-04      1.00000e+02      5.00639e-03
    1.63889e+01      3.38639e-04      1.00000e+02      4.90529e-03
    1.65769e+01      3.38558e-04      1.00000e+02      4.80631e-03
    1.67671e+01      3.38475e-04      1.00000e+02      4.70941e-03
    1.69594e+01      3.38395e-04      1.00000e+02      4.61460e-03
    1.71540e+01      3.38313e-04      1.00000e+02      4.52180e-03
    1.73508e+01      3.38229e-04      1.00000e+02      4.43094e-03
    1.75499e+01      3.38144e-04      1.00000e+02      4.34199e-03
    1.77512e+01      3.38059e-04      1.00000e+02      4.25495e-03
    1.79549e+01      3.37976e-04      1.00000e+02      4.16976e-03
    1.81609e+01      3.37888e-04      1.00000e+02      4.08634e-03
    1.83692e+01      3.37803e-04      1.00000e+02      4.00470e-03
    1.85800e+01      3.37715e-04      1.00000e+02      3.92478e-03
    1.87932e+01      3.37625e-04      1.00000e+02      3.84652e-03
    1.90088e+01      3.37536e-04      1.00000e+02      3.76992e-03
    1.92268e+01      3.37443e-04      1.00000e+02      3.69491e-03
    1.94474e+01      3.37352e-04      1.00000e+02      3.62150e-03
    1.96705e+01      3.37256e-04      1.00000e+02      3.54959e-03
    1.98962e+01      3.37165e-04      1.00000e+02      3.47925e-03
    2.01245e+01      3.37070e-04      1.00000e+02      3.41035e-03
    2.03554e+01      3.36973e-04      1.00000e+02      3.34288e-03
    2.05889e+01      3.36878e-04      1.00000e+02      3.27686e-03
    2.08251e+01      3.36780e-04      1.00000e+02      3.21220e-03
    2.10640e+01      3.36681e-04      1.00000e+02      3.14888e-03
    2.13057e+01      3.36581e-04      1.00000e+02      3.08689e-03
    2.15501e+01      3.36481e-04      1.00000e+02      3.02620e-03
    2.17974e+01      3.36378e-04      1.00000e+02      2.96677e-03
    2.20475e+01      3.36276e-04      1.00000e+02      2.90859e-03
    2.23004e+01      3.36172e-04      1.00000e+02      2.85161e-03
    2.25563e+01      3.36069e-04      1.00000e+02      2.79582e-03
    2.28150e+01      3.35963e-04      1.00000e+02      2.74119e-03
    2.30768e+01      3.35855e-04      1.00000e+02      2.68768e-03
    2.33416e+01      3.35763e-04      1.00000e+02      2.63541e-03
    2.36093e+01      3.35636e-04      1.00000e+02      2.58397e-03
    2.38802e+01      3.35531e-04      1.00000e+02      2.53376e-03
    2.41542e+01      3.35421e-04      1.00000e+02      2.48457e-03
    2.44313e+01      3.35307e-04      1.00000e+02      2.43638e-03
    2.47116e+01      3.35195e-04      1.00000e+02      2.38920e-03
    2.49951e+01      3.35081e-04      1.00000e+02      2.34298e-03
    2.52819e+01      3.34967e-04      1.00000e+02      2.29773e-03
    2.55719e+01      3.34850e-04      1.00000e+02      2.25340e-03
    2.58653e+01      3.34732e-04      1.00000e+02      2.20999e-03
    2.61621e+01      3.34614e-04      1.00000e+02      2.16747e-03
    2.64622e+01      3.34495e-04      1.00000e+02      2.12582e-03
    2.67658e+01      3.34372e-04      1.00000e+02      2.08502e-03
    2.70729e+01      3.34250e-04      1.00000e+02      2.04507e-03
    2.73835e+01      3.34127e-04      1.00000e+02      2.00593e-03
    2.76977e+01      3.34002e-04      1.00000e+02      1.96759e-03
    2.80154e+01      3.33877e-04      1.00000e+02      1.93005e-03
    2.83369e+01      3.33751e-04      1.00000e+02      1.89327e-03
    2.86620e+01      3.33623e-04      1.00000e+02      1.85723e-03
    2.89908e+01      3.33492e-04      1.00000e+02      1.82192e-03
    2.93234e+01      3.33362e-04      1.00000e+02      1.78735e-03
    2.96598e+01      3.33230e-04      1.00000e+02      1.75348e-03
    3.00001e+01      3.33097e-04      1.00000e+02      1.72029e-03
