    Er (keV)         SM dN/dE         BG dN/dE        BSM dN/dE (events/kg/day/keV)
    1.01000e-02      8.67295e-01      5.00000e+00      7.43456e-07
    1.02614e-02      8.62747e-01      5.00000e+00      7.43456e-07
    1.04254e-02      8.58125e-01      5.00000e+00      7.43456e-07
    1.05921e-02      8.53428e-01      5.00000e+00      7.43456e-07
    1.07615e-02      8.48656e-01      5.00000e+00      7.43455e-07
    1.09336e-02      8.43806e-01      5.00000e+00      7.43455e-07
    1.11084e-02      8.38879e-01      5.00000e+00      7.43455e-07
    1.12861e-02      8.33871e-01      5.00000e+00      7.43455e-07
    1.14667e-02      8.28783e-01      5.00000e+00      7.43455e-07
    1.16502e-02      8.23613e-01      5.00000e+00      7.43455e-07
    1.18366e-02      8.18359e-01      5.00000e+00      7.43455e-07
    1.20261e-02      8.13021e-01      5.00000e+00      7.43455e-07
    1.22186e-02      8.07596e-01      5.00000e+00      7.43455e-07
    1.24142e-02      8.02084e-01      5.00000e+00      7.43455e-07
    1.26129e-02      7.96483e-01      5.00000e+00      7.43455e-07
    1.28149e-02      7.90791e-01      5.00000e+00      7.43455e-07
    1.30202e-02      7.85008e-01      5.00000e+00      7.43454e-07
    1.32287e-02      7.79131e-01      5.00000e+00      7.43454e-07
    1.34406e-02      7.73159e-01      5.00000e+00      7.43454e-07
    1.36560e-02      7.67091e-01      5.00000e+00      7.43454e-07
    1.38748e-02      7.60925e-01      5.00000e+00      7.43454e-07
    1.40971e-02      7.54660e-01      5.00000e+00      7.43454e-07
    1.43231e-02      7.48293e-01      5.00000e+00      7.43454e-07
    1.45527e-02      7.41823e-01      5.00000e+00      7.43454e-07
    1.47859e-02      7.35249e-01      5.00000e+00      7.43454e-07
    1.50230e-02      7.28569e-01      5.00000e+00      7.43454e-07
    1.52639e-02      7.21782e-01      5.00000e+00      7.43453e-07
    1.55086e-02      7.14884e-01      5.00000e+00      7.43453e-07
    1.57574e-02      7.07876e-01      5.00000e+00      7.43453e-07
    1.60101e-02      7.00754e-01      5.00000e+00      7.43453e-07
    1.62669e-02      6.93517e-01      5.00000e+00      7.43453e-07
    1.65279e-02      6.86163e-01      5.00000e+00      7.43453e-07
    1.67931e-02      6.78691e-01      5.00000e+00      7.43453e-07
    1.70625e-02      6.71098e-01      5.00000e+00      7.43453e-07
    1.73363e-02      6.63382e-01      5.00000e+00      7.43453e-07
    1.76145e-02      6.55542e-01      5.00000e+00      7.43452e-07
    1.78972e-02      6.47576e-01      5.00000e+00      7.43452e-07
    1.81845e-02      6.39480e-01      5.00000e+00      7.43452e-07
    1.84764e-02      6.31255e-01      5.00000e+00      7.43452e-07
    1.87731e-02      6.22896e-01      5.00000e+00      7.43452e-07
    1.90745e-02      6.14402e-01      5.00000e+00      7.43452e-07
    1.93808e-02      6.05772e-01      5.00000e+00      7.43452e-07
    1.96920e-02      5.97002e-01      5.00000e+00      7.43452e-07
    2.00082e-02      5.88090e-01      5.00000e+00      7.43451e-07
    2.03296e-02      5.79035e-01      5.00000e+00      7.43451e-07
    2.06561e-02      5.69833e-01      5.00000e+00      7.43451e-07
    2.09879e-02      5.60483e-01      5.00000e+00      7.43451e-07
    2.13251e-02      5.50982e-01      5.00000e+00      7.43451e-07
    2.16677e-02      5.41328e-01      5.00000e+00      7.43451e-07
    2.20158e-02      5.31517e-01      5.00000e+00      7.43451e-07
    2.23696e-02      5.21549e-01      5.00000e+00      7.43450e-07
    2.27291e-02      5.11419e-01      5.00000e+00      7.43450e-07
    2.30943e-02      5.01126e-01      5.00000e+00      7.43450e-07
    2.34655e-02      4.90667e-01      5.00000e+00      7.43450e-07
    2.38426e-02      4.80039e-01      5.00000e+00      7.43450e-07
    2.42259e-02      4.69240e-01      5.00000e+00      7.43450e-07
    2.46153e-02      4.58266e-01      5.00000e+00      7.43449e-07
    2.50110e-02      4.47115e-01      5.00000e+00      7.43449e-07
    2.54131e-02      4.35784e-01      5.00000e+00      7.43449e-07
    2.58217e-02      4.24270e-01      5.00000e+00      7.43449e-07
    2.62369e-02      4.12570e-01      5.00000e+00      7.43449e-07
    2.66588e-02      4.00682e-01      5.00000e+00      7.43449e-07
    2.70875e-02      3.88601e-01      5.00000e+00      7.43448e-07
    2.75231e-02      3.76326e-01      5.00000e+00      7.43448e-07
    2.79658e-02      3.63852e-01      5.00000e+00      7.43448e-07
    2.84156e-02      3.51177e-01      5.00000e+00      7.43448e-07
    2.88727e-02      3.38298e-01      5.00000e+00      7.43448e-07
    2.93371e-02      3.25210e-01      5.00000e+00      7.43447e-07
    2.98090e-02      3.11912e-01      5.00000e+00      7.43447e-07
    3.02886e-02      2.98398e-01      5.00000e+00      7.43447e-07
    3.07759e-02      2.84667e-01      5.00000e+00      7.43447e-07
    3.12710e-02      2.70714e-01      5.00000e+00      7.43447e-07
    3.17742e-02      2.56535e-01      5.00000e+00      7.43446e-07
    3.22855e-02      2.42128e-01      5.00000e+00      7.43446e-07
    3.28050e-02      2.27488e-01      5.00000e+00      7.43446e-07
    3.33329e-02      2.12612e-01      5.00000e+00      7.43446e-07
    3.38693e-02      1.97496e-01      5.00000e+00      7.43445e-07
    3.44144e-02      1.82136e-01      5.00000e+00      7.43445e-07
    3.49683e-02      1.66528e-01      5.00000e+00      7.43445e-07
    3.55311e-02      1.50667e-01      5.00000e+00      7.43445e-07
    3.61031e-02      1.34551e-01      5.00000e+00      7.43444e-07
    3.66842e-02      1.18175e-01      5.00000e+00      7.43444e-07
    3.72747e-02      1.01534e-01      5.00000e+00      7.43444e-07
    3.78748e-02      8.46253e-02      5.00000e+00      7.43444e-07
    3.84845e-02      6.74431e-02      5.00000e+00      7.43443e-07
    3.91041e-02      4.99836e-02      5.00000e+00      7.43443e-07
    3.97337e-02      3.22423e-02      5.00000e+00      7.43443e-07
    4.03735e-02      1.64446e-02      5.00000e+00      7.43443e-07
    4.10236e-02      1.61239e-02      5.00000e+00      7.43442e-07
    4.16841e-02      1.57981e-02      5.00000e+00      7.43442e-07
    4.23554e-02      1.54670e-02      5.00000e+00      7.43441e-07
    4.30374e-02      1.51306e-02      5.00000e+00      7.43441e-07
    4.37305e-02      1.47887e-02      5.00000e+00      7.43440e-07
    4.44348e-02      1.44414e-02      5.00000e+00      7.43440e-07
    4.51504e-02      1.40884e-02      5.00000e+00      7.43439e-07
    4.58776e-02      1.37297e-02      5.00000e+00      7.43439e-07
    4.66165e-02      1.33652e-02      5.00000e+00      7.43438e-07
    4.73674e-02      1.29949e-02      5.00000e+00      7.43438e-07
    4.81304e-02      1.26185e-02      5.00000e+00      7.43437e-07
    4.89056e-02      1.22361e-02      5.00000e+00      7.43437e-07
    4.96934e-02      1.18475e-02      5.00000e+00      7.43436e-07
    5.04940e-02      1.14527e-02      5.00000e+00      7.43436e-07
    5.13074e-02      1.10515e-02      5.00000e+00      7.43435e-07
    5.21340e-02      1.06438e-02      5.00000e+00      7.43435e-07
    5.29739e-02      1.02295e-02      5.00000e+00      7.43434e-07
    5.38274e-02      9.80851e-03      5.00000e+00      7.43434e-07
    5.46946e-02      9.38074e-03      5.00000e+00      7.43433e-07
    5.55758e-02      8.94607e-03      5.00000e+00      7.43432e-07
    5.64713e-02      8.50438e-03      5.00000e+00      7.43432e-07
    5.73812e-02      8.05556e-03      5.00000e+00      7.43431e-07
    5.83059e-02      7.59950e-03      5.00000e+00      7.43430e-07
    5.92454e-02      7.13607e-03      5.00000e+00      7.43430e-07
    6.02001e-02      6.66517e-03      5.00000e+00      7.43429e-07
    6.11702e-02      6.18666e-03      5.00000e+00      7.43429e-07
    6.21560e-02      5.70044e-03      5.00000e+00      7.43428e-07
    6.31577e-02      5.20636e-03      5.00000e+00      7.43427e-07
    6.41755e-02      4.70430e-03      5.00000e+00      7.43427e-07
    6.52098e-02      4.19415e-03      5.00000e+00      7.43426e-07
    6.62608e-02      3.67576e-03      5.00000e+00      7.43425e-07
    6.73287e-02      3.14900e-03      5.00000e+00      7.43424e-07
    6.84139e-02      2.61373e-03      5.00000e+00      7.43424e-07
    6.95166e-02      2.06983e-03      5.00000e+00      7.43423e-07
    7.06371e-02      1.54231e-03      5.00000e+00      7.43465e-07
    7.17757e-02      1.53975e-03      5.00000e+00      7.44428e-07
    7.29326e-02      1.53716e-03      5.00000e+00      7.45406e-07
    7.41083e-02      1.53452e-03      5.00000e+00      7.46400e-07
    7.53029e-02      1.53184e-03      5.00000e+00      7.47410e-07
    7.65168e-02      1.52911e-03      5.00000e+00      7.48436e-07
    7.77503e-02      1.52634e-03      5.00000e+00      7.49479e-07
    7.90037e-02      1.52353e-03      5.00000e+00      7.50538e-07
    8.02773e-02      1.52067e-03      5.00000e+00      7.51615e-07
    8.15715e-02      1.51777e-03      5.00000e+00      7.52709e-07
    8.28866e-02      1.51481e-03      5.00000e+00      7.53821e-07
    8.42229e-02      1.51182e-03      5.00000e+00      7.54950e-07
    8.55808e-02      1.50877e-03      5.00000e+00      7.56098e-07
    8.69606e-02      1.50567e-03      5.00000e+00      7.57265e-07
    8.83627e-02      1.50252e-03      5.00000e+00      7.58450e-07
    8.97874e-02      1.49933e-03      5.00000e+00      7.59654e-07
    9.12351e-02      1.49608e-03      5.00000e+00      7.60878e-07
    9.27061e-02      1.49278e-03      5.00000e+00      7.62122e-07
    9.42009e-02      1.48942e-03      5.00000e+00      7.63385e-07
    9.57199e-02      1.48601e-03      5.00000e+00      7.64669e-07
    9.72633e-02      1.48255e-03      5.00000e+00      7.65974e-07
    9.88317e-02      1.47903e-03      5.00000e+00      7.67300e-07
    1.00425e-01      1.47545e-03      5.00000e+00      7.68647e-07
    1.02045e-01      1.47200e-03      5.00000e+00      7.69029e-07
    1.03690e-01      1.46858e-03      5.00000e+00      7.69027e-07
    1.05362e-01      1.46509e-03      5.00000e+00      7.69025e-07
    1.07062e-01      1.46155e-03      5.00000e+00      7.69023e-07
    1.08788e-01      1.45796e-03      5.00000e+00      7.69021e-07
    1.10543e-01      1.45430e-03      5.00000e+00      7.69019e-07
    1.12325e-01      1.45059e-03      5.00000e+00      7.69017e-07
    1.14137e-01      1.44682e-03      5.00000e+00      7.69015e-07
    1.15977e-01      1.44298e-03      5.00000e+00      7.69013e-07
    1.17848e-01      1.43909e-03      5.00000e+00      7.69011e-07
    1.19749e-01      1.43513e-03      5.00000e+00      7.69009e-07
    1.21680e-01      1.43110e-03      5.00000e+00      7.69006e-07
    1.23642e-01      1.42701e-03      5.00000e+00      7.69004e-07
    1.25637e-01      1.42286e-03      5.00000e+00      7.69002e-07
    1.27663e-01      1.41864e-03      5.00000e+00      7.69000e-07
    1.29722e-01      1.41435e-03      5.00000e+00      7.68997e-07
    1.31814e-01      1.41009e-03      5.00000e+00      7.68995e-07
    1.33940e-01      1.40597e-03      5.00000e+00      7.68993e-07
    1.36101e-01      1.40178e-03      5.00000e+00      7.68990e-07
    1.38296e-01      1.39752e-03      5.00000e+00      7.68988e-07
    1.40527e-01      1.39320e-03      5.00000e+00      7.68986e-07
    1.42794e-01      1.38881e-03      5.00000e+00      7.68983e-07
    1.45097e-01      1.38435e-03      5.00000e+00      7.68981e-07
    1.47437e-01      1.37981e-03      5.00000e+00      7.68978e-07
    1.49816e-01      1.37520e-03      5.00000e+00      7.68976e-07
    1.52232e-01      1.37052e-03      5.00000e+00      7.68973e-07
    1.54688e-01      1.36576e-03      5.00000e+00      7.68971e-07
    1.57183e-01      1.36092e-03      5.00000e+00      7.68968e-07
    1.59719e-01      1.35601e-03      5.00000e+00      7.68965e-07
    1.62295e-01      1.35112e-03      5.00000e+00      7.68962e-07
    1.64913e-01      1.34637e-03      5.00000e+00      7.68960e-07
    1.67574e-01      1.34154e-03      5.00000e+00      7.68957e-07
    1.70277e-01      1.33664e-03      5.00000e+00      7.68954e-07
    1.73024e-01      1.33165e-03      5.00000e+00      7.68950e-07
    1.75815e-01      1.32659e-03      5.00000e+00      7.68947e-07
    1.78652e-01      1.32144e-03      5.00000e+00      7.68944e-07
    1.81534e-01      1.31621e-03      5.00000e+00      7.68941e-07
    1.84462e-01      1.31090e-03      5.00000e+00      7.68938e-07
    1.87438e-01      1.30550e-03      5.00000e+00      7.68934e-07
    1.90462e-01      1.30001e-03      5.00000e+00      7.68931e-07
    1.93535e-01      1.29463e-03      5.00000e+00      7.68928e-07
    1.96657e-01      1.28930e-03      5.00000e+00      7.68925e-07
    1.99830e-01      1.28388e-03      5.00000e+00      7.68923e-07
    2.03054e-01      1.27838e-03      5.00000e+00      7.68920e-07
    2.06330e-01      1.27279e-03      5.00000e+00      7.68917e-07
    2.09659e-01      1.26711e-03      5.00000e+00      7.68914e-07
    2.13042e-01      1.26133e-03      5.00000e+00      7.68911e-07
    2.16479e-01      1.25547e-03      5.00000e+00      7.68909e-07
    2.19971e-01      1.24951e-03      5.00000e+00      7.68906e-07
    2.23521e-01      1.24359e-03      5.00000e+00      7.68903e-07
    2.27127e-01      1.23779e-03      5.00000e+00      7.68900e-07
    2.30791e-01      1.23188e-03      5.00000e+00      7.68897e-07
    2.34515e-01      1.22589e-03      5.00000e+00      7.68895e-07
    2.38299e-01      1.21980e-03      5.00000e+00      7.68892e-07
    2.42144e-01      1.21360e-03      5.00000e+00      7.68889e-07
    2.46051e-01      1.20731e-03      5.00000e+00      7.68886e-07
    2.50021e-01      1.20092e-03      5.00000e+00      7.68883e-07
    2.54055e-01      1.19457e-03      5.00000e+00      7.68877e-07
    2.58154e-01      1.18832e-03      5.00000e+00      7.68866e-07
    2.62320e-01      1.18196e-03      5.00000e+00      7.68855e-07
    2.66552e-01      1.17551e-03      5.00000e+00      7.68844e-07
    2.70853e-01      1.16895e-03      5.00000e+00      7.68832e-07
    2.75224e-01      1.16228e-03      5.00000e+00      7.68820e-07
    2.79665e-01      1.15551e-03      5.00000e+00      7.68808e-07
    2.84177e-01      1.14875e-03      5.00000e+00      7.68799e-07
    2.88763e-01      1.14211e-03      5.00000e+00      7.68795e-07
    2.93422e-01      1.13537e-03      5.00000e+00      7.68791e-07
    2.98157e-01      1.12852e-03      5.00000e+00      7.68787e-07
    3.02968e-01      1.12156e-03      5.00000e+00      7.68783e-07
    3.07857e-01      1.11448e-03      5.00000e+00      7.68779e-07
    3.12825e-01      1.10730e-03      5.00000e+00      7.68774e-07
    3.17873e-01      1.10035e-03      5.00000e+00      7.68770e-07
    3.23002e-01      1.09329e-03      5.00000e+00      7.68765e-07
    3.28214e-01      1.08612e-03      5.00000e+00      7.68760e-07
    3.33510e-01      1.07884e-03      5.00000e+00      7.68755e-07
    3.38892e-01      1.07144e-03      5.00000e+00      7.68751e-07
    3.44361e-01      1.06399e-03      5.00000e+00      7.68745e-07
    3.49918e-01      1.05671e-03      5.00000e+00      7.68740e-07
    3.55564e-01      1.04931e-03      5.00000e+00      7.68735e-07
    3.61302e-01      1.04179e-03      5.00000e+00      7.68729e-07
    3.67133e-01      1.03415e-03      5.00000e+00      7.68724e-07
    3.73057e-01      1.02639e-03      5.00000e+00      7.68718e-07
    3.79077e-01      1.01884e-03      5.00000e+00      7.68712e-07
    3.85194e-01      1.01120e-03      5.00000e+00      7.68706e-07
    3.91411e-01      1.00343e-03      5.00000e+00      7.68700e-07
    3.97727e-01      9.95538e-04      5.00000e+00      7.68693e-07
    4.04145e-01      9.87537e-04      5.00000e+00      7.68687e-07
    4.10667e-01      9.79754e-04      5.00000e+00      7.68680e-07
    4.17294e-01      9.71846e-04      5.00000e+00      7.68674e-07
    4.24029e-01      9.63810e-04      5.00000e+00      7.68667e-07
    4.30872e-01      9.55644e-04      5.00000e+00      7.68660e-07
    4.37825e-01      9.47541e-04      5.00000e+00      7.68653e-07
    4.44890e-01      9.39478e-04      5.00000e+00      7.68646e-07
    4.52070e-01      9.31285e-04      5.00000e+00      7.68639e-07
    4.59366e-01      9.22959e-04      5.00000e+00      7.68631e-07
    4.66779e-01      9.14617e-04      5.00000e+00      7.68624e-07
    4.74312e-01      9.06394e-04      5.00000e+00      7.68616e-07
    4.81966e-01      8.98039e-04      5.00000e+00      7.68608e-07
    4.89745e-01      8.89548e-04      5.00000e+00      7.68600e-07
    4.97648e-01      8.81056e-04      5.00000e+00      7.68592e-07
    5.05679e-01      8.72657e-04      5.00000e+00      7.68584e-07
    5.13840e-01      8.64123e-04      5.00000e+00      7.68575e-07
    5.22133e-01      8.55451e-04      5.00000e+00      7.68567e-07
    5.30559e-01      8.46876e-04      5.00000e+00      7.68558e-07
    5.39122e-01      8.38286e-04      5.00000e+00      7.68549e-07
    5.47823e-01      8.29558e-04      5.00000e+00      7.68541e-07
    5.56664e-01      8.20745e-04      5.00000e+00      7.68531e-07
    5.65648e-01      8.12101e-04      5.00000e+00      7.68522e-07
    5.74776e-01      8.03318e-04      5.00000e+00      7.68512e-07
    5.84053e-01      7.94393e-04      5.00000e+00      7.68503e-07
    5.93479e-01      7.85632e-04      5.00000e+00      7.68493e-07
    6.03057e-01      7.76790e-04      5.00000e+00      7.68483e-07
    6.12789e-01      7.67805e-04      5.00000e+00      7.68474e-07
    6.22679e-01      7.58921e-04      5.00000e+00      7.68464e-07
    6.32729e-01      7.50008e-04      5.00000e+00      7.68454e-07
    6.42940e-01      7.40950e-04      5.00000e+00      7.68445e-07
    6.53317e-01      7.31993e-04      5.00000e+00      7.68435e-07
    6.63861e-01      7.23003e-04      5.00000e+00      7.68426e-07
    6.74575e-01      7.13868e-04      5.00000e+00      7.68416e-07
    6.85462e-01      7.04881e-04      5.00000e+00      7.68406e-07
    6.96525e-01      6.95811e-04      5.00000e+00      7.68397e-07
    7.07766e-01      6.86626e-04      5.00000e+00      7.68386e-07
    7.19189e-01      6.77616e-04      5.00000e+00      7.68377e-07
    7.30796e-01      6.68460e-04      5.00000e+00      7.68367e-07
    7.42591e-01      6.59323e-04      5.00000e+00      7.68356e-07
    7.54576e-01      6.50228e-04      5.00000e+00      7.68346e-07
    7.66755e-01      6.40987e-04      5.00000e+00      7.68335e-07
    7.79130e-01      6.31928e-04      5.00000e+00      7.68324e-07
    7.91704e-01      6.22739e-04      5.00000e+00      7.68313e-07
    8.04482e-01      6.13584e-04      5.00000e+00      7.68302e-07
    8.17466e-01      6.04443e-04      5.00000e+00      7.68290e-07
    8.30660e-01      5.95225e-04      5.00000e+00      7.68277e-07
    8.44066e-01      5.86137e-04      5.00000e+00      7.68265e-07
    8.57689e-01      5.76902e-04      5.00000e+00      7.68252e-07
    8.71532e-01      5.67845e-04      5.00000e+00      7.68238e-07
    8.85599e-01      5.58655e-04      5.00000e+00      7.68224e-07
    8.99892e-01      5.49583e-04      5.00000e+00      7.68210e-07
    9.14416e-01      5.40433e-04      5.00000e+00      7.68195e-07
    9.29175e-01      5.31366e-04      5.00000e+00      7.68180e-07
    9.44171e-01      5.22253e-04      5.00000e+00      7.68164e-07
    9.59410e-01      5.13218e-04      5.00000e+00      7.68148e-07
    9.74895e-01      5.04147e-04      5.00000e+00      7.68132e-07
    9.90630e-01      4.95337e-04      5.00000e+00      7.77629e-07
    1.00662e+00      4.86550e-04      5.00000e+00      7.91125e-07
    1.02287e+00      4.77679e-04      5.00000e+00      7.93684e-07
    1.03937e+00      4.68679e-04      5.00000e+00      7.93666e-07
    1.05615e+00      4.59837e-04      5.00000e+00      7.93647e-07
    1.07320e+00      4.50919e-04      5.00000e+00      7.93628e-07
    1.09052e+00      4.42118e-04      5.00000e+00      7.93610e-07
    1.10812e+00      4.33310e-04      5.00000e+00      7.93591e-07
    1.12600e+00      4.24538e-04      5.00000e+00      7.93571e-07
    1.14418e+00      4.15853e-04      5.00000e+00      7.93551e-07
    1.16265e+00      4.07134e-04      5.00000e+00      7.93531e-07
    1.18141e+00      3.98555e-04      5.00000e+00      7.93510e-07
    1.20048e+00      3.89980e-04      5.00000e+00      7.93489e-07
    1.21986e+00      3.81427e-04      5.00000e+00      7.93467e-07
    1.23954e+00      3.73003e-04      5.00000e+00      7.93445e-07
    1.25955e+00      3.64580e-04      5.00000e+00      7.93423e-07
    1.27988e+00      3.56204e-04      5.00000e+00      7.93400e-07
    1.30054e+00      3.47948e-04      5.00000e+00      7.93379e-07
    1.32153e+00      3.39714e-04      5.00000e+00      7.93357e-07
    1.34286e+00      3.31515e-04      5.00000e+00      7.93335e-07
    1.36453e+00      3.23462e-04      5.00000e+00      7.93313e-07
    1.38656e+00      3.15449e-04      5.00000e+00      7.93289e-07
    1.40894e+00      3.07482e-04      5.00000e+00      7.93266e-07
    1.43168e+00      2.99592e-04      5.00000e+00      7.93242e-07
    1.45479e+00      2.91821e-04      5.00000e+00      7.93217e-07
    1.47827e+00      2.84111e-04      5.00000e+00      7.93192e-07
    1.50213e+00      2.76467e-04      5.00000e+00      7.93166e-07
    1.52637e+00      2.68897e-04      5.00000e+00      7.93141e-07
    1.55101e+00      2.61444e-04      5.00000e+00      7.93114e-07
    1.57604e+00      2.54083e-04      5.00000e+00      7.93087e-07
    1.60148e+00      2.46803e-04      5.00000e+00      7.93059e-07
    1.62733e+00      2.39608e-04      5.00000e+00      7.93031e-07
    1.65360e+00      2.32505e-04      5.00000e+00      7.93002e-07
    1.68029e+00      2.25498e-04      5.00000e+00      7.92973e-07
    1.70741e+00      2.18588e-04      5.00000e+00      7.92943e-07
    1.73497e+00      2.11790e-04      5.00000e+00      7.92912e-07
    1.76297e+00      2.05104e-04      5.00000e+00      7.92880e-07
    1.79143e+00      1.98520e-04      5.00000e+00      7.92847e-07
    1.82034e+00      1.92038e-04      5.00000e+00      7.92814e-07
    1.84972e+00      1.85663e-04      5.00000e+00      7.92781e-07
    1.87958e+00      1.79399e-04      5.00000e+00      7.92748e-07
    1.90992e+00      1.73247e-04      5.00000e+00      7.92715e-07
    1.94074e+00      1.67208e-04      5.00000e+00      7.92680e-07
    1.97207e+00      1.61282e-04      5.00000e+00      7.92645e-07
    2.00390e+00      1.55854e-04      5.00000e+00      8.13591e-07
    2.03624e+00      1.50243e-04      5.00000e+00      8.18140e-07
    2.06911e+00      1.44666e-04      5.00000e+00      8.18102e-07
    2.10251e+00      1.39221e-04      5.00000e+00      8.18063e-07
    2.13644e+00      1.33901e-04      5.00000e+00      8.18024e-07
    2.17093e+00      1.28702e-04      5.00000e+00      8.17985e-07
    2.20597e+00      1.23623e-04      5.00000e+00      8.17945e-07
    2.24158e+00      1.18663e-04      5.00000e+00      8.17904e-07
    2.27776e+00      1.13826e-04      5.00000e+00      8.17862e-07
    2.31452e+00      1.09117e-04      5.00000e+00      8.17819e-07
    2.35188e+00      1.04550e-04      5.00000e+00      8.17776e-07
    2.38984e+00      1.00100e-04      5.00000e+00      8.17731e-07
    2.42842e+00      9.57711e-05      5.00000e+00      8.17686e-07
    2.46761e+00      9.15743e-05      5.00000e+00      8.17640e-07
    2.50744e+00      8.75152e-05      5.00000e+00      8.17592e-07
    2.54792e+00      8.35699e-05      5.00000e+00      8.17544e-07
    2.58904e+00      7.97577e-05      5.00000e+00      8.17495e-07
    2.63083e+00      7.60809e-05      5.00000e+00      8.17445e-07
    2.67329e+00      7.25166e-05      5.00000e+00      8.17394e-07
    2.71644e+00      6.90946e-05      5.00000e+00      8.17380e-07
    2.76029e+00      6.57890e-05      5.00000e+00      8.17326e-07
    2.80484e+00      6.26133e-05      5.00000e+00      8.17271e-07
    2.85012e+00      5.95601e-05      5.00000e+00      8.17214e-07
    2.89612e+00      5.66329e-05      5.00000e+00      8.17157e-07
    2.94287e+00      5.38250e-05      5.00000e+00      8.17099e-07
    2.99037e+00      5.11425e-05      5.00000e+00      8.17040e-07
    3.03864e+00      4.85715e-05      5.00000e+00      8.16979e-07
    3.08768e+00      4.61319e-05      5.00000e+00      8.16918e-07
    3.13752e+00      4.38010e-05      5.00000e+00      8.16855e-07
    3.18817e+00      4.15829e-05      5.00000e+00      8.16791e-07
    3.23963e+00      3.94856e-05      5.00000e+00      8.16727e-07
    3.29192e+00      3.74961e-05      5.00000e+00      8.16662e-07
    3.34505e+00      3.56093e-05      5.00000e+00      8.16597e-07
    3.39905e+00      3.38367e-05      5.00000e+00      8.16530e-07
    3.45391e+00      3.21673e-05      5.00000e+00      8.16461e-07
    3.50966e+00      3.05980e-05      5.00000e+00      8.16392e-07
    3.56631e+00      2.91264e-05      5.00000e+00      8.16321e-07
    3.62388e+00      2.77514e-05      5.00000e+00      8.16250e-07
    3.68237e+00      2.64680e-05      5.00000e+00      8.16177e-07
    3.74181e+00      2.52763e-05      5.00000e+00      8.16101e-07
    3.80220e+00      2.41709e-05      5.00000e+00      8.16024e-07
    3.86358e+00      2.31496e-05      5.00000e+00      8.15946e-07
    3.92594e+00      2.22081e-05      5.00000e+00      8.15866e-07
    3.98931e+00      2.13446e-05      5.00000e+00      8.15784e-07
    4.05370e+00      2.05541e-05      5.00000e+00      8.15701e-07
    4.11913e+00      1.98324e-05      5.00000e+00      8.15617e-07
    4.18562e+00      1.91788e-05      5.00000e+00      8.15530e-07
    4.25318e+00      1.85861e-05      5.00000e+00      8.15443e-07
    4.32183e+00      1.80553e-05      5.00000e+00      8.15356e-07
    4.39159e+00      1.75794e-05      5.00000e+00      8.15268e-07
    4.46248e+00      1.71534e-05      5.00000e+00      8.15177e-07
    4.53451e+00      1.67789e-05      5.00000e+00      8.15080e-07
    4.60770e+00      1.64473e-05      5.00000e+00      8.14986e-07
    4.68208e+00      1.61576e-05      5.00000e+00      8.14891e-07
    4.75765e+00      1.59057e-05      5.00000e+00      8.14794e-07
    4.83444e+00      1.56880e-05      5.00000e+00      8.14695e-07
    4.91248e+00      1.55013e-05      5.00000e+00      8.14594e-07
    4.99177e+00      1.53425e-05      5.00000e+00      8.14490e-07
    5.07235e+00      1.52081e-05      5.00000e+00      8.14384e-07
    5.15422e+00      1.50959e-05      5.00000e+00      8.14276e-07
    5.23742e+00      1.50022e-05      5.00000e+00      8.14166e-07
    5.32196e+00      1.49251e-05      5.00000e+00      8.14053e-07
    5.40786e+00      1.48614e-05      5.00000e+00      8.13938e-07
    5.49515e+00      1.48096e-05      5.00000e+00      8.13821e-07
    5.58385e+00      1.47673e-05      5.00000e+00      8.13702e-07
    5.67398e+00      1.47329e-05      5.00000e+00      8.13582e-07
    5.76556e+00      1.47047e-05      5.00000e+00      8.13460e-07
    5.85863e+00      1.46814e-05      5.00000e+00      8.13335e-07
    5.95319e+00      1.46619e-05      5.00000e+00      8.13210e-07
    6.04929e+00      1.46452e-05      5.00000e+00      8.13081e-07
    6.14693e+00      1.46308e-05      5.00000e+00      8.12950e-07
    6.24615e+00      1.46179e-05      5.00000e+00      8.12818e-07
    6.34697e+00      1.46062e-05      5.00000e+00      8.12683e-07
    6.44942e+00      1.45953e-05      5.00000e+00      8.12546e-07
    6.55352e+00      1.45850e-05      5.00000e+00      8.12406e-07
    6.65931e+00      1.45752e-05      5.00000e+00      8.12263e-07
    6.76680e+00      1.45656e-05      5.00000e+00      8.12115e-07
    6.87602e+00      1.45563e-05      5.00000e+00      8.11965e-07
    6.98701e+00      1.45471e-05      5.00000e+00      8.11812e-07
    7.09979e+00      1.45379e-05      5.00000e+00      8.11655e-07
    7.21439e+00      1.45289e-05      5.00000e+00      8.11497e-07
    7.33084e+00      1.45199e-05      5.00000e+00      8.11335e-07
    7.44917e+00      1.45110e-05      5.00000e+00      8.11169e-07
    7.56941e+00      1.45020e-05      5.00000e+00      8.11001e-07
    7.69159e+00      1.44931e-05      5.00000e+00      8.10830e-07
    7.81575e+00      1.44842e-05      5.00000e+00      8.10656e-07
    7.94190e+00      1.44752e-05      5.00000e+00      8.10481e-07
    8.07010e+00      1.44663e-05      5.00000e+00      8.10303e-07
    8.20036e+00      1.44574e-05      5.00000e+00      8.10122e-07
    8.33273e+00      1.44483e-05      5.00000e+00      8.09938e-07
    8.46723e+00      1.44393e-05      5.00000e+00      8.09748e-07
    8.60390e+00      1.44302e-05      5.00000e+00      8.09554e-07
    8.74278e+00      1.44209e-05      5.00000e+00      8.09356e-07
    8.88390e+00      1.44116e-05      5.00000e+00      8.09153e-07
    9.02730e+00      1.44022e-05      5.00000e+00      8.08947e-07
    9.17301e+00      1.43928e-05      5.00000e+00      8.08737e-07
    9.32108e+00      1.43832e-05      5.00000e+00      8.08523e-07
    9.47154e+00      1.43735e-05      5.00000e+00      8.08306e-07
    9.62442e+00      1.43637e-05      5.00000e+00      8.08086e-07
    9.77977e+00      1.43538e-05      5.00000e+00      8.07860e-07
    9.93763e+00      1.43438e-05      5.00000e+00      8.07632e-07
    1.00980e+01      1.43337e-05      5.00000e+00      8.07400e-07
    1.02610e+01      1.43234e-05      5.00000e+00      8.07162e-07
    1.04267e+01      1.43129e-05      5.00000e+00      8.06919e-07
    1.05950e+01      1.43023e-05      5.00000e+00      8.06671e-07
    1.07660e+01      1.42915e-05      5.00000e+00      8.06419e-07
    1.09398e+01      1.42805e-05      5.00000e+00      8.06161e-07
    1.11163e+01      1.42695e-05      5.00000e+00      8.05900e-07
    1.12958e+01      1.42583e-05      5.00000e+00      8.05635e-07
    1.14781e+01      1.42469e-05      5.00000e+00      8.05366e-07
    1.16634e+01      1.42353e-05      5.00000e+00      8.05091e-07
    1.18517e+01      1.42236e-05      5.00000e+00      8.04811e-07
    1.20430e+01      1.42117e-05      5.00000e+00      8.04526e-07
    1.22373e+01      1.41997e-05      5.00000e+00      8.04237e-07
    1.24349e+01      1.41875e-05      5.00000e+00      8.03942e-07
    1.26356e+01      1.41751e-05      5.00000e+00      8.03642e-07
    1.28395e+01      1.41625e-05      5.00000e+00      8.03337e-07
    1.30468e+01      1.41498e-05      5.00000e+00      8.03026e-07
    1.32574e+01      1.41368e-05      5.00000e+00      8.02710e-07
    1.34714e+01      1.41237e-05      5.00000e+00      8.02387e-07
    1.36888e+01      1.41104e-05      5.00000e+00      8.02058e-07
    1.39098e+01      1.40969e-05      5.00000e+00      8.01724e-07
    1.41343e+01      1.40831e-05      5.00000e+00      8.01375e-07
    1.43625e+01      1.40691e-05      5.00000e+00      8.01024e-07
    1.45943e+01      1.40551e-05      5.00000e+00      8.00674e-07
    1.48299e+01      1.40408e-05      5.00000e+00      8.00311e-07
    1.50693e+01      1.40262e-05      5.00000e+00      7.99941e-07
    1.53125e+01      1.40115e-05      5.00000e+00      7.99564e-07
    1.55597e+01      1.39965e-05      5.00000e+00      7.99178e-07
    1.58108e+01      1.39813e-05      5.00000e+00      7.98786e-07
    1.60660e+01      1.39659e-05      5.00000e+00      7.98389e-07
    1.63254e+01      1.39503e-05      5.00000e+00      7.97984e-07
    1.65889e+01      1.39345e-05      5.00000e+00      7.97572e-07
    1.68566e+01      1.39184e-05      5.00000e+00      7.97150e-07
    1.71287e+01      1.39021e-05      5.00000e+00      7.96719e-07
    1.74052e+01      1.38855e-05      5.00000e+00      7.96280e-07
    1.76862e+01      1.38688e-05      5.00000e+00      7.95835e-07
    1.79716e+01      1.38518e-05      5.00000e+00      7.95383e-07
    1.82617e+01      1.38346e-05      5.00000e+00      7.94922e-07
    1.85565e+01      1.38171e-05      5.00000e+00      7.94453e-07
    1.88560e+01      1.37995e-05      5.00000e+00      7.93975e-07
    1.91604e+01      1.37815e-05      5.00000e+00      7.93489e-07
    1.94697e+01      1.37633e-05      5.00000e+00      7.92992e-07
    1.97840e+01      1.37448e-05      5.00000e+00      7.92487e-07
    2.01033e+01      1.37261e-05      5.00000e+00      7.91972e-07
    2.04278e+01      1.37072e-05      5.00000e+00      7.91449e-07
    2.07575e+01      1.36880e-05      5.00000e+00      7.90917e-07
    2.10926e+01      1.36685e-05      5.00000e+00      7.90374e-07
    2.14331e+01      1.36488e-05      5.00000e+00      7.89822e-07
    2.17790e+01      1.36287e-05      5.00000e+00      7.89258e-07
    2.21306e+01      1.36084e-05      5.00000e+00      7.88686e-07
    2.24878e+01      1.35879e-05      5.00000e+00      7.88103e-07
    2.28508e+01      1.35670e-05      5.00000e+00      7.87506e-07
    2.32196e+01      1.35458e-05      5.00000e+00      7.86899e-07
    2.35944e+01      1.35244e-05      5.00000e+00      7.86282e-07
    2.39753e+01      1.35026e-05      5.00000e+00      7.85650e-07
    2.43623e+01      1.34805e-05      5.00000e+00      7.85008e-07
    2.47555e+01      1.34582e-05      5.00000e+00      7.84355e-07
    2.51551e+01      1.34355e-05      5.00000e+00      7.83692e-07
    2.55612e+01      1.34126e-05      5.00000e+00      7.83018e-07
    2.59738e+01      1.33893e-05      5.00000e+00      7.82328e-07
    2.63930e+01      1.33658e-05      5.00000e+00      7.81626e-07
    2.68190e+01      1.33419e-05      5.00000e+00      7.80911e-07
    2.72519e+01      1.33177e-05      5.00000e+00      7.80186e-07
    2.76918e+01      1.32932e-05      5.00000e+00      7.79444e-07
    2.81388e+01      1.32682e-05      5.00000e+00      7.78685e-07
    2.85930e+01      1.32430e-05      5.00000e+00      7.77914e-07
    2.90546e+01      1.32174e-05      5.00000e+00      7.77128e-07
    2.95235e+01      1.31915e-05      5.00000e+00      7.76328e-07
    3.00001e+01      1.31652e-05      5.00000e+00      7.75515e-07
