    Er (keV)         SM dN/dE         BG dN/dE        BSM dN/dE (events/kg/day/keV)
    1.01000e-02      2.48969e+02      1.00000e+02      9.56502e+03
    1.02614e-02      2.48082e+02      1.00000e+02      9.47572e+03
    1.04254e-02      2.47181e+02      1.00000e+02      9.38497e+03
    1.05921e-02      2.46265e+02      1.00000e+02      9.29277e+03
    1.07615e-02      2.45335e+02      1.00000e+02      9.19907e+03
    1.09336e-02      2.44389e+02      1.00000e+02      9.10386e+03
    1.11084e-02      2.43429e+02      1.00000e+02      9.00711e+03
    1.12861e-02      2.42452e+02      1.00000e+02      8.90880e+03
    1.14667e-02      2.41460e+02      1.00000e+02      8.80891e+03
    1.16502e-02      2.40452e+02      1.00000e+02      8.70740e+03
    1.18366e-02      2.39428e+02      1.00000e+02      8.60425e+03
    1.20261e-02      2.38387e+02      1.00000e+02      8.49944e+03
    1.22186e-02      2.37330e+02      1.00000e+02      8.39294e+03
    1.24142e-02      2.36255e+02      1.00000e+02      8.28471e+03
    1.26129e-02      2.35163e+02      1.00000e+02      8.17475e+03
    1.28149e-02      2.34053e+02      1.00000e+02      8.06300e+03
    1.30202e-02      2.32926e+02      1.00000e+02      7.94945e+03
    1.32287e-02      2.31780e+02      1.00000e+02      7.83407e+03
    1.34406e-02      2.30615e+02      1.00000e+02      7.71683e+03
    1.36560e-02      2.29432e+02      1.00000e+02      7.59769e+03
    1.38748e-02      2.28230e+02      1.00000e+02      7.47663e+03
    1.40971e-02      2.27009e+02      1.00000e+02      7.35362e+03
    1.43231e-02      2.25767e+02      1.00000e+02      7.22862e+03
    1.45527e-02      2.24506e+02      1.00000e+02      7.10161e+03
    1.47859e-02      2.23224e+02      1.00000e+02      6.97254e+03
    1.50230e-02      2.21922e+02      1.00000e+02      6.84139e+03
    1.52639e-02      2.20599e+02      1.00000e+02      6.70812e+03
    1.55086e-02      2.19254e+02      1.00000e+02      6.57270e+03
    1.57574e-02      2.17887e+02      1.00000e+02      6.43510e+03
    1.60101e-02      2.16499e+02      1.00000e+02      6.29528e+03
    1.62669e-02      2.15088e+02      1.00000e+02      6.15319e+03
    1.65279e-02      2.13654e+02      1.00000e+02      6.00882e+03
    1.67931e-02      2.12197e+02      1.00000e+02      5.86211e+03
    1.70625e-02      2.10717e+02      1.00000e+02      5.71304e+03
    1.73363e-02      2.09213e+02      1.00000e+02      5.56156e+03
    1.76145e-02      2.07684e+02      1.00000e+02      5.40763e+03
    1.78972e-02      2.06131e+02      1.00000e+02      5.25122e+03
    1.81845e-02      2.04553e+02      1.00000e+02      5.09229e+03
    1.84764e-02      2.02949e+02      1.00000e+02      4.93079e+03
    1.87731e-02      2.01319e+02      1.00000e+02      4.76668e+03
    1.90745e-02      1.99663e+02      1.00000e+02      4.59992e+03
    1.93808e-02      1.97981e+02      1.00000e+02      4.43048e+03
    1.96920e-02      1.96271e+02      1.00000e+02      4.25829e+03
    2.00082e-02      1.94533e+02      1.00000e+02      4.08333e+03
    2.03296e-02      1.92768e+02      1.00000e+02      3.90555e+03
    2.06561e-02      1.90974e+02      1.00000e+02      3.72489e+03
    2.09879e-02      1.89151e+02      1.00000e+02      3.54132e+03
    2.13251e-02      1.87299e+02      1.00000e+02      3.35478e+03
    2.16677e-02      1.85416e+02      1.00000e+02      3.16523e+03
    2.20158e-02      1.83504e+02      1.00000e+02      2.97263e+03
    2.23696e-02      1.81560e+02      1.00000e+02      2.77691e+03
    2.27291e-02      1.79585e+02      1.00000e+02      2.57804e+03
    2.30943e-02      1.77578e+02      1.00000e+02      2.37596e+03
    2.34655e-02      1.75539e+02      1.00000e+02      2.17061e+03
    2.38426e-02      1.73467e+02      1.00000e+02      1.96195e+03
    2.42259e-02      1.71362e+02      1.00000e+02      1.74992e+03
    2.46153e-02      1.69222e+02      1.00000e+02      1.53447e+03
    2.50110e-02      1.68086e+02      1.00000e+02      1.49484e+03
    2.54131e-02      1.67023e+02      1.00000e+02      1.47013e+03
    2.58217e-02      1.65941e+02      1.00000e+02      1.44502e+03
    2.62369e-02      1.64843e+02      1.00000e+02      1.41951e+03
    2.66588e-02      1.63727e+02      1.00000e+02      1.39359e+03
    2.70875e-02      1.62593e+02      1.00000e+02      1.36725e+03
    2.75231e-02      1.61440e+02      1.00000e+02      1.34048e+03
    2.79658e-02      1.60269e+02      1.00000e+02      1.31328e+03
    2.84156e-02      1.59079e+02      1.00000e+02      1.28564e+03
    2.88727e-02      1.57870e+02      1.00000e+02      1.25756e+03
    2.93371e-02      1.56641e+02      1.00000e+02      1.22902e+03
    2.98090e-02      1.55392e+02      1.00000e+02      1.20002e+03
    3.02886e-02      1.54123e+02      1.00000e+02      1.17056e+03
    3.07759e-02      1.52834e+02      1.00000e+02      1.14062e+03
    3.12710e-02      1.51524e+02      1.00000e+02      1.11019e+03
    3.17742e-02      1.50193e+02      1.00000e+02      1.07928e+03
    3.22855e-02      1.48840e+02      1.00000e+02      1.04786e+03
    3.28050e-02      1.47466e+02      1.00000e+02      1.01594e+03
    3.33329e-02      1.46069e+02      1.00000e+02      9.83501e+02
    3.38693e-02      1.44650e+02      1.00000e+02      9.50540e+02
    3.44144e-02      1.43208e+02      1.00000e+02      9.17046e+02
    3.49683e-02      1.41742e+02      1.00000e+02      8.83013e+02
    3.55311e-02      1.40253e+02      1.00000e+02      8.48430e+02
    3.61031e-02      1.38740e+02      1.00000e+02      8.13288e+02
    3.66842e-02      1.37203e+02      1.00000e+02      7.77580e+02
    3.72747e-02      1.35640e+02      1.00000e+02      7.41295e+02
    3.78748e-02      1.34053e+02      1.00000e+02      7.04424e+02
    3.84845e-02      1.32439e+02      1.00000e+02      6.66958e+02
    3.91041e-02      1.30800e+02      1.00000e+02      6.28888e+02
    3.97337e-02      1.29134e+02      1.00000e+02      5.90202e+02
    4.03735e-02      1.28063e+02      1.00000e+02      5.75920e+02
    4.10236e-02      1.27040e+02      1.00000e+02      5.64000e+02
    4.16841e-02      1.25999e+02      1.00000e+02      5.51888e+02
    4.23554e-02      1.24942e+02      1.00000e+02      5.39580e+02
    4.30374e-02      1.23868e+02      1.00000e+02      5.27074e+02
    4.37305e-02      1.22777e+02      1.00000e+02      5.14365e+02
    4.44348e-02      1.21668e+02      1.00000e+02      5.01452e+02
    4.51504e-02      1.20541e+02      1.00000e+02      4.88330e+02
    4.58776e-02      1.19396e+02      1.00000e+02      4.74997e+02
    4.66165e-02      1.18232e+02      1.00000e+02      4.61448e+02
    4.73674e-02      1.17049e+02      1.00000e+02      4.47680e+02
    4.81304e-02      1.15848e+02      1.00000e+02      4.33690e+02
    4.89056e-02      1.14627e+02      1.00000e+02      4.19475e+02
    4.96934e-02      1.13386e+02      1.00000e+02      4.05030e+02
    5.04940e-02      1.12126e+02      1.00000e+02      3.90352e+02
    5.13074e-02      1.10845e+02      1.00000e+02      3.75436e+02
    5.21340e-02      1.09543e+02      1.00000e+02      3.60281e+02
    5.29739e-02      1.08220e+02      1.00000e+02      3.44880e+02
    5.38274e-02      1.06876e+02      1.00000e+02      3.29231e+02
    5.46946e-02      1.05510e+02      1.00000e+02      3.13329e+02
    5.55758e-02      1.04397e+02      1.00000e+02      3.03855e+02
    5.64713e-02      1.03372e+02      1.00000e+02      2.96840e+02
    5.73812e-02      1.02331e+02      1.00000e+02      2.89712e+02
    5.83059e-02      1.01273e+02      1.00000e+02      2.82469e+02
    5.92454e-02      1.00198e+02      1.00000e+02      2.75109e+02
    6.02001e-02      9.91055e+01      1.00000e+02      2.67630e+02
    6.11702e-02      9.79954e+01      1.00000e+02      2.60030e+02
    6.21560e-02      9.68675e+01      1.00000e+02      2.52308e+02
    6.31577e-02      9.57213e+01      1.00000e+02      2.44461e+02
    6.41755e-02      9.45567e+01      1.00000e+02      2.36487e+02
    6.52098e-02      9.33732e+01      1.00000e+02      2.28385e+02
    6.62608e-02      9.21707e+01      1.00000e+02      2.20152e+02
    6.73287e-02      9.09487e+01      1.00000e+02      2.11786e+02
    6.84139e-02      8.97070e+01      1.00000e+02      2.03285e+02
    6.95166e-02      8.84453e+01      1.00000e+02      1.94647e+02
    7.06371e-02      8.73077e+01      1.00000e+02      1.87953e+02
    7.17757e-02      8.63034e+01      1.00000e+02      1.83337e+02
    7.29326e-02      8.52829e+01      1.00000e+02      1.78647e+02
    7.41083e-02      8.42459e+01      1.00000e+02      1.73882e+02
    7.53029e-02      8.31922e+01      1.00000e+02      1.69039e+02
    7.65168e-02      8.21215e+01      1.00000e+02      1.64119e+02
    7.77503e-02      8.10334e+01      1.00000e+02      1.59119e+02
    7.90037e-02      7.99279e+01      1.00000e+02      1.54038e+02
    8.02773e-02      7.88044e+01      1.00000e+02      1.48875e+02
    8.15715e-02      7.76629e+01      1.00000e+02      1.43629e+02
    8.28866e-02      7.65029e+01      1.00000e+02      1.38298e+02
    8.42229e-02      7.53242e+01      1.00000e+02      1.32881e+02
    8.55808e-02      7.41901e+01      1.00000e+02      1.28039e+02
    8.69606e-02      7.32252e+01      1.00000e+02      1.25067e+02
    8.83627e-02      7.22448e+01      1.00000e+02      1.22047e+02
    8.97874e-02      7.12485e+01      1.00000e+02      1.18978e+02
    9.12351e-02      7.02361e+01      1.00000e+02      1.15860e+02
    9.27061e-02      6.92073e+01      1.00000e+02      1.12691e+02
    9.42009e-02      6.81620e+01      1.00000e+02      1.09471e+02
    9.57199e-02      6.70998e+01      1.00000e+02      1.06199e+02
    9.72633e-02      6.60204e+01      1.00000e+02      1.02875e+02
    9.88317e-02      6.49237e+01      1.00000e+02      9.94966e+01
    1.00425e-01      6.38154e+01      1.00000e+02      9.60920e+01
    1.02045e-01      6.29002e+01      1.00000e+02      9.35796e+01
    1.03690e-01      6.19702e+01      1.00000e+02      9.10267e+01
    1.05362e-01      6.10252e+01      1.00000e+02      8.84326e+01
    1.07062e-01      6.00649e+01      1.00000e+02      8.57967e+01
    1.08788e-01      5.90892e+01      1.00000e+02      8.31182e+01
    1.10543e-01      5.80976e+01      1.00000e+02      8.03964e+01
    1.12325e-01      5.70901e+01      1.00000e+02      7.76307e+01
    1.14137e-01      5.60663e+01      1.00000e+02      7.48204e+01
    1.15977e-01      5.50721e+01      1.00000e+02      7.21937e+01
    1.17848e-01      5.42054e+01      1.00000e+02      7.02391e+01
    1.19749e-01      5.33248e+01      1.00000e+02      6.82530e+01
    1.21680e-01      5.24300e+01      1.00000e+02      6.62348e+01
    1.23642e-01      5.15207e+01      1.00000e+02      6.41840e+01
    1.25637e-01      5.05968e+01      1.00000e+02      6.21001e+01
    1.27663e-01      4.96579e+01      1.00000e+02      5.99826e+01
    1.29722e-01      4.87039e+01      1.00000e+02      5.78309e+01
    1.31814e-01      4.78235e+01      1.00000e+02      5.59962e+01
    1.33940e-01      4.70042e+01      1.00000e+02      5.44289e+01
    1.36101e-01      4.61717e+01      1.00000e+02      5.28362e+01
    1.38296e-01      4.53257e+01      1.00000e+02      5.12179e+01
    1.40527e-01      4.44661e+01      1.00000e+02      4.95735e+01
    1.42794e-01      4.35926e+01      1.00000e+02      4.79025e+01
    1.45097e-01      4.27049e+01      1.00000e+02      4.62045e+01
    1.47437e-01      4.19004e+01      1.00000e+02      4.47994e+01
    1.49816e-01      4.11271e+01      1.00000e+02      4.35167e+01
    1.52232e-01      4.03412e+01      1.00000e+02      4.22133e+01
    1.54688e-01      3.95426e+01      1.00000e+02      4.08888e+01
    1.57183e-01      3.87312e+01      1.00000e+02      3.95430e+01
    1.59719e-01      3.79067e+01      1.00000e+02      3.81754e+01
    1.62295e-01      3.71325e+01      1.00000e+02      3.69625e+01
    1.64913e-01      3.64065e+01      1.00000e+02      3.58981e+01
    1.67574e-01      3.56687e+01      1.00000e+02      3.48166e+01
    1.70277e-01      3.49190e+01      1.00000e+02      3.37175e+01
    1.73024e-01      3.41573e+01      1.00000e+02      3.26008e+01
    1.75815e-01      3.33832e+01      1.00000e+02      3.14660e+01
    1.78652e-01      3.26951e+01      1.00000e+02      3.05481e+01
    1.81534e-01      3.20075e+01      1.00000e+02      2.96432e+01
    1.84462e-01      3.13089e+01      1.00000e+02      2.87236e+01
    1.87438e-01      3.05990e+01      1.00000e+02      2.77893e+01
    1.90462e-01      2.98776e+01      1.00000e+02      2.68399e+01
    1.93535e-01      2.92175e+01      1.00000e+02      2.60264e+01
    1.96657e-01      2.85726e+01      1.00000e+02      2.52535e+01
    1.99830e-01      2.79174e+01      1.00000e+02      2.44681e+01
    2.03054e-01      2.72515e+01      1.00000e+02      2.36700e+01
    2.06330e-01      2.65749e+01      1.00000e+02      2.28591e+01
    2.09659e-01      2.59711e+01      1.00000e+02      2.21943e+01
    2.13042e-01      2.53595e+01      1.00000e+02      2.15225e+01
    2.16479e-01      2.47381e+01      1.00000e+02      2.08399e+01
    2.19971e-01      2.41066e+01      1.00000e+02      2.01462e+01
    2.23521e-01      2.35094e+01      1.00000e+02      1.95140e+01
    2.27127e-01      2.29387e+01      1.00000e+02      1.89306e+01
    2.30791e-01      2.23588e+01      1.00000e+02      1.83378e+01
    2.34515e-01      2.17696e+01      1.00000e+02      1.77354e+01
    2.38299e-01      2.12014e+01      1.00000e+02      1.71686e+01
    2.42144e-01      2.06662e+01      1.00000e+02      1.66553e+01
    2.46051e-01      2.01223e+01      1.00000e+02      1.61336e+01
    2.50021e-01      1.95697e+01      1.00000e+02      1.56036e+01
    2.54055e-01      1.90437e+01      1.00000e+02      1.51137e+01
    2.58154e-01      1.85390e+01      1.00000e+02      1.46568e+01
    2.62320e-01      1.80262e+01      1.00000e+02      1.41924e+01
    2.66552e-01      1.75051e+01      1.00000e+02      1.37206e+01
    2.70853e-01      1.70293e+01      1.00000e+02      1.33086e+01
    2.75224e-01      1.65521e+01      1.00000e+02      1.28976e+01
    2.79665e-01      1.60672e+01      1.00000e+02      1.24800e+01
    2.84177e-01      1.55995e+01      1.00000e+02      1.20842e+01
    2.88763e-01      1.51550e+01      1.00000e+02      1.17172e+01
    2.93422e-01      1.47034e+01      1.00000e+02      1.13442e+01
    2.98157e-01      1.42534e+01      1.00000e+02      1.09751e+01
    3.02968e-01      1.38361e+01      1.00000e+02      1.06445e+01
    3.07857e-01      1.34122e+01      1.00000e+02      1.03086e+01
    3.12825e-01      1.29850e+01      1.00000e+02      9.97092e+00
    3.17873e-01      1.25943e+01      1.00000e+02      9.67101e+00
    3.23002e-01      1.21972e+01      1.00000e+02      9.36626e+00
    3.28214e-01      1.17990e+01      1.00000e+02      9.06150e+00
    3.33510e-01      1.14320e+01      1.00000e+02      8.78753e+00
    3.38892e-01      1.10591e+01      1.00000e+02      8.50913e+00
    3.44361e-01      1.06919e+01      1.00000e+02      8.23678e+00
    3.49918e-01      1.03465e+01      1.00000e+02      7.98504e+00
    3.55564e-01      9.99554e+00      1.00000e+02      7.72924e+00
    3.61302e-01      9.66027e+00      1.00000e+02      7.48782e+00
    3.67133e-01      9.33417e+00      1.00000e+02      7.25514e+00
    3.73057e-01      9.00303e+00      1.00000e+02      7.01888e+00
    3.79077e-01      8.69933e+00      1.00000e+02      6.80615e+00
    3.85194e-01      8.39072e+00      1.00000e+02      6.58997e+00
    3.91411e-01      8.09307e+00      1.00000e+02      6.38298e+00
    3.97727e-01      7.80539e+00      1.00000e+02      6.18439e+00
    4.04145e-01      7.51682e+00      1.00000e+02      5.98540e+00
    4.10667e-01      7.24900e+00      1.00000e+02      5.80219e+00
    4.17294e-01      6.97685e+00      1.00000e+02      5.61603e+00
    4.24029e-01      6.72081e+00      1.00000e+02      5.44294e+00
    4.30872e-01      6.46497e+00      1.00000e+02      5.27045e+00
    4.37825e-01      6.21927e+00      1.00000e+02      5.10578e+00
    4.44890e-01      5.97897e+00      1.00000e+02      4.94539e+00
    4.52070e-01      5.74546e+00      1.00000e+02      4.78967e+00
    4.59366e-01      5.52078e+00      1.00000e+02      4.63999e+00
    4.66779e-01      5.30036e+00      1.00000e+02      4.49342e+00
    4.74312e-01      5.08897e+00      1.00000e+02      4.35330e+00
    4.81966e-01      4.88154e+00      1.00000e+02      4.21582e+00
    4.89745e-01      4.68285e+00      1.00000e+02      4.08419e+00
    4.97648e-01      4.48850e+00      1.00000e+02      3.95558e+00
    5.05679e-01      4.30085e+00      1.00000e+02      3.83160e+00
    5.13840e-01      4.11980e+00      1.00000e+02      3.71153e+00
    5.22133e-01      3.94376e+00      1.00000e+02      3.59441e+00
    5.30559e-01      3.77552e+00      1.00000e+02      3.48252e+00
    5.39122e-01      3.60875e+00      1.00000e+02      3.37162e+00
    5.47823e-01      3.45272e+00      1.00000e+02      3.26748e+00
    5.56664e-01      3.29782e+00      1.00000e+02      3.16396e+00
    5.65648e-01      3.15091e+00      1.00000e+02      3.06539e+00
    5.74776e-01      3.00809e+00      1.00000e+02      2.96930e+00
    5.84053e-01      2.86875e+00      1.00000e+02      2.87530e+00
    5.93479e-01      2.73733e+00      1.00000e+02      2.78614e+00
    6.03057e-01      2.60792e+00      1.00000e+02      2.69826e+00
    6.12789e-01      2.48337e+00      1.00000e+02      2.61364e+00
    6.22679e-01      2.36526e+00      1.00000e+02      2.53217e+00
    6.32729e-01      2.25008e+00      1.00000e+02      2.45225e+00
    6.42940e-01      2.13952e+00      1.00000e+02      2.37549e+00
    6.53317e-01      2.03353e+00      1.00000e+02      2.30141e+00
    6.63861e-01      1.93011e+00      1.00000e+02      2.22895e+00
    6.74575e-01      1.82998e+00      1.00000e+02      2.15887e+00
    6.85462e-01      1.73646e+00      1.00000e+02      2.09167e+00
    6.96525e-01      1.64566e+00      1.00000e+02      2.02609e+00
    7.07766e-01      1.55750e+00      1.00000e+02      1.96223e+00
    7.19189e-01      1.47397e+00      1.00000e+02      1.90086e+00
    7.30796e-01      1.39353e+00      1.00000e+02      1.84158e+00
    7.42591e-01      1.31559e+00      1.00000e+02      1.78390e+00
    7.54576e-01      1.24080e+00      1.00000e+02      1.72785e+00
    7.66755e-01      1.17044e+00      1.00000e+02      1.67345e+00
    7.79130e-01      1.10546e+00      1.00000e+02      1.62133e+00
    7.91704e-01      1.03968e+00      1.00000e+02      1.57070e+00
    8.04482e-01      9.76885e-01      1.00000e+02      1.52155e+00
    8.17466e-01      9.18273e-01      1.00000e+02      1.47388e+00
    8.30660e-01      8.62520e-01      1.00000e+02      1.42766e+00
    8.44066e-01      8.07740e-01      1.00000e+02      1.38287e+00
    8.57689e-01      7.56550e-01      1.00000e+02      1.33949e+00
    8.71532e-01      7.08171e-01      1.00000e+02      1.29768e+00
    8.85599e-01      6.62164e-01      1.00000e+02      1.25714e+00
    8.99892e-01      6.18239e-01      1.00000e+02      1.21785e+00
    9.14416e-01      5.76486e-01      1.00000e+02      1.17978e+00
    9.29175e-01      5.36902e-01      1.00000e+02      1.14289e+00
    9.44171e-01      4.99379e-01      1.00000e+02      1.10715e+00
    9.59410e-01      4.63806e-01      1.00000e+02      1.07252e+00
    9.74895e-01      4.30161e-01      1.00000e+02      1.03898e+00
    9.90630e-01      3.98368e-01      1.00000e+02      1.00649e+00
    1.00662e+00      3.68380e-01      1.00000e+02      1.00190e+00
    1.02287e+00      3.39629e-01      1.00000e+02      9.75982e-01
    1.03937e+00      3.13462e-01      1.00000e+02      9.45434e-01
    1.05615e+00      2.88550e-01      1.00000e+02      9.15946e-01
    1.07320e+00      2.65089e-01      1.00000e+02      8.87369e-01
    1.09052e+00      2.43153e-01      1.00000e+02      8.59679e-01
    1.10812e+00      2.22706e-01      1.00000e+02      8.32837e-01
    1.12600e+00      2.03453e-01      1.00000e+02      8.06809e-01
    1.14418e+00      1.85436e-01      1.00000e+02      7.81563e-01
    1.16265e+00      1.68696e-01      1.00000e+02      7.57178e-01
    1.18141e+00      1.53146e-01      1.00000e+02      7.33587e-01
    1.20048e+00      1.38641e-01      1.00000e+02      7.10689e-01
    1.21986e+00      1.25125e-01      1.00000e+02      6.88461e-01
    1.23954e+00      1.12696e-01      1.00000e+02      6.67005e-01
    1.25955e+00      1.01217e-01      1.00000e+02      6.46221e-01
    1.27988e+00      9.05769e-02      1.00000e+02      6.26027e-01
    1.30054e+00      8.08158e-02      1.00000e+02      6.06522e-01
    1.32153e+00      7.18838e-02      1.00000e+02      5.87620e-01
    1.34286e+00      6.38230e-02      1.00000e+02      5.69255e-01
    1.36453e+00      5.64053e-02      1.00000e+02      5.51556e-01
    1.38656e+00      4.96585e-02      1.00000e+02      5.34331e-01
    1.40894e+00      4.36139e-02      1.00000e+02      5.17709e-01
    1.43168e+00      3.81259e-02      1.00000e+02      5.01558e-01
    1.45479e+00      3.32410e-02      1.00000e+02      4.85959e-01
    1.47827e+00      2.88317e-02      1.00000e+02      4.70790e-01
    1.50213e+00      2.49390e-02      1.00000e+02      4.56161e-01
    1.52637e+00      2.14642e-02      1.00000e+02      4.41943e-01
    1.55101e+00      1.83939e-02      1.00000e+02      4.28193e-01
    1.57604e+00      1.56782e-02      1.00000e+02      4.14877e-01
    1.60148e+00      1.32966e-02      1.00000e+02      4.01951e-01
    1.62733e+00      1.12210e-02      1.00000e+02      3.89451e-01
    1.65360e+00      9.42553e-03      1.00000e+02      3.77348e-01
    1.68029e+00      7.86146e-03      1.00000e+02      3.65610e-01
    1.70741e+00      6.52337e-03      1.00000e+02      3.54233e-01
    1.73497e+00      5.39613e-03      1.00000e+02      3.43222e-01
    1.76297e+00      4.45635e-03      1.00000e+02      3.32673e-01
    1.79143e+00      3.67468e-03      1.00000e+02      3.22232e-01
    1.82034e+00      3.01992e-03      1.00000e+02      3.12223e-01
    1.84972e+00      2.52377e-03      1.00000e+02      3.02527e-01
    1.87958e+00      2.10962e-03      1.00000e+02      2.93137e-01
    1.90992e+00      1.78237e-03      1.00000e+02      2.84036e-01
    1.94074e+00      1.53227e-03      1.00000e+02      2.75221e-01
    1.97207e+00      1.31115e-03      1.00000e+02      2.66679e-01
    2.00390e+00      1.14574e-03      1.00000e+02      2.63997e-01
    2.03624e+00      1.00519e-03      1.00000e+02      2.58465e-01
    2.06911e+00      8.84063e-04      1.00000e+02      2.50445e-01
    2.10251e+00      7.82669e-04      1.00000e+02      2.42687e-01
    2.13644e+00      6.96917e-04      1.00000e+02      2.35168e-01
    2.17093e+00      6.25958e-04      1.00000e+02      2.27882e-01
    2.20597e+00      5.67769e-04      1.00000e+02      2.20820e-01
    2.24158e+00      5.20967e-04      1.00000e+02      2.13987e-01
    2.27776e+00      4.82433e-04      1.00000e+02      2.07362e-01
    2.31452e+00      4.52095e-04      1.00000e+02      2.00943e-01
    2.35188e+00      4.28191e-04      1.00000e+02      1.94727e-01
    2.38984e+00      4.09176e-04      1.00000e+02      1.88702e-01
    2.42842e+00      3.94229e-04      1.00000e+02      1.82867e-01
    2.46761e+00      3.82394e-04      1.00000e+02      1.77215e-01
    2.50744e+00      3.72991e-04      1.00000e+02      1.71736e-01
    2.54792e+00      3.65474e-04      1.00000e+02      1.66433e-01
    2.58904e+00      3.59549e-04      1.00000e+02      1.61292e-01
    2.63083e+00      3.54929e-04      1.00000e+02      1.56310e-01
    2.67329e+00      3.51441e-04      1.00000e+02      1.51487e-01
    2.71644e+00      3.48904e-04      1.00000e+02      1.46814e-01
    2.76029e+00      3.47157e-04      1.00000e+02      1.42286e-01
    2.80484e+00      3.46038e-04      1.00000e+02      1.37898e-01
    2.85012e+00      3.45389e-04      1.00000e+02      1.33647e-01
    2.89612e+00      3.45048e-04      1.00000e+02      1.29528e-01
    2.94287e+00      3.44886e-04      1.00000e+02      1.25537e-01
    2.99037e+00      3.44814e-04      1.00000e+02      1.21671e-01
    3.03864e+00      3.44780e-04      1.00000e+02      1.17925e-01
    3.08768e+00      3.44752e-04      1.00000e+02      1.14297e-01
    3.13752e+00      3.44724e-04      1.00000e+02      1.10782e-01
    3.18817e+00      3.44695e-04      1.00000e+02      1.07374e-01
    3.23963e+00      3.44668e-04      1.00000e+02      1.04074e-01
    3.29192e+00      3.44638e-04      1.00000e+02      1.00876e-01
    3.34505e+00      3.44610e-04      1.00000e+02      9.77778e-02
    3.39905e+00      3.44581e-04      1.00000e+02      9.47759e-02
    3.45391e+00      3.44549e-04      1.00000e+02      9.18671e-02
    3.50966e+00      3.44519e-04      1.00000e+02      8.90482e-02
    3.56631e+00      3.44490e-04      1.00000e+02      8.63182e-02
    3.62388e+00      3.44458e-04      1.00000e+02      8.36724e-02
    3.68237e+00      3.44426e-04      1.00000e+02      8.11089e-02
    3.74181e+00      3.44398e-04      1.00000e+02      7.86256e-02
    3.80220e+00      3.44361e-04      1.00000e+02      7.62177e-02
    3.86358e+00      3.44329e-04      1.00000e+02      7.38856e-02
    3.92594e+00      3.44294e-04      1.00000e+02      7.16255e-02
    3.98931e+00      3.44262e-04      1.00000e+02      6.94358e-02
    4.05370e+00      3.44226e-04      1.00000e+02      6.73133e-02
    4.11913e+00      3.44193e-04      1.00000e+02      6.52581e-02
    4.18562e+00      3.44156e-04      1.00000e+02      6.32656e-02
    4.25318e+00      3.44121e-04      1.00000e+02      6.13351e-02
    4.32183e+00      3.44085e-04      1.00000e+02      5.94646e-02
    4.39159e+00      3.44050e-04      1.00000e+02      5.76520e-02
    4.46248e+00      3.44010e-04      1.00000e+02      5.58946e-02
    4.53451e+00      3.43973e-04      1.00000e+02      5.41929e-02
    4.60770e+00      3.43934e-04      1.00000e+02      5.25433e-02
    4.68208e+00      3.43895e-04      1.00000e+02      5.09450e-02
    4.75765e+00      3.43857e-04      1.00000e+02      4.93960e-02
    4.83444e+00      3.43816e-04      1.00000e+02      4.78947e-02
    4.91248e+00      3.43775e-04      1.00000e+02      4.64401e-02
    4.99177e+00      3.43735e-04      1.00000e+02      4.50304e-02
    5.07235e+00      3.43693e-04      1.00000e+02      4.36644e-02
    5.15422e+00      3.43652e-04      1.00000e+02      4.23408e-02
    5.23742e+00      3.43611e-04      1.00000e+02      4.10579e-02
    5.32196e+00      3.43568e-04      1.00000e+02      3.98148e-02
    5.40786e+00      3.43526e-04      1.00000e+02      3.86102e-02
    5.49515e+00      3.43483e-04      1.00000e+02      3.74427e-02
    5.58385e+00      3.43440e-04      1.00000e+02      3.63112e-02
    5.67398e+00      3.43391e-04      1.00000e+02      3.52141e-02
    5.76556e+00      3.43355e-04      1.00000e+02      3.41524e-02
    5.85863e+00      3.43309e-04      1.00000e+02      3.31224e-02
    5.95319e+00      3.43264e-04      1.00000e+02      3.21244e-02
    6.04929e+00      3.43220e-04      1.00000e+02      3.11572e-02
    6.14693e+00      3.43174e-04      1.00000e+02      3.02197e-02
    6.24615e+00      3.43127e-04      1.00000e+02      2.93111e-02
    6.34697e+00      3.43082e-04      1.00000e+02      2.84306e-02
    6.44942e+00      3.43036e-04      1.00000e+02      2.75771e-02
    6.55352e+00      3.42987e-04      1.00000e+02      2.67496e-02
    6.65931e+00      3.42939e-04      1.00000e+02      2.59477e-02
    6.76680e+00      3.42888e-04      1.00000e+02      2.51703e-02
    6.87602e+00      3.42836e-04      1.00000e+02      2.44168e-02
    6.98701e+00      3.42787e-04      1.00000e+02      2.36866e-02
    7.09979e+00      3.42735e-04      1.00000e+02      2.29785e-02
    7.21439e+00      3.42683e-04      1.00000e+02      2.22923e-02
    7.33084e+00      3.42630e-04      1.00000e+02      2.16271e-02
    7.44917e+00      3.42573e-04      1.00000e+02      2.09820e-02
    7.56941e+00      3.42519e-04      1.00000e+02      2.03569e-02
    7.69159e+00      3.42462e-04      1.00000e+02      1.97508e-02
    7.81575e+00      3.42407e-04      1.00000e+02      1.91634e-02
    7.94190e+00      3.42351e-04      1.00000e+02      1.85939e-02
    8.07010e+00      3.42292e-04      1.00000e+02      1.80417e-02
    8.20036e+00      3.42232e-04      1.00000e+02      1.75064e-02
    8.33273e+00      3.42172e-04      1.00000e+02      1.69875e-02
    8.46723e+00      3.42111e-04      1.00000e+02      1.64843e-02
    8.60390e+00      3.42048e-04      1.00000e+02      1.59965e-02
    8.74278e+00      3.41986e-04      1.00000e+02      1.55236e-02
    8.88390e+00      3.41925e-04      1.00000e+02      1.50652e-02
    9.02730e+00      3.41858e-04      1.00000e+02      1.46206e-02
    9.17301e+00      3.41791e-04      1.00000e+02      1.41894e-02
    9.32108e+00      3.41725e-04      1.00000e+02      1.37715e-02
    9.47154e+00      3.41658e-04      1.00000e+02      1.33664e-02
    9.62442e+00      3.41589e-04      1.00000e+02      1.29734e-02
    9.77977e+00      3.41520e-04      1.00000e+02      1.25924e-02
    9.93763e+00      3.41449e-04      1.00000e+02      1.22230e-02
    1.00980e+01      3.41377e-04      1.00000e+02      1.18648e-02
    1.02610e+01      3.41296e-04      1.00000e+02      1.15171e-02
    1.04267e+01      3.41230e-04      1.00000e+02      1.11805e-02
    1.05950e+01      3.41156e-04      1.00000e+02      1.08539e-02
    1.07660e+01      3.41080e-04      1.00000e+02      1.05371e-02
    1.09398e+01      3.41003e-04      1.00000e+02      1.02300e-02
    1.11163e+01      3.40925e-04      1.00000e+02      9.93206e-03
    1.12958e+01      3.40845e-04      1.00000e+02      9.64313e-03
    1.14781e+01      3.40765e-04      1.00000e+02      9.36293e-03
    1.16634e+01      3.40686e-04      1.00000e+02      9.09126e-03
    1.18517e+01      3.40601e-04      1.00000e+02      8.82764e-03
    1.20430e+01      3.40517e-04      1.00000e+02      8.57203e-03
    1.22373e+01      3.40430e-04      1.00000e+02      8.32405e-03
    1.24349e+01      3.40345e-04      1.00000e+02      8.08363e-03
    1.26356e+01      3.40257e-04      1.00000e+02      7.85038e-03
    1.28395e+01      3.40168e-04      1.00000e+02      7.62414e-03
    1.30468e+01      3.40078e-04      1.00000e+02      7.40469e-03
    1.32574e+01      3.39985e-04      1.00000e+02      7.19180e-03
    1.34714e+01      3.39893e-04      1.00000e+02      6.98534e-03
    1.36888e+01      3.39798e-04      1.00000e+02      6.78500e-03
    1.39098e+01      3.39703e-04      1.00000e+02      6.59070e-03
    1.41343e+01      3.39605e-04      1.00000e+02      6.40220e-03
    1.43625e+01      3.39507e-04      1.00000e+02      6.21933e-03
    1.45943e+01      3.39405e-04      1.00000e+02      6.04188e-03
    1.48299e+01      3.39304e-04      1.00000e+02      5.86976e-03
    1.50693e+01      3.39201e-04      1.00000e+02      5.70277e-03
    1.53125e+01      3.39096e-04      1.00000e+02      5.54075e-03
    1.55597e+01      3.38990e-04      1.00000e+02      5.38355e-03
    1.58108e+01      3.38883e-04      1.00000e+02      5.23103e-03
    1.60660e+01      3.38774e-04      1.00000e+02      5.08303e-03
    1.63254e+01      3.38664e-04      1.00000e+02      4.93945e-03
    1.65889e+01      3.38553e-04      1.00000e+02      4.80011e-03
    1.68566e+01      3.38439e-04      1.00000e+02      4.66489e-03
    1.71287e+01      3.38324e-04      1.00000e+02      4.53369e-03
    1.74052e+01      3.38206e-04      1.00000e+02      4.40634e-03
    1.76862e+01      3.38087e-04      1.00000e+02      4.28277e-03
    1.79716e+01      3.37967e-04      1.00000e+02      4.16285e-03
    1.82617e+01      3.37854e-04      1.00000e+02      4.04657e-03
    1.85565e+01      3.37724e-04      1.00000e+02      3.93354e-03
    1.88560e+01      3.37598e-04      1.00000e+02      3.82390e-03
    1.91604e+01      3.37472e-04      1.00000e+02      3.71751e-03
    1.94697e+01      3.37343e-04      1.00000e+02      3.61422e-03
    1.97840e+01      3.37213e-04      1.00000e+02      3.51397e-03
    2.01033e+01      3.37079e-04      1.00000e+02      3.41665e-03
    2.04278e+01      3.36945e-04      1.00000e+02      3.32219e-03
    2.07575e+01      3.36805e-04      1.00000e+02      3.23045e-03
    2.10926e+01      3.36659e-04      1.00000e+02      3.14136e-03
    2.14331e+01      3.36528e-04      1.00000e+02      3.05502e-03
    2.17790e+01      3.36387e-04      1.00000e+02      2.97113e-03
    2.21306e+01      3.36242e-04      1.00000e+02      2.88966e-03
    2.24878e+01      3.36095e-04      1.00000e+02      2.81056e-03
    2.28508e+01      3.35949e-04      1.00000e+02      2.73378e-03
    2.32196e+01      3.35797e-04      1.00000e+02      2.65921e-03
    2.35944e+01      3.35645e-04      1.00000e+02      2.58680e-03
    2.39753e+01      3.35492e-04      1.00000e+02      2.51651e-03
    2.43623e+01      3.35336e-04      1.00000e+02      2.44824e-03
    2.47555e+01      3.35178e-04      1.00000e+02      2.38194e-03
    2.51551e+01      3.35017e-04      1.00000e+02      2.31755e-03
    2.55612e+01      3.34853e-04      1.00000e+02      2.25502e-03
    2.59738e+01      3.34688e-04      1.00000e+02      2.19428e-03
    2.63930e+01      3.34521e-04      1.00000e+02      2.13530e-03
    2.68190e+01      3.34351e-04      1.00000e+02      2.07800e-03
    2.72519e+01      3.34179e-04      1.00000e+02      2.02235e-03
    2.76918e+01      3.34005e-04      1.00000e+02      1.96830e-03
    2.81388e+01      3.33828e-04      1.00000e+02      1.91578e-03
    2.85930e+01      3.33650e-04      1.00000e+02      1.86478e-03
    2.90546e+01      3.33467e-04      1.00000e+02      1.81521e-03
    2.95235e+01      3.33284e-04      1.00000e+02      1.76707e-03
    3.00001e+01      3.33097e-04      1.00000e+02      1.72029e-03
