    Er (keV)         SM dN/dE         BG dN/dE        BSM dN/dE (events/kg/day/keV)
    1.01000e-02      8.80575e-01      1.00000e+01      4.25641e+00
    1.02859e-02      8.72702e-01      1.00000e+01      4.25641e+00
    1.04753e-02      8.64682e-01      1.00000e+01      4.25640e+00
    1.06682e-02      8.56514e-01      1.00000e+01      4.25640e+00
    1.08647e-02      8.48193e-01      1.00000e+01      4.25640e+00
    1.10648e-02      8.39718e-01      1.00000e+01      4.25640e+00
    1.12686e-02      8.31085e-01      1.00000e+01      4.25640e+00
    1.14763e-02      8.22292e-01      1.00000e+01      4.25640e+00
    1.16878e-02      8.13335e-01      1.00000e+01      4.25639e+00
    1.19032e-02      8.04212e-01      1.00000e+01      4.25639e+00
    1.21226e-02      7.94919e-01      1.00000e+01      4.25639e+00
    1.23462e-02      7.85453e-01      1.00000e+01      4.25639e+00
    1.25738e-02      7.75811e-01      1.00000e+01      4.25639e+00
    1.28057e-02      7.65990e-01      1.00000e+01      4.25638e+00
    1.30420e-02      7.55987e-01      1.00000e+01      4.25638e+00
    1.32826e-02      7.45797e-01      1.00000e+01      4.25638e+00
    1.35276e-02      7.35419e-01      1.00000e+01      4.25638e+00
    1.37773e-02      7.24847e-01      1.00000e+01      4.25638e+00
    1.40316e-02      7.14078e-01      1.00000e+01      4.25637e+00
    1.42906e-02      7.03110e-01      1.00000e+01      4.25637e+00
    1.45544e-02      6.91937e-01      1.00000e+01      4.25637e+00
    1.48231e-02      6.80557e-01      1.00000e+01      4.25637e+00
    1.50968e-02      6.68965e-01      1.00000e+01      4.25637e+00
    1.53757e-02      6.57158e-01      1.00000e+01      4.25636e+00
    1.56597e-02      6.45131e-01      1.00000e+01      4.25636e+00
    1.59489e-02      6.32880e-01      1.00000e+01      4.25636e+00
    1.62436e-02      6.20402e-01      1.00000e+01      4.25636e+00
    1.65437e-02      6.07692e-01      1.00000e+01      4.25635e+00
    1.68494e-02      5.94745e-01      1.00000e+01      4.25635e+00
    1.71608e-02      5.81558e-01      1.00000e+01      4.25635e+00
    1.74780e-02      5.68126e-01      1.00000e+01      4.25635e+00
    1.78011e-02      5.54444e-01      1.00000e+01      4.25634e+00
    1.81302e-02      5.40507e-01      1.00000e+01      4.25634e+00
    1.84654e-02      5.26312e-01      1.00000e+01      4.25634e+00
    1.88068e-02      5.11852e-01      1.00000e+01      4.25633e+00
    1.91546e-02      4.97124e-01      1.00000e+01      4.25633e+00
    1.95089e-02      4.82122e-01      1.00000e+01      4.25633e+00
    1.98697e-02      4.66841e-01      1.00000e+01      4.25632e+00
    2.02372e-02      4.51276e-01      1.00000e+01      4.25632e+00
    2.06116e-02      4.35421e-01      1.00000e+01      4.25632e+00
    2.09930e-02      4.19272e-01      1.00000e+01      4.25632e+00
    2.13814e-02      4.02823e-01      1.00000e+01      4.25631e+00
    2.17770e-02      3.86067e-01      1.00000e+01      4.25631e+00
    2.21800e-02      3.69001e-01      1.00000e+01      4.25630e+00
    2.25905e-02      3.51617e-01      1.00000e+01      4.25630e+00
    2.30087e-02      3.33909e-01      1.00000e+01      4.25630e+00
    2.34346e-02      3.15873e-01      1.00000e+01      4.25629e+00
    2.38684e-02      2.97501e-01      1.00000e+01      4.25629e+00
    2.43103e-02      2.78788e-01      1.00000e+01      4.25629e+00
    2.47604e-02      2.59726e-01      1.00000e+01      4.25628e+00
    2.52189e-02      2.40311e-01      1.00000e+01      4.25628e+00
    2.56859e-02      2.20534e-01      1.00000e+01      4.25628e+00
    2.61615e-02      2.00390e-01      1.00000e+01      4.25627e+00
    2.66461e-02      1.79871e-01      1.00000e+01      4.25627e+00
    2.71396e-02      1.58971e-01      1.00000e+01      4.25626e+00
    2.76423e-02      1.37682e-01      1.00000e+01      4.25626e+00
    2.81543e-02      1.15997e-01      1.00000e+01      4.25625e+00
    2.86759e-02      9.39093e-02      1.00000e+01      4.25625e+00
    2.92072e-02      7.14109e-02      1.00000e+01      4.25625e+00
    2.97483e-02      4.84942e-02      1.00000e+01      4.25624e+00
    3.02995e-02      2.51514e-02      1.00000e+01      4.25624e+00
    3.08610e-02      2.34183e-02      1.00000e+01      4.25623e+00
    3.14329e-02      2.29980e-02      1.00000e+01      4.25623e+00
    3.20154e-02      2.25699e-02      1.00000e+01      4.25623e+00
    3.26087e-02      2.21338e-02      1.00000e+01      4.25622e+00
    3.32131e-02      2.16896e-02      1.00000e+01      4.25622e+00
    3.38287e-02      2.12372e-02      1.00000e+01      4.25622e+00
    3.44558e-02      2.07763e-02      1.00000e+01      4.25622e+00
    3.50945e-02      2.03069e-02      1.00000e+01      4.25621e+00
    3.57451e-02      1.98287e-02      1.00000e+01      4.25621e+00
    3.64078e-02      1.93417e-02      1.00000e+01      4.25621e+00
    3.70828e-02      1.88456e-02      1.00000e+01      4.25620e+00
    3.77704e-02      1.83403e-02      1.00000e+01      4.25620e+00
    3.84707e-02      1.78256e-02      1.00000e+01      4.25620e+00
    3.91841e-02      1.73013e-02      1.00000e+01      4.25619e+00
    3.99107e-02      1.67673e-02      1.00000e+01      4.25619e+00
    4.06509e-02      1.62233e-02      1.00000e+01      4.25619e+00
    4.14048e-02      1.56693e-02      1.00000e+01      4.25618e+00
    4.21727e-02      1.51049e-02      1.00000e+01      4.25618e+00
    4.29549e-02      1.45300e-02      1.00000e+01      4.25617e+00
    4.37516e-02      1.39445e-02      1.00000e+01      4.25617e+00
    4.45631e-02      1.33481e-02      1.00000e+01      4.25617e+00
    4.53898e-02      1.27405e-02      1.00000e+01      4.25616e+00
    4.62318e-02      1.21217e-02      1.00000e+01      4.25616e+00
    4.70894e-02      1.14914e-02      1.00000e+01      4.25615e+00
    4.79630e-02      1.08494e-02      1.00000e+01      4.25615e+00
    4.88528e-02      1.01954e-02      1.00000e+01      4.25615e+00
    4.97592e-02      9.52924e-03      1.00000e+01      4.25614e+00
    5.06825e-02      8.85072e-03      1.00000e+01      4.25614e+00
    5.16229e-02      8.34414e-03      1.00000e+01      4.25613e+00
    5.25807e-02      8.02415e-03      1.00000e+01      4.25612e+00
    5.35564e-02      7.69822e-03      1.00000e+01      4.25611e+00
    5.45503e-02      7.36622e-03      1.00000e+01      4.25611e+00
    5.55626e-02      7.02805e-03      1.00000e+01      4.25610e+00
    5.65937e-02      6.68360e-03      1.00000e+01      4.25609e+00
    5.76440e-02      6.33274e-03      1.00000e+01      4.25608e+00
    5.87138e-02      5.97536e-03      1.00000e+01      4.25607e+00
    5.98035e-02      5.61133e-03      1.00000e+01      4.25606e+00
    6.09135e-02      5.24054e-03      1.00000e+01      4.25605e+00
    6.20441e-02      4.86285e-03      1.00000e+01      4.25604e+00
    6.31957e-02      4.47814e-03      1.00000e+01      4.25603e+00
    6.43688e-02      4.08628e-03      1.00000e+01      4.25602e+00
    6.55636e-02      3.68713e-03      1.00000e+01      4.25601e+00
    6.67807e-02      3.28057e-03      1.00000e+01      4.25600e+00
    6.80204e-02      2.86644e-03      1.00000e+01      4.25599e+00
    6.92831e-02      2.44462e-03      1.00000e+01      4.25598e+00
    7.05693e-02      2.01495e-03      1.00000e+01      4.25597e+00
    7.18794e-02      1.57729e-03      1.00000e+01      4.25595e+00
    7.32139e-02      1.53632e-03      1.00000e+01      4.25594e+00
    7.45732e-02      1.53322e-03      1.00000e+01      4.25593e+00
    7.59578e-02      1.53006e-03      1.00000e+01      4.25592e+00
    7.73681e-02      1.52685e-03      1.00000e+01      4.25591e+00
    7.88046e-02      1.52357e-03      1.00000e+01      4.25589e+00
    8.02678e-02      1.52023e-03      1.00000e+01      4.25588e+00
    8.17582e-02      1.51683e-03      1.00000e+01      4.25587e+00
    8.32764e-02      1.51337e-03      1.00000e+01      4.25585e+00
    8.48227e-02      1.50984e-03      1.00000e+01      4.25584e+00
    8.63979e-02      1.50625e-03      1.00000e+01      4.25583e+00
    8.80023e-02      1.50259e-03      1.00000e+01      4.25581e+00
    8.96365e-02      1.49886e-03      1.00000e+01      4.25580e+00
    9.13011e-02      1.49507e-03      1.00000e+01      4.25578e+00
    9.29966e-02      1.49123e-03      1.00000e+01      4.25697e+00
    9.47237e-02      1.48755e-03      1.00000e+01      4.26912e+00
    9.64829e-02      1.48380e-03      1.00000e+01      4.28150e+00
    9.82748e-02      1.47998e-03      1.00000e+01      4.29410e+00
    1.00100e-01      1.47610e-03      1.00000e+01      4.30694e+00
    1.01959e-01      1.47214e-03      1.00000e+01      4.32002e+00
    1.03853e-01      1.46810e-03      1.00000e+01      4.33334e+00
    1.05782e-01      1.46400e-03      1.00000e+01      4.34691e+00
    1.07747e-01      1.45981e-03      1.00000e+01      4.36073e+00
    1.09748e-01      1.45555e-03      1.00000e+01      4.37480e+00
    1.11786e-01      1.45121e-03      1.00000e+01      4.38914e+00
    1.13863e-01      1.44680e-03      1.00000e+01      4.40229e+00
    1.15978e-01      1.44249e-03      1.00000e+01      4.40227e+00
    1.18132e-01      1.43809e-03      1.00000e+01      4.40225e+00
    1.20326e-01      1.43361e-03      1.00000e+01      4.40222e+00
    1.22562e-01      1.42905e-03      1.00000e+01      4.40220e+00
    1.24838e-01      1.42440e-03      1.00000e+01      4.40218e+00
    1.27157e-01      1.41967e-03      1.00000e+01      4.40215e+00
    1.29520e-01      1.41485e-03      1.00000e+01      4.40213e+00
    1.31926e-01      1.40993e-03      1.00000e+01      4.40210e+00
    1.34376e-01      1.40493e-03      1.00000e+01      4.40207e+00
    1.36873e-01      1.40007e-03      1.00000e+01      4.40205e+00
    1.39416e-01      1.39513e-03      1.00000e+01      4.40202e+00
    1.42006e-01      1.39009e-03      1.00000e+01      4.40200e+00
    1.44644e-01      1.38496e-03      1.00000e+01      4.40197e+00
    1.47331e-01      1.37974e-03      1.00000e+01      4.40194e+00
    1.50068e-01      1.37442e-03      1.00000e+01      4.40191e+00
    1.52857e-01      1.36900e-03      1.00000e+01      4.40189e+00
    1.55697e-01      1.36351e-03      1.00000e+01      4.40186e+00
    1.58589e-01      1.35814e-03      1.00000e+01      4.40182e+00
    1.61536e-01      1.35267e-03      1.00000e+01      4.40179e+00
    1.64537e-01      1.34710e-03      1.00000e+01      4.40176e+00
    1.67594e-01      1.34143e-03      1.00000e+01      4.40172e+00
    1.70708e-01      1.33565e-03      1.00000e+01      4.40169e+00
    1.73880e-01      1.32977e-03      1.00000e+01      4.40166e+00
    1.77111e-01      1.32385e-03      1.00000e+01      4.40162e+00
    1.80402e-01      1.31799e-03      1.00000e+01      4.40159e+00
    1.83754e-01      1.31203e-03      1.00000e+01      4.40156e+00
    1.87168e-01      1.30596e-03      1.00000e+01      4.40152e+00
    1.90646e-01      1.29978e-03      1.00000e+01      4.40149e+00
    1.94189e-01      1.29348e-03      1.00000e+01      4.40145e+00
    1.97797e-01      1.28713e-03      1.00000e+01      4.40142e+00
    2.01472e-01      1.28086e-03      1.00000e+01      4.40139e+00
    2.05216e-01      1.27448e-03      1.00000e+01      4.40135e+00
    2.09030e-01      1.26798e-03      1.00000e+01      4.40132e+00
    2.12914e-01      1.26136e-03      1.00000e+01      4.40129e+00
    2.16870e-01      1.25461e-03      1.00000e+01      4.40125e+00
    2.20900e-01      1.24795e-03      1.00000e+01      4.40122e+00
    2.25005e-01      1.24123e-03      1.00000e+01      4.40118e+00
    2.29187e-01      1.23439e-03      1.00000e+01      4.40115e+00
    2.33446e-01      1.22741e-03      1.00000e+01      4.40111e+00
    2.37784e-01      1.22031e-03      1.00000e+01      4.40108e+00
    2.42203e-01      1.21329e-03      1.00000e+01      4.40098e+00
    2.46704e-01      1.20620e-03      1.00000e+01      4.40087e+00
    2.51289e-01      1.19898e-03      1.00000e+01      4.40076e+00
    2.55959e-01      1.19162e-03      1.00000e+01      4.40065e+00
    2.60715e-01      1.18419e-03      1.00000e+01      4.40055e+00
    2.65561e-01      1.17683e-03      1.00000e+01      4.40051e+00
    2.70496e-01      1.16934e-03      1.00000e+01      4.40046e+00
    2.75523e-01      1.16171e-03      1.00000e+01      4.40042e+00
    2.80643e-01      1.15395e-03      1.00000e+01      4.40037e+00
    2.85859e-01      1.14631e-03      1.00000e+01      4.40032e+00
    2.91172e-01      1.13853e-03      1.00000e+01      4.40028e+00
    2.96583e-01      1.13061e-03      1.00000e+01      4.40023e+00
    3.02095e-01      1.12259e-03      1.00000e+01      4.40018e+00
    3.07710e-01      1.11465e-03      1.00000e+01      4.40012e+00
    3.13429e-01      1.10657e-03      1.00000e+01      4.40007e+00
    3.19254e-01      1.09833e-03      1.00000e+01      4.40001e+00
    3.25187e-01      1.09010e-03      1.00000e+01      4.39996e+00
    3.31231e-01      1.08184e-03      1.00000e+01      4.39990e+00
    3.37387e-01      1.07344e-03      1.00000e+01      4.39984e+00
    3.43658e-01      1.06491e-03      1.00000e+01      4.39978e+00
    3.50045e-01      1.05648e-03      1.00000e+01      4.39972e+00
    3.56551e-01      1.04789e-03      1.00000e+01      4.39965e+00
    3.63178e-01      1.03913e-03      1.00000e+01      4.39959e+00
    3.69928e-01      1.03049e-03      1.00000e+01      4.39952e+00
    3.76804e-01      1.02170e-03      1.00000e+01      4.39945e+00
    3.83807e-01      1.01274e-03      1.00000e+01      4.39938e+00
    3.90941e-01      1.00389e-03      1.00000e+01      4.39931e+00
    3.98207e-01      9.94897e-04      1.00000e+01      4.39923e+00
    4.05609e-01      9.85750e-04      1.00000e+01      4.39916e+00
    4.13148e-01      9.76712e-04      1.00000e+01      4.39909e+00
    4.20827e-01      9.67505e-04      1.00000e+01      4.39901e+00
    4.28649e-01      9.58218e-04      1.00000e+01      4.39893e+00
    4.36616e-01      9.48955e-04      1.00000e+01      4.39885e+00
    4.44731e-01      9.39519e-04      1.00000e+01      4.39877e+00
    4.52998e-01      9.30120e-04      1.00000e+01      4.39868e+00
    4.61418e-01      9.20626e-04      1.00000e+01      4.39860e+00
    4.69994e-01      9.11030e-04      1.00000e+01      4.39851e+00
    4.78730e-01      9.01477e-04      1.00000e+01      4.39842e+00
    4.87628e-01      8.91746e-04      1.00000e+01      4.39833e+00
    4.96692e-01      8.82091e-04      1.00000e+01      4.39824e+00
    5.05925e-01      8.72288e-04      1.00000e+01      4.39814e+00
    5.15329e-01      8.62483e-04      1.00000e+01      4.39805e+00
    5.24907e-01      8.52605e-04      1.00000e+01      4.39795e+00
    5.34664e-01      8.42670e-04      1.00000e+01      4.39785e+00
    5.44603e-01      8.32708e-04      1.00000e+01      4.39775e+00
    5.54726e-01      8.22663e-04      1.00000e+01      4.39764e+00
    5.65037e-01      8.12619e-04      1.00000e+01      4.39754e+00
    5.75540e-01      8.02489e-04      1.00000e+01      4.39743e+00
    5.86238e-01      7.92365e-04      1.00000e+01      4.39733e+00
    5.97135e-01      7.82167e-04      1.00000e+01      4.39722e+00
    6.08235e-01      7.71954e-04      1.00000e+01      4.39711e+00
    6.19541e-01      7.61700e-04      1.00000e+01      4.39700e+00
    6.31057e-01      7.51392e-04      1.00000e+01      4.39689e+00
    6.42788e-01      7.41093e-04      1.00000e+01      4.39678e+00
    6.54736e-01      7.30685e-04      1.00000e+01      4.39667e+00
    6.66907e-01      7.20356e-04      1.00000e+01      4.39656e+00
    6.79304e-01      7.09919e-04      1.00000e+01      4.39644e+00
    6.91931e-01      6.99499e-04      1.00000e+01      4.39633e+00
    7.04793e-01      6.89056e-04      1.00000e+01      4.39621e+00
    7.17894e-01      6.78531e-04      1.00000e+01      4.39609e+00
    7.31239e-01      6.68089e-04      1.00000e+01      4.39596e+00
    7.44832e-01      6.57582e-04      1.00000e+01      4.39584e+00
    7.58678e-01      6.47034e-04      1.00000e+01      4.39571e+00
    7.72781e-01      6.36552e-04      1.00000e+01      4.39557e+00
    7.87146e-01      6.26019e-04      1.00000e+01      4.39543e+00
    8.01778e-01      6.15447e-04      1.00000e+01      4.39529e+00
    8.16682e-01      6.04937e-04      1.00000e+01      4.39515e+00
    8.31864e-01      5.94413e-04      1.00000e+01      4.39500e+00
    8.47327e-01      5.83870e-04      1.00000e+01      4.39484e+00
    8.63079e-01      5.73324e-04      1.00000e+01      4.39468e+00
    8.79123e-01      5.62841e-04      1.00000e+01      4.39452e+00
    8.95465e-01      5.52351e-04      1.00000e+01      4.39435e+00
    9.12111e-01      5.41861e-04      1.00000e+01      4.39418e+00
    9.29066e-01      5.31377e-04      1.00000e+01      4.39400e+00
    9.46337e-01      5.20913e-04      1.00000e+01      4.39382e+00
    9.63929e-01      5.10513e-04      1.00000e+01      4.39364e+00
    9.81848e-01      5.00134e-04      1.00000e+01      4.39345e+00
    1.00010e+00      4.90041e-04      1.00000e+01      4.47432e+00
    1.01869e+00      4.79928e-04      1.00000e+01      4.53950e+00
    1.03763e+00      4.69640e-04      1.00000e+01      4.53930e+00
    1.05692e+00      4.59391e-04      1.00000e+01      4.53909e+00
    1.07657e+00      4.49184e-04      1.00000e+01      4.53888e+00
    1.09658e+00      4.39028e-04      1.00000e+01      4.53866e+00
    1.11696e+00      4.28924e-04      1.00000e+01      4.53844e+00
    1.13773e+00      4.18878e-04      1.00000e+01      4.53822e+00
    1.15888e+00      4.08893e-04      1.00000e+01      4.53798e+00
    1.18042e+00      3.98970e-04      1.00000e+01      4.53775e+00
    1.20236e+00      3.89115e-04      1.00000e+01      4.53751e+00
    1.22472e+00      3.79330e-04      1.00000e+01      4.53728e+00
    1.24748e+00      3.69615e-04      1.00000e+01      4.53705e+00
    1.27067e+00      3.59971e-04      1.00000e+01      4.53681e+00
    1.29430e+00      3.50404e-04      1.00000e+01      4.53656e+00
    1.31836e+00      3.40916e-04      1.00000e+01      4.53630e+00
    1.34286e+00      3.31513e-04      1.00000e+01      4.53605e+00
    1.36783e+00      3.22225e-04      1.00000e+01      4.53578e+00
    1.39326e+00      3.13024e-04      1.00000e+01      4.53551e+00
    1.41916e+00      3.03911e-04      1.00000e+01      4.53523e+00
    1.44554e+00      2.94884e-04      1.00000e+01      4.53495e+00
    1.47241e+00      2.85987e-04      1.00000e+01      4.53467e+00
    1.49978e+00      2.77196e-04      1.00000e+01      4.53437e+00
    1.52767e+00      2.68499e-04      1.00000e+01      4.53407e+00
    1.55607e+00      2.59933e-04      1.00000e+01      4.53376e+00
    1.58499e+00      2.51481e-04      1.00000e+01      4.53345e+00
    1.61446e+00      2.43132e-04      1.00000e+01      4.53312e+00
    1.64447e+00      2.34937e-04      1.00000e+01      4.53279e+00
    1.67504e+00      2.26843e-04      1.00000e+01      4.53245e+00
    1.70618e+00      2.18905e-04      1.00000e+01      4.53211e+00
    1.73790e+00      2.11073e-04      1.00000e+01      4.53176e+00
    1.77021e+00      2.03408e-04      1.00000e+01      4.53141e+00
    1.80312e+00      1.95859e-04      1.00000e+01      4.53105e+00
    1.83664e+00      1.88466e-04      1.00000e+01      4.53069e+00
    1.87078e+00      1.81212e-04      1.00000e+01      4.53031e+00
    1.90556e+00      1.74096e-04      1.00000e+01      4.52993e+00
    1.94099e+00      1.67151e-04      1.00000e+01      4.52954e+00
    1.97707e+00      1.60349e-04      1.00000e+01      4.52915e+00
    2.01382e+00      1.54163e-04      1.00000e+01      4.67484e+00
    2.05126e+00      1.47663e-04      1.00000e+01      4.67442e+00
    2.08940e+00      1.41334e-04      1.00000e+01      4.67398e+00
    2.12824e+00      1.35165e-04      1.00000e+01      4.67354e+00
    2.16780e+00      1.29156e-04      1.00000e+01      4.67309e+00
    2.20810e+00      1.23309e-04      1.00000e+01      4.67263e+00
    2.24915e+00      1.17626e-04      1.00000e+01      4.67216e+00
    2.29097e+00      1.12111e-04      1.00000e+01      4.67167e+00
    2.33356e+00      1.06763e-04      1.00000e+01      4.67118e+00
    2.37694e+00      1.01581e-04      1.00000e+01      4.67068e+00
    2.42113e+00      9.65685e-05      1.00000e+01      4.67016e+00
    2.46614e+00      9.17238e-05      1.00000e+01      4.66986e+00
    2.51199e+00      8.70534e-05      1.00000e+01      4.66932e+00
    2.55869e+00      8.25502e-05      1.00000e+01      4.66876e+00
    2.60625e+00      7.82172e-05      1.00000e+01      4.66819e+00
    2.65471e+00      7.40485e-05      1.00000e+01      4.66761e+00
    2.70406e+00      7.00539e-05      1.00000e+01      4.66702e+00
    2.75433e+00      6.62236e-05      1.00000e+01      4.66642e+00
    2.80553e+00      6.25603e-05      1.00000e+01      4.66580e+00
    2.85769e+00      5.90620e-05      1.00000e+01      4.66518e+00
    2.91082e+00      5.57275e-05      1.00000e+01      4.66454e+00
    2.96493e+00      5.25531e-05      1.00000e+01      4.66390e+00
    3.02005e+00      4.95420e-05      1.00000e+01      4.66324e+00
    3.07620e+00      4.66847e-05      1.00000e+01      4.66257e+00
    3.13339e+00      4.39829e-05      1.00000e+01      4.66189e+00
    3.19164e+00      4.14362e-05      1.00000e+01      4.66119e+00
    3.25097e+00      3.90377e-05      1.00000e+01      4.66048e+00
    3.31141e+00      3.67857e-05      1.00000e+01      4.65975e+00
    3.37297e+00      3.46758e-05      1.00000e+01      4.65901e+00
    3.43568e+00      3.27044e-05      1.00000e+01      4.65824e+00
    3.49955e+00      3.08700e-05      1.00000e+01      4.65746e+00
    3.56461e+00      2.91649e-05      1.00000e+01      4.65666e+00
    3.63088e+00      2.75881e-05      1.00000e+01      4.65585e+00
    3.69838e+00      2.61327e-05      1.00000e+01      4.65502e+00
    3.76714e+00      2.47978e-05      1.00000e+01      4.65417e+00
    3.83717e+00      2.35743e-05      1.00000e+01      4.65333e+00
    3.90851e+00      2.24589e-05      1.00000e+01      4.65245e+00
    3.98117e+00      2.14477e-05      1.00000e+01      4.65155e+00
    4.05519e+00      2.05335e-05      1.00000e+01      4.65063e+00
    4.13058e+00      1.97114e-05      1.00000e+01      4.64970e+00
    4.20737e+00      1.89777e-05      1.00000e+01      4.64876e+00
    4.28559e+00      1.83260e-05      1.00000e+01      4.64780e+00
    4.36526e+00      1.77479e-05      1.00000e+01      4.64681e+00
    4.44641e+00      1.72427e-05      1.00000e+01      4.64580e+00
    4.52908e+00      1.68023e-05      1.00000e+01      4.64476e+00
    4.61328e+00      1.64211e-05      1.00000e+01      4.64370e+00
    4.69904e+00      1.60946e-05      1.00000e+01      4.64261e+00
    4.78640e+00      1.58170e-05      1.00000e+01      4.64150e+00
    4.87538e+00      1.55831e-05      1.00000e+01      4.64037e+00
    4.96602e+00      1.53876e-05      1.00000e+01      4.63923e+00
    5.05835e+00      1.52268e-05      1.00000e+01      4.63806e+00
    5.15239e+00      1.50951e-05      1.00000e+01      4.63687e+00
    5.24817e+00      1.49882e-05      1.00000e+01      4.63566e+00
    5.34574e+00      1.49028e-05      1.00000e+01      4.63442e+00
    5.44513e+00      1.48348e-05      1.00000e+01      4.63315e+00
    5.54636e+00      1.47808e-05      1.00000e+01      4.63187e+00
    5.64947e+00      1.47382e-05      1.00000e+01      4.63055e+00
    5.75450e+00      1.47044e-05      1.00000e+01      4.62921e+00
    5.86148e+00      1.46771e-05      1.00000e+01      4.62781e+00
    5.97045e+00      1.46549e-05      1.00000e+01      4.62640e+00
    6.08145e+00      1.46363e-05      1.00000e+01      4.62494e+00
    6.19451e+00      1.46202e-05      1.00000e+01      4.62347e+00
    6.30967e+00      1.46060e-05      1.00000e+01      4.62195e+00
    6.42698e+00      1.45930e-05      1.00000e+01      4.62041e+00
    6.54646e+00      1.45809e-05      1.00000e+01      4.61883e+00
    6.66817e+00      1.45694e-05      1.00000e+01      4.61722e+00
    6.79214e+00      1.45583e-05      1.00000e+01      4.61560e+00
    6.91841e+00      1.45474e-05      1.00000e+01      4.61394e+00
    7.04703e+00      1.45367e-05      1.00000e+01      4.61224e+00
    7.17804e+00      1.45261e-05      1.00000e+01      4.61050e+00
    7.31149e+00      1.45156e-05      1.00000e+01      4.60872e+00
    7.44742e+00      1.45050e-05      1.00000e+01      4.60688e+00
    7.58588e+00      1.44945e-05      1.00000e+01      4.60500e+00
    7.72691e+00      1.44839e-05      1.00000e+01      4.60310e+00
    7.87056e+00      1.44734e-05      1.00000e+01      4.60114e+00
    8.01688e+00      1.44628e-05      1.00000e+01      4.59916e+00
    8.16592e+00      1.44522e-05      1.00000e+01      4.59712e+00
    8.31774e+00      1.44416e-05      1.00000e+01      4.59505e+00
    8.47237e+00      1.44308e-05      1.00000e+01      4.59294e+00
    8.62989e+00      1.44200e-05      1.00000e+01      4.59077e+00
    8.79033e+00      1.44090e-05      1.00000e+01      4.58855e+00
    8.95375e+00      1.43979e-05      1.00000e+01      4.58628e+00
    9.12021e+00      1.43867e-05      1.00000e+01      4.58396e+00
    9.28976e+00      1.43754e-05      1.00000e+01      4.58160e+00
    9.46247e+00      1.43640e-05      1.00000e+01      4.57920e+00
    9.63839e+00      1.43524e-05      1.00000e+01      4.57674e+00
    9.81758e+00      1.43406e-05      1.00000e+01      4.57423e+00
    1.00001e+01      1.43286e-05      1.00000e+01      4.57166e+00
    1.01860e+01      1.43165e-05      1.00000e+01      4.56905e+00
    1.03754e+01      1.43041e-05      1.00000e+01      4.56638e+00
    1.05683e+01      1.42915e-05      1.00000e+01      4.56365e+00
    1.07648e+01      1.42788e-05      1.00000e+01      4.56087e+00
    1.09649e+01      1.42658e-05      1.00000e+01      4.55802e+00
    1.11687e+01      1.42525e-05      1.00000e+01      4.55511e+00
    1.13764e+01      1.42389e-05      1.00000e+01      4.55209e+00
    1.15879e+01      1.42252e-05      1.00000e+01      4.54903e+00
    1.18033e+01      1.42113e-05      1.00000e+01      4.54594e+00
    1.20227e+01      1.41970e-05      1.00000e+01      4.54275e+00
    1.22463e+01      1.41825e-05      1.00000e+01      4.53948e+00
    1.24739e+01      1.41677e-05      1.00000e+01      4.53613e+00
    1.27058e+01      1.41527e-05      1.00000e+01      4.53271e+00
    1.29421e+01      1.41374e-05      1.00000e+01      4.52923e+00
    1.31827e+01      1.41219e-05      1.00000e+01      4.52568e+00
    1.34277e+01      1.41061e-05      1.00000e+01      4.52203e+00
    1.36774e+01      1.40899e-05      1.00000e+01      4.51828e+00
    1.39317e+01      1.40735e-05      1.00000e+01      4.51447e+00
    1.41907e+01      1.40568e-05      1.00000e+01      4.51058e+00
    1.44545e+01      1.40399e-05      1.00000e+01      4.50660e+00
    1.47232e+01      1.40226e-05      1.00000e+01      4.50255e+00
    1.49969e+01      1.40051e-05      1.00000e+01      4.49840e+00
    1.52758e+01      1.39872e-05      1.00000e+01      4.49415e+00
    1.55598e+01      1.39690e-05      1.00000e+01      4.48981e+00
    1.58490e+01      1.39505e-05      1.00000e+01      4.48537e+00
    1.61437e+01      1.39317e-05      1.00000e+01      4.48085e+00
    1.64438e+01      1.39125e-05      1.00000e+01      4.47621e+00
    1.67495e+01      1.38931e-05      1.00000e+01      4.47148e+00
    1.70609e+01      1.38732e-05      1.00000e+01      4.46664e+00
    1.73781e+01      1.38531e-05      1.00000e+01      4.46170e+00
    1.77012e+01      1.38325e-05      1.00000e+01      4.45662e+00
    1.80303e+01      1.38116e-05      1.00000e+01      4.45144e+00
    1.83655e+01      1.37903e-05      1.00000e+01      4.44613e+00
    1.87069e+01      1.37686e-05      1.00000e+01      4.44070e+00
    1.90547e+01      1.37466e-05      1.00000e+01      4.43517e+00
    1.94090e+01      1.37242e-05      1.00000e+01      4.42952e+00
    1.97698e+01      1.37014e-05      1.00000e+01      4.42372e+00
    2.01373e+01      1.36782e-05      1.00000e+01      4.41780e+00
    2.05117e+01      1.36546e-05      1.00000e+01      4.41175e+00
    2.08931e+01      1.36306e-05      1.00000e+01      4.40555e+00
    2.12815e+01      1.36060e-05      1.00000e+01      4.39919e+00
    2.16771e+01      1.35810e-05      1.00000e+01      4.39269e+00
    2.20801e+01      1.35556e-05      1.00000e+01      4.38605e+00
    2.24906e+01      1.35298e-05      1.00000e+01      4.37926e+00
    2.29088e+01      1.35035e-05      1.00000e+01      4.37232e+00
    2.33347e+01      1.34769e-05      1.00000e+01      4.36524e+00
    2.37685e+01      1.34498e-05      1.00000e+01      4.35803e+00
    2.42104e+01      1.34223e-05      1.00000e+01      4.35066e+00
    2.46605e+01      1.33943e-05      1.00000e+01      4.34312e+00
    2.51190e+01      1.33656e-05      1.00000e+01      4.33536e+00
    2.55860e+01      1.33364e-05      1.00000e+01      4.32742e+00
    2.60616e+01      1.33067e-05      1.00000e+01      4.31928e+00
    2.65462e+01      1.32764e-05      1.00000e+01      4.31096e+00
    2.70397e+01      1.32456e-05      1.00000e+01      4.30245e+00
    2.75424e+01      1.32143e-05      1.00000e+01      4.29375e+00
    2.80544e+01      1.31825e-05      1.00000e+01      4.28488e+00
    2.85760e+01      1.31502e-05      1.00000e+01      4.27583e+00
    2.91073e+01      1.31173e-05      1.00000e+01      4.26656e+00
    2.96484e+01      1.30838e-05      1.00000e+01      4.25705e+00
    3.01996e+01      1.30495e-05      1.00000e+01      4.24730e+00
    3.07611e+01      1.30148e-05      1.00000e+01      4.23737e+00
    3.13330e+01      1.29794e-05      1.00000e+01      4.22720e+00
    3.19155e+01      1.29434e-05      1.00000e+01      4.21680e+00
    3.25088e+01      1.29069e-05      1.00000e+01      4.20619e+00
    3.31132e+01      1.28696e-05      1.00000e+01      4.19532e+00
    3.37288e+01      1.28317e-05      1.00000e+01      4.18420e+00
    3.43559e+01      1.27931e-05      1.00000e+01      4.17281e+00
    3.49946e+01      1.27538e-05      1.00000e+01      4.16117e+00
    3.56452e+01      1.27135e-05      1.00000e+01      4.14917e+00
    3.63079e+01      1.26728e-05      1.00000e+01      4.13701e+00
    3.69829e+01      1.26318e-05      1.00000e+01      4.12468e+00
    3.76705e+01      1.25894e-05      1.00000e+01      4.11190e+00
    3.83708e+01      1.25463e-05      1.00000e+01      4.09883e+00
    3.90842e+01      1.25026e-05      1.00000e+01      4.08551e+00
    3.98108e+01      1.24582e-05      1.00000e+01      4.07189e+00
    4.05510e+01      1.24130e-05      1.00000e+01      4.05800e+00
    4.13049e+01      1.23671e-05      1.00000e+01      4.04379e+00
    4.20728e+01      1.23206e-05      1.00000e+01      4.02934e+00
    4.28550e+01      1.22727e-05      1.00000e+01      4.01438e+00
    4.36517e+01      1.22239e-05      1.00000e+01      3.99907e+00
    4.44632e+01      1.21742e-05      1.00000e+01      3.98343e+00
    4.52899e+01      1.21239e-05      1.00000e+01      3.96752e+00
    4.61319e+01      1.20724e-05      1.00000e+01      3.95115e+00
    4.69895e+01      1.20201e-05      1.00000e+01      3.93446e+00
    4.78631e+01      1.19670e-05      1.00000e+01      3.91741e+00
    4.87529e+01      1.19130e-05      1.00000e+01      3.90003e+00
    4.96593e+01      1.18581e-05      1.00000e+01      3.88226e+00
    5.05826e+01      1.18020e-05      1.00000e+01      3.86405e+00
    5.15230e+01      1.17448e-05      1.00000e+01      3.84537e+00
    5.24808e+01      1.16865e-05      1.00000e+01      3.82629e+00
    5.34565e+01      1.16273e-05      1.00000e+01      3.80681e+00
    5.44504e+01      1.15671e-05      1.00000e+01      3.78693e+00
    5.54627e+01      1.15057e-05      1.00000e+01      3.76658e+00
    5.64938e+01      1.14433e-05      1.00000e+01      3.74580e+00
    5.75441e+01      1.13798e-05      1.00000e+01      3.72458e+00
    5.86139e+01      1.13150e-05      1.00000e+01      3.70287e+00
    5.97036e+01      1.12489e-05      1.00000e+01      3.68061e+00
    6.08136e+01      1.11817e-05      1.00000e+01      3.65792e+00
    6.19442e+01      1.11133e-05      1.00000e+01      3.63473e+00
    6.30958e+01      1.10436e-05      1.00000e+01      3.61102e+00
    6.42689e+01      1.09727e-05      1.00000e+01      3.58681e+00
    6.54637e+01      1.09004e-05      1.00000e+01      3.56206e+00
    6.66808e+01      1.08270e-05      1.00000e+01      3.53684e+00
    6.79205e+01      1.07521e-05      1.00000e+01      3.51102e+00
    6.91832e+01      1.06758e-05      1.00000e+01      3.48465e+00
    7.04694e+01      1.05980e-05      1.00000e+01      3.45769e+00
    7.17795e+01      1.05189e-05      1.00000e+01      3.43019e+00
    7.31140e+01      1.04385e-05      1.00000e+01      3.40214e+00
    7.44733e+01      1.03564e-05      1.00000e+01      3.37347e+00
    7.58579e+01      1.02728e-05      1.00000e+01      3.34417e+00
    7.72682e+01      1.01877e-05      1.00000e+01      3.31428e+00
    7.87047e+01      1.01011e-05      1.00000e+01      3.28379e+00
    8.01679e+01      1.00129e-05      1.00000e+01      3.25268e+00
    8.16583e+01      9.92261e-06      1.00000e+01      3.22077e+00
    8.31765e+01      9.83110e-06      1.00000e+01      3.18836e+00
    8.47228e+01      9.73835e-06      1.00000e+01      3.15541e+00
    8.62980e+01      9.64347e-06      1.00000e+01      3.12168e+00
    8.79024e+01      9.54671e-06      1.00000e+01      3.08724e+00
    8.95366e+01      9.44819e-06      1.00000e+01      3.05212e+00
    9.12012e+01      9.34806e-06      1.00000e+01      3.01638e+00
    9.28967e+01      9.24509e-06      1.00000e+01      2.97963e+00
    9.46238e+01      9.14210e-06      1.00000e+01      2.94273e+00
    9.63830e+01      9.03643e-06      1.00000e+01      2.90488e+00
    9.81749e+01      8.92887e-06      1.00000e+01      2.86633e+00
    1.00000e+02      8.81826e-06      1.00000e+01      2.82673e+00
