    Er (keV)         SM dN/dE         BG dN/dE        BSM dN/dE (events/kg/day/keV)
    5.01000e-02      9.32597e-03      1.00000e+01      7.43437e-07
    5.07438e-02      9.15930e-03      1.00000e+01      7.43437e-07
    5.13959e-02      8.99049e-03      1.00000e+01      7.43436e-07
    5.20564e-02      8.81949e-03      1.00000e+01      7.43436e-07
    5.27254e-02      8.64630e-03      1.00000e+01      7.43435e-07
    5.34030e-02      8.47088e-03      1.00000e+01      7.43434e-07
    5.40893e-02      8.29320e-03      1.00000e+01      7.43434e-07
    5.47845e-02      8.11323e-03      1.00000e+01      7.43433e-07
    5.54886e-02      7.93094e-03      1.00000e+01      7.43433e-07
    5.62018e-02      7.74631e-03      1.00000e+01      7.43432e-07
    5.69242e-02      7.55930e-03      1.00000e+01      7.43432e-07
    5.76558e-02      7.36988e-03      1.00000e+01      7.43431e-07
    5.83969e-02      7.17802e-03      1.00000e+01      7.43431e-07
    5.91476e-02      6.98369e-03      1.00000e+01      7.43430e-07
    5.99079e-02      6.78686e-03      1.00000e+01      7.43429e-07
    6.06779e-02      6.58749e-03      1.00000e+01      7.43429e-07
    6.14580e-02      6.38556e-03      1.00000e+01      7.43428e-07
    6.22480e-02      6.18103e-03      1.00000e+01      7.43428e-07
    6.30482e-02      5.97386e-03      1.00000e+01      7.43427e-07
    6.38587e-02      5.76403e-03      1.00000e+01      7.43426e-07
    6.46797e-02      5.55149e-03      1.00000e+01      7.43426e-07
    6.55112e-02      5.33622e-03      1.00000e+01      7.43425e-07
    6.63535e-02      5.11818e-03      1.00000e+01      7.43424e-07
    6.72066e-02      4.89733e-03      1.00000e+01      7.43424e-07
    6.80706e-02      4.67363e-03      1.00000e+01      7.43423e-07
    6.89458e-02      4.44706e-03      1.00000e+01      7.43422e-07
    6.98323e-02      4.21756e-03      1.00000e+01      7.43422e-07
    7.07302e-02      3.98512e-03      1.00000e+01      7.43421e-07
    7.16396e-02      3.74968e-03      1.00000e+01      7.43420e-07
    7.25607e-02      3.51120e-03      1.00000e+01      7.43420e-07
    7.34938e-02      3.26966e-03      1.00000e+01      7.43419e-07
    7.44388e-02      3.02501e-03      1.00000e+01      7.43418e-07
    7.53960e-02      2.77721e-03      1.00000e+01      7.43417e-07
    7.63655e-02      2.52621e-03      1.00000e+01      7.43417e-07
    7.73475e-02      2.27199e-03      1.00000e+01      7.43416e-07
    7.83421e-02      2.01449e-03      1.00000e+01      7.43415e-07
    7.93496e-02      1.75367e-03      1.00000e+01      7.43414e-07
    8.03700e-02      1.51965e-03      1.00000e+01      7.43513e-07
    8.14035e-02      1.51740e-03      1.00000e+01      7.44388e-07
    8.24504e-02      1.51511e-03      1.00000e+01      7.45274e-07
    8.35108e-02      1.51279e-03      1.00000e+01      7.46171e-07
    8.45848e-02      1.51045e-03      1.00000e+01      7.47080e-07
    8.56726e-02      1.50807e-03      1.00000e+01      7.48001e-07
    8.67744e-02      1.50567e-03      1.00000e+01      7.48933e-07
    8.78905e-02      1.50323e-03      1.00000e+01      7.49878e-07
    8.90209e-02      1.50076e-03      1.00000e+01      7.50835e-07
    9.01658e-02      1.49826e-03      1.00000e+01      7.51804e-07
    9.13255e-02      1.49573e-03      1.00000e+01      7.52785e-07
    9.25001e-02      1.49317e-03      1.00000e+01      7.53779e-07
    9.36899e-02      1.49057e-03      1.00000e+01      7.54786e-07
    9.48949e-02      1.48794e-03      1.00000e+01      7.55806e-07
    9.61155e-02      1.48527e-03      1.00000e+01      7.56839e-07
    9.73518e-02      1.48257e-03      1.00000e+01      7.57886e-07
    9.86040e-02      1.47984e-03      1.00000e+01      7.58945e-07
    9.98724e-02      1.47707e-03      1.00000e+01      7.60019e-07
    1.01157e-01      1.47426e-03      1.00000e+01      7.61106e-07
    1.02458e-01      1.47142e-03      1.00000e+01      7.62207e-07
    1.03776e-01      1.46854e-03      1.00000e+01      7.63323e-07
    1.05111e-01      1.46563e-03      1.00000e+01      7.64453e-07
    1.06463e-01      1.46268e-03      1.00000e+01      7.65597e-07
    1.07833e-01      1.45969e-03      1.00000e+01      7.66756e-07
    1.09220e-01      1.45666e-03      1.00000e+01      7.67930e-07
    1.10625e-01      1.45361e-03      1.00000e+01      7.69018e-07
    1.12048e-01      1.45071e-03      1.00000e+01      7.69016e-07
    1.13490e-01      1.44778e-03      1.00000e+01      7.69015e-07
    1.14950e-01      1.44481e-03      1.00000e+01      7.69013e-07
    1.16428e-01      1.44180e-03      1.00000e+01      7.69011e-07
    1.17926e-01      1.43875e-03      1.00000e+01      7.69010e-07
    1.19443e-01      1.43567e-03      1.00000e+01      7.69008e-07
    1.20980e-01      1.43254e-03      1.00000e+01      7.69006e-07
    1.22537e-01      1.42938e-03      1.00000e+01      7.69005e-07
    1.24113e-01      1.42617e-03      1.00000e+01      7.69003e-07
    1.25710e-01      1.42292e-03      1.00000e+01      7.69001e-07
    1.27327e-01      1.41963e-03      1.00000e+01      7.68999e-07
    1.28965e-01      1.41630e-03      1.00000e+01      7.68997e-07
    1.30625e-01      1.41292e-03      1.00000e+01      7.68996e-07
    1.32305e-01      1.40950e-03      1.00000e+01      7.68994e-07
    1.34008e-01      1.40604e-03      1.00000e+01      7.68992e-07
    1.35732e-01      1.40253e-03      1.00000e+01      7.68990e-07
    1.37478e-01      1.39898e-03      1.00000e+01      7.68988e-07
    1.39247e-01      1.39538e-03      1.00000e+01      7.68986e-07
    1.41039e-01      1.39178e-03      1.00000e+01      7.68984e-07
    1.42854e-01      1.38833e-03      1.00000e+01      7.68982e-07
    1.44692e-01      1.38485e-03      1.00000e+01      7.68980e-07
    1.46553e-01      1.38132e-03      1.00000e+01      7.68978e-07
    1.48439e-01      1.37774e-03      1.00000e+01      7.68976e-07
    1.50349e-01      1.37412e-03      1.00000e+01      7.68974e-07
    1.52284e-01      1.37045e-03      1.00000e+01      7.68972e-07
    1.54243e-01      1.36673e-03      1.00000e+01      7.68969e-07
    1.56228e-01      1.36297e-03      1.00000e+01      7.68967e-07
    1.58238e-01      1.35916e-03      1.00000e+01      7.68965e-07
    1.60275e-01      1.35530e-03      1.00000e+01      7.68963e-07
    1.62337e-01      1.35139e-03      1.00000e+01      7.68960e-07
    1.64426e-01      1.34742e-03      1.00000e+01      7.68958e-07
    1.66542e-01      1.34341e-03      1.00000e+01      7.68956e-07
    1.68685e-01      1.33935e-03      1.00000e+01      7.68953e-07
    1.70856e-01      1.33523e-03      1.00000e+01      7.68951e-07
    1.73054e-01      1.33130e-03      1.00000e+01      7.68949e-07
    1.75281e-01      1.32734e-03      1.00000e+01      7.68946e-07
    1.77537e-01      1.32332e-03      1.00000e+01      7.68944e-07
    1.79822e-01      1.31926e-03      1.00000e+01      7.68942e-07
    1.82136e-01      1.31514e-03      1.00000e+01      7.68940e-07
    1.84480e-01      1.31096e-03      1.00000e+01      7.68937e-07
    1.86854e-01      1.30674e-03      1.00000e+01      7.68935e-07
    1.89258e-01      1.30246e-03      1.00000e+01      7.68932e-07
    1.91694e-01      1.29812e-03      1.00000e+01      7.68930e-07
    1.94161e-01      1.29373e-03      1.00000e+01      7.68928e-07
    1.96660e-01      1.28929e-03      1.00000e+01      7.68925e-07
    1.99191e-01      1.28478e-03      1.00000e+01      7.68923e-07
    2.01754e-01      1.28027e-03      1.00000e+01      7.68920e-07
    2.04351e-01      1.27592e-03      1.00000e+01      7.68918e-07
    2.06981e-01      1.27152e-03      1.00000e+01      7.68916e-07
    2.09644e-01      1.26705e-03      1.00000e+01      7.68914e-07
    2.12342e-01      1.26254e-03      1.00000e+01      7.68912e-07
    2.15075e-01      1.25796e-03      1.00000e+01      7.68910e-07
    2.17843e-01      1.25332e-03      1.00000e+01      7.68908e-07
    2.20647e-01      1.24863e-03      1.00000e+01      7.68906e-07
    2.23487e-01      1.24387e-03      1.00000e+01      7.68903e-07
    2.26363e-01      1.23905e-03      1.00000e+01      7.68901e-07
    2.29276e-01      1.23417e-03      1.00000e+01      7.68899e-07
    2.32227e-01      1.22929e-03      1.00000e+01      7.68895e-07
    2.35216e-01      1.22456e-03      1.00000e+01      7.68887e-07
    2.38244e-01      1.21977e-03      1.00000e+01      7.68879e-07
    2.41310e-01      1.21492e-03      1.00000e+01      7.68871e-07
    2.44416e-01      1.21000e-03      1.00000e+01      7.68863e-07
    2.47562e-01      1.20502e-03      1.00000e+01      7.68855e-07
    2.50748e-01      1.19998e-03      1.00000e+01      7.68847e-07
    2.53975e-01      1.19487e-03      1.00000e+01      7.68838e-07
    2.57244e-01      1.18970e-03      1.00000e+01      7.68829e-07
    2.60555e-01      1.18446e-03      1.00000e+01      7.68821e-07
    2.63909e-01      1.17932e-03      1.00000e+01      7.68816e-07
    2.67306e-01      1.17423e-03      1.00000e+01      7.68813e-07
    2.70746e-01      1.16907e-03      1.00000e+01      7.68810e-07
    2.74231e-01      1.16384e-03      1.00000e+01      7.68807e-07
    2.77761e-01      1.15855e-03      1.00000e+01      7.68804e-07
    2.81336e-01      1.15318e-03      1.00000e+01      7.68801e-07
    2.84957e-01      1.14775e-03      1.00000e+01      7.68798e-07
    2.88625e-01      1.14225e-03      1.00000e+01      7.68795e-07
    2.92340e-01      1.13670e-03      1.00000e+01      7.68792e-07
    2.96103e-01      1.13134e-03      1.00000e+01      7.68789e-07
    2.99914e-01      1.12591e-03      1.00000e+01      7.68786e-07
    3.03775e-01      1.12042e-03      1.00000e+01      7.68782e-07
    3.07685e-01      1.11485e-03      1.00000e+01      7.68779e-07
    3.11645e-01      1.10921e-03      1.00000e+01      7.68775e-07
    3.15657e-01      1.10349e-03      1.00000e+01      7.68772e-07
    3.19720e-01      1.09771e-03      1.00000e+01      7.68768e-07
    3.23835e-01      1.09195e-03      1.00000e+01      7.68764e-07
    3.28004e-01      1.08631e-03      1.00000e+01      7.68761e-07
    3.32226e-01      1.08059e-03      1.00000e+01      7.68757e-07
    3.36502e-01      1.07480e-03      1.00000e+01      7.68753e-07
    3.40834e-01      1.06893e-03      1.00000e+01      7.68749e-07
    3.45221e-01      1.06298e-03      1.00000e+01      7.68745e-07
    3.49665e-01      1.05697e-03      1.00000e+01      7.68740e-07
    3.54166e-01      1.05097e-03      1.00000e+01      7.68736e-07
    3.58725e-01      1.04509e-03      1.00000e+01      7.68732e-07
    3.63343e-01      1.03912e-03      1.00000e+01      7.68727e-07
    3.68020e-01      1.03308e-03      1.00000e+01      7.68723e-07
    3.72757e-01      1.02697e-03      1.00000e+01      7.68718e-07
    3.77556e-01      1.02077e-03      1.00000e+01      7.68714e-07
    3.82416e-01      1.01449e-03      1.00000e+01      7.68709e-07
    3.87338e-01      1.00841e-03      1.00000e+01      7.68704e-07
    3.92324e-01      1.00227e-03      1.00000e+01      7.68699e-07
    3.97375e-01      9.96046e-04      1.00000e+01      7.68694e-07
    4.02490e-01      9.89745e-04      1.00000e+01      7.68688e-07
    4.07671e-01      9.83363e-04      1.00000e+01      7.68683e-07
    4.12919e-01      9.76899e-04      1.00000e+01      7.68678e-07
    4.18235e-01      9.70635e-04      1.00000e+01      7.68673e-07
    4.23619e-01      9.64297e-04      1.00000e+01      7.68667e-07
    4.29072e-01      9.57878e-04      1.00000e+01      7.68662e-07
    4.34595e-01      9.51376e-04      1.00000e+01      7.68656e-07
    4.40190e-01      9.44790e-04      1.00000e+01      7.68651e-07
    4.45857e-01      9.38252e-04      1.00000e+01      7.68645e-07
    4.51596e-01      9.31790e-04      1.00000e+01      7.68639e-07
    4.57410e-01      9.25245e-04      1.00000e+01      7.68633e-07
    4.63298e-01      9.18615e-04      1.00000e+01      7.68627e-07
    4.69262e-01      9.11901e-04      1.00000e+01      7.68621e-07
    4.75303e-01      9.05185e-04      1.00000e+01      7.68615e-07
    4.81422e-01      8.98592e-04      1.00000e+01      7.68609e-07
    4.87619e-01      8.91914e-04      1.00000e+01      7.68602e-07
    4.93897e-01      8.85150e-04      1.00000e+01      7.68596e-07
    5.00255e-01      8.78299e-04      1.00000e+01      7.68589e-07
    5.06695e-01      8.71490e-04      1.00000e+01      7.68582e-07
    5.13218e-01      8.64754e-04      1.00000e+01      7.68576e-07
    5.19825e-01      8.57932e-04      1.00000e+01      7.68569e-07
    5.26517e-01      8.51021e-04      1.00000e+01      7.68562e-07
    5.33295e-01      8.44022e-04      1.00000e+01      7.68556e-07
    5.40160e-01      8.37188e-04      1.00000e+01      7.68548e-07
    5.47114e-01      8.30298e-04      1.00000e+01      7.68541e-07
    5.54158e-01      8.23319e-04      1.00000e+01      7.68534e-07
    5.61292e-01      8.16251e-04      1.00000e+01      7.68527e-07
    5.68518e-01      8.09262e-04      1.00000e+01      7.68519e-07
    5.75837e-01      8.02307e-04      1.00000e+01      7.68511e-07
    5.83250e-01      7.95263e-04      1.00000e+01      7.68503e-07
    5.90758e-01      7.88128e-04      1.00000e+01      7.68495e-07
    5.98364e-01      7.81046e-04      1.00000e+01      7.68488e-07
    6.06067e-01      7.74019e-04      1.00000e+01      7.68480e-07
    6.13869e-01      7.66901e-04      1.00000e+01      7.68473e-07
    6.21772e-01      7.59691e-04      1.00000e+01      7.68465e-07
    6.29777e-01      7.52566e-04      1.00000e+01      7.68457e-07
    6.37885e-01      7.45458e-04      1.00000e+01      7.68450e-07
    6.46097e-01      7.38258e-04      1.00000e+01      7.68442e-07
    6.54415e-01      7.30966e-04      1.00000e+01      7.68434e-07
    6.62840e-01      7.23844e-04      1.00000e+01      7.68427e-07
    6.71373e-01      7.16652e-04      1.00000e+01      7.68419e-07
    6.80017e-01      7.09367e-04      1.00000e+01      7.68411e-07
    6.88771e-01      7.02100e-04      1.00000e+01      7.68403e-07
    6.97639e-01      6.94911e-04      1.00000e+01      7.68396e-07
    7.06620e-01      6.87630e-04      1.00000e+01      7.68388e-07
    7.15717e-01      6.80261e-04      1.00000e+01      7.68380e-07
    7.24932e-01      6.73074e-04      1.00000e+01      7.68372e-07
    7.34265e-01      6.65794e-04      1.00000e+01      7.68364e-07
    7.43718e-01      6.58421e-04      1.00000e+01      7.68356e-07
    7.53293e-01      6.51173e-04      1.00000e+01      7.68347e-07
    7.62991e-01      6.43894e-04      1.00000e+01      7.68339e-07
    7.72814e-01      6.36522e-04      1.00000e+01      7.68330e-07
    7.82763e-01      6.29239e-04      1.00000e+01      7.68321e-07
    7.92841e-01      6.21953e-04      1.00000e+01      7.68312e-07
    8.03048e-01      6.14574e-04      1.00000e+01      7.68303e-07
    8.13387e-01      6.07286e-04      1.00000e+01      7.68293e-07
    8.23859e-01      5.99993e-04      1.00000e+01      7.68284e-07
    8.34466e-01      5.92606e-04      1.00000e+01      7.68274e-07
    8.45209e-01      5.85346e-04      1.00000e+01      7.68263e-07
    8.56091e-01      5.78047e-04      1.00000e+01      7.68253e-07
    8.67113e-01      5.70661e-04      1.00000e+01      7.68243e-07
    8.78276e-01      5.63442e-04      1.00000e+01      7.68231e-07
    8.89584e-01      5.56130e-04      1.00000e+01      7.68220e-07
    9.01037e-01      5.48816e-04      1.00000e+01      7.68209e-07
    9.12637e-01      5.41582e-04      1.00000e+01      7.68197e-07
    9.24387e-01      5.34255e-04      1.00000e+01      7.68185e-07
    9.36288e-01      5.27032e-04      1.00000e+01      7.68172e-07
    9.48343e-01      5.19781e-04      1.00000e+01      7.68160e-07
    9.60552e-01      5.12501e-04      1.00000e+01      7.68147e-07
    9.72919e-01      5.05330e-04      1.00000e+01      7.68134e-07
    9.85445e-01      4.98065e-04      1.00000e+01      7.68120e-07
    9.98133e-01      4.91079e-04      1.00000e+01      7.76828e-07
    1.01098e+00      4.84089e-04      1.00000e+01      7.87690e-07
    1.02400e+00      4.77033e-04      1.00000e+01      7.93682e-07
    1.03718e+00      4.69916e-04      1.00000e+01      7.93668e-07
    1.05054e+00      4.62747e-04      1.00000e+01      7.93653e-07
    1.06406e+00      4.55697e-04      1.00000e+01      7.93639e-07
    1.07776e+00      4.48556e-04      1.00000e+01      7.93624e-07
    1.09164e+00      4.41559e-04      1.00000e+01      7.93609e-07
    1.10569e+00      4.34487e-04      1.00000e+01      7.93593e-07
    1.11993e+00      4.27518e-04      1.00000e+01      7.93578e-07
    1.13435e+00      4.20514e-04      1.00000e+01      7.93562e-07
    1.14895e+00      4.13586e-04      1.00000e+01      7.93546e-07
    1.16374e+00      4.06649e-04      1.00000e+01      7.93530e-07
    1.17873e+00      3.99774e-04      1.00000e+01      7.93513e-07
    1.19390e+00      3.92902e-04      1.00000e+01      7.93496e-07
    1.20928e+00      3.86091e-04      1.00000e+01      7.93479e-07
    1.22484e+00      3.79282e-04      1.00000e+01      7.93461e-07
    1.24061e+00      3.72545e-04      1.00000e+01      7.93444e-07
    1.25659e+00      3.65796e-04      1.00000e+01      7.93426e-07
    1.27277e+00      3.59141e-04      1.00000e+01      7.93408e-07
    1.28915e+00      3.52450e-04      1.00000e+01      7.93390e-07
    1.30575e+00      3.45888e-04      1.00000e+01      7.93373e-07
    1.32256e+00      3.39284e-04      1.00000e+01      7.93356e-07
    1.33959e+00      3.32797e-04      1.00000e+01      7.93338e-07
    1.35684e+00      3.26304e-04      1.00000e+01      7.93321e-07
    1.37431e+00      3.19873e-04      1.00000e+01      7.93302e-07
    1.39200e+00      3.13494e-04      1.00000e+01      7.93284e-07
    1.40992e+00      3.07118e-04      1.00000e+01      7.93265e-07
    1.42808e+00      3.00858e-04      1.00000e+01      7.93246e-07
    1.44646e+00      2.94592e-04      1.00000e+01      7.93226e-07
    1.46509e+00      2.88404e-04      1.00000e+01      7.93206e-07
    1.48395e+00      2.82272e-04      1.00000e+01      7.93186e-07
    1.50306e+00      2.76148e-04      1.00000e+01      7.93165e-07
    1.52241e+00      2.70144e-04      1.00000e+01      7.93145e-07
    1.54201e+00      2.64162e-04      1.00000e+01      7.93124e-07
    1.56186e+00      2.58207e-04      1.00000e+01      7.93102e-07
    1.58197e+00      2.52369e-04      1.00000e+01      7.93081e-07
    1.60234e+00      2.46555e-04      1.00000e+01      7.93058e-07
    1.62297e+00      2.40773e-04      1.00000e+01      7.93036e-07
    1.64387e+00      2.35113e-04      1.00000e+01      7.93013e-07
    1.66503e+00      2.29487e-04      1.00000e+01      7.92989e-07
    1.68647e+00      2.23902e-04      1.00000e+01      7.92966e-07
    1.70819e+00      2.18408e-04      1.00000e+01      7.92942e-07
    1.73018e+00      2.12982e-04      1.00000e+01      7.92917e-07
    1.75246e+00      2.07603e-04      1.00000e+01      7.92892e-07
    1.77502e+00      2.02277e-04      1.00000e+01      7.92866e-07
    1.79787e+00      1.97058e-04      1.00000e+01      7.92840e-07
    1.82102e+00      1.91896e-04      1.00000e+01      7.92813e-07
    1.84447e+00      1.86791e-04      1.00000e+01      7.92787e-07
    1.86822e+00      1.81746e-04      1.00000e+01      7.92761e-07
    1.89227e+00      1.76788e-04      1.00000e+01      7.92734e-07
    1.91663e+00      1.71914e-04      1.00000e+01      7.92707e-07
    1.94131e+00      1.67104e-04      1.00000e+01      7.92680e-07
    1.96631e+00      1.62361e-04      1.00000e+01      7.92652e-07
    1.99162e+00      1.57771e-04      1.00000e+01      7.97238e-07
    2.01727e+00      1.53550e-04      1.00000e+01      8.18162e-07
    2.04324e+00      1.49040e-04      1.00000e+01      8.18132e-07
    2.06955e+00      1.44608e-04      1.00000e+01      8.18102e-07
    2.09619e+00      1.40249e-04      1.00000e+01      8.18070e-07
    2.12318e+00      1.35966e-04      1.00000e+01      8.18039e-07
    2.15052e+00      1.31759e-04      1.00000e+01      8.18008e-07
    2.17821e+00      1.27629e-04      1.00000e+01      8.17977e-07
    2.20625e+00      1.23578e-04      1.00000e+01      8.17945e-07
    2.23466e+00      1.19606e-04      1.00000e+01      8.17912e-07
    2.26343e+00      1.15714e-04      1.00000e+01      8.17879e-07
    2.29257e+00      1.11904e-04      1.00000e+01      8.17845e-07
    2.32209e+00      1.08175e-04      1.00000e+01      8.17811e-07
    2.35199e+00      1.04529e-04      1.00000e+01      8.17776e-07
    2.38227e+00      1.00961e-04      1.00000e+01      8.17740e-07
    2.41295e+00      9.74780e-05      1.00000e+01      8.17704e-07
    2.44401e+00      9.40768e-05      1.00000e+01      8.17668e-07
    2.47548e+00      9.07573e-05      1.00000e+01      8.17630e-07
    2.50736e+00      8.75203e-05      1.00000e+01      8.17592e-07
    2.53964e+00      8.43622e-05      1.00000e+01      8.17554e-07
    2.57234e+00      8.12877e-05      1.00000e+01      8.17515e-07
    2.60546e+00      7.82949e-05      1.00000e+01      8.17475e-07
    2.63901e+00      7.53821e-05      1.00000e+01      8.17435e-07
    2.67298e+00      7.25485e-05      1.00000e+01      8.17421e-07
    2.70740e+00      6.97943e-05      1.00000e+01      8.17391e-07
    2.74226e+00      6.71197e-05      1.00000e+01      8.17349e-07
    2.77757e+00      6.45346e-05      1.00000e+01      8.17305e-07
    2.81333e+00      6.20290e-05      1.00000e+01      8.17260e-07
    2.84955e+00      5.95995e-05      1.00000e+01      8.17215e-07
    2.88624e+00      5.72470e-05      1.00000e+01      8.17169e-07
    2.92341e+00      5.49681e-05      1.00000e+01      8.17123e-07
    2.96105e+00      5.27789e-05      1.00000e+01      8.17076e-07
    2.99917e+00      5.06630e-05      1.00000e+01      8.17029e-07
    3.03779e+00      4.86201e-05      1.00000e+01      8.16980e-07
    3.07690e+00      4.66504e-05      1.00000e+01      8.16931e-07
    3.11652e+00      4.47655e-05      1.00000e+01      8.16881e-07
    3.15665e+00      4.29477e-05      1.00000e+01      8.16831e-07
    3.19729e+00      4.11989e-05      1.00000e+01      8.16780e-07
    3.23846e+00      3.95318e-05      1.00000e+01      8.16728e-07
    3.28015e+00      3.79308e-05      1.00000e+01      8.16677e-07
    3.32239e+00      3.63973e-05      1.00000e+01      8.16625e-07
    3.36517e+00      3.49369e-05      1.00000e+01      8.16572e-07
    3.40849e+00      3.35375e-05      1.00000e+01      8.16518e-07
    3.45238e+00      3.22125e-05      1.00000e+01      8.16463e-07
    3.49683e+00      3.09452e-05      1.00000e+01      8.16408e-07
    3.54186e+00      2.97464e-05      1.00000e+01      8.16352e-07
    3.58746e+00      2.86051e-05      1.00000e+01      8.16295e-07
    3.63365e+00      2.75299e-05      1.00000e+01      8.16238e-07
    3.68044e+00      2.65060e-05      1.00000e+01      8.16179e-07
    3.72783e+00      2.55482e-05      1.00000e+01      8.16119e-07
    3.77582e+00      2.46406e-05      1.00000e+01      8.16058e-07
    3.82444e+00      2.37895e-05      1.00000e+01      8.15996e-07
    3.87368e+00      2.29914e-05      1.00000e+01      8.15933e-07
    3.92356e+00      2.22406e-05      1.00000e+01      8.15869e-07
    3.97408e+00      2.15441e-05      1.00000e+01      8.15804e-07
    4.02525e+00      2.08929e-05      1.00000e+01      8.15738e-07
    4.07708e+00      2.02860e-05      1.00000e+01      8.15671e-07
    4.12957e+00      1.97239e-05      1.00000e+01      8.15603e-07
    4.18274e+00      1.92063e-05      1.00000e+01      8.15534e-07
    4.23660e+00      1.87253e-05      1.00000e+01      8.15464e-07
    4.29115e+00      1.82853e-05      1.00000e+01      8.15394e-07
    4.34640e+00      1.78781e-05      1.00000e+01      8.15327e-07
    4.40236e+00      1.75108e-05      1.00000e+01      8.15255e-07
    4.45905e+00      1.71735e-05      1.00000e+01      8.15182e-07
    4.51646e+00      1.68680e-05      1.00000e+01      8.15105e-07
    4.57461e+00      1.65915e-05      1.00000e+01      8.15028e-07
    4.63351e+00      1.63420e-05      1.00000e+01      8.14953e-07
    4.69317e+00      1.61183e-05      1.00000e+01      8.14876e-07
    4.75360e+00      1.59184e-05      1.00000e+01      8.14799e-07
    4.81481e+00      1.57404e-05      1.00000e+01      8.14720e-07
    4.87680e+00      1.55828e-05      1.00000e+01      8.14640e-07
    4.93960e+00      1.54439e-05      1.00000e+01      8.14558e-07
    5.00320e+00      1.53219e-05      1.00000e+01      8.14475e-07
    5.06762e+00      1.52154e-05      1.00000e+01      8.14391e-07
    5.13287e+00      1.51229e-05      1.00000e+01      8.14305e-07
    5.19896e+00      1.50432e-05      1.00000e+01      8.14217e-07
    5.26590e+00      1.49744e-05      1.00000e+01      8.14128e-07
    5.33370e+00      1.49156e-05      1.00000e+01      8.14037e-07
    5.40238e+00      1.48650e-05      1.00000e+01      8.13945e-07
    5.47194e+00      1.48224e-05      1.00000e+01      8.13852e-07
    5.54239e+00      1.47860e-05      1.00000e+01      8.13757e-07
    5.61375e+00      1.47551e-05      1.00000e+01      8.13662e-07
    5.68604e+00      1.47289e-05      1.00000e+01      8.13566e-07
    5.75925e+00      1.47065e-05      1.00000e+01      8.13468e-07
    5.83340e+00      1.46873e-05      1.00000e+01      8.13369e-07
    5.90851e+00      1.46707e-05      1.00000e+01      8.13269e-07
    5.98459e+00      1.46561e-05      1.00000e+01      8.13168e-07
    6.06165e+00      1.46433e-05      1.00000e+01      8.13065e-07
    6.13970e+00      1.46318e-05      1.00000e+01      8.12960e-07
    6.21875e+00      1.46213e-05      1.00000e+01      8.12854e-07
    6.29882e+00      1.46116e-05      1.00000e+01      8.12747e-07
    6.37992e+00      1.46026e-05      1.00000e+01      8.12639e-07
    6.46207e+00      1.45940e-05      1.00000e+01      8.12529e-07
    6.54527e+00      1.45858e-05      1.00000e+01      8.12417e-07
    6.62955e+00      1.45779e-05      1.00000e+01      8.12303e-07
    6.71491e+00      1.45702e-05      1.00000e+01      8.12187e-07
    6.80137e+00      1.45626e-05      1.00000e+01      8.12068e-07
    6.88895e+00      1.45552e-05      1.00000e+01      8.11947e-07
    6.97765e+00      1.45478e-05      1.00000e+01      8.11824e-07
    7.06749e+00      1.45405e-05      1.00000e+01      8.11700e-07
    7.15849e+00      1.45333e-05      1.00000e+01      8.11574e-07
    7.25066e+00      1.45261e-05      1.00000e+01      8.11446e-07
    7.34402e+00      1.45189e-05      1.00000e+01      8.11316e-07
    7.43858e+00      1.45118e-05      1.00000e+01      8.11184e-07
    7.53436e+00      1.45046e-05      1.00000e+01      8.11050e-07
    7.63137e+00      1.44975e-05      1.00000e+01      8.10914e-07
    7.72963e+00      1.44903e-05      1.00000e+01      8.10777e-07
    7.82916e+00      1.44832e-05      1.00000e+01      8.10638e-07
    7.92997e+00      1.44761e-05      1.00000e+01      8.10498e-07
    8.03207e+00      1.44689e-05      1.00000e+01      8.10356e-07
    8.13549e+00      1.44618e-05      1.00000e+01      8.10213e-07
    8.24024e+00      1.44546e-05      1.00000e+01      8.10067e-07
    8.34634e+00      1.44474e-05      1.00000e+01      8.09919e-07
    8.45381e+00      1.44402e-05      1.00000e+01      8.09767e-07
    8.56266e+00      1.44329e-05      1.00000e+01      8.09613e-07
    8.67291e+00      1.44256e-05      1.00000e+01      8.09456e-07
    8.78458e+00      1.44182e-05      1.00000e+01      8.09296e-07
    8.89769e+00      1.44107e-05      1.00000e+01      8.09133e-07
    9.01226e+00      1.44032e-05      1.00000e+01      8.08968e-07
    9.12830e+00      1.43957e-05      1.00000e+01      8.08801e-07
    9.24583e+00      1.43881e-05      1.00000e+01      8.08632e-07
    9.36488e+00      1.43804e-05      1.00000e+01      8.08460e-07
    9.48546e+00      1.43726e-05      1.00000e+01      8.08286e-07
    9.60760e+00      1.43648e-05      1.00000e+01      8.08110e-07
    9.73131e+00      1.43569e-05      1.00000e+01      8.07931e-07
    9.85660e+00      1.43490e-05      1.00000e+01      8.07749e-07
    9.98352e+00      1.43409e-05      1.00000e+01      8.07566e-07
    1.01121e+01      1.43328e-05      1.00000e+01      8.07380e-07
    1.02423e+01      1.43246e-05      1.00000e+01      8.07190e-07
    1.03741e+01      1.43162e-05      1.00000e+01      8.06996e-07
    1.05077e+01      1.43078e-05      1.00000e+01      8.06800e-07
    1.06430e+01      1.42993e-05      1.00000e+01      8.06601e-07
    1.07801e+01      1.42906e-05      1.00000e+01      8.06398e-07
    1.09189e+01      1.42819e-05      1.00000e+01      8.06192e-07
    1.10595e+01      1.42730e-05      1.00000e+01      8.05984e-07
    1.12019e+01      1.42641e-05      1.00000e+01      8.05774e-07
    1.13461e+01      1.42551e-05      1.00000e+01      8.05561e-07
    1.14922e+01      1.42460e-05      1.00000e+01      8.05345e-07
    1.16402e+01      1.42368e-05      1.00000e+01      8.05126e-07
    1.17900e+01      1.42275e-05      1.00000e+01      8.04903e-07
    1.19418e+01      1.42180e-05      1.00000e+01      8.04677e-07
    1.20956e+01      1.42085e-05      1.00000e+01      8.04447e-07
    1.22513e+01      1.41988e-05      1.00000e+01      8.04216e-07
    1.24091e+01      1.41891e-05      1.00000e+01      8.03980e-07
    1.25689e+01      1.41792e-05      1.00000e+01      8.03742e-07
    1.27307e+01      1.41692e-05      1.00000e+01      8.03500e-07
    1.28946e+01      1.41591e-05      1.00000e+01      8.03255e-07
    1.30607e+01      1.41489e-05      1.00000e+01      8.03006e-07
    1.32288e+01      1.41386e-05      1.00000e+01      8.02753e-07
    1.33992e+01      1.41282e-05      1.00000e+01      8.02496e-07
    1.35717e+01      1.41176e-05      1.00000e+01      8.02236e-07
    1.37464e+01      1.41069e-05      1.00000e+01      8.01971e-07
    1.39234e+01      1.40961e-05      1.00000e+01      8.01703e-07
    1.41027e+01      1.40850e-05      1.00000e+01      8.01423e-07
    1.42843e+01      1.40739e-05      1.00000e+01      8.01145e-07
    1.44682e+01      1.40627e-05      1.00000e+01      8.00861e-07
    1.46545e+01      1.40514e-05      1.00000e+01      8.00581e-07
    1.48432e+01      1.40400e-05      1.00000e+01      8.00290e-07
    1.50343e+01      1.40284e-05      1.00000e+01      7.99995e-07
    1.52279e+01      1.40166e-05      1.00000e+01      7.99695e-07
    1.54240e+01      1.40047e-05      1.00000e+01      7.99390e-07
    1.56226e+01      1.39927e-05      1.00000e+01      7.99080e-07
    1.58237e+01      1.39805e-05      1.00000e+01      7.98766e-07
    1.60275e+01      1.39682e-05      1.00000e+01      7.98449e-07
    1.62338e+01      1.39558e-05      1.00000e+01      7.98127e-07
    1.64429e+01      1.39433e-05      1.00000e+01      7.97801e-07
    1.66546e+01      1.39305e-05      1.00000e+01      7.97468e-07
    1.68690e+01      1.39177e-05      1.00000e+01      7.97131e-07
    1.70862e+01      1.39046e-05      1.00000e+01      7.96787e-07
    1.73062e+01      1.38914e-05      1.00000e+01      7.96437e-07
    1.75291e+01      1.38781e-05      1.00000e+01      7.96084e-07
    1.77548e+01      1.38647e-05      1.00000e+01      7.95727e-07
    1.79834e+01      1.38511e-05      1.00000e+01      7.95364e-07
    1.82149e+01      1.38374e-05      1.00000e+01      7.94996e-07
    1.84495e+01      1.38235e-05      1.00000e+01      7.94623e-07
    1.86870e+01      1.38094e-05      1.00000e+01      7.94245e-07
    1.89276e+01      1.37952e-05      1.00000e+01      7.93861e-07
    1.91714e+01      1.37809e-05      1.00000e+01      7.93472e-07
    1.94182e+01      1.37663e-05      1.00000e+01      7.93075e-07
    1.96682e+01      1.37516e-05      1.00000e+01      7.92673e-07
    1.99215e+01      1.37368e-05      1.00000e+01      7.92265e-07
    2.01780e+01      1.37218e-05      1.00000e+01      7.91852e-07
    2.04378e+01      1.37066e-05      1.00000e+01      7.91433e-07
    2.07010e+01      1.36913e-05      1.00000e+01      7.91009e-07
    2.09675e+01      1.36758e-05      1.00000e+01      7.90577e-07
    2.12375e+01      1.36601e-05      1.00000e+01      7.90139e-07
    2.15109e+01      1.36442e-05      1.00000e+01      7.89695e-07
    2.17879e+01      1.36282e-05      1.00000e+01      7.89244e-07
    2.20685e+01      1.36120e-05      1.00000e+01      7.88787e-07
    2.23526e+01      1.35956e-05      1.00000e+01      7.88324e-07
    2.26404e+01      1.35791e-05      1.00000e+01      7.87853e-07
    2.29319e+01      1.35623e-05      1.00000e+01      7.87373e-07
    2.32272e+01      1.35454e-05      1.00000e+01      7.86886e-07
    2.35263e+01      1.35282e-05      1.00000e+01      7.86394e-07
    2.38292e+01      1.35109e-05      1.00000e+01      7.85893e-07
    2.41360e+01      1.34934e-05      1.00000e+01      7.85383e-07
    2.44468e+01      1.34757e-05      1.00000e+01      7.84867e-07
    2.47616e+01      1.34578e-05      1.00000e+01      7.84345e-07
    2.50804e+01      1.34398e-05      1.00000e+01      7.83816e-07
    2.54034e+01      1.34215e-05      1.00000e+01      7.83281e-07
    2.57304e+01      1.34031e-05      1.00000e+01      7.82735e-07
    2.60618e+01      1.33844e-05      1.00000e+01      7.82180e-07
    2.63973e+01      1.33655e-05      1.00000e+01      7.81618e-07
    2.67372e+01      1.33465e-05      1.00000e+01      7.81049e-07
    2.70815e+01      1.33272e-05      1.00000e+01      7.80472e-07
    2.74302e+01      1.33078e-05      1.00000e+01      7.79886e-07
    2.77834e+01      1.32881e-05      1.00000e+01      7.79289e-07
    2.81411e+01      1.32681e-05      1.00000e+01      7.78682e-07
    2.85035e+01      1.32480e-05      1.00000e+01      7.78066e-07
    2.88705e+01      1.32276e-05      1.00000e+01      7.77441e-07
    2.92422e+01      1.32070e-05      1.00000e+01      7.76808e-07
    2.96187e+01      1.31862e-05      1.00000e+01      7.76166e-07
    3.00001e+01      1.31652e-05      1.00000e+01      7.75515e-07
