    Er (keV)         SM dN/dE         BG dN/dE        BSM dN/dE (events/kg/day/keV)
    1.00100e-01      2.05887e-03      1.00000e+01      4.14512e-09
    1.01306e-01      2.01932e-03      1.00000e+01      4.12760e-09
    1.02526e-01      1.97929e-03      1.00000e+01      4.10986e-09
    1.03760e-01      1.93878e-03      1.00000e+01      4.09191e-09
    1.05010e-01      1.89778e-03      1.00000e+01      4.07375e-09
    1.06275e-01      1.85629e-03      1.00000e+01      4.05536e-09
    1.07555e-01      1.81430e-03      1.00000e+01      4.03676e-09
    1.08850e-01      1.77180e-03      1.00000e+01      4.01792e-09
    1.10161e-01      1.72878e-03      1.00000e+01      3.99887e-09
    1.11488e-01      1.68525e-03      1.00000e+01      3.97958e-09
    1.12830e-01      1.64120e-03      1.00000e+01      3.96006e-09
    1.14189e-01      1.59661e-03      1.00000e+01      3.94030e-09
    1.15565e-01      1.55149e-03      1.00000e+01      3.92031e-09
    1.16957e-01      1.50582e-03      1.00000e+01      3.90008e-09
    1.18365e-01      1.45960e-03      1.00000e+01      3.87960e-09
    1.19791e-01      1.41282e-03      1.00000e+01      3.85887e-09
    1.21234e-01      1.36548e-03      1.00000e+01      3.83790e-09
    1.22694e-01      1.31757e-03      1.00000e+01      3.81667e-09
    1.24172e-01      1.26909e-03      1.00000e+01      3.79519e-09
    1.25668e-01      1.22001e-03      1.00000e+01      3.77344e-09
    1.27182e-01      1.17035e-03      1.00000e+01      3.75144e-09
    1.28713e-01      1.12009e-03      1.00000e+01      3.72917e-09
    1.30264e-01      1.06922e-03      1.00000e+01      3.70663e-09
    1.31833e-01      1.01774e-03      1.00000e+01      3.68382e-09
    1.33421e-01      9.65633e-04      1.00000e+01      3.66073e-09
    1.35028e-01      9.12902e-04      1.00000e+01      3.63737e-09
    1.36655e-01      8.59536e-04      1.00000e+01      3.61372e-09
    1.38301e-01      8.05526e-04      1.00000e+01      3.58979e-09
    1.39967e-01      7.50865e-04      1.00000e+01      3.56557e-09
    1.41653e-01      7.21555e-04      1.00000e+01      3.44344e-09
    1.43360e-01      6.98442e-04      1.00000e+01      3.29524e-09
    1.45087e-01      6.75050e-04      1.00000e+01      3.14526e-09
    1.46834e-01      6.51376e-04      1.00000e+01      2.99347e-09
    1.48603e-01      6.27417e-04      1.00000e+01      2.83985e-09
    1.50393e-01      6.03169e-04      1.00000e+01      2.68437e-09
    1.52205e-01      5.78629e-04      1.00000e+01      2.52702e-09
    1.54039e-01      5.53793e-04      1.00000e+01      2.36778e-09
    1.55895e-01      5.28657e-04      1.00000e+01      2.20662e-09
    1.57773e-01      5.03219e-04      1.00000e+01      2.04351e-09
    1.59673e-01      4.77473e-04      1.00000e+01      1.87844e-09
    1.61597e-01      4.51418e-04      1.00000e+01      1.71137e-09
    1.63544e-01      4.25048e-04      1.00000e+01      1.54230e-09
    1.65514e-01      3.98361e-04      1.00000e+01      1.37118e-09
    1.67508e-01      3.71352e-04      1.00000e+01      1.19800e-09
    1.69526e-01      3.44017e-04      1.00000e+01      1.02274e-09
    1.71569e-01      3.16352e-04      1.00000e+01      8.45358e-10
    1.73636e-01      2.88355e-04      1.00000e+01      6.65841e-10
    1.75728e-01      2.60019e-04      1.00000e+01      4.84160e-10
    1.77845e-01      2.31342e-04      1.00000e+01      3.00289e-10
    1.79988e-01      2.02320e-04      1.00000e+01      1.14202e-10
    1.82156e-01      1.93787e-04      1.00000e+01      6.01383e-11
    1.84351e-01      1.93561e-04      1.00000e+01      5.96065e-11
    1.86572e-01      1.93332e-04      1.00000e+01      5.90683e-11
    1.88820e-01      1.93101e-04      1.00000e+01      5.85236e-11
    1.91095e-01      1.92867e-04      1.00000e+01      5.79724e-11
    1.93398e-01      1.92630e-04      1.00000e+01      5.74145e-11
    1.95728e-01      1.92390e-04      1.00000e+01      5.68499e-11
    1.98086e-01      1.92147e-04      1.00000e+01      5.62784e-11
    2.00473e-01      1.91901e-04      1.00000e+01      5.57001e-11
    2.02888e-01      1.91653e-04      1.00000e+01      5.51148e-11
    2.05333e-01      1.91401e-04      1.00000e+01      5.45225e-11
    2.07807e-01      1.91146e-04      1.00000e+01      5.39230e-11
    2.10311e-01      1.90889e-04      1.00000e+01      5.33163e-11
    2.12845e-01      1.90628e-04      1.00000e+01      5.27022e-11
    2.15410e-01      1.90364e-04      1.00000e+01      5.20808e-11
    2.18005e-01      1.90097e-04      1.00000e+01      5.14519e-11
    2.20632e-01      1.89826e-04      1.00000e+01      5.08154e-11
    2.23291e-01      1.89563e-04      1.00000e+01      5.03353e-11
    2.25981e-01      1.89298e-04      1.00000e+01      4.98688e-11
    2.28704e-01      1.89030e-04      1.00000e+01      4.93966e-11
    2.31460e-01      1.88759e-04      1.00000e+01      4.89188e-11
    2.34249e-01      1.88484e-04      1.00000e+01      4.84352e-11
    2.37072e-01      1.88207e-04      1.00000e+01      4.79457e-11
    2.39928e-01      1.87925e-04      1.00000e+01      4.74504e-11
    2.42820e-01      1.87641e-04      1.00000e+01      4.69491e-11
    2.45746e-01      1.87353e-04      1.00000e+01      4.64417e-11
    2.48707e-01      1.87061e-04      1.00000e+01      4.59283e-11
    2.51704e-01      1.86766e-04      1.00000e+01      4.54086e-11
    2.54737e-01      1.86468e-04      1.00000e+01      4.48827e-11
    2.57807e-01      1.86165e-04      1.00000e+01      4.43504e-11
    2.60913e-01      1.85860e-04      1.00000e+01      4.38117e-11
    2.64057e-01      1.85562e-04      1.00000e+01      4.33885e-11
    2.67239e-01      1.85261e-04      1.00000e+01      4.29732e-11
    2.70460e-01      1.84957e-04      1.00000e+01      4.25528e-11
    2.73719e-01      1.84649e-04      1.00000e+01      4.21274e-11
    2.77017e-01      1.84338e-04      1.00000e+01      4.16968e-11
    2.80356e-01      1.84023e-04      1.00000e+01      4.12611e-11
    2.83734e-01      1.83704e-04      1.00000e+01      4.08200e-11
    2.87153e-01      1.83381e-04      1.00000e+01      4.03737e-11
    2.90614e-01      1.83054e-04      1.00000e+01      3.99220e-11
    2.94116e-01      1.82724e-04      1.00000e+01      3.94649e-11
    2.97660e-01      1.82389e-04      1.00000e+01      3.90022e-11
    3.01247e-01      1.82050e-04      1.00000e+01      3.85340e-11
    3.04878e-01      1.81720e-04      1.00000e+01      3.81560e-11
    3.08552e-01      1.81386e-04      1.00000e+01      3.77812e-11
    3.12270e-01      1.81049e-04      1.00000e+01      3.74019e-11
    3.16033e-01      1.80707e-04      1.00000e+01      3.70180e-11
    3.19842e-01      1.80362e-04      1.00000e+01      3.66295e-11
    3.23696e-01      1.80012e-04      1.00000e+01      3.62363e-11
    3.27597e-01      1.79658e-04      1.00000e+01      3.58383e-11
    3.31545e-01      1.79299e-04      1.00000e+01      3.54356e-11
    3.35541e-01      1.78936e-04      1.00000e+01      3.50280e-11
    3.39585e-01      1.78569e-04      1.00000e+01      3.46155e-11
    3.43677e-01      1.78204e-04      1.00000e+01      3.42351e-11
    3.47819e-01      1.77841e-04      1.00000e+01      3.38951e-11
    3.52011e-01      1.77474e-04      1.00000e+01      3.35511e-11
    3.56253e-01      1.77103e-04      1.00000e+01      3.32029e-11
    3.60547e-01      1.76727e-04      1.00000e+01      3.28505e-11
    3.64892e-01      1.76347e-04      1.00000e+01      3.24939e-11
    3.69289e-01      1.75962e-04      1.00000e+01      3.21329e-11
    3.73740e-01      1.75572e-04      1.00000e+01      3.17676e-11
    3.78244e-01      1.75178e-04      1.00000e+01      3.13979e-11
    3.82803e-01      1.74781e-04      1.00000e+01      3.10337e-11
    3.87416e-01      1.74391e-04      1.00000e+01      3.07220e-11
    3.92085e-01      1.73997e-04      1.00000e+01      3.04065e-11
    3.96811e-01      1.73598e-04      1.00000e+01      3.00873e-11
    4.01593e-01      1.73194e-04      1.00000e+01      2.97642e-11
    4.06433e-01      1.72785e-04      1.00000e+01      2.94372e-11
    4.11331e-01      1.72371e-04      1.00000e+01      2.91062e-11
    4.16289e-01      1.71952e-04      1.00000e+01      2.87713e-11
    4.21306e-01      1.71529e-04      1.00000e+01      2.84324e-11
    4.26383e-01      1.71111e-04      1.00000e+01      2.81324e-11
    4.31522e-01      1.70691e-04      1.00000e+01      2.78412e-11
    4.36723e-01      1.70266e-04      1.00000e+01      2.75464e-11
    4.41987e-01      1.69836e-04      1.00000e+01      2.72481e-11
    4.47314e-01      1.69401e-04      1.00000e+01      2.69462e-11
    4.52705e-01      1.68960e-04      1.00000e+01      2.66407e-11
    4.58161e-01      1.68515e-04      1.00000e+01      2.63315e-11
    4.63683e-01      1.68066e-04      1.00000e+01      2.60265e-11
    4.69271e-01      1.67624e-04      1.00000e+01      2.57567e-11
    4.74927e-01      1.67176e-04      1.00000e+01      2.54837e-11
    4.80651e-01      1.66723e-04      1.00000e+01      2.52073e-11
    4.86444e-01      1.66265e-04      1.00000e+01      2.49276e-11
    4.92307e-01      1.65801e-04      1.00000e+01      2.46445e-11
    4.98241e-01      1.65331e-04      1.00000e+01      2.43581e-11
    5.04246e-01      1.64859e-04      1.00000e+01      2.40762e-11
    5.10323e-01      1.64392e-04      1.00000e+01      2.38230e-11
    5.16474e-01      1.63920e-04      1.00000e+01      2.35668e-11
    5.22699e-01      1.63443e-04      1.00000e+01      2.33075e-11
    5.28999e-01      1.62959e-04      1.00000e+01      2.30450e-11
    5.35375e-01      1.62470e-04      1.00000e+01      2.27794e-11
    5.41828e-01      1.61975e-04      1.00000e+01      2.25106e-11
    5.48358e-01      1.61486e-04      1.00000e+01      2.22652e-11
    5.54967e-01      1.60994e-04      1.00000e+01      2.20249e-11
    5.61656e-01      1.60497e-04      1.00000e+01      2.17818e-11
    5.68426e-01      1.59994e-04      1.00000e+01      2.15357e-11
    5.75277e-01      1.59484e-04      1.00000e+01      2.12866e-11
    5.82211e-01      1.58969e-04      1.00000e+01      2.10345e-11
    5.89228e-01      1.58459e-04      1.00000e+01      2.08037e-11
    5.96330e-01      1.57946e-04      1.00000e+01      2.05762e-11
    6.03518e-01      1.57427e-04      1.00000e+01      2.03461e-11
    6.10792e-01      1.56902e-04      1.00000e+01      2.01131e-11
    6.18154e-01      1.56370e-04      1.00000e+01      1.98774e-11
    6.25604e-01      1.55836e-04      1.00000e+01      1.96447e-11
    6.33145e-01      1.55306e-04      1.00000e+01      1.94301e-11
    6.40776e-01      1.54770e-04      1.00000e+01      1.92129e-11
    6.48500e-01      1.54228e-04      1.00000e+01      1.89931e-11
    6.56316e-01      1.53679e-04      1.00000e+01      1.87706e-11
    6.64227e-01      1.53124e-04      1.00000e+01      1.85455e-11
    6.72233e-01      1.52577e-04      1.00000e+01      1.83415e-11
    6.80335e-01      1.52024e-04      1.00000e+01      1.81352e-11
    6.88536e-01      1.51464e-04      1.00000e+01      1.79263e-11
    6.96835e-01      1.50897e-04      1.00000e+01      1.77150e-11
    7.05234e-01      1.50325e-04      1.00000e+01      1.75028e-11
    7.13734e-01      1.49760e-04      1.00000e+01      1.73078e-11
    7.22337e-01      1.49188e-04      1.00000e+01      1.71104e-11
    7.31044e-01      1.48609e-04      1.00000e+01      1.69107e-11
    7.39855e-01      1.48024e-04      1.00000e+01      1.67085e-11
    7.48773e-01      1.47438e-04      1.00000e+01      1.65124e-11
    7.57798e-01      1.46854e-04      1.00000e+01      1.63248e-11
    7.66932e-01      1.46263e-04      1.00000e+01      1.61349e-11
    7.76176e-01      1.45666e-04      1.00000e+01      1.59427e-11
    7.85532e-01      1.45061e-04      1.00000e+01      1.57490e-11
    7.95000e-01      1.44464e-04      1.00000e+01      1.55697e-11
    8.04583e-01      1.43860e-04      1.00000e+01      1.53883e-11
    8.14281e-01      1.43249e-04      1.00000e+01      1.52047e-11
    8.24096e-01      1.42630e-04      1.00000e+01      1.50190e-11
    8.34029e-01      1.42018e-04      1.00000e+01      1.48447e-11
    8.44082e-01      1.41400e-04      1.00000e+01      1.46706e-11
    8.54257e-01      1.40775e-04      1.00000e+01      1.44944e-11
    8.64553e-01      1.40143e-04      1.00000e+01      1.43160e-11
    8.74974e-01      1.39517e-04      1.00000e+01      1.41484e-11
    8.85521e-01      1.38886e-04      1.00000e+01      1.39806e-11
    8.96195e-01      1.38246e-04      1.00000e+01      1.38107e-11
    9.06997e-01      1.37601e-04      1.00000e+01      1.36399e-11
    9.17930e-01      1.36962e-04      1.00000e+01      1.34794e-11
    9.28994e-01      1.36315e-04      1.00000e+01      1.33169e-11
    9.40192e-01      1.35661e-04      1.00000e+01      1.31525e-11
    9.51525e-01      1.35006e-04      1.00000e+01      1.29917e-11
    9.62994e-01      1.34351e-04      1.00000e+01      1.28359e-11
    9.74602e-01      1.33689e-04      1.00000e+01      1.26781e-11
    9.86350e-01      1.33019e-04      1.00000e+01      1.25185e-11
    9.98239e-01      1.32356e-04      1.00000e+01      1.23681e-11
    1.01027e+00      1.31686e-04      1.00000e+01      1.22163e-11
    1.02245e+00      1.31008e-04      1.00000e+01      1.20626e-11
    1.03477e+00      1.30332e-04      1.00000e+01      1.19139e-11
    1.04725e+00      1.29655e-04      1.00000e+01      1.17672e-11
    1.05987e+00      1.28968e-04      1.00000e+01      1.16189e-11
    1.07265e+00      1.28281e-04      1.00000e+01      1.14729e-11
    1.08558e+00      1.27594e-04      1.00000e+01      1.13310e-11
    1.09866e+00      1.26899e-04      1.00000e+01      1.11873e-11
    1.11190e+00      1.26201e-04      1.00000e+01      1.10450e-11
    1.12531e+00      1.25505e-04      1.00000e+01      1.09072e-11
    1.13887e+00      1.24800e-04      1.00000e+01      1.07678e-11
    1.15260e+00      1.24093e-04      1.00000e+01      1.06297e-11
    1.16649e+00      1.23388e-04      1.00000e+01      1.04957e-11
    1.18055e+00      1.22674e-04      1.00000e+01      1.03600e-11
    1.19478e+00      1.21960e-04      1.00000e+01      1.02266e-11
    1.20919e+00      1.21245e-04      1.00000e+01      1.00960e-11
    1.22376e+00      1.20522e-04      1.00000e+01      9.96385e-12
    1.23851e+00      1.19801e-04      1.00000e+01      9.83531e-12
    1.25344e+00      1.19078e-04      1.00000e+01      9.70770e-12
    1.26855e+00      1.18345e-04      1.00000e+01      9.57855e-12
    1.28384e+00      1.17619e-04      1.00000e+01      9.45504e-12
    1.29932e+00      1.16885e-04      1.00000e+01      9.33016e-12
    1.31498e+00      1.16148e-04      1.00000e+01      9.20636e-12
    1.33083e+00      1.15412e-04      1.00000e+01      9.08540e-12
    1.34687e+00      1.14667e-04      1.00000e+01      8.96299e-12
    1.36311e+00      1.13927e-04      1.00000e+01      8.84454e-12
    1.37954e+00      1.13180e-04      1.00000e+01      8.72567e-12
    1.39617e+00      1.12431e-04      1.00000e+01      8.60779e-12
    1.41300e+00      1.11681e-04      1.00000e+01      8.49233e-12
    1.43003e+00      1.10923e-04      1.00000e+01      8.37549e-12
    1.44727e+00      1.10172e-04      1.00000e+01      8.26312e-12
    1.46471e+00      1.09412e-04      1.00000e+01      8.14940e-12
    1.48237e+00      1.08654e-04      1.00000e+01      8.03813e-12
    1.50024e+00      1.07892e-04      1.00000e+01      7.92732e-12
    1.51832e+00      1.07128e-04      1.00000e+01      7.81743e-12
    1.53662e+00      1.06364e-04      1.00000e+01      7.70929e-12
    1.55515e+00      1.05594e-04      1.00000e+01      7.60100e-12
    1.57389e+00      1.04828e-04      1.00000e+01      7.49535e-12
    1.59287e+00      1.04053e-04      1.00000e+01      7.38884e-12
    1.61207e+00      1.03284e-04      1.00000e+01      7.28548e-12
    1.63150e+00      1.02506e-04      1.00000e+01      7.18088e-12
    1.65116e+00      1.01734e-04      1.00000e+01      7.07967e-12
    1.67107e+00      1.00952e-04      1.00000e+01      6.97724e-12
    1.69121e+00      1.00177e-04      1.00000e+01      6.87788e-12
    1.71160e+00      9.93920e-05      1.00000e+01      6.77748e-12
    1.73223e+00      9.86136e-05      1.00000e+01      6.68004e-12
    1.75311e+00      9.78268e-05      1.00000e+01      6.58166e-12
    1.77424e+00      9.70455e-05      1.00000e+01      6.48607e-12
    1.79563e+00      9.62569e-05      1.00000e+01      6.38985e-12
    1.81728e+00      9.54726e-05      1.00000e+01      6.29589e-12
    1.83918e+00      9.46832e-05      1.00000e+01      6.20184e-12
    1.86135e+00      9.38954e-05      1.00000e+01      6.10939e-12
    1.88379e+00      9.31052e-05      1.00000e+01      6.01753e-12
    1.90650e+00      9.23139e-05      1.00000e+01      5.92655e-12
    1.92948e+00      9.15238e-05      1.00000e+01      5.83687e-12
    1.95274e+00      9.07292e-05      1.00000e+01      5.74721e-12
    1.97628e+00      8.99404e-05      1.00000e+01      5.65967e-12
    2.00010e+00      8.91465e-05      1.00000e+01      5.57203e-12
    2.02421e+00      8.83543e-05      1.00000e+01      5.48582e-12
    2.04861e+00      8.75612e-05      1.00000e+01      5.40035e-12
    2.07331e+00      8.67650e-05      1.00000e+01      5.31519e-12
    2.09830e+00      8.59733e-05      1.00000e+01      5.23189e-12
    2.12359e+00      8.51778e-05      1.00000e+01      5.14878e-12
    2.14919e+00      8.43826e-05      1.00000e+01      5.06668e-12
    2.17510e+00      8.35901e-05      1.00000e+01      4.98571e-12
    2.20132e+00      8.27954e-05      1.00000e+01      4.90503e-12
    2.22785e+00      8.20036e-05      1.00000e+01      4.82554e-12
    2.25471e+00      8.12121e-05      1.00000e+01      4.74695e-12
    2.28189e+00      8.04183e-05      1.00000e+01      4.66877e-12
    2.30940e+00      7.96263e-05      1.00000e+01      4.59173e-12
    2.33723e+00      7.88360e-05      1.00000e+01      4.51560e-12
    2.36541e+00      7.80447e-05      1.00000e+01      4.43993e-12
    2.39392e+00      7.72544e-05      1.00000e+01      4.36503e-12
    2.42278e+00      7.64671e-05      1.00000e+01      4.29138e-12
    2.45198e+00      7.56788e-05      1.00000e+01      4.21826e-12
    2.48154e+00      7.48900e-05      1.00000e+01      4.14571e-12
    2.51146e+00      7.41053e-05      1.00000e+01      4.07424e-12
    2.54173e+00      7.33226e-05      1.00000e+01      4.00362e-12
    2.57237e+00      7.25403e-05      1.00000e+01      3.93358e-12
    2.60338e+00      7.17588e-05      1.00000e+01      3.86415e-12
    2.63476e+00      7.09800e-05      1.00000e+01      3.79564e-12
    2.66652e+00      7.02040e-05      1.00000e+01      3.72805e-12
    2.69867e+00      6.94290e-05      1.00000e+01      3.66106e-12
    2.73120e+00      6.86553e-05      1.00000e+01      3.59472e-12
    2.76412e+00      6.78827e-05      1.00000e+01      3.52908e-12
    2.79744e+00      6.71124e-05      1.00000e+01      3.46427e-12
    2.83116e+00      6.63459e-05      1.00000e+01      3.40034e-12
    2.86529e+00      6.55818e-05      1.00000e+01      3.33707e-12
    2.89983e+00      6.48196e-05      1.00000e+01      3.27448e-12
    2.93479e+00      6.40596e-05      1.00000e+01      3.21257e-12
    2.97017e+00      6.33025e-05      1.00000e+01      3.15135e-12
    3.00597e+00      6.25481e-05      1.00000e+01      3.09081e-12
    3.04220e+00      6.17965e-05      1.00000e+01      3.03097e-12
    3.07888e+00      6.10491e-05      1.00000e+01      2.97204e-12
    3.11599e+00      6.03043e-05      1.00000e+01      2.91374e-12
    3.15355e+00      5.95633e-05      1.00000e+01      2.85611e-12
    3.19157e+00      5.88259e-05      1.00000e+01      2.79917e-12
    3.23004e+00      5.80917e-05      1.00000e+01      2.74289e-12
    3.26898e+00      5.73606e-05      1.00000e+01      2.68728e-12
    3.30839e+00      5.66334e-05      1.00000e+01      2.63236e-12
    3.34827e+00      5.59096e-05      1.00000e+01      2.57814e-12
    3.38863e+00      5.51894e-05      1.00000e+01      2.52460e-12
    3.42948e+00      5.44738e-05      1.00000e+01      2.47172e-12
    3.47082e+00      5.37630e-05      1.00000e+01      2.41948e-12
    3.51266e+00      5.30566e-05      1.00000e+01      2.36791e-12
    3.55500e+00      5.23541e-05      1.00000e+01      2.31701e-12
    3.59786e+00      5.16556e-05      1.00000e+01      2.26676e-12
    3.64123e+00      5.09619e-05      1.00000e+01      2.21713e-12
    3.68512e+00      5.02732e-05      1.00000e+01      2.16814e-12
    3.72955e+00      4.95897e-05      1.00000e+01      2.11987e-12
    3.77450e+00      4.89109e-05      1.00000e+01      2.07228e-12
    3.82000e+00      4.82370e-05      1.00000e+01      2.02532e-12
    3.86605e+00      4.75688e-05      1.00000e+01      1.97900e-12
    3.91266e+00      4.69058e-05      1.00000e+01      1.93327e-12
    3.95982e+00      4.62481e-05      1.00000e+01      1.88815e-12
    4.00756e+00      4.55956e-05      1.00000e+01      1.84363e-12
    4.05587e+00      4.49495e-05      1.00000e+01      1.79982e-12
    4.10476e+00      4.43088e-05      1.00000e+01      1.75663e-12
    4.15424e+00      4.36735e-05      1.00000e+01      1.71407e-12
    4.20432e+00      4.30434e-05      1.00000e+01      1.67206e-12
    4.25500e+00      4.24195e-05      1.00000e+01      1.63071e-12
    4.30629e+00      4.18036e-05      1.00000e+01      1.59003e-12
    4.35821e+00      4.11932e-05      1.00000e+01      1.54989e-12
    4.41074e+00      4.05884e-05      1.00000e+01      1.51029e-12
    4.46391e+00      3.99915e-05      1.00000e+01      1.47143e-12
    4.51772e+00      3.93999e-05      1.00000e+01      1.43314e-12
    4.57218e+00      3.88134e-05      1.00000e+01      1.39538e-12
    4.62730e+00      3.82364e-05      1.00000e+01      1.35831e-12
    4.68308e+00      3.76658e-05      1.00000e+01      1.32178e-12
    4.73954e+00      3.71013e-05      1.00000e+01      1.28579e-12
    4.79667e+00      3.65443e-05      1.00000e+01      1.25049e-12
    4.85449e+00      3.59931e-05      1.00000e+01      1.21570e-12
    4.91301e+00      3.54500e-05      1.00000e+01      1.18158e-12
    4.97224e+00      3.49137e-05      1.00000e+01      1.14795e-12
    5.03218e+00      3.43862e-05      1.00000e+01      1.11495e-12
    5.09284e+00      3.38651e-05      1.00000e+01      1.08249e-12
    5.15423e+00      3.33516e-05      1.00000e+01      1.05064e-12
    5.21636e+00      3.28446e-05      1.00000e+01      1.01927e-12
    5.27925e+00      3.23468e-05      1.00000e+01      9.88573e-13
    5.34289e+00      3.18554e-05      1.00000e+01      9.58372e-13
    5.40729e+00      3.13720e-05      1.00000e+01      9.28782e-13
    5.47248e+00      3.08964e-05      1.00000e+01      8.99724e-13
    5.53845e+00      3.04288e-05      1.00000e+01      8.71195e-13
    5.60521e+00      2.99696e-05      1.00000e+01      8.43262e-13
    5.67278e+00      2.95181e-05      1.00000e+01      8.15845e-13
    5.74117e+00      2.90739e-05      1.00000e+01      7.88937e-13
    5.81037e+00      2.86385e-05      1.00000e+01      7.62659e-13
    5.88042e+00      2.82107e-05      1.00000e+01      7.36878e-13
    5.95131e+00      2.77906e-05      1.00000e+01      7.11632e-13
    6.02305e+00      2.73793e-05      1.00000e+01      6.86897e-13
    6.09565e+00      2.69766e-05      1.00000e+01      6.62712e-13
    6.16914e+00      2.65821e-05      1.00000e+01      6.39054e-13
    6.24350e+00      2.61952e-05      1.00000e+01      6.15923e-13
    6.31877e+00      2.58159e-05      1.00000e+01      5.93303e-13
    6.39494e+00      2.54455e-05      1.00000e+01      5.71200e-13
    6.47203e+00      2.50836e-05      1.00000e+01      5.49569e-13
    6.55005e+00      2.47300e-05      1.00000e+01      5.28479e-13
    6.62901e+00      2.43846e-05      1.00000e+01      5.07922e-13
    6.70892e+00      2.40462e-05      1.00000e+01      4.87837e-13
    6.78979e+00      2.37173e-05      1.00000e+01      4.68246e-13
    6.87164e+00      2.33973e-05      1.00000e+01      4.49148e-13
    6.95448e+00      2.30846e-05      1.00000e+01      4.30565e-13
    7.03832e+00      2.27799e-05      1.00000e+01      4.12436e-13
    7.12316e+00      2.24836e-05      1.00000e+01      3.94814e-13
    7.20903e+00      2.21957e-05      1.00000e+01      3.77655e-13
    7.29593e+00      2.19152e-05      1.00000e+01      3.60972e-13
    7.38389e+00      2.16432e-05      1.00000e+01      3.44752e-13
    7.47290e+00      2.13790e-05      1.00000e+01      3.28989e-13
    7.56298e+00      2.11230e-05      1.00000e+01      3.13695e-13
    7.65415e+00      2.08751e-05      1.00000e+01      2.98852e-13
    7.74642e+00      2.06346e-05      1.00000e+01      2.84463e-13
    7.83980e+00      2.04016e-05      1.00000e+01      2.70510e-13
    7.93431e+00      2.01768e-05      1.00000e+01      2.57023e-13
    8.02996e+00      1.99595e-05      1.00000e+01      2.43939e-13
    8.12676e+00      1.97499e-05      1.00000e+01      2.31293e-13
    8.22473e+00      1.95478e-05      1.00000e+01      2.19080e-13
    8.32387e+00      1.93523e-05      1.00000e+01      2.07296e-13
    8.42422e+00      1.91646e-05      1.00000e+01      1.95920e-13
    8.52577e+00      1.89838e-05      1.00000e+01      1.84915e-13
    8.62855e+00      1.88109e-05      1.00000e+01      1.74377e-13
    8.73256e+00      1.86441e-05      1.00000e+01      1.64201e-13
    8.83783e+00      1.84836e-05      1.00000e+01      1.54413e-13
    8.94437e+00      1.83311e-05      1.00000e+01      1.45020e-13
    9.05220e+00      1.81845e-05      1.00000e+01      1.36005e-13
    9.16132e+00      1.80441e-05      1.00000e+01      1.27358e-13
    9.27176e+00      1.79104e-05      1.00000e+01      1.19089e-13
    9.38353e+00      1.77829e-05      1.00000e+01      1.11168e-13
    9.49664e+00      1.76611e-05      1.00000e+01      1.03608e-13
    9.61113e+00      1.75454e-05      1.00000e+01      9.63863e-14
    9.72699e+00      1.74354e-05      1.00000e+01      8.95139e-14
    9.84424e+00      1.73310e-05      1.00000e+01      8.29738e-14
    9.96292e+00      1.72320e-05      1.00000e+01      7.67535e-14
    1.00830e+01      1.71382e-05      1.00000e+01      7.08628e-14
    1.02046e+01      1.70496e-05      1.00000e+01      6.52707e-14
    1.03276e+01      1.69657e-05      1.00000e+01      5.99897e-14
    1.04521e+01      1.68869e-05      1.00000e+01      5.49945e-14
    1.05781e+01      1.68124e-05      1.00000e+01      5.03031e-14
    1.07056e+01      1.67424e-05      1.00000e+01      4.58860e-14
    1.08347e+01      1.66764e-05      1.00000e+01      4.17323e-14
    1.09653e+01      1.66151e-05      1.00000e+01      3.78591e-14
    1.10974e+01      1.65571e-05      1.00000e+01      3.42210e-14
    1.12312e+01      1.65029e-05      1.00000e+01      3.08508e-14
    1.13666e+01      1.64525e-05      1.00000e+01      2.77098e-14
    1.15036e+01      1.64051e-05      1.00000e+01      2.47972e-14
    1.16423e+01      1.63612e-05      1.00000e+01      2.21137e-14
    1.17827e+01      1.63201e-05      1.00000e+01      1.96335e-14
    1.19247e+01      1.62818e-05      1.00000e+01      1.73663e-14
    1.20685e+01      1.62462e-05      1.00000e+01      1.52890e-14
    1.22139e+01      1.62130e-05      1.00000e+01      1.33913e-14
    1.23612e+01      1.61821e-05      1.00000e+01      1.16828e-14
    1.25102e+01      1.61534e-05      1.00000e+01      1.01330e-14
    1.26610e+01      1.61265e-05      1.00000e+01      8.74363e-15
    1.28136e+01      1.61015e-05      1.00000e+01      7.50456e-15
    1.29681e+01      1.60781e-05      1.00000e+01      6.39521e-15
    1.31244e+01      1.60562e-05      1.00000e+01      5.43032e-15
    1.32826e+01      1.60357e-05      1.00000e+01      4.57397e-15
    1.34428e+01      1.60162e-05      1.00000e+01      3.83245e-15
    1.36048e+01      1.59980e-05      1.00000e+01      3.19050e-15
    1.37688e+01      1.59805e-05      1.00000e+01      2.64437e-15
    1.39348e+01      1.59639e-05      1.00000e+01      2.17941e-15
    1.41028e+01      1.59478e-05      1.00000e+01      1.78769e-15
    1.42728e+01      1.59324e-05      1.00000e+01      1.45998e-15
    1.44448e+01      1.59175e-05      1.00000e+01      1.19168e-15
    1.46190e+01      1.59031e-05      1.00000e+01      9.72695e-16
    1.47952e+01      1.58889e-05      1.00000e+01      7.92985e-16
    1.49736e+01      1.58749e-05      1.00000e+01      6.47848e-16
    1.51541e+01      1.58611e-05      1.00000e+01      5.32818e-16
    1.53367e+01      1.58474e-05      1.00000e+01      4.41472e-16
    1.55216e+01      1.58337e-05      1.00000e+01      3.67777e-16
    1.57087e+01      1.58201e-05      1.00000e+01      3.09399e-16
    1.58981e+01      1.58065e-05      1.00000e+01      2.63490e-16
    1.60898e+01      1.57929e-05      1.00000e+01      2.26276e-16
    1.62837e+01      1.57792e-05      1.00000e+01      1.96717e-16
    1.64800e+01      1.57655e-05      1.00000e+01      1.72625e-16
    1.66787e+01      1.57517e-05      1.00000e+01      1.52976e-16
    1.68797e+01      1.57377e-05      1.00000e+01      1.36711e-16
    1.70832e+01      1.57236e-05      1.00000e+01      1.23048e-16
    1.72892e+01      1.57094e-05      1.00000e+01      1.11427e-16
    1.74976e+01      1.56951e-05      1.00000e+01      1.01356e-16
    1.77085e+01      1.56807e-05      1.00000e+01      9.24727e-17
    1.79220e+01      1.56662e-05      1.00000e+01      8.45164e-17
    1.81380e+01      1.56515e-05      1.00000e+01      7.73517e-17
    1.83567e+01      1.56367e-05      1.00000e+01      7.08025e-17
    1.85780e+01      1.56217e-05      1.00000e+01      6.47440e-17
    1.88019e+01      1.56066e-05      1.00000e+01      5.90994e-17
    1.90286e+01      1.55914e-05      1.00000e+01      5.38632e-17
    1.92580e+01      1.55760e-05      1.00000e+01      4.89322e-17
    1.94901e+01      1.55605e-05      1.00000e+01      4.42823e-17
    1.97251e+01      1.55448e-05      1.00000e+01      3.99101e-17
    1.99629e+01      1.55289e-05      1.00000e+01      3.57890e-17
    2.02035e+01      1.55129e-05      1.00000e+01      3.19897e-17
    2.04471e+01      1.54968e-05      1.00000e+01      2.84652e-17
    2.06936e+01      1.54805e-05      1.00000e+01      2.51769e-17
    2.09430e+01      1.54640e-05      1.00000e+01      2.21293e-17
    2.11955e+01      1.54474e-05      1.00000e+01      1.93117e-17
    2.14510e+01      1.54306e-05      1.00000e+01      1.67141e-17
    2.17096e+01      1.54136e-05      1.00000e+01      1.43748e-17
    2.19713e+01      1.53964e-05      1.00000e+01      1.22625e-17
    2.22362e+01      1.53791e-05      1.00000e+01      1.03406e-17
    2.25042e+01      1.53617e-05      1.00000e+01      8.60596e-18
    2.27755e+01      1.53440e-05      1.00000e+01      7.07959e-18
    2.30501e+01      1.53261e-05      1.00000e+01      5.74661e-18
    2.33279e+01      1.53081e-05      1.00000e+01      4.56656e-18
    2.36092e+01      1.52899e-05      1.00000e+01      3.55959e-18
    2.38938e+01      1.52715e-05      1.00000e+01      2.71040e-18
    2.41818e+01      1.52529e-05      1.00000e+01      1.99780e-18
    2.44733e+01      1.52341e-05      1.00000e+01      1.42064e-18
    2.47683e+01      1.52151e-05      1.00000e+01      9.71533e-19
    2.50669e+01      1.51960e-05      1.00000e+01      6.27045e-19
    2.53691e+01      1.51767e-05      1.00000e+01      3.87600e-19
    2.56749e+01      1.51572e-05      1.00000e+01      2.38242e-19
    2.59844e+01      1.51375e-05      1.00000e+01      1.78265e-19
    2.62977e+01      1.51176e-05      1.00000e+01      1.44755e-19
    2.66147e+01      1.50974e-05      1.00000e+01      1.14853e-19
    2.69355e+01      1.50772e-05      1.00000e+01      8.85054e-20
    2.72602e+01      1.50567e-05      1.00000e+01      6.56702e-20
    2.75889e+01      1.50359e-05      1.00000e+01      4.63075e-20
    2.79214e+01      1.50149e-05      1.00000e+01      3.03810e-20
    2.82580e+01      1.49937e-05      1.00000e+01      1.78405e-20
    2.85987e+01      1.49723e-05      1.00000e+01      8.64631e-21
    2.89434e+01      1.49507e-05      1.00000e+01      2.76769e-21
    2.92924e+01      1.49289e-05      1.00000e+01      1.56225e-22
    2.96455e+01      1.49068e-05      1.00000e+01      1.77199e-191
    3.00029e+01      1.48846e-05      1.00000e+01      1.73066e-191
    3.03645e+01      1.48621e-05      1.00000e+01      1.68981e-191
    3.07306e+01      1.48395e-05      1.00000e+01      1.64945e-191
    3.11010e+01      1.48166e-05      1.00000e+01      1.60958e-191
    3.14760e+01      1.47935e-05      1.00000e+01      1.57017e-191
    3.18554e+01      1.47702e-05      1.00000e+01      1.53124e-191
    3.22394e+01      1.47467e-05      1.00000e+01      1.49277e-191
    3.26281e+01      1.47230e-05      1.00000e+01      1.45475e-191
    3.30214e+01      1.46991e-05      1.00000e+01      1.41719e-191
    3.34195e+01      1.46749e-05      1.00000e+01      1.38008e-191
    3.38223e+01      1.46505e-05      1.00000e+01      1.34340e-191
    3.42301e+01      1.46257e-05      1.00000e+01      1.30717e-191
    3.46427e+01      1.46007e-05      1.00000e+01      1.27136e-191
    3.50603e+01      1.45755e-05      1.00000e+01      1.23598e-191
    3.54830e+01      1.45499e-05      1.00000e+01      1.20103e-191
    3.59107e+01      1.45242e-05      1.00000e+01      1.16648e-191
    3.63436e+01      1.44982e-05      1.00000e+01      1.13235e-191
    3.67817e+01      1.44720e-05      1.00000e+01      1.09863e-191
    3.72251e+01      1.44455e-05      1.00000e+01      1.06530e-191
    3.76739e+01      1.44188e-05      1.00000e+01      1.03238e-191
    3.81281e+01      1.43918e-05      1.00000e+01      9.99844e-192
    3.85877e+01      1.43646e-05      1.00000e+01      9.67696e-192
    3.90529e+01      1.43371e-05      1.00000e+01      9.35931e-192
    3.95236e+01      1.43095e-05      1.00000e+01      9.04544e-192
    4.00001e+01      1.42816e-05      1.00000e+01      8.73530e-192
