    Er (keV)         SM dN/dE         BG dN/dE        BSM dN/dE (events/kg/day/keV)
    1.01000e-02      8.67295e-01      5.00000e+00      1.89662e-06
    1.02614e-02      8.62747e-01      5.00000e+00      1.88660e-06
    1.04254e-02      8.58125e-01      5.00000e+00      1.87641e-06
    1.05921e-02      8.53428e-01      5.00000e+00      1.86606e-06
    1.07615e-02      8.48656e-01      5.00000e+00      1.85555e-06
    1.09336e-02      8.43806e-01      5.00000e+00      1.84487e-06
    1.11084e-02      8.38879e-01      5.00000e+00      1.83401e-06
    1.12861e-02      8.33871e-01      5.00000e+00      1.82298e-06
    1.14667e-02      8.28783e-01      5.00000e+00      1.81177e-06
    1.16502e-02      8.23613e-01      5.00000e+00      1.80037e-06
    1.18366e-02      8.18359e-01      5.00000e+00      1.78880e-06
    1.20261e-02      8.13021e-01      5.00000e+00      1.77704e-06
    1.22186e-02      8.07596e-01      5.00000e+00      1.76509e-06
    1.24142e-02      8.02084e-01      5.00000e+00      1.75294e-06
    1.26129e-02      7.96483e-01      5.00000e+00      1.74060e-06
    1.28149e-02      7.90791e-01      5.00000e+00      1.72806e-06
    1.30202e-02      7.85008e-01      5.00000e+00      1.71532e-06
    1.32287e-02      7.79131e-01      5.00000e+00      1.70237e-06
    1.34406e-02      7.73159e-01      5.00000e+00      1.68921e-06
    1.36560e-02      7.67091e-01      5.00000e+00      1.67584e-06
    1.38748e-02      7.60925e-01      5.00000e+00      1.66226e-06
    1.40971e-02      7.54660e-01      5.00000e+00      1.64846e-06
    1.43231e-02      7.48293e-01      5.00000e+00      1.63443e-06
    1.45527e-02      7.41823e-01      5.00000e+00      1.62017e-06
    1.47859e-02      7.35249e-01      5.00000e+00      1.60569e-06
    1.50230e-02      7.28569e-01      5.00000e+00      1.59097e-06
    1.52639e-02      7.21782e-01      5.00000e+00      1.57602e-06
    1.55086e-02      7.14884e-01      5.00000e+00      1.56082e-06
    1.57574e-02      7.07876e-01      5.00000e+00      1.54538e-06
    1.60101e-02      7.00754e-01      5.00000e+00      1.52969e-06
    1.62669e-02      6.93517e-01      5.00000e+00      1.51374e-06
    1.65279e-02      6.86163e-01      5.00000e+00      1.49754e-06
    1.67931e-02      6.78691e-01      5.00000e+00      1.48108e-06
    1.70625e-02      6.71098e-01      5.00000e+00      1.46435e-06
    1.73363e-02      6.63382e-01      5.00000e+00      1.44735e-06
    1.76145e-02      6.55542e-01      5.00000e+00      1.43008e-06
    1.78972e-02      6.47576e-01      5.00000e+00      1.41253e-06
    1.81845e-02      6.39480e-01      5.00000e+00      1.39469e-06
    1.84764e-02      6.31255e-01      5.00000e+00      1.37657e-06
    1.87731e-02      6.22896e-01      5.00000e+00      1.35815e-06
    1.90745e-02      6.14402e-01      5.00000e+00      1.33944e-06
    1.93808e-02      6.05772e-01      5.00000e+00      1.32042e-06
    1.96920e-02      5.97002e-01      5.00000e+00      1.30110e-06
    2.00082e-02      5.88090e-01      5.00000e+00      1.28147e-06
    2.03296e-02      5.79035e-01      5.00000e+00      1.26151e-06
    2.06561e-02      5.69833e-01      5.00000e+00      1.24124e-06
    2.09879e-02      5.60483e-01      5.00000e+00      1.22064e-06
    2.13251e-02      5.50982e-01      5.00000e+00      1.19971e-06
    2.16677e-02      5.41328e-01      5.00000e+00      1.17844e-06
    2.20158e-02      5.31517e-01      5.00000e+00      1.15682e-06
    2.23696e-02      5.21549e-01      5.00000e+00      1.13486e-06
    2.27291e-02      5.11419e-01      5.00000e+00      1.11254e-06
    2.30943e-02      5.01126e-01      5.00000e+00      1.08987e-06
    2.34655e-02      4.90667e-01      5.00000e+00      1.06682e-06
    2.38426e-02      4.80039e-01      5.00000e+00      1.04341e-06
    2.42259e-02      4.69240e-01      5.00000e+00      1.01961e-06
    2.46153e-02      4.58266e-01      5.00000e+00      9.95435e-07
    2.50110e-02      4.47115e-01      5.00000e+00      9.70867e-07
    2.54131e-02      4.35784e-01      5.00000e+00      9.45902e-07
    2.58217e-02      4.24270e-01      5.00000e+00      9.20534e-07
    2.62369e-02      4.12570e-01      5.00000e+00      8.94757e-07
    2.66588e-02      4.00682e-01      5.00000e+00      8.68564e-07
    2.70875e-02      3.88601e-01      5.00000e+00      8.41948e-07
    2.75231e-02      3.76326e-01      5.00000e+00      8.14903e-07
    2.79658e-02      3.63852e-01      5.00000e+00      7.87420e-07
    2.84156e-02      3.51177e-01      5.00000e+00      7.59495e-07
    2.88727e-02      3.38298e-01      5.00000e+00      7.31118e-07
    2.93371e-02      3.25210e-01      5.00000e+00      7.02284e-07
    2.98090e-02      3.11912e-01      5.00000e+00      6.72984e-07
    3.02886e-02      2.98398e-01      5.00000e+00      6.43211e-07
    3.07759e-02      2.84667e-01      5.00000e+00      6.12957e-07
    3.12710e-02      2.70714e-01      5.00000e+00      5.82215e-07
    3.17742e-02      2.56535e-01      5.00000e+00      5.50977e-07
    3.22855e-02      2.42128e-01      5.00000e+00      5.19235e-07
    3.28050e-02      2.27488e-01      5.00000e+00      4.86980e-07
    3.33329e-02      2.12612e-01      5.00000e+00      4.54205e-07
    3.38693e-02      1.97496e-01      5.00000e+00      4.20900e-07
    3.44144e-02      1.82136e-01      5.00000e+00      3.87058e-07
    3.49683e-02      1.66528e-01      5.00000e+00      3.52670e-07
    3.55311e-02      1.50667e-01      5.00000e+00      3.17727e-07
    3.61031e-02      1.34551e-01      5.00000e+00      2.82220e-07
    3.66842e-02      1.18175e-01      5.00000e+00      2.46139e-07
    3.72747e-02      1.01534e-01      5.00000e+00      2.09476e-07
    3.78748e-02      8.46253e-02      5.00000e+00      1.72221e-07
    3.84845e-02      6.74431e-02      5.00000e+00      1.34365e-07
    3.91041e-02      4.99836e-02      5.00000e+00      9.58983e-08
    3.97337e-02      3.22423e-02      5.00000e+00      5.68102e-08
    4.03735e-02      1.64446e-02      5.00000e+00      2.20340e-08
    4.10236e-02      1.61239e-02      5.00000e+00      2.15670e-08
    4.16841e-02      1.57981e-02      5.00000e+00      2.10924e-08
    4.23554e-02      1.54670e-02      5.00000e+00      2.06102e-08
    4.30374e-02      1.51306e-02      5.00000e+00      2.01202e-08
    4.37305e-02      1.47887e-02      5.00000e+00      1.96223e-08
    4.44348e-02      1.44414e-02      5.00000e+00      1.91164e-08
    4.51504e-02      1.40884e-02      5.00000e+00      1.86022e-08
    4.58776e-02      1.37297e-02      5.00000e+00      1.80798e-08
    4.66165e-02      1.33652e-02      5.00000e+00      1.75490e-08
    4.73674e-02      1.29949e-02      5.00000e+00      1.70096e-08
    4.81304e-02      1.26185e-02      5.00000e+00      1.64614e-08
    4.89056e-02      1.22361e-02      5.00000e+00      1.59045e-08
    4.96934e-02      1.18475e-02      5.00000e+00      1.53385e-08
    5.04940e-02      1.14527e-02      5.00000e+00      1.47634e-08
    5.13074e-02      1.10515e-02      5.00000e+00      1.41790e-08
    5.21340e-02      1.06438e-02      5.00000e+00      1.35852e-08
    5.29739e-02      1.02295e-02      5.00000e+00      1.29818e-08
    5.38274e-02      9.80851e-03      5.00000e+00      1.23687e-08
    5.46946e-02      9.38074e-03      5.00000e+00      1.17457e-08
    5.55758e-02      8.94607e-03      5.00000e+00      1.11126e-08
    5.64713e-02      8.50438e-03      5.00000e+00      1.04693e-08
    5.73812e-02      8.05556e-03      5.00000e+00      9.81556e-09
    5.83059e-02      7.59950e-03      5.00000e+00      9.15132e-09
    5.92454e-02      7.13607e-03      5.00000e+00      8.47635e-09
    6.02001e-02      6.66517e-03      5.00000e+00      7.79049e-09
    6.11702e-02      6.18666e-03      5.00000e+00      7.09356e-09
    6.21560e-02      5.70044e-03      5.00000e+00      6.38537e-09
    6.31577e-02      5.20636e-03      5.00000e+00      5.66576e-09
    6.41755e-02      4.70430e-03      5.00000e+00      4.93453e-09
    6.52098e-02      4.19415e-03      5.00000e+00      4.19150e-09
    6.62608e-02      3.67576e-03      5.00000e+00      3.43647e-09
    6.73287e-02      3.14900e-03      5.00000e+00      2.66926e-09
    6.84139e-02      2.61373e-03      5.00000e+00      1.88966e-09
    6.95166e-02      2.06983e-03      5.00000e+00      1.09748e-09
    7.06371e-02      1.54231e-03      5.00000e+00      3.29168e-10
    7.17757e-02      1.53975e-03      5.00000e+00      3.25841e-10
    7.29326e-02      1.53716e-03      5.00000e+00      3.22461e-10
    7.41083e-02      1.53452e-03      5.00000e+00      3.19026e-10
    7.53029e-02      1.53184e-03      5.00000e+00      3.15536e-10
    7.65168e-02      1.52911e-03      5.00000e+00      3.11989e-10
    7.77503e-02      1.52634e-03      5.00000e+00      3.08385e-10
    7.90037e-02      1.52353e-03      5.00000e+00      3.04723e-10
    8.02773e-02      1.52067e-03      5.00000e+00      3.01002e-10
    8.15715e-02      1.51777e-03      5.00000e+00      2.97220e-10
    8.28866e-02      1.51481e-03      5.00000e+00      2.93378e-10
    8.42229e-02      1.51182e-03      5.00000e+00      2.89473e-10
    8.55808e-02      1.50877e-03      5.00000e+00      2.85506e-10
    8.69606e-02      1.50567e-03      5.00000e+00      2.81475e-10
    8.83627e-02      1.50252e-03      5.00000e+00      2.77378e-10
    8.97874e-02      1.49933e-03      5.00000e+00      2.73215e-10
    9.12351e-02      1.49608e-03      5.00000e+00      2.68986e-10
    9.27061e-02      1.49278e-03      5.00000e+00      2.64687e-10
    9.42009e-02      1.48942e-03      5.00000e+00      2.60320e-10
    9.57199e-02      1.48601e-03      5.00000e+00      2.55882e-10
    9.72633e-02      1.48255e-03      5.00000e+00      2.51372e-10
    9.88317e-02      1.47903e-03      5.00000e+00      2.46790e-10
    1.00425e-01      1.47545e-03      5.00000e+00      2.42134e-10
    1.02045e-01      1.47200e-03      5.00000e+00      2.38870e-10
    1.03690e-01      1.46858e-03      5.00000e+00      2.36133e-10
    1.05362e-01      1.46509e-03      5.00000e+00      2.33352e-10
    1.07062e-01      1.46155e-03      5.00000e+00      2.30526e-10
    1.08788e-01      1.45796e-03      5.00000e+00      2.27655e-10
    1.10543e-01      1.45430e-03      5.00000e+00      2.24737e-10
    1.12325e-01      1.45059e-03      5.00000e+00      2.21772e-10
    1.14137e-01      1.44682e-03      5.00000e+00      2.18759e-10
    1.15977e-01      1.44298e-03      5.00000e+00      2.15698e-10
    1.17848e-01      1.43909e-03      5.00000e+00      2.12587e-10
    1.19749e-01      1.43513e-03      5.00000e+00      2.09426e-10
    1.21680e-01      1.43110e-03      5.00000e+00      2.06214e-10
    1.23642e-01      1.42701e-03      5.00000e+00      2.02950e-10
    1.25637e-01      1.42286e-03      5.00000e+00      1.99634e-10
    1.27663e-01      1.41864e-03      5.00000e+00      1.96264e-10
    1.29722e-01      1.41435e-03      5.00000e+00      1.92839e-10
    1.31814e-01      1.41009e-03      5.00000e+00      1.89734e-10
    1.33940e-01      1.40597e-03      5.00000e+00      1.87436e-10
    1.36101e-01      1.40178e-03      5.00000e+00      1.85101e-10
    1.38296e-01      1.39752e-03      5.00000e+00      1.82729e-10
    1.40527e-01      1.39320e-03      5.00000e+00      1.80318e-10
    1.42794e-01      1.38881e-03      5.00000e+00      1.77868e-10
    1.45097e-01      1.38435e-03      5.00000e+00      1.75379e-10
    1.47437e-01      1.37981e-03      5.00000e+00      1.72849e-10
    1.49816e-01      1.37520e-03      5.00000e+00      1.70279e-10
    1.52232e-01      1.37052e-03      5.00000e+00      1.67667e-10
    1.54688e-01      1.36576e-03      5.00000e+00      1.65013e-10
    1.57183e-01      1.36092e-03      5.00000e+00      1.62316e-10
    1.59719e-01      1.35601e-03      5.00000e+00      1.59576e-10
    1.62295e-01      1.35112e-03      5.00000e+00      1.57055e-10
    1.64913e-01      1.34637e-03      5.00000e+00      1.55059e-10
    1.67574e-01      1.34154e-03      5.00000e+00      1.53030e-10
    1.70277e-01      1.33664e-03      5.00000e+00      1.50968e-10
    1.73024e-01      1.33165e-03      5.00000e+00      1.48873e-10
    1.75815e-01      1.32659e-03      5.00000e+00      1.46745e-10
    1.78652e-01      1.32144e-03      5.00000e+00      1.44581e-10
    1.81534e-01      1.31621e-03      5.00000e+00      1.42383e-10
    1.84462e-01      1.31090e-03      5.00000e+00      1.40150e-10
    1.87438e-01      1.30550e-03      5.00000e+00      1.37880e-10
    1.90462e-01      1.30001e-03      5.00000e+00      1.35574e-10
    1.93535e-01      1.29463e-03      5.00000e+00      1.33574e-10
    1.96657e-01      1.28930e-03      5.00000e+00      1.31797e-10
    1.99830e-01      1.28388e-03      5.00000e+00      1.29990e-10
    2.03054e-01      1.27838e-03      5.00000e+00      1.28155e-10
    2.06330e-01      1.27279e-03      5.00000e+00      1.26289e-10
    2.09659e-01      1.26711e-03      5.00000e+00      1.24394e-10
    2.13042e-01      1.26133e-03      5.00000e+00      1.22468e-10
    2.16479e-01      1.25547e-03      5.00000e+00      1.20511e-10
    2.19971e-01      1.24951e-03      5.00000e+00      1.18523e-10
    2.23521e-01      1.24359e-03      5.00000e+00      1.16688e-10
    2.27127e-01      1.23779e-03      5.00000e+00      1.15092e-10
    2.30791e-01      1.23188e-03      5.00000e+00      1.13469e-10
    2.34515e-01      1.22589e-03      5.00000e+00      1.11820e-10
    2.38299e-01      1.21980e-03      5.00000e+00      1.10145e-10
    2.42144e-01      1.21360e-03      5.00000e+00      1.08443e-10
    2.46051e-01      1.20731e-03      5.00000e+00      1.06713e-10
    2.50021e-01      1.20092e-03      5.00000e+00      1.04955e-10
    2.54055e-01      1.19457e-03      5.00000e+00      1.03319e-10
    2.58154e-01      1.18832e-03      5.00000e+00      1.01863e-10
    2.62320e-01      1.18196e-03      5.00000e+00      1.00383e-10
    2.66552e-01      1.17551e-03      5.00000e+00      9.88800e-11
    2.70853e-01      1.16895e-03      5.00000e+00      9.73523e-11
    2.75224e-01      1.16228e-03      5.00000e+00      9.57999e-11
    2.79665e-01      1.15551e-03      5.00000e+00      9.42224e-11
    2.84177e-01      1.14875e-03      5.00000e+00      9.27170e-11
    2.88763e-01      1.14211e-03      5.00000e+00      9.13785e-11
    2.93422e-01      1.13537e-03      5.00000e+00      9.00183e-11
    2.98157e-01      1.12852e-03      5.00000e+00      8.86361e-11
    3.02968e-01      1.12156e-03      5.00000e+00      8.72317e-11
    3.07857e-01      1.11448e-03      5.00000e+00      8.58046e-11
    3.12825e-01      1.10730e-03      5.00000e+00      8.43545e-11
    3.17873e-01      1.10035e-03      5.00000e+00      8.31146e-11
    3.23002e-01      1.09329e-03      5.00000e+00      8.18598e-11
    3.28214e-01      1.08612e-03      5.00000e+00      8.05847e-11
    3.33510e-01      1.07884e-03      5.00000e+00      7.92891e-11
    3.38892e-01      1.07144e-03      5.00000e+00      7.79725e-11
    3.44361e-01      1.06399e-03      5.00000e+00      7.66760e-11
    3.49918e-01      1.05671e-03      5.00000e+00      7.55183e-11
    3.55564e-01      1.04931e-03      5.00000e+00      7.43419e-11
    3.61302e-01      1.04179e-03      5.00000e+00      7.31465e-11
    3.67133e-01      1.03415e-03      5.00000e+00      7.19317e-11
    3.73057e-01      1.02639e-03      5.00000e+00      7.06974e-11
    3.79077e-01      1.01884e-03      5.00000e+00      6.96020e-11
    3.85194e-01      1.01120e-03      5.00000e+00      6.85022e-11
    3.91411e-01      1.00343e-03      5.00000e+00      6.73846e-11
    3.97727e-01      9.95538e-04      5.00000e+00      6.62490e-11
    4.04145e-01      9.87537e-04      5.00000e+00      6.51027e-11
    4.10667e-01      9.79754e-04      5.00000e+00      6.40794e-11
    4.17294e-01      9.71846e-04      5.00000e+00      6.30396e-11
    4.24029e-01      9.63810e-04      5.00000e+00      6.19830e-11
    4.30872e-01      9.55644e-04      5.00000e+00      6.09093e-11
    4.37825e-01      9.47541e-04      5.00000e+00      5.98876e-11
    4.44890e-01      9.39478e-04      5.00000e+00      5.89105e-11
    4.52070e-01      9.31285e-04      5.00000e+00      5.79177e-11
    4.59366e-01      9.22959e-04      5.00000e+00      5.69088e-11
    4.66779e-01      9.14617e-04      5.00000e+00      5.59204e-11
    4.74312e-01      9.06394e-04      5.00000e+00      5.49950e-11
    4.81966e-01      8.98039e-04      5.00000e+00      5.40547e-11
    4.89745e-01      8.89548e-04      5.00000e+00      5.30991e-11
    4.97648e-01      8.81056e-04      5.00000e+00      5.21663e-11
    5.05679e-01      8.72657e-04      5.00000e+00      5.12832e-11
    5.13840e-01      8.64123e-04      5.00000e+00      5.03858e-11
    5.22133e-01      8.55451e-04      5.00000e+00      4.94739e-11
    5.30559e-01      8.46876e-04      5.00000e+00      4.86080e-11
    5.39122e-01      8.38286e-04      5.00000e+00      4.77596e-11
    5.47823e-01      8.29558e-04      5.00000e+00      4.68976e-11
    5.56664e-01      8.20745e-04      5.00000e+00      4.60346e-11
    5.65648e-01      8.12101e-04      5.00000e+00      4.52286e-11
    5.74776e-01      8.03318e-04      5.00000e+00      4.44095e-11
    5.84053e-01      7.94393e-04      5.00000e+00      4.35773e-11
    5.93479e-01      7.85632e-04      5.00000e+00      4.27952e-11
    6.03057e-01      7.76790e-04      5.00000e+00      4.20129e-11
    6.12789e-01      7.67805e-04      5.00000e+00      4.12180e-11
    6.22679e-01      7.58921e-04      5.00000e+00      4.04579e-11
    6.32729e-01      7.50008e-04      5.00000e+00      3.97072e-11
    6.42940e-01      7.40950e-04      5.00000e+00      3.89445e-11
    6.53317e-01      7.31993e-04      5.00000e+00      3.82132e-11
    6.63861e-01      7.23003e-04      5.00000e+00      3.74901e-11
    6.74575e-01      7.13868e-04      5.00000e+00      3.67552e-11
    6.85462e-01      7.04881e-04      5.00000e+00      3.60571e-11
    6.96525e-01      6.95811e-04      5.00000e+00      3.53579e-11
    7.07766e-01      6.86626e-04      5.00000e+00      3.46523e-11
    7.19189e-01      6.77616e-04      5.00000e+00      3.39847e-11
    7.30796e-01      6.68460e-04      5.00000e+00      3.33064e-11
    7.42591e-01      6.59323e-04      5.00000e+00      3.26408e-11
    7.54576e-01      6.50228e-04      5.00000e+00      3.19916e-11
    7.66755e-01      6.40987e-04      5.00000e+00      3.13318e-11
    7.79130e-01      6.31928e-04      5.00000e+00      3.07061e-11
    7.91704e-01      6.22739e-04      5.00000e+00      3.00725e-11
    8.04482e-01      6.13584e-04      5.00000e+00      2.94521e-11
    8.17466e-01      6.04443e-04      5.00000e+00      2.88420e-11
    8.30660e-01      5.95225e-04      5.00000e+00      2.82307e-11
    8.44066e-01      5.86137e-04      5.00000e+00      2.76425e-11
    8.57689e-01      5.76902e-04      5.00000e+00      2.70448e-11
    8.71532e-01      5.67845e-04      5.00000e+00      2.64745e-11
    8.85599e-01      5.58655e-04      5.00000e+00      2.58964e-11
    8.99892e-01      5.49583e-04      5.00000e+00      2.53380e-11
    9.14416e-01      5.40433e-04      5.00000e+00      2.47781e-11
    9.29175e-01      5.31366e-04      5.00000e+00      2.42331e-11
    9.44171e-01      5.22253e-04      5.00000e+00      2.36895e-11
    9.59410e-01      5.13218e-04      5.00000e+00      2.31592e-11
    9.74895e-01      5.04147e-04      5.00000e+00      2.26309e-11
    9.90630e-01      4.95337e-04      5.00000e+00      2.21161e-11
    1.00662e+00      4.86550e-04      5.00000e+00      2.16019e-11
    1.02287e+00      4.77679e-04      5.00000e+00      2.11030e-11
    1.03937e+00      4.68679e-04      5.00000e+00      2.06015e-11
    1.05615e+00      4.59837e-04      5.00000e+00      2.01186e-11
    1.07320e+00      4.50919e-04      5.00000e+00      1.96334e-11
    1.09052e+00      4.42118e-04      5.00000e+00      1.91622e-11
    1.10812e+00      4.33310e-04      5.00000e+00      1.86942e-11
    1.12600e+00      4.24538e-04      5.00000e+00      1.82331e-11
    1.14418e+00      4.15853e-04      5.00000e+00      1.77821e-11
    1.16265e+00      4.07134e-04      5.00000e+00      1.73321e-11
    1.18141e+00      3.98555e-04      5.00000e+00      1.68960e-11
    1.20048e+00      3.89980e-04      5.00000e+00      1.64631e-11
    1.21986e+00      3.81427e-04      5.00000e+00      1.60350e-11
    1.23954e+00      3.73003e-04      5.00000e+00      1.56189e-11
    1.25955e+00      3.64580e-04      5.00000e+00      1.52055e-11
    1.27988e+00      3.56204e-04      5.00000e+00      1.47982e-11
    1.30054e+00      3.47948e-04      5.00000e+00      1.44011e-11
    1.32153e+00      3.39714e-04      5.00000e+00      1.40079e-11
    1.34286e+00      3.31515e-04      5.00000e+00      1.36192e-11
    1.36453e+00      3.23462e-04      5.00000e+00      1.32419e-11
    1.38656e+00      3.15449e-04      5.00000e+00      1.28690e-11
    1.40894e+00      3.07482e-04      5.00000e+00      1.25008e-11
    1.43168e+00      2.99592e-04      5.00000e+00      1.21393e-11
    1.45479e+00      2.91821e-04      5.00000e+00      1.17862e-11
    1.47827e+00      2.84111e-04      5.00000e+00      1.14383e-11
    1.50213e+00      2.76467e-04      5.00000e+00      1.10957e-11
    1.52637e+00      2.68897e-04      5.00000e+00      1.07587e-11
    1.55101e+00      2.61444e-04      5.00000e+00      1.04296e-11
    1.57604e+00      2.54083e-04      5.00000e+00      1.01066e-11
    1.60148e+00      2.46803e-04      5.00000e+00      9.78917e-12
    1.62733e+00      2.39608e-04      5.00000e+00      9.47735e-12
    1.65360e+00      2.32505e-04      5.00000e+00      9.17130e-12
    1.68029e+00      2.25498e-04      5.00000e+00      8.87110e-12
    1.70741e+00      2.18588e-04      5.00000e+00      8.57679e-12
    1.73497e+00      2.11790e-04      5.00000e+00      8.28891e-12
    1.76297e+00      2.05104e-04      5.00000e+00      8.00701e-12
    1.79143e+00      1.98520e-04      5.00000e+00      7.73095e-12
    1.82034e+00      1.92038e-04      5.00000e+00      7.46047e-12
    1.84972e+00      1.85663e-04      5.00000e+00      7.19561e-12
    1.87958e+00      1.79399e-04      5.00000e+00      6.93624e-12
    1.90992e+00      1.73247e-04      5.00000e+00      6.68263e-12
    1.94074e+00      1.67208e-04      5.00000e+00      6.43468e-12
    1.97207e+00      1.61282e-04      5.00000e+00      6.19218e-12
    2.00390e+00      1.55854e-04      5.00000e+00      5.95513e-12
    2.03624e+00      1.50243e-04      5.00000e+00      5.72360e-12
    2.06911e+00      1.44666e-04      5.00000e+00      5.49729e-12
    2.10251e+00      1.39221e-04      5.00000e+00      5.27697e-12
    2.13644e+00      1.33901e-04      5.00000e+00      5.06221e-12
    2.17093e+00      1.28702e-04      5.00000e+00      4.85268e-12
    2.20597e+00      1.23623e-04      5.00000e+00      4.64832e-12
    2.24158e+00      1.18663e-04      5.00000e+00      4.44905e-12
    2.27776e+00      1.13826e-04      5.00000e+00      4.25471e-12
    2.31452e+00      1.09117e-04      5.00000e+00      4.06593e-12
    2.35188e+00      1.04550e-04      5.00000e+00      3.88275e-12
    2.38984e+00      1.00100e-04      5.00000e+00      3.70439e-12
    2.42842e+00      9.57711e-05      5.00000e+00      3.53064e-12
    2.46761e+00      9.15743e-05      5.00000e+00      3.36224e-12
    2.50744e+00      8.75152e-05      5.00000e+00      3.19922e-12
    2.54792e+00      8.35699e-05      5.00000e+00      3.04065e-12
    2.58904e+00      7.97577e-05      5.00000e+00      2.88687e-12
    2.63083e+00      7.60809e-05      5.00000e+00      2.73859e-12
    2.67329e+00      7.25166e-05      5.00000e+00      2.59438e-12
    2.71644e+00      6.90946e-05      5.00000e+00      2.45551e-12
    2.76029e+00      6.57890e-05      5.00000e+00      2.32105e-12
    2.80484e+00      6.26133e-05      5.00000e+00      2.19127e-12
    2.85012e+00      5.95601e-05      5.00000e+00      2.06615e-12
    2.89612e+00      5.66329e-05      5.00000e+00      1.94556e-12
    2.94287e+00      5.38250e-05      5.00000e+00      1.82940e-12
    2.99037e+00      5.11425e-05      5.00000e+00      1.71783e-12
    3.03864e+00      4.85715e-05      5.00000e+00      1.61025e-12
    3.08768e+00      4.61319e-05      5.00000e+00      1.50755e-12
    3.13752e+00      4.38010e-05      5.00000e+00      1.40881e-12
    3.18817e+00      4.15829e-05      5.00000e+00      1.31414e-12
    3.23963e+00      3.94856e-05      5.00000e+00      1.22389e-12
    3.29192e+00      3.74961e-05      5.00000e+00      1.13757e-12
    3.34505e+00      3.56093e-05      5.00000e+00      1.05516e-12
    3.39905e+00      3.38367e-05      5.00000e+00      9.76661e-13
    3.45391e+00      3.21673e-05      5.00000e+00      9.02300e-13
    3.50966e+00      3.05980e-05      5.00000e+00      8.31455e-13
    3.56631e+00      2.91264e-05      5.00000e+00      7.64383e-13
    3.62388e+00      2.77514e-05      5.00000e+00      7.00888e-13
    3.68237e+00      2.64680e-05      5.00000e+00      6.40955e-13
    3.74181e+00      2.52763e-05      5.00000e+00      5.84463e-13
    3.80220e+00      2.41709e-05      5.00000e+00      5.31367e-13
    3.86358e+00      2.31496e-05      5.00000e+00      4.81566e-13
    3.92594e+00      2.22081e-05      5.00000e+00      4.34969e-13
    3.98931e+00      2.13446e-05      5.00000e+00      3.91452e-13
    4.05370e+00      2.05541e-05      5.00000e+00      3.50957e-13
    4.11913e+00      1.98324e-05      5.00000e+00      3.13363e-13
    4.18562e+00      1.91788e-05      5.00000e+00      2.78527e-13
    4.25318e+00      1.85861e-05      5.00000e+00      2.46497e-13
    4.32183e+00      1.80553e-05      5.00000e+00      2.17068e-13
    4.39159e+00      1.75794e-05      5.00000e+00      1.90130e-13
    4.46248e+00      1.71534e-05      5.00000e+00      1.65552e-13
    4.53451e+00      1.67789e-05      5.00000e+00      1.43351e-13
    4.60770e+00      1.64473e-05      5.00000e+00      1.23268e-13
    4.68208e+00      1.61576e-05      5.00000e+00      1.05262e-13
    4.75765e+00      1.59057e-05      5.00000e+00      8.92071e-14
    4.83444e+00      1.56880e-05      5.00000e+00      7.50107e-14
    4.91248e+00      1.55013e-05      5.00000e+00      6.25274e-14
    4.99177e+00      1.53425e-05      5.00000e+00      5.16547e-14
    5.07235e+00      1.52081e-05      5.00000e+00      4.22119e-14
    5.15422e+00      1.50959e-05      5.00000e+00      3.41555e-14
    5.23742e+00      1.50022e-05      5.00000e+00      2.73919e-14
    5.32196e+00      1.49251e-05      5.00000e+00      2.16955e-14
    5.40786e+00      1.48614e-05      5.00000e+00      1.70009e-14
    5.49515e+00      1.48096e-05      5.00000e+00      1.31909e-14
    5.58385e+00      1.47673e-05      5.00000e+00      1.01462e-14
    5.67398e+00      1.47329e-05      5.00000e+00      7.75508e-15
    5.76556e+00      1.47047e-05      5.00000e+00      5.90144e-15
    5.85863e+00      1.46814e-05      5.00000e+00      4.49481e-15
    5.95319e+00      1.46619e-05      5.00000e+00      3.43922e-15
    6.04929e+00      1.46452e-05      5.00000e+00      2.65187e-15
    6.14693e+00      1.46308e-05      5.00000e+00      2.07173e-15
    6.24615e+00      1.46179e-05      5.00000e+00      1.64261e-15
    6.34697e+00      1.46062e-05      5.00000e+00      1.32915e-15
    6.44942e+00      1.45953e-05      5.00000e+00      1.09485e-15
    6.55352e+00      1.45850e-05      5.00000e+00      9.18089e-16
    6.65931e+00      1.45752e-05      5.00000e+00      7.83685e-16
    6.76680e+00      1.45656e-05      5.00000e+00      6.78109e-16
    6.87602e+00      1.45563e-05      5.00000e+00      5.93699e-16
    6.98701e+00      1.45471e-05      5.00000e+00      5.23721e-16
    7.09979e+00      1.45379e-05      5.00000e+00      4.63947e-16
    7.21439e+00      1.45289e-05      5.00000e+00      4.12119e-16
    7.33084e+00      1.45199e-05      5.00000e+00      3.66085e-16
    7.44917e+00      1.45110e-05      5.00000e+00      3.24396e-16
    7.56941e+00      1.45020e-05      5.00000e+00      2.86551e-16
    7.69159e+00      1.44931e-05      5.00000e+00      2.51725e-16
    7.81575e+00      1.44842e-05      5.00000e+00      2.19549e-16
    7.94190e+00      1.44752e-05      5.00000e+00      1.89849e-16
    8.07010e+00      1.44663e-05      5.00000e+00      1.63155e-16
    8.20036e+00      1.44574e-05      5.00000e+00      1.38923e-16
    8.33273e+00      1.44483e-05      5.00000e+00      1.16965e-16
    8.46723e+00      1.44393e-05      5.00000e+00      9.71550e-17
    8.60390e+00      1.44302e-05      5.00000e+00      7.96652e-17
    8.74278e+00      1.44209e-05      5.00000e+00      6.44535e-17
    8.88390e+00      1.44116e-05      5.00000e+00      5.10548e-17
    9.02730e+00      1.44022e-05      5.00000e+00      3.95626e-17
    9.17301e+00      1.43928e-05      5.00000e+00      2.99251e-17
    9.32108e+00      1.43832e-05      5.00000e+00      2.18255e-17
    9.47154e+00      1.43735e-05      5.00000e+00      1.53578e-17
    9.62442e+00      1.43637e-05      5.00000e+00      1.02081e-17
    9.77977e+00      1.43538e-05      5.00000e+00      6.36840e-18
    9.93763e+00      1.43438e-05      5.00000e+00      3.64354e-18
    1.00980e+01      1.43337e-05      5.00000e+00      1.91498e-18
    1.02610e+01      1.43234e-05      5.00000e+00      1.06894e-18
    1.04267e+01      1.43129e-05      5.00000e+00      8.06478e-19
    1.05950e+01      1.43023e-05      5.00000e+00      5.91796e-19
    1.07660e+01      1.42915e-05      5.00000e+00      4.11010e-19
    1.09398e+01      1.42805e-05      5.00000e+00      2.63918e-19
    1.11163e+01      1.42695e-05      5.00000e+00      1.49813e-19
    1.12958e+01      1.42583e-05      5.00000e+00      6.81559e-20
    1.14781e+01      1.42469e-05      5.00000e+00      1.84560e-20
    1.16634e+01      1.42353e-05      5.00000e+00      2.02750e-22
    1.18517e+01      1.42236e-05      5.00000e+00      9.39460e-191
    1.20430e+01      1.42117e-05      5.00000e+00      9.10050e-191
    1.22373e+01      1.41997e-05      5.00000e+00      8.81106e-191
    1.24349e+01      1.41875e-05      5.00000e+00      8.52621e-191
    1.26356e+01      1.41751e-05      5.00000e+00      8.24588e-191
    1.28395e+01      1.41625e-05      5.00000e+00      7.97001e-191
    1.30468e+01      1.41498e-05      5.00000e+00      7.69850e-191
    1.32574e+01      1.41368e-05      5.00000e+00      7.43131e-191
    1.34714e+01      1.41237e-05      5.00000e+00      7.16836e-191
    1.36888e+01      1.41104e-05      5.00000e+00      6.90958e-191
    1.39098e+01      1.40969e-05      5.00000e+00      6.65489e-191
    1.41343e+01      1.40831e-05      5.00000e+00      6.40427e-191
    1.43625e+01      1.40691e-05      5.00000e+00      6.15761e-191
    1.45943e+01      1.40551e-05      5.00000e+00      5.91488e-191
    1.48299e+01      1.40408e-05      5.00000e+00      5.67598e-191
    1.50693e+01      1.40262e-05      5.00000e+00      5.44088e-191
    1.53125e+01      1.40115e-05      5.00000e+00      5.20952e-191
    1.55597e+01      1.39965e-05      5.00000e+00      4.98183e-191
    1.58108e+01      1.39813e-05      5.00000e+00      4.75775e-191
    1.60660e+01      1.39659e-05      5.00000e+00      4.53722e-191
    1.63254e+01      1.39503e-05      5.00000e+00      4.32021e-191
    1.65889e+01      1.39345e-05      5.00000e+00      4.10663e-191
    1.68566e+01      1.39184e-05      5.00000e+00      3.89643e-191
    1.71287e+01      1.39021e-05      5.00000e+00      3.68958e-191
    1.74052e+01      1.38855e-05      5.00000e+00      3.48602e-191
    1.76862e+01      1.38688e-05      5.00000e+00      3.28568e-191
    1.79716e+01      1.38518e-05      5.00000e+00      3.08852e-191
    1.82617e+01      1.38346e-05      5.00000e+00      2.89449e-191
    1.85565e+01      1.38171e-05      5.00000e+00      2.70354e-191
    1.88560e+01      1.37995e-05      5.00000e+00      2.51562e-191
    1.91604e+01      1.37815e-05      5.00000e+00      2.33069e-191
    1.94697e+01      1.37633e-05      5.00000e+00      2.14869e-191
    1.97840e+01      1.37448e-05      5.00000e+00      1.96958e-191
    2.01033e+01      1.37261e-05      5.00000e+00      1.79331e-191
    2.04278e+01      1.37072e-05      5.00000e+00      1.61984e-191
    2.07575e+01      1.36880e-05      5.00000e+00      1.44912e-191
    2.10926e+01      1.36685e-05      5.00000e+00      1.28111e-191
    2.14331e+01      1.36488e-05      5.00000e+00      1.11578e-191
    2.17790e+01      1.36287e-05      5.00000e+00      9.53061e-192
    2.21306e+01      1.36084e-05      5.00000e+00      7.92927e-192
    2.24878e+01      1.35879e-05      5.00000e+00      6.35334e-192
    2.28508e+01      1.35670e-05      5.00000e+00      4.80244e-192
    2.32196e+01      1.35458e-05      5.00000e+00      3.27619e-192
    2.35944e+01      1.35244e-05      5.00000e+00      1.77416e-192
    2.39753e+01      1.35026e-05      5.00000e+00      2.95933e-193
    2.43623e+01      1.34805e-05      5.00000e+00      -1.15881e-192
    2.47555e+01      1.34582e-05      5.00000e+00      -2.59046e-192
    2.51551e+01      1.34355e-05      5.00000e+00      -3.99939e-192
    2.55612e+01      1.34126e-05      5.00000e+00      -5.38593e-192
    2.59738e+01      1.33893e-05      5.00000e+00      -6.75050e-192
    2.63930e+01      1.33658e-05      5.00000e+00      -8.09339e-192
    2.68190e+01      1.33419e-05      5.00000e+00      -9.41498e-192
    2.72519e+01      1.33177e-05      5.00000e+00      -1.07156e-191
    2.76918e+01      1.32932e-05      5.00000e+00      -1.19955e-191
    2.81388e+01      1.32682e-05      5.00000e+00      -1.32551e-191
    2.85930e+01      1.32430e-05      5.00000e+00      -1.44948e-191
    2.90546e+01      1.32174e-05      5.00000e+00      -1.57148e-191
    2.95235e+01      1.31915e-05      5.00000e+00      -1.69154e-191
    3.00001e+01      1.31652e-05      5.00000e+00      -1.80969e-191
