    Er (keV)         SM dN/dE         BG dN/dE        BSM dN/dE (events/kg/day/keV)
    2.50100e-01      7.66155e+00      1.00000e+02      4.57427e-06
    2.52651e-01      7.59394e+00      1.00000e+02      4.51314e-06
    2.55227e-01      7.52564e+00      1.00000e+02      4.45139e-06
    2.57830e-01      7.45665e+00      1.00000e+02      4.38901e-06
    2.60459e-01      7.38695e+00      1.00000e+02      4.32599e-06
    2.63115e-01      7.31654e+00      1.00000e+02      4.26233e-06
    2.65799e-01      7.24541e+00      1.00000e+02      4.19802e-06
    2.68509e-01      7.17356e+00      1.00000e+02      4.13306e-06
    2.71248e-01      7.10097e+00      1.00000e+02      4.06743e-06
    2.74014e-01      7.02764e+00      1.00000e+02      4.00113e-06
    2.76808e-01      6.95357e+00      1.00000e+02      3.93416e-06
    2.79631e-01      6.87873e+00      1.00000e+02      3.86650e-06
    2.82483e-01      6.80314e+00      1.00000e+02      3.79815e-06
    2.85364e-01      6.72677e+00      1.00000e+02      3.72910e-06
    2.88274e-01      6.64963e+00      1.00000e+02      3.65936e-06
    2.91214e-01      6.57694e+00      1.00000e+02      3.59570e-06
    2.94184e-01      6.51286e+00      1.00000e+02      3.54353e-06
    2.97185e-01      6.44813e+00      1.00000e+02      3.49083e-06
    3.00215e-01      6.38274e+00      1.00000e+02      3.43759e-06
    3.03277e-01      6.31668e+00      1.00000e+02      3.38381e-06
    3.06370e-01      6.24995e+00      1.00000e+02      3.32948e-06
    3.09495e-01      6.18254e+00      1.00000e+02      3.27459e-06
    3.12651e-01      6.11444e+00      1.00000e+02      3.21915e-06
    3.15840e-01      6.04564e+00      1.00000e+02      3.16314e-06
    3.19061e-01      5.97615e+00      1.00000e+02      3.10656e-06
    3.22315e-01      5.90594e+00      1.00000e+02      3.04940e-06
    3.25602e-01      5.83502e+00      1.00000e+02      2.99166e-06
    3.28923e-01      5.76337e+00      1.00000e+02      2.93332e-06
    3.32278e-01      5.69843e+00      1.00000e+02      2.88324e-06
    3.35667e-01      5.63809e+00      1.00000e+02      2.83888e-06
    3.39090e-01      5.57712e+00      1.00000e+02      2.79406e-06
    3.42549e-01      5.51553e+00      1.00000e+02      2.74879e-06
    3.46042e-01      5.45332e+00      1.00000e+02      2.70306e-06
    3.49572e-01      5.39047e+00      1.00000e+02      2.65686e-06
    3.53137e-01      5.32698e+00      1.00000e+02      2.61019e-06
    3.56739e-01      5.26284e+00      1.00000e+02      2.56304e-06
    3.60377e-01      5.19804e+00      1.00000e+02      2.51541e-06
    3.64053e-01      5.13259e+00      1.00000e+02      2.46730e-06
    3.67766e-01      5.06647e+00      1.00000e+02      2.41869e-06
    3.71517e-01      5.00274e+00      1.00000e+02      2.37286e-06
    3.75306e-01      4.94621e+00      1.00000e+02      2.33492e-06
    3.79134e-01      4.88911e+00      1.00000e+02      2.29659e-06
    3.83001e-01      4.83142e+00      1.00000e+02      2.25788e-06
    3.86907e-01      4.77315e+00      1.00000e+02      2.21877e-06
    3.90853e-01      4.71428e+00      1.00000e+02      2.17926e-06
    3.94840e-01      4.65481e+00      1.00000e+02      2.13934e-06
    3.98867e-01      4.59473e+00      1.00000e+02      2.09902e-06
    4.02935e-01      4.53404e+00      1.00000e+02      2.05829e-06
    4.07045e-01      4.47273e+00      1.00000e+02      2.01714e-06
    4.11196e-01      4.41213e+00      1.00000e+02      1.97686e-06
    4.15391e-01      4.35903e+00      1.00000e+02      1.94398e-06
    4.19627e-01      4.30538e+00      1.00000e+02      1.91076e-06
    4.23907e-01      4.25119e+00      1.00000e+02      1.87721e-06
    4.28231e-01      4.19644e+00      1.00000e+02      1.84331e-06
    4.32599e-01      4.14114e+00      1.00000e+02      1.80907e-06
    4.37011e-01      4.08527e+00      1.00000e+02      1.77448e-06
    4.41469e-01      4.02883e+00      1.00000e+02      1.73954e-06
    4.45971e-01      3.97182e+00      1.00000e+02      1.70424e-06
    4.50520e-01      3.91422e+00      1.00000e+02      1.66858e-06
    4.55115e-01      3.86453e+00      1.00000e+02      1.63951e-06
    4.59758e-01      3.81480e+00      1.00000e+02      1.61052e-06
    4.64447e-01      3.76456e+00      1.00000e+02      1.58123e-06
    4.69184e-01      3.71381e+00      1.00000e+02      1.55165e-06
    4.73970e-01      3.66254e+00      1.00000e+02      1.52176e-06
    4.78804e-01      3.61075e+00      1.00000e+02      1.49157e-06
    4.83688e-01      3.55843e+00      1.00000e+02      1.46108e-06
    4.88622e-01      3.50557e+00      1.00000e+02      1.43027e-06
    4.93606e-01      3.45546e+00      1.00000e+02      1.40223e-06
    4.98640e-01      3.40764e+00      1.00000e+02      1.37655e-06
    5.03726e-01      3.35934e+00      1.00000e+02      1.35060e-06
    5.08865e-01      3.31054e+00      1.00000e+02      1.32440e-06
    5.14055e-01      3.26124e+00      1.00000e+02      1.29792e-06
    5.19298e-01      3.21145e+00      1.00000e+02      1.27117e-06
    5.24595e-01      3.16114e+00      1.00000e+02      1.24416e-06
    5.29946e-01      3.11032e+00      1.00000e+02      1.21686e-06
    5.35352e-01      3.06485e+00      1.00000e+02      1.19337e-06
    5.40812e-01      3.02045e+00      1.00000e+02      1.17072e-06
    5.46329e-01      2.97560e+00      1.00000e+02      1.14783e-06
    5.51901e-01      2.93030e+00      1.00000e+02      1.12471e-06
    5.57531e-01      2.88453e+00      1.00000e+02      1.10135e-06
    5.63218e-01      2.83829e+00      1.00000e+02      1.07775e-06
    5.68963e-01      2.79159e+00      1.00000e+02      1.05392e-06
    5.74766e-01      2.74803e+00      1.00000e+02      1.03226e-06
    5.80629e-01      2.70636e+00      1.00000e+02      1.01193e-06
    5.86552e-01      2.66426e+00      1.00000e+02      9.91392e-07
    5.92535e-01      2.62173e+00      1.00000e+02      9.70646e-07
    5.98579e-01      2.57877e+00      1.00000e+02      9.49688e-07
    6.04684e-01      2.53537e+00      1.00000e+02      9.28517e-07
    6.10852e-01      2.49152e+00      1.00000e+02      9.07129e-07
    6.17083e-01      2.45221e+00      1.00000e+02      8.88742e-07
    6.23378e-01      2.41295e+00      1.00000e+02      8.70458e-07
    6.29736e-01      2.37329e+00      1.00000e+02      8.51987e-07
    6.36160e-01      2.33323e+00      1.00000e+02      8.33327e-07
    6.42649e-01      2.29276e+00      1.00000e+02      8.14478e-07
    6.49204e-01      2.25187e+00      1.00000e+02      7.95436e-07
    6.55827e-01      2.21375e+00      1.00000e+02      7.78149e-07
    6.62516e-01      2.17697e+00      1.00000e+02      7.61740e-07
    6.69274e-01      2.13981e+00      1.00000e+02      7.45164e-07
    6.76101e-01      2.10228e+00      1.00000e+02      7.28419e-07
    6.82998e-01      2.06436e+00      1.00000e+02      7.11504e-07
    6.89965e-01      2.02606e+00      1.00000e+02      6.94415e-07
    6.97003e-01      1.99077e+00      1.00000e+02      6.79063e-07
    7.04113e-01      1.95623e+00      1.00000e+02      6.64170e-07
    7.11295e-01      1.92133e+00      1.00000e+02      6.49124e-07
    7.18551e-01      1.88608e+00      1.00000e+02      6.33926e-07
    7.25880e-01      1.85047e+00      1.00000e+02      6.18572e-07
    7.33285e-01      1.81528e+00      1.00000e+02      6.03497e-07
    7.40765e-01      1.78298e+00      1.00000e+02      5.90052e-07
    7.48321e-01      1.75034e+00      1.00000e+02      5.76469e-07
    7.55954e-01      1.71738e+00      1.00000e+02      5.62748e-07
    7.63666e-01      1.68408e+00      1.00000e+02      5.48887e-07
    7.71456e-01      1.65043e+00      1.00000e+02      5.34885e-07
    7.79325e-01      1.61999e+00      1.00000e+02      5.22576e-07
    7.87275e-01      1.58949e+00      1.00000e+02      5.10272e-07
    7.95305e-01      1.55868e+00      1.00000e+02      4.97843e-07
    8.03418e-01      1.52755e+00      1.00000e+02      4.85286e-07
    8.11614e-01      1.49610e+00      1.00000e+02      4.72602e-07
    8.19893e-01      1.46760e+00      1.00000e+02      4.61421e-07
    8.28256e-01      1.43903e+00      1.00000e+02      4.50234e-07
    8.36705e-01      1.41016e+00      1.00000e+02      4.38933e-07
    8.45240e-01      1.38100e+00      1.00000e+02      4.27517e-07
    8.53862e-01      1.35212e+00      1.00000e+02      4.16270e-07
    8.62573e-01      1.32550e+00      1.00000e+02      4.06186e-07
    8.71372e-01      1.29861e+00      1.00000e+02      3.96000e-07
    8.80260e-01      1.27145e+00      1.00000e+02      3.85710e-07
    8.89240e-01      1.24401e+00      1.00000e+02      3.75315e-07
    8.98311e-01      1.21818e+00      1.00000e+02      3.65705e-07
    9.07474e-01      1.19312e+00      1.00000e+02      3.56485e-07
    9.16731e-01      1.16781e+00      1.00000e+02      3.47171e-07
    9.26083e-01      1.14223e+00      1.00000e+02      3.37761e-07
    9.35530e-01      1.11722e+00      1.00000e+02      3.28629e-07
    9.45073e-01      1.09377e+00      1.00000e+02      3.20231e-07
    9.54714e-01      1.07009e+00      1.00000e+02      3.11747e-07
    9.64453e-01      1.04616e+00      1.00000e+02      3.03177e-07
    9.74291e-01      1.02239e+00      1.00000e+02      2.94690e-07
    9.84230e-01      1.00048e+00      1.00000e+02      2.87030e-07
    9.94270e-01      9.78356e-01      1.00000e+02      2.79292e-07
    1.00441e+00      9.56002e-01      1.00000e+02      2.71475e-07
    1.01466e+00      9.33789e-01      1.00000e+02      2.63748e-07
    1.02501e+00      9.13120e-01      1.00000e+02      2.56757e-07
    1.03547e+00      8.92240e-01      1.00000e+02      2.49695e-07
    1.04603e+00      8.71147e-01      1.00000e+02      2.42560e-07
    1.05670e+00      8.50568e-01      1.00000e+02      2.35637e-07
    1.06748e+00      8.31183e-01      1.00000e+02      2.29189e-07
    1.07837e+00      8.11601e-01      1.00000e+02      2.22675e-07
    1.08937e+00      7.91819e-01      1.00000e+02      2.16095e-07
    1.10048e+00      7.73088e-01      1.00000e+02      2.09949e-07
    1.11171e+00      7.54827e-01      1.00000e+02      2.04004e-07
    1.12305e+00      7.36379e-01      1.00000e+02      1.97998e-07
    1.13450e+00      7.17922e-01      1.00000e+02      1.92002e-07
    1.14608e+00      7.00863e-01      1.00000e+02      1.86571e-07
    1.15777e+00      6.83630e-01      1.00000e+02      1.81085e-07
    1.16958e+00      6.66221e-01      1.00000e+02      1.75543e-07
    1.18151e+00      6.49708e-01      1.00000e+02      1.70363e-07
    1.19356e+00      6.33555e-01      1.00000e+02      1.65337e-07
    1.20574e+00      6.17237e-01      1.00000e+02      1.60260e-07
    1.21804e+00      6.01348e-01      1.00000e+02      1.55329e-07
    1.23046e+00      5.86376e-01      1.00000e+02      1.50705e-07
    1.24302e+00      5.71251e-01      1.00000e+02      1.46034e-07
    1.25570e+00      5.56151e-01      1.00000e+02      1.41394e-07
    1.26851e+00      5.41922e-01      1.00000e+02      1.37149e-07
    1.28145e+00      5.27548e-01      1.00000e+02      1.32860e-07
    1.29452e+00      5.13089e-01      1.00000e+02      1.28549e-07
    1.30772e+00      4.99808e-01      1.00000e+02      1.24649e-07
    1.32107e+00      4.86393e-01      1.00000e+02      1.20708e-07
    1.33454e+00      4.72880e-01      1.00000e+02      1.16742e-07
    1.34816e+00      4.60383e-01      1.00000e+02      1.13143e-07
    1.36191e+00      4.47760e-01      1.00000e+02      1.09507e-07
    1.37580e+00      4.35132e-01      1.00000e+02      1.05877e-07
    1.38984e+00      4.23374e-01      1.00000e+02      1.02549e-07
    1.40401e+00      4.11497e-01      1.00000e+02      9.91884e-08
    1.41834e+00      3.99780e-01      1.00000e+02      9.58907e-08
    1.43281e+00      3.88696e-01      1.00000e+02      9.28187e-08
    1.44742e+00      3.77498e-01      1.00000e+02      8.97154e-08
    1.46219e+00      3.66674e-01      1.00000e+02      8.67516e-08
    1.47711e+00      3.56199e-01      1.00000e+02      8.39187e-08
    1.49217e+00      3.45617e-01      1.00000e+02      8.10569e-08
    1.50740e+00      3.35674e-01      1.00000e+02      7.84057e-08
    1.52277e+00      3.25780e-01      1.00000e+02      7.57757e-08
    1.53831e+00      3.15967e-01      1.00000e+02      7.31759e-08
    1.55400e+00      3.06697e-01      1.00000e+02      7.07512e-08
    1.56985e+00      2.97333e-01      1.00000e+02      6.83018e-08
    1.58587e+00      2.88387e-01      1.00000e+02      6.59929e-08
    1.60205e+00      2.79596e-01      1.00000e+02      6.37396e-08
    1.61839e+00      2.70855e-01      1.00000e+02      6.15071e-08
    1.63490e+00      2.62595e-01      1.00000e+02      5.94305e-08
    1.65158e+00      2.54251e-01      1.00000e+02      5.73327e-08
    1.66843e+00      2.46334e-01      1.00000e+02      5.53697e-08
    1.68545e+00      2.38484e-01      1.00000e+02      5.34315e-08
    1.70264e+00      2.30803e-01      1.00000e+02      5.15422e-08
    1.72001e+00      2.23394e-01      1.00000e+02      4.97304e-08
    1.73756e+00      2.15973e-01      1.00000e+02      4.79175e-08
    1.75528e+00      2.08995e-01      1.00000e+02      4.62257e-08
    1.77319e+00      2.01946e-01      1.00000e+02      4.45166e-08
    1.79128e+00      1.95289e-01      1.00000e+02      4.29163e-08
    1.80955e+00      1.88641e-01      1.00000e+02      4.13209e-08
    1.82801e+00      1.82251e-01      1.00000e+02      3.98007e-08
    1.84666e+00      1.75967e-01      1.00000e+02      3.83136e-08
    1.86550e+00      1.69867e-01      1.00000e+02      3.68721e-08
    1.88453e+00      1.63956e-01      1.00000e+02      3.54769e-08
    1.90375e+00      1.58161e-01      1.00000e+02      3.41133e-08
    1.92318e+00      1.52586e-01      1.00000e+02      3.28072e-08
    1.94279e+00      1.47082e-01      1.00000e+02      3.15241e-08
    1.96261e+00      1.41787e-01      1.00000e+02      3.03029e-08
    1.98264e+00      1.36561e-01      1.00000e+02      2.90994e-08
    2.00286e+00      1.31563e-01      1.00000e+02      2.79527e-08
    2.02329e+00      1.26429e-01      1.00000e+02      2.68267e-08
    2.04393e+00      1.21065e-01      1.00000e+02      2.57572e-08
    2.06479e+00      1.16278e-01      1.00000e+02      2.47104e-08
    2.08585e+00      1.12473e-01      1.00000e+02      2.37080e-08
    2.10713e+00      1.08466e-01      1.00000e+02      2.27354e-08
    2.12862e+00      1.04238e-01      1.00000e+02      2.17973e-08
    2.15034e+00      1.00159e-01      1.00000e+02      2.08982e-08
    2.17228e+00      9.61621e-02      1.00000e+02      2.00216e-08
    2.19444e+00      9.23483e-02      1.00000e+02      1.91953e-08
    2.21682e+00      8.85613e-02      1.00000e+02      1.83781e-08
    2.23944e+00      8.50014e-02      1.00000e+02      1.76183e-08
    2.26228e+00      8.14646e-02      1.00000e+02      1.68640e-08
    2.28536e+00      7.80945e-02      1.00000e+02      1.61462e-08
    2.30868e+00      7.48016e-02      1.00000e+02      1.54458e-08
    2.33223e+00      7.16023e-02      1.00000e+02      1.47664e-08
    2.35602e+00      6.85415e-02      1.00000e+02      1.41186e-08
    2.38006e+00      6.55212e-02      1.00000e+02      1.34805e-08
    2.40434e+00      6.26669e-02      1.00000e+02      1.28802e-08
    2.42887e+00      5.98668e-02      1.00000e+02      1.22935e-08
    2.45364e+00      5.71474e-02      1.00000e+02      1.17265e-08
    2.47868e+00      5.45717e-02      1.00000e+02      1.11865e-08
    2.50396e+00      5.20463e-02      1.00000e+02      1.06570e-08
    2.52951e+00      4.96287e-02      1.00000e+02      1.01523e-08
    2.55531e+00      4.72966e-02      1.00000e+02      9.66604e-09
    2.58138e+00      4.50181e-02      1.00000e+02      9.19135e-09
    2.60771e+00      4.28667e-02      1.00000e+02      8.74415e-09
    2.63432e+00      4.07771e-02      1.00000e+02      8.31191e-09
    2.66119e+00      3.87395e-02      1.00000e+02      7.89206e-09
    2.68834e+00      3.68193e-02      1.00000e+02      7.49666e-09
    2.71577e+00      3.49616e-02      1.00000e+02      7.11489e-09
    2.74347e+00      3.31600e-02      1.00000e+02      6.74459e-09
    2.77146e+00      3.14583e-02      1.00000e+02      6.39147e-09
    2.79973e+00      2.98191e-02      1.00000e+02      6.05962e-09
    2.82830e+00      2.82271e-02      1.00000e+02      5.74116e-09
    2.85715e+00      2.66933e-02      1.00000e+02      5.43520e-09
    2.88630e+00      2.52510e-02      1.00000e+02      5.14773e-09
    2.91574e+00      2.38587e-02      1.00000e+02      4.86976e-09
    2.94549e+00      2.25166e-02      1.00000e+02      4.60118e-09
    2.97554e+00      2.12396e-02      1.00000e+02      4.34487e-09
    3.00589e+00      2.00252e-02      1.00000e+02      4.10086e-09
    3.03656e+00      1.88570e-02      1.00000e+02      3.86604e-09
    3.06753e+00      1.77355e-02      1.00000e+02      3.64058e-09
    3.09883e+00      1.66654e-02      1.00000e+02      3.42566e-09
    3.13044e+00      1.56564e-02      1.00000e+02      3.22270e-09
    3.16238e+00      1.46919e-02      1.00000e+02      3.02803e-09
    3.19464e+00      1.37688e-02      1.00000e+02      2.84072e-09
    3.22723e+00      1.28857e-02      1.00000e+02      2.66043e-09
    3.26015e+00      1.20485e-02      1.00000e+02      2.48907e-09
    3.29341e+00      1.12622e-02      1.00000e+02      2.32757e-09
    3.32701e+00      1.05142e-02      1.00000e+02      2.17367e-09
    3.36095e+00      9.80424e-03      1.00000e+02      2.02716e-09
    3.39524e+00      9.13113e-03      1.00000e+02      1.88767e-09
    3.42988e+00      8.49398e-03      1.00000e+02      1.75488e-09
    3.46487e+00      7.89315e-03      1.00000e+02      1.62880e-09
    3.50022e+00      7.32864e-03      1.00000e+02      1.50989e-09
    3.53592e+00      6.79979e-03      1.00000e+02      1.39817e-09
    3.57200e+00      6.30222e-03      1.00000e+02      1.29287e-09
    3.60844e+00      5.83376e-03      1.00000e+02      1.19390e-09
    3.64525e+00      5.39584e-03      1.00000e+02      1.10080e-09
    3.68244e+00      4.98640e-03      1.00000e+02      1.01327e-09
    3.72000e+00      4.60307e-03      1.00000e+02      9.31269e-10
    3.75796e+00      4.24533e-03      1.00000e+02      8.54718e-10
    3.79629e+00      3.91208e-03      1.00000e+02      7.83559e-10
    3.83502e+00      3.60229e-03      1.00000e+02      7.17792e-10
    3.87415e+00      3.31475e-03      1.00000e+02      6.57111e-10
    3.91367e+00      3.04757e-03      1.00000e+02      6.00618e-10
    3.95360e+00      2.80049e-03      1.00000e+02      5.47615e-10
    3.99393e+00      2.57167e-03      1.00000e+02      4.98068e-10
    4.03467e+00      2.36000e-03      1.00000e+02      4.51944e-10
    4.07584e+00      2.16474e-03      1.00000e+02      4.09116e-10
    4.11742e+00      1.98448e-03      1.00000e+02      3.69592e-10
    4.15942e+00      1.82016e-03      1.00000e+02      3.33453e-10
    4.20185e+00      1.66977e-03      1.00000e+02      2.99585e-10
    4.24472e+00      1.53152e-03      1.00000e+02      2.68003e-10
    4.28803e+00      1.40406e-03      1.00000e+02      2.38680e-10
    4.33177e+00      1.28887e-03      1.00000e+02      2.11580e-10
    4.37596e+00      1.18440e-03      1.00000e+02      1.86688e-10
    4.42061e+00      1.09000e-03      1.00000e+02      1.63964e-10
    4.46570e+00      1.00454e-03      1.00000e+02      1.43196e-10
    4.51126e+00      9.29813e-04      1.00000e+02      1.24440e-10
    4.55728e+00      8.62752e-04      1.00000e+02      1.07472e-10
    4.60378e+00      8.03200e-04      1.00000e+02      9.22651e-11
    4.65074e+00      7.51036e-04      1.00000e+02      7.86949e-11
    4.69819e+00      7.04458e-04      1.00000e+02      6.70098e-11
    4.74612e+00      6.63828e-04      1.00000e+02      5.69121e-11
    4.79454e+00      6.20757e-04      1.00000e+02      4.84865e-11
    4.84345e+00      5.99493e-04      1.00000e+02      4.15087e-11
    4.89286e+00      5.73692e-04      1.00000e+02      3.57957e-11
    4.94278e+00      5.50223e-04      1.00000e+02      3.12718e-11
    4.99321e+00      5.32299e-04      1.00000e+02      2.76880e-11
    5.04415e+00      5.15876e-04      1.00000e+02      2.47231e-11
    5.09561e+00      5.01427e-04      1.00000e+02      2.21996e-11
    5.14759e+00      4.88577e-04      1.00000e+02      1.98881e-11
    5.20010e+00      4.77178e-04      1.00000e+02      1.77555e-11
    5.25316e+00      4.66866e-04      1.00000e+02      1.57683e-11
    5.30675e+00      4.57439e-04      1.00000e+02      1.39183e-11
    5.36089e+00      4.48891e-04      1.00000e+02      1.22363e-11
    5.41558e+00      4.41365e-04      1.00000e+02      1.06939e-11
    5.47083e+00      4.34480e-04      1.00000e+02      9.28431e-12
    5.52664e+00      4.28420e-04      1.00000e+02      8.04256e-12
    5.58302e+00      4.23407e-04      1.00000e+02      6.93251e-12
    5.63998e+00      4.18243e-04      1.00000e+02      5.96882e-12
    5.69752e+00      4.14071e-04      1.00000e+02      5.11607e-12
    5.75564e+00      4.10352e-04      1.00000e+02      4.35866e-12
    5.81436e+00      4.07164e-04      1.00000e+02      3.70666e-12
    5.87368e+00      4.04360e-04      1.00000e+02      3.13640e-12
    5.93360e+00      4.01964e-04      1.00000e+02      2.67477e-12
    5.99413e+00      3.99870e-04      1.00000e+02      2.28507e-12
    6.05528e+00      3.98093e-04      1.00000e+02      1.95001e-12
    6.11706e+00      3.96545e-04      1.00000e+02      1.65726e-12
    6.17946e+00      3.95223e-04      1.00000e+02      1.41190e-12
    6.24251e+00      3.94068e-04      1.00000e+02      1.20821e-12
    6.30619e+00      3.93070e-04      1.00000e+02      1.04628e-12
    6.37053e+00      3.92207e-04      1.00000e+02      9.05567e-13
    6.43552e+00      3.91455e-04      1.00000e+02      7.75527e-13
    6.50117e+00      3.90807e-04      1.00000e+02      6.57457e-13
    6.56750e+00      3.90356e-04      1.00000e+02      5.49931e-13
    6.63450e+00      3.89723e-04      1.00000e+02      4.52808e-13
    6.70218e+00      3.89283e-04      1.00000e+02      3.66618e-13
    6.77056e+00      3.88900e-04      1.00000e+02      2.89520e-13
    6.83963e+00      3.88571e-04      1.00000e+02      2.21476e-13
    6.90941e+00      3.88295e-04      1.00000e+02      1.62927e-13
    6.97990e+00      3.88063e-04      1.00000e+02      1.13660e-13
    7.05110e+00      3.87869e-04      1.00000e+02      7.32580e-14
    7.12304e+00      3.87713e-04      1.00000e+02      4.16860e-14
    7.19571e+00      3.87586e-04      1.00000e+02      1.89348e-14
    7.26912e+00      3.87486e-04      1.00000e+02      5.32842e-15
    7.34328e+00      3.87410e-04      1.00000e+02      2.91957e-16
    7.41819e+00      3.87348e-04      1.00000e+02      -6.29307e-195
    7.49387e+00      3.87297e-04      1.00000e+02      -1.31541e-194
    7.57032e+00      3.87255e-04      1.00000e+02      -1.99464e-194
    7.64755e+00      3.87215e-04      1.00000e+02      -2.66704e-194
    7.72557e+00      3.87175e-04      1.00000e+02      -3.33267e-194
    7.80439e+00      3.87136e-04      1.00000e+02      -3.99158e-194
    7.88401e+00      3.87095e-04      1.00000e+02      -4.64384e-194
    7.96444e+00      3.87054e-04      1.00000e+02      -5.28950e-194
    8.04569e+00      3.87012e-04      1.00000e+02      -5.92863e-194
    8.12777e+00      3.86969e-04      1.00000e+02      -6.56132e-194
    8.21069e+00      3.86927e-04      1.00000e+02      -7.18762e-194
    8.29446e+00      3.86885e-04      1.00000e+02      -7.80762e-194
    8.37908e+00      3.86840e-04      1.00000e+02      -8.42140e-194
    8.46456e+00      3.86796e-04      1.00000e+02      -9.02903e-194
    8.55092e+00      3.86752e-04      1.00000e+02      -9.63060e-194
    8.63815e+00      3.86707e-04      1.00000e+02      -1.02262e-193
    8.72628e+00      3.86662e-04      1.00000e+02      -1.08156e-193
    8.81530e+00      3.86616e-04      1.00000e+02      -1.13990e-193
    8.90523e+00      3.86572e-04      1.00000e+02      -1.19765e-193
    8.99608e+00      3.86524e-04      1.00000e+02      -1.25485e-193
    9.08786e+00      3.86477e-04      1.00000e+02      -1.31146e-193
    9.18058e+00      3.86429e-04      1.00000e+02      -1.36747e-193
    9.27424e+00      3.86382e-04      1.00000e+02      -1.42295e-193
    9.36885e+00      3.86332e-04      1.00000e+02      -1.47787e-193
    9.46443e+00      3.86285e-04      1.00000e+02      -1.53221e-193
    9.56099e+00      3.86239e-04      1.00000e+02      -1.58603e-193
    9.65853e+00      3.86188e-04      1.00000e+02      -1.63929e-193
    9.75706e+00      3.86137e-04      1.00000e+02      -1.69202e-193
    9.85660e+00      3.86088e-04      1.00000e+02      -1.74422e-193
    9.95716e+00      3.86035e-04      1.00000e+02      -1.79589e-193
    1.00587e+01      3.85984e-04      1.00000e+02      -1.84704e-193
    1.01614e+01      3.85932e-04      1.00000e+02      -1.89768e-193
    1.02650e+01      3.85879e-04      1.00000e+02      -1.94780e-193
    1.03697e+01      3.85825e-04      1.00000e+02      -1.99743e-193
    1.04755e+01      3.85774e-04      1.00000e+02      -2.04654e-193
    1.05824e+01      3.85721e-04      1.00000e+02      -2.09516e-193
    1.06904e+01      3.85665e-04      1.00000e+02      -2.14331e-193
    1.07994e+01      3.85609e-04      1.00000e+02      -2.19095e-193
    1.09096e+01      3.85558e-04      1.00000e+02      -2.23811e-193
    1.10209e+01      3.85502e-04      1.00000e+02      -2.28481e-193
    1.11333e+01      3.85445e-04      1.00000e+02      -2.33104e-193
    1.12469e+01      3.85389e-04      1.00000e+02      -2.37679e-193
    1.13617e+01      3.85331e-04      1.00000e+02      -2.42208e-193
    1.14776e+01      3.85273e-04      1.00000e+02      -2.46691e-193
    1.15947e+01      3.85219e-04      1.00000e+02      -2.51130e-193
    1.17130e+01      3.85157e-04      1.00000e+02      -2.55523e-193
    1.18325e+01      3.85097e-04      1.00000e+02      -2.59873e-193
    1.19532e+01      3.85037e-04      1.00000e+02      -2.64178e-193
    1.20751e+01      3.84977e-04      1.00000e+02      -2.68440e-193
    1.21983e+01      3.84914e-04      1.00000e+02      -2.72659e-193
    1.23228e+01      3.84851e-04      1.00000e+02      -2.76836e-193
    1.24485e+01      3.84792e-04      1.00000e+02      -2.80970e-193
    1.25755e+01      3.84729e-04      1.00000e+02      -2.85063e-193
    1.27038e+01      3.84666e-04      1.00000e+02      -2.89114e-193
    1.28334e+01      3.84598e-04      1.00000e+02      -2.93124e-193
    1.29643e+01      3.84537e-04      1.00000e+02      -2.97094e-193
    1.30966e+01      3.84472e-04      1.00000e+02      -3.01025e-193
    1.32302e+01      3.84405e-04      1.00000e+02      -3.04915e-193
    1.33651e+01      3.84339e-04      1.00000e+02      -3.08765e-193
    1.35015e+01      3.84274e-04      1.00000e+02      -3.12578e-193
    1.36392e+01      3.84203e-04      1.00000e+02      -3.16351e-193
    1.37784e+01      3.84137e-04      1.00000e+02      -3.20087e-193
    1.39189e+01      3.84069e-04      1.00000e+02      -3.23784e-193
    1.40609e+01      3.83998e-04      1.00000e+02      -3.27446e-193
    1.42044e+01      3.83931e-04      1.00000e+02      -3.31068e-193
    1.43493e+01      3.83857e-04      1.00000e+02      -3.34656e-193
    1.44957e+01      3.83784e-04      1.00000e+02      -3.38206e-193
    1.46436e+01      3.83712e-04      1.00000e+02      -3.41721e-193
    1.47930e+01      3.83639e-04      1.00000e+02      -3.45201e-193
    1.49439e+01      3.83566e-04      1.00000e+02      -3.48645e-193
    1.50963e+01      3.83492e-04      1.00000e+02      -3.52054e-193
    1.52504e+01      3.83418e-04      1.00000e+02      -3.55429e-193
    1.54059e+01      3.83342e-04      1.00000e+02      -3.58770e-193
    1.55631e+01      3.83264e-04      1.00000e+02      -3.62077e-193
    1.57219e+01      3.83187e-04      1.00000e+02      -3.65351e-193
    1.58823e+01      3.83112e-04      1.00000e+02      -3.68592e-193
    1.60443e+01      3.83032e-04      1.00000e+02      -3.71800e-193
    1.62080e+01      3.82954e-04      1.00000e+02      -3.74976e-193
    1.63733e+01      3.82875e-04      1.00000e+02      -3.78119e-193
    1.65404e+01      3.82794e-04      1.00000e+02      -3.81231e-193
    1.67091e+01      3.82714e-04      1.00000e+02      -3.84312e-193
    1.68796e+01      3.82631e-04      1.00000e+02      -3.87361e-193
    1.70518e+01      3.82550e-04      1.00000e+02      -3.90379e-193
    1.72258e+01      3.82465e-04      1.00000e+02      -3.93367e-193
    1.74015e+01      3.82381e-04      1.00000e+02      -3.96325e-193
    1.75790e+01      3.82296e-04      1.00000e+02      -3.99253e-193
    1.77584e+01      3.82210e-04      1.00000e+02      -4.02151e-193
    1.79395e+01      3.82126e-04      1.00000e+02      -4.05020e-193
    1.81226e+01      3.82038e-04      1.00000e+02      -4.07860e-193
    1.83075e+01      3.81955e-04      1.00000e+02      -4.10671e-193
    1.84942e+01      3.81865e-04      1.00000e+02      -4.13454e-193
    1.86829e+01      3.81774e-04      1.00000e+02      -4.16209e-193
    1.88735e+01      3.81684e-04      1.00000e+02      -4.18936e-193
    1.90661e+01      3.81595e-04      1.00000e+02      -4.21636e-193
    1.92606e+01      3.81501e-04      1.00000e+02      -4.24308e-193
    1.94571e+01      3.81410e-04      1.00000e+02      -4.26953e-193
    1.96556e+01      3.81313e-04      1.00000e+02      -4.29571e-193
    1.98561e+01      3.81222e-04      1.00000e+02      -4.32163e-193
    2.00587e+01      3.81127e-04      1.00000e+02      -4.34729e-193
    2.02633e+01      3.81031e-04      1.00000e+02      -4.37269e-193
    2.04700e+01      3.80934e-04      1.00000e+02      -4.39783e-193
    2.06789e+01      3.80833e-04      1.00000e+02      -4.42272e-193
    2.08898e+01      3.80735e-04      1.00000e+02      -4.44735e-193
    2.11029e+01      3.80636e-04      1.00000e+02      -4.47174e-193
    2.13182e+01      3.80535e-04      1.00000e+02      -4.49588e-193
    2.15357e+01      3.80436e-04      1.00000e+02      -4.51977e-193
    2.17554e+01      3.80334e-04      1.00000e+02      -4.54343e-193
    2.19774e+01      3.80230e-04      1.00000e+02      -4.56684e-193
    2.22016e+01      3.80127e-04      1.00000e+02      -4.59002e-193
    2.24281e+01      3.75127e-04      1.00000e+02      -4.61296e-193
    2.26569e+01      3.79914e-04      1.00000e+02      -4.63568e-193
    2.28880e+01      3.79810e-04      1.00000e+02      -4.65816e-193
    2.31215e+01      3.79703e-04      1.00000e+02      -4.68041e-193
    2.33574e+01      3.79595e-04      1.00000e+02      -4.70244e-193
    2.35957e+01      3.79482e-04      1.00000e+02      -4.72425e-193
    2.38364e+01      3.79374e-04      1.00000e+02      -4.74584e-193
    2.40796e+01      3.79264e-04      1.00000e+02      -4.76721e-193
    2.43253e+01      3.79152e-04      1.00000e+02      -4.78836e-193
    2.45735e+01      3.79038e-04      1.00000e+02      -4.80930e-193
    2.48242e+01      3.78924e-04      1.00000e+02      -4.83002e-193
    2.50774e+01      3.78810e-04      1.00000e+02      -4.85054e-193
    2.53332e+01      3.78695e-04      1.00000e+02      -4.87085e-193
    2.55917e+01      3.78577e-04      1.00000e+02      -4.89095e-193
    2.58528e+01      3.78458e-04      1.00000e+02      -4.91085e-193
    2.61165e+01      3.78339e-04      1.00000e+02      -4.93055e-193
    2.63830e+01      3.78218e-04      1.00000e+02      -4.95005e-193
    2.66521e+01      3.78098e-04      1.00000e+02      -4.96936e-193
    2.69240e+01      3.77975e-04      1.00000e+02      -4.98846e-193
    2.71987e+01      3.77850e-04      1.00000e+02      -5.00738e-193
    2.74762e+01      3.77726e-04      1.00000e+02      -5.02610e-193
    2.77565e+01      3.77601e-04      1.00000e+02      -5.04463e-193
    2.80397e+01      3.77475e-04      1.00000e+02      -5.06298e-193
    2.83257e+01      3.77348e-04      1.00000e+02      -5.08114e-193
    2.86147e+01      3.77219e-04      1.00000e+02      -5.09912e-193
    2.89067e+01      3.77088e-04      1.00000e+02      -5.11691e-193
    2.92016e+01      3.76956e-04      1.00000e+02      -5.13453e-193
    2.94995e+01      3.76825e-04      1.00000e+02      -5.15196e-193
    2.98004e+01      3.76692e-04      1.00000e+02      -5.16922e-193
    3.01045e+01      3.76557e-04      1.00000e+02      -5.18631e-193
    3.04116e+01      3.76422e-04      1.00000e+02      -5.20322e-193
    3.07218e+01      3.76286e-04      1.00000e+02      -5.21996e-193
    3.10353e+01      3.76147e-04      1.00000e+02      -5.23654e-193
    3.13519e+01      3.76011e-04      1.00000e+02      -5.25294e-193
    3.16717e+01      3.75868e-04      1.00000e+02      -5.26918e-193
    3.19948e+01      3.75726e-04      1.00000e+02      -5.28525e-193
    3.23213e+01      3.75585e-04      1.00000e+02      -5.30116e-193
    3.26510e+01      3.75443e-04      1.00000e+02      -5.31691e-193
    3.29841e+01      3.75298e-04      1.00000e+02      -5.33250e-193
    3.33206e+01      3.75152e-04      1.00000e+02      -5.34794e-193
    3.36605e+01      3.75004e-04      1.00000e+02      -5.36322e-193
    3.40040e+01      3.74857e-04      1.00000e+02      -5.37834e-193
    3.43509e+01      3.74707e-04      1.00000e+02      -5.39331e-193
    3.47013e+01      3.74555e-04      1.00000e+02      -5.40812e-193
    3.50553e+01      3.74403e-04      1.00000e+02      -5.42279e-193
    3.54130e+01      3.74249e-04      1.00000e+02      -5.43731e-193
    3.57743e+01      3.74095e-04      1.00000e+02      -5.45168e-193
    3.61392e+01      3.73939e-04      1.00000e+02      -5.46591e-193
    3.65079e+01      3.73782e-04      1.00000e+02      -5.47999e-193
    3.68804e+01      3.73624e-04      1.00000e+02      -5.49393e-193
    3.72566e+01      3.73465e-04      1.00000e+02      -5.50773e-193
    3.76367e+01      3.73304e-04      1.00000e+02      -5.52139e-193
    3.80207e+01      3.73141e-04      1.00000e+02      -5.53492e-193
    3.84086e+01      3.72978e-04      1.00000e+02      -5.54830e-193
    3.88004e+01      3.72812e-04      1.00000e+02      -5.56155e-193
    3.91963e+01      3.72645e-04      1.00000e+02      -5.57466e-193
    3.95961e+01      3.72479e-04      1.00000e+02      -5.58765e-193
    4.00001e+01      3.72309e-04      1.00000e+02      -5.60050e-193
