    Er (keV)         SM dN/dE         BG dN/dE        BSM dN/dE (events/kg/day/keV)
    1.00100e-01      2.05887e-03      1.00000e+01      9.27441e-07
    1.01306e-01      2.01932e-03      1.00000e+01      9.27439e-07
    1.02526e-01      1.97929e-03      1.00000e+01      9.27437e-07
    1.03760e-01      1.93878e-03      1.00000e+01      9.27436e-07
    1.05010e-01      1.89778e-03      1.00000e+01      9.27434e-07
    1.06275e-01      1.85629e-03      1.00000e+01      9.27432e-07
    1.07555e-01      1.81430e-03      1.00000e+01      9.27431e-07
    1.08850e-01      1.77180e-03      1.00000e+01      9.27429e-07
    1.10161e-01      1.72878e-03      1.00000e+01      9.27427e-07
    1.11488e-01      1.68525e-03      1.00000e+01      9.27425e-07
    1.12830e-01      1.64120e-03      1.00000e+01      9.27423e-07
    1.14189e-01      1.59661e-03      1.00000e+01      9.27421e-07
    1.15565e-01      1.55149e-03      1.00000e+01      9.27419e-07
    1.16957e-01      1.50582e-03      1.00000e+01      9.27418e-07
    1.18365e-01      1.45960e-03      1.00000e+01      9.27416e-07
    1.19791e-01      1.41282e-03      1.00000e+01      9.27414e-07
    1.21234e-01      1.36548e-03      1.00000e+01      9.27412e-07
    1.22694e-01      1.31757e-03      1.00000e+01      9.27410e-07
    1.24172e-01      1.26909e-03      1.00000e+01      9.27408e-07
    1.25668e-01      1.22001e-03      1.00000e+01      9.27406e-07
    1.27182e-01      1.17035e-03      1.00000e+01      9.27403e-07
    1.28713e-01      1.12009e-03      1.00000e+01      9.27401e-07
    1.30264e-01      1.06922e-03      1.00000e+01      9.27399e-07
    1.31833e-01      1.01774e-03      1.00000e+01      9.27397e-07
    1.33421e-01      9.65633e-04      1.00000e+01      9.27395e-07
    1.35028e-01      9.12902e-04      1.00000e+01      9.27393e-07
    1.36655e-01      8.59536e-04      1.00000e+01      9.27390e-07
    1.38301e-01      8.05526e-04      1.00000e+01      9.27388e-07
    1.39967e-01      7.50865e-04      1.00000e+01      9.27386e-07
    1.41653e-01      7.21555e-04      1.00000e+01      9.27383e-07
    1.43360e-01      6.98442e-04      1.00000e+01      9.27381e-07
    1.45087e-01      6.75050e-04      1.00000e+01      9.27379e-07
    1.46834e-01      6.51376e-04      1.00000e+01      9.27377e-07
    1.48603e-01      6.27417e-04      1.00000e+01      9.27374e-07
    1.50393e-01      6.03169e-04      1.00000e+01      9.27372e-07
    1.52205e-01      5.78629e-04      1.00000e+01      9.27369e-07
    1.54039e-01      5.53793e-04      1.00000e+01      9.27367e-07
    1.55895e-01      5.28657e-04      1.00000e+01      9.27365e-07
    1.57773e-01      5.03219e-04      1.00000e+01      9.27362e-07
    1.59673e-01      4.77473e-04      1.00000e+01      9.27360e-07
    1.61597e-01      4.51418e-04      1.00000e+01      9.27357e-07
    1.63544e-01      4.25048e-04      1.00000e+01      9.27354e-07
    1.65514e-01      3.98361e-04      1.00000e+01      9.27352e-07
    1.67508e-01      3.71352e-04      1.00000e+01      9.27349e-07
    1.69526e-01      3.44017e-04      1.00000e+01      9.27347e-07
    1.71569e-01      3.16352e-04      1.00000e+01      9.27344e-07
    1.73636e-01      2.88355e-04      1.00000e+01      9.27341e-07
    1.75728e-01      2.60019e-04      1.00000e+01      9.27338e-07
    1.77845e-01      2.31342e-04      1.00000e+01      9.27335e-07
    1.79988e-01      2.02320e-04      1.00000e+01      9.27333e-07
    1.82156e-01      1.93787e-04      1.00000e+01      9.27330e-07
    1.84351e-01      1.93561e-04      1.00000e+01      9.27328e-07
    1.86572e-01      1.93332e-04      1.00000e+01      9.27325e-07
    1.88820e-01      1.93101e-04      1.00000e+01      9.27323e-07
    1.91095e-01      1.92867e-04      1.00000e+01      9.27321e-07
    1.93398e-01      1.92630e-04      1.00000e+01      9.27318e-07
    1.95728e-01      1.92390e-04      1.00000e+01      9.27316e-07
    1.98086e-01      1.92147e-04      1.00000e+01      9.27313e-07
    2.00473e-01      1.91901e-04      1.00000e+01      9.27310e-07
    2.02888e-01      1.91653e-04      1.00000e+01      9.27308e-07
    2.05333e-01      1.91401e-04      1.00000e+01      9.27305e-07
    2.07807e-01      1.91146e-04      1.00000e+01      9.27303e-07
    2.10311e-01      1.90889e-04      1.00000e+01      9.27300e-07
    2.12845e-01      1.90628e-04      1.00000e+01      9.27297e-07
    2.15410e-01      1.90364e-04      1.00000e+01      9.27294e-07
    2.18005e-01      1.90097e-04      1.00000e+01      9.27292e-07
    2.20632e-01      1.89826e-04      1.00000e+01      9.27289e-07
    2.23291e-01      1.89563e-04      1.00000e+01      9.27282e-07
    2.25981e-01      1.89298e-04      1.00000e+01      9.27275e-07
    2.28704e-01      1.89030e-04      1.00000e+01      9.27268e-07
    2.31460e-01      1.88759e-04      1.00000e+01      9.27261e-07
    2.34249e-01      1.88484e-04      1.00000e+01      9.27254e-07
    2.37072e-01      1.88207e-04      1.00000e+01      9.27246e-07
    2.39928e-01      1.87925e-04      1.00000e+01      9.27239e-07
    2.42820e-01      1.87641e-04      1.00000e+01      9.27232e-07
    2.45746e-01      1.87353e-04      1.00000e+01      9.27224e-07
    2.48707e-01      1.87061e-04      1.00000e+01      9.27216e-07
    2.51704e-01      1.86766e-04      1.00000e+01      9.27208e-07
    2.54737e-01      1.86468e-04      1.00000e+01      9.27201e-07
    2.57807e-01      1.86165e-04      1.00000e+01      9.27193e-07
    2.60913e-01      1.85860e-04      1.00000e+01      9.27185e-07
    2.64057e-01      1.85562e-04      1.00000e+01      9.27181e-07
    2.67239e-01      1.85261e-04      1.00000e+01      9.27178e-07
    2.70460e-01      1.84957e-04      1.00000e+01      9.27175e-07
    2.73719e-01      1.84649e-04      1.00000e+01      9.27171e-07
    2.77017e-01      1.84338e-04      1.00000e+01      9.27168e-07
    2.80356e-01      1.84023e-04      1.00000e+01      9.27165e-07
    2.83734e-01      1.83704e-04      1.00000e+01      9.27161e-07
    2.87153e-01      1.83381e-04      1.00000e+01      9.27158e-07
    2.90614e-01      1.83054e-04      1.00000e+01      9.27154e-07
    2.94116e-01      1.82724e-04      1.00000e+01      9.27151e-07
    2.97660e-01      1.82389e-04      1.00000e+01      9.27147e-07
    3.01247e-01      1.82050e-04      1.00000e+01      9.27143e-07
    3.04878e-01      1.81720e-04      1.00000e+01      9.27140e-07
    3.08552e-01      1.81386e-04      1.00000e+01      9.27136e-07
    3.12270e-01      1.81049e-04      1.00000e+01      9.27131e-07
    3.16033e-01      1.80707e-04      1.00000e+01      9.27127e-07
    3.19842e-01      1.80362e-04      1.00000e+01      9.27123e-07
    3.23696e-01      1.80012e-04      1.00000e+01      9.27119e-07
    3.27597e-01      1.79658e-04      1.00000e+01      9.27115e-07
    3.31545e-01      1.79299e-04      1.00000e+01      9.27111e-07
    3.35541e-01      1.78936e-04      1.00000e+01      9.27106e-07
    3.39585e-01      1.78569e-04      1.00000e+01      9.27102e-07
    3.43677e-01      1.78204e-04      1.00000e+01      9.27097e-07
    3.47819e-01      1.77841e-04      1.00000e+01      9.27092e-07
    3.52011e-01      1.77474e-04      1.00000e+01      9.27088e-07
    3.56253e-01      1.77103e-04      1.00000e+01      9.27083e-07
    3.60547e-01      1.76727e-04      1.00000e+01      9.27078e-07
    3.64892e-01      1.76347e-04      1.00000e+01      9.27073e-07
    3.69289e-01      1.75962e-04      1.00000e+01      9.27068e-07
    3.73740e-01      1.75572e-04      1.00000e+01      9.27062e-07
    3.78244e-01      1.75178e-04      1.00000e+01      9.27057e-07
    3.82803e-01      1.74781e-04      1.00000e+01      9.27052e-07
    3.87416e-01      1.74391e-04      1.00000e+01      9.27046e-07
    3.92085e-01      1.73997e-04      1.00000e+01      9.27041e-07
    3.96811e-01      1.73598e-04      1.00000e+01      9.27035e-07
    4.01593e-01      1.73194e-04      1.00000e+01      9.27029e-07
    4.06433e-01      1.72785e-04      1.00000e+01      9.27023e-07
    4.11331e-01      1.72371e-04      1.00000e+01      9.27017e-07
    4.16289e-01      1.71952e-04      1.00000e+01      9.27011e-07
    4.21306e-01      1.71529e-04      1.00000e+01      9.27005e-07
    4.26383e-01      1.71111e-04      1.00000e+01      9.26999e-07
    4.31522e-01      1.70691e-04      1.00000e+01      9.26993e-07
    4.36723e-01      1.70266e-04      1.00000e+01      9.26986e-07
    4.41987e-01      1.69836e-04      1.00000e+01      9.26980e-07
    4.47314e-01      1.69401e-04      1.00000e+01      9.26973e-07
    4.52705e-01      1.68960e-04      1.00000e+01      9.26967e-07
    4.58161e-01      1.68515e-04      1.00000e+01      9.26960e-07
    4.63683e-01      1.68066e-04      1.00000e+01      9.26954e-07
    4.69271e-01      1.67624e-04      1.00000e+01      9.26947e-07
    4.74927e-01      1.67176e-04      1.00000e+01      9.26940e-07
    4.80651e-01      1.66723e-04      1.00000e+01      9.26932e-07
    4.86444e-01      1.66265e-04      1.00000e+01      9.26925e-07
    4.92307e-01      1.65801e-04      1.00000e+01      9.26918e-07
    4.98241e-01      1.65331e-04      1.00000e+01      9.26910e-07
    5.04246e-01      1.64859e-04      1.00000e+01      9.26903e-07
    5.10323e-01      1.64392e-04      1.00000e+01      9.26895e-07
    5.16474e-01      1.63920e-04      1.00000e+01      9.26888e-07
    5.22699e-01      1.63443e-04      1.00000e+01      9.26880e-07
    5.28999e-01      1.62959e-04      1.00000e+01      9.26872e-07
    5.35375e-01      1.62470e-04      1.00000e+01      9.26865e-07
    5.41828e-01      1.61975e-04      1.00000e+01      9.26857e-07
    5.48358e-01      1.61486e-04      1.00000e+01      9.26849e-07
    5.54967e-01      1.60994e-04      1.00000e+01      9.26840e-07
    5.61656e-01      1.60497e-04      1.00000e+01      9.26832e-07
    5.68426e-01      1.59994e-04      1.00000e+01      9.26823e-07
    5.75277e-01      1.59484e-04      1.00000e+01      9.26815e-07
    5.82211e-01      1.58969e-04      1.00000e+01      9.26806e-07
    5.89228e-01      1.58459e-04      1.00000e+01      9.26797e-07
    5.96330e-01      1.57946e-04      1.00000e+01      9.26789e-07
    6.03518e-01      1.57427e-04      1.00000e+01      9.26780e-07
    6.10792e-01      1.56902e-04      1.00000e+01      9.26771e-07
    6.18154e-01      1.56370e-04      1.00000e+01      9.26762e-07
    6.25604e-01      1.55836e-04      1.00000e+01      9.26754e-07
    6.33145e-01      1.55306e-04      1.00000e+01      9.26745e-07
    6.40776e-01      1.54770e-04      1.00000e+01      9.26737e-07
    6.48500e-01      1.54228e-04      1.00000e+01      9.26728e-07
    6.56316e-01      1.53679e-04      1.00000e+01      9.26719e-07
    6.64227e-01      1.53124e-04      1.00000e+01      9.26710e-07
    6.72233e-01      1.52577e-04      1.00000e+01      9.26702e-07
    6.80335e-01      1.52024e-04      1.00000e+01      9.26693e-07
    6.88536e-01      1.51464e-04      1.00000e+01      9.26684e-07
    6.96835e-01      1.50897e-04      1.00000e+01      9.26675e-07
    7.05234e-01      1.50325e-04      1.00000e+01      9.26666e-07
    7.13734e-01      1.49760e-04      1.00000e+01      9.26657e-07
    7.22337e-01      1.49188e-04      1.00000e+01      9.26648e-07
    7.31044e-01      1.48609e-04      1.00000e+01      9.26639e-07
    7.39855e-01      1.48024e-04      1.00000e+01      9.26630e-07
    7.48773e-01      1.47438e-04      1.00000e+01      9.26621e-07
    7.57798e-01      1.46854e-04      1.00000e+01      9.26611e-07
    7.66932e-01      1.46263e-04      1.00000e+01      9.26602e-07
    7.76176e-01      1.45666e-04      1.00000e+01      9.26592e-07
    7.85532e-01      1.45061e-04      1.00000e+01      9.26582e-07
    7.95000e-01      1.44464e-04      1.00000e+01      9.26571e-07
    8.04583e-01      1.43860e-04      1.00000e+01      9.26561e-07
    8.14281e-01      1.43249e-04      1.00000e+01      9.26550e-07
    8.24096e-01      1.42630e-04      1.00000e+01      9.26539e-07
    8.34029e-01      1.42018e-04      1.00000e+01      9.26528e-07
    8.44082e-01      1.41400e-04      1.00000e+01      9.26516e-07
    8.54257e-01      1.40775e-04      1.00000e+01      9.26505e-07
    8.64553e-01      1.40143e-04      1.00000e+01      9.26493e-07
    8.74974e-01      1.39517e-04      1.00000e+01      9.26480e-07
    8.85521e-01      1.38886e-04      1.00000e+01      9.26468e-07
    8.96195e-01      1.38246e-04      1.00000e+01      9.26455e-07
    9.06997e-01      1.37601e-04      1.00000e+01      9.26442e-07
    9.17930e-01      1.36962e-04      1.00000e+01      9.26428e-07
    9.28994e-01      1.36315e-04      1.00000e+01      9.26414e-07
    9.40192e-01      1.35661e-04      1.00000e+01      9.26400e-07
    9.51525e-01      1.35006e-04      1.00000e+01      9.26386e-07
    9.62994e-01      1.34351e-04      1.00000e+01      9.26371e-07
    9.74602e-01      1.33689e-04      1.00000e+01      9.26357e-07
    9.86350e-01      1.33019e-04      1.00000e+01      9.26342e-07
    9.98239e-01      1.32356e-04      1.00000e+01      9.26326e-07
    1.01027e+00      1.31686e-04      1.00000e+01      9.26311e-07
    1.02245e+00      1.31008e-04      1.00000e+01      9.26296e-07
    1.03477e+00      1.30332e-04      1.00000e+01      9.26280e-07
    1.04725e+00      1.29655e-04      1.00000e+01      9.26264e-07
    1.05987e+00      1.28968e-04      1.00000e+01      9.26248e-07
    1.07265e+00      1.28281e-04      1.00000e+01      9.26231e-07
    1.08558e+00      1.27594e-04      1.00000e+01      9.26215e-07
    1.09866e+00      1.26899e-04      1.00000e+01      9.26199e-07
    1.11190e+00      1.26201e-04      1.00000e+01      9.26182e-07
    1.12531e+00      1.25505e-04      1.00000e+01      9.26165e-07
    1.13887e+00      1.24800e-04      1.00000e+01      9.26147e-07
    1.15260e+00      1.24093e-04      1.00000e+01      9.26130e-07
    1.16649e+00      1.23388e-04      1.00000e+01      9.26112e-07
    1.18055e+00      1.22674e-04      1.00000e+01      9.26093e-07
    1.19478e+00      1.21960e-04      1.00000e+01      9.26075e-07
    1.20919e+00      1.21245e-04      1.00000e+01      9.26056e-07
    1.22376e+00      1.20522e-04      1.00000e+01      9.26037e-07
    1.23851e+00      1.19801e-04      1.00000e+01      9.26018e-07
    1.25344e+00      1.19078e-04      1.00000e+01      9.25998e-07
    1.26855e+00      1.18345e-04      1.00000e+01      9.25979e-07
    1.28384e+00      1.17619e-04      1.00000e+01      9.25960e-07
    1.29932e+00      1.16885e-04      1.00000e+01      9.25941e-07
    1.31498e+00      1.16148e-04      1.00000e+01      9.25922e-07
    1.33083e+00      1.15412e-04      1.00000e+01      9.25903e-07
    1.34687e+00      1.14667e-04      1.00000e+01      9.25883e-07
    1.36311e+00      1.13927e-04      1.00000e+01      9.25864e-07
    1.37954e+00      1.13180e-04      1.00000e+01      9.25844e-07
    1.39617e+00      1.12431e-04      1.00000e+01      9.25823e-07
    1.41300e+00      1.11681e-04      1.00000e+01      9.25802e-07
    1.43003e+00      1.10923e-04      1.00000e+01      9.25781e-07
    1.44727e+00      1.10172e-04      1.00000e+01      9.25760e-07
    1.46471e+00      1.09412e-04      1.00000e+01      9.25738e-07
    1.48237e+00      1.08654e-04      1.00000e+01      9.25716e-07
    1.50024e+00      1.07892e-04      1.00000e+01      9.25693e-07
    1.51832e+00      1.07128e-04      1.00000e+01      9.25671e-07
    1.53662e+00      1.06364e-04      1.00000e+01      9.25648e-07
    1.55515e+00      1.05594e-04      1.00000e+01      9.25625e-07
    1.57389e+00      1.04828e-04      1.00000e+01      9.25601e-07
    1.59287e+00      1.04053e-04      1.00000e+01      9.25577e-07
    1.61207e+00      1.03284e-04      1.00000e+01      9.25553e-07
    1.63150e+00      1.02506e-04      1.00000e+01      9.25528e-07
    1.65116e+00      1.01734e-04      1.00000e+01      9.25503e-07
    1.67107e+00      1.00952e-04      1.00000e+01      9.25477e-07
    1.69121e+00      1.00177e-04      1.00000e+01      9.25451e-07
    1.71160e+00      9.93920e-05      1.00000e+01      9.25425e-07
    1.73223e+00      9.86136e-05      1.00000e+01      9.25397e-07
    1.75311e+00      9.78268e-05      1.00000e+01      9.25370e-07
    1.77424e+00      9.70455e-05      1.00000e+01      9.25342e-07
    1.79563e+00      9.62569e-05      1.00000e+01      9.25313e-07
    1.81728e+00      9.54726e-05      1.00000e+01      9.25284e-07
    1.83918e+00      9.46832e-05      1.00000e+01      9.25255e-07
    1.86135e+00      9.38954e-05      1.00000e+01      9.25227e-07
    1.88379e+00      9.31052e-05      1.00000e+01      9.25198e-07
    1.90650e+00      9.23139e-05      1.00000e+01      9.25168e-07
    1.92948e+00      9.15238e-05      1.00000e+01      9.25139e-07
    1.95274e+00      9.07292e-05      1.00000e+01      9.25108e-07
    1.97628e+00      8.99404e-05      1.00000e+01      9.25078e-07
    2.00010e+00      8.91465e-05      1.00000e+01      9.25047e-07
    2.02421e+00      8.83543e-05      1.00000e+01      9.25015e-07
    2.04861e+00      8.75612e-05      1.00000e+01      9.24983e-07
    2.07331e+00      8.67650e-05      1.00000e+01      9.24951e-07
    2.09830e+00      8.59733e-05      1.00000e+01      9.24918e-07
    2.12359e+00      8.51778e-05      1.00000e+01      9.24884e-07
    2.14919e+00      8.43826e-05      1.00000e+01      9.24851e-07
    2.17510e+00      8.35901e-05      1.00000e+01      9.24818e-07
    2.20132e+00      8.27954e-05      1.00000e+01      9.24785e-07
    2.22785e+00      8.20036e-05      1.00000e+01      9.24750e-07
    2.25471e+00      8.12121e-05      1.00000e+01      9.24715e-07
    2.28189e+00      8.04183e-05      1.00000e+01      9.24679e-07
    2.30940e+00      7.96263e-05      1.00000e+01      9.24643e-07
    2.33723e+00      7.88360e-05      1.00000e+01      9.24607e-07
    2.36541e+00      7.80447e-05      1.00000e+01      9.24569e-07
    2.39392e+00      7.72544e-05      1.00000e+01      9.24531e-07
    2.42278e+00      7.64671e-05      1.00000e+01      9.24493e-07
    2.45198e+00      7.56788e-05      1.00000e+01      9.24454e-07
    2.48154e+00      7.48900e-05      1.00000e+01      9.24415e-07
    2.51146e+00      7.41053e-05      1.00000e+01      9.24374e-07
    2.54173e+00      7.33226e-05      1.00000e+01      9.24333e-07
    2.57237e+00      7.25403e-05      1.00000e+01      9.24292e-07
    2.60338e+00      7.17588e-05      1.00000e+01      9.24250e-07
    2.63476e+00      7.09800e-05      1.00000e+01      9.24208e-07
    2.66652e+00      7.02040e-05      1.00000e+01      9.24164e-07
    2.69867e+00      6.94290e-05      1.00000e+01      9.24142e-07
    2.73120e+00      6.86553e-05      1.00000e+01      9.24120e-07
    2.76412e+00      6.78827e-05      1.00000e+01      9.24073e-07
    2.79744e+00      6.71124e-05      1.00000e+01      9.24027e-07
    2.83116e+00      6.63459e-05      1.00000e+01      9.23979e-07
    2.86529e+00      6.55818e-05      1.00000e+01      9.23931e-07
    2.89983e+00      6.48196e-05      1.00000e+01      9.23882e-07
    2.93479e+00      6.40596e-05      1.00000e+01      9.23833e-07
    2.97017e+00      6.33025e-05      1.00000e+01      9.23783e-07
    3.00597e+00      6.25481e-05      1.00000e+01      9.23733e-07
    3.04220e+00      6.17965e-05      1.00000e+01      9.23682e-07
    3.07888e+00      6.10491e-05      1.00000e+01      9.23630e-07
    3.11599e+00      6.03043e-05      1.00000e+01      9.23577e-07
    3.15355e+00      5.95633e-05      1.00000e+01      9.23523e-07
    3.19157e+00      5.88259e-05      1.00000e+01      9.23469e-07
    3.23004e+00      5.80917e-05      1.00000e+01      9.23415e-07
    3.26898e+00      5.73606e-05      1.00000e+01      9.23360e-07
    3.30839e+00      5.66334e-05      1.00000e+01      9.23305e-07
    3.34827e+00      5.59096e-05      1.00000e+01      9.23249e-07
    3.38863e+00      5.51894e-05      1.00000e+01      9.23193e-07
    3.42948e+00      5.44738e-05      1.00000e+01      9.23135e-07
    3.47082e+00      5.37630e-05      1.00000e+01      9.23077e-07
    3.51266e+00      5.30566e-05      1.00000e+01      9.23018e-07
    3.55500e+00      5.23541e-05      1.00000e+01      9.22959e-07
    3.59786e+00      5.16556e-05      1.00000e+01      9.22899e-07
    3.64123e+00      5.09619e-05      1.00000e+01      9.22838e-07
    3.68512e+00      5.02732e-05      1.00000e+01      9.22775e-07
    3.72955e+00      4.95897e-05      1.00000e+01      9.22712e-07
    3.77450e+00      4.89109e-05      1.00000e+01      9.22647e-07
    3.82000e+00      4.82370e-05      1.00000e+01      9.22582e-07
    3.86605e+00      4.75688e-05      1.00000e+01      9.22515e-07
    3.91266e+00      4.69058e-05      1.00000e+01      9.22448e-07
    3.95982e+00      4.62481e-05      1.00000e+01      9.22379e-07
    4.00756e+00      4.55956e-05      1.00000e+01      9.22309e-07
    4.05587e+00      4.49495e-05      1.00000e+01      9.22238e-07
    4.10476e+00      4.43088e-05      1.00000e+01      9.22167e-07
    4.15424e+00      4.36735e-05      1.00000e+01      9.22095e-07
    4.20432e+00      4.30434e-05      1.00000e+01      9.22021e-07
    4.25500e+00      4.24195e-05      1.00000e+01      9.21947e-07
    4.30629e+00      4.18036e-05      1.00000e+01      9.21874e-07
    4.35821e+00      4.11932e-05      1.00000e+01      9.21801e-07
    4.41074e+00      4.05884e-05      1.00000e+01      9.21724e-07
    4.46391e+00      3.99915e-05      1.00000e+01      9.21647e-07
    4.51772e+00      3.93999e-05      1.00000e+01      9.21566e-07
    4.57218e+00      3.88134e-05      1.00000e+01      9.21484e-07
    4.62730e+00      3.82364e-05      1.00000e+01      9.21404e-07
    4.68308e+00      3.76658e-05      1.00000e+01      9.21324e-07
    4.73954e+00      3.71013e-05      1.00000e+01      9.21242e-07
    4.79667e+00      3.65443e-05      1.00000e+01      9.21159e-07
    4.85449e+00      3.59931e-05      1.00000e+01      9.21074e-07
    4.91301e+00      3.54500e-05      1.00000e+01      9.20988e-07
    4.97224e+00      3.49137e-05      1.00000e+01      9.20901e-07
    5.03218e+00      3.43862e-05      1.00000e+01      9.20813e-07
    5.09284e+00      3.38651e-05      1.00000e+01      9.20722e-07
    5.15423e+00      3.33516e-05      1.00000e+01      9.20631e-07
    5.21636e+00      3.28446e-05      1.00000e+01      9.20537e-07
    5.27925e+00      3.23468e-05      1.00000e+01      9.20443e-07
    5.34289e+00      3.18554e-05      1.00000e+01      9.20346e-07
    5.40729e+00      3.13720e-05      1.00000e+01      9.20249e-07
    5.47248e+00      3.08964e-05      1.00000e+01      9.20150e-07
    5.53845e+00      3.04288e-05      1.00000e+01      9.20050e-07
    5.60521e+00      2.99696e-05      1.00000e+01      9.19949e-07
    5.67278e+00      2.95181e-05      1.00000e+01      9.19847e-07
    5.74117e+00      2.90739e-05      1.00000e+01      9.19744e-07
    5.81037e+00      2.86385e-05      1.00000e+01      9.19640e-07
    5.88042e+00      2.82107e-05      1.00000e+01      9.19534e-07
    5.95131e+00      2.77906e-05      1.00000e+01      9.19427e-07
    6.02305e+00      2.73793e-05      1.00000e+01      9.19319e-07
    6.09565e+00      2.69766e-05      1.00000e+01      9.19209e-07
    6.16914e+00      2.65821e-05      1.00000e+01      9.19098e-07
    6.24350e+00      2.61952e-05      1.00000e+01      9.18985e-07
    6.31877e+00      2.58159e-05      1.00000e+01      9.18872e-07
    6.39494e+00      2.54455e-05      1.00000e+01      9.18757e-07
    6.47203e+00      2.50836e-05      1.00000e+01      9.18640e-07
    6.55005e+00      2.47300e-05      1.00000e+01      9.18521e-07
    6.62901e+00      2.43846e-05      1.00000e+01      9.18401e-07
    6.70892e+00      2.40462e-05      1.00000e+01      9.18278e-07
    6.78979e+00      2.37173e-05      1.00000e+01      9.18151e-07
    6.87164e+00      2.33973e-05      1.00000e+01      9.18024e-07
    6.95448e+00      2.30846e-05      1.00000e+01      9.17895e-07
    7.03832e+00      2.27799e-05      1.00000e+01      9.17763e-07
    7.12316e+00      2.24836e-05      1.00000e+01      9.17630e-07
    7.20903e+00      2.21957e-05      1.00000e+01      9.17496e-07
    7.29593e+00      2.19152e-05      1.00000e+01      9.17360e-07
    7.38389e+00      2.16432e-05      1.00000e+01      9.17221e-07
    7.47290e+00      2.13790e-05      1.00000e+01      9.17080e-07
    7.56298e+00      2.11230e-05      1.00000e+01      9.16937e-07
    7.65415e+00      2.08751e-05      1.00000e+01      9.16793e-07
    7.74642e+00      2.06346e-05      1.00000e+01      9.16648e-07
    7.83980e+00      2.04016e-05      1.00000e+01      9.16500e-07
    7.93431e+00      2.01768e-05      1.00000e+01      9.16351e-07
    8.02996e+00      1.99595e-05      1.00000e+01      9.16201e-07
    8.12676e+00      1.97499e-05      1.00000e+01      9.16050e-07
    8.22473e+00      1.95478e-05      1.00000e+01      9.15896e-07
    8.32387e+00      1.93523e-05      1.00000e+01      9.15739e-07
    8.42422e+00      1.91646e-05      1.00000e+01      9.15580e-07
    8.52577e+00      1.89838e-05      1.00000e+01      9.15417e-07
    8.62855e+00      1.88109e-05      1.00000e+01      9.15252e-07
    8.73256e+00      1.86441e-05      1.00000e+01      9.15084e-07
    8.83783e+00      1.84836e-05      1.00000e+01      9.14913e-07
    8.94437e+00      1.83311e-05      1.00000e+01      9.14739e-07
    9.05220e+00      1.81845e-05      1.00000e+01      9.14564e-07
    9.16132e+00      1.80441e-05      1.00000e+01      9.14387e-07
    9.27176e+00      1.79104e-05      1.00000e+01      9.14207e-07
    9.38353e+00      1.77829e-05      1.00000e+01      9.14024e-07
    9.49664e+00      1.76611e-05      1.00000e+01      9.13840e-07
    9.61113e+00      1.75454e-05      1.00000e+01      9.13653e-07
    9.72699e+00      1.74354e-05      1.00000e+01      9.13463e-07
    9.84424e+00      1.73310e-05      1.00000e+01      9.13271e-07
    9.96292e+00      1.72320e-05      1.00000e+01      9.13077e-07
    1.00830e+01      1.71382e-05      1.00000e+01      9.12881e-07
    1.02046e+01      1.70496e-05      1.00000e+01      9.12681e-07
    1.03276e+01      1.69657e-05      1.00000e+01      9.12477e-07
    1.04521e+01      1.68869e-05      1.00000e+01      9.12270e-07
    1.05781e+01      1.68124e-05      1.00000e+01      9.12061e-07
    1.07056e+01      1.67424e-05      1.00000e+01      9.11848e-07
    1.08347e+01      1.66764e-05      1.00000e+01      9.11632e-07
    1.09653e+01      1.66151e-05      1.00000e+01      9.11413e-07
    1.10974e+01      1.65571e-05      1.00000e+01      9.11192e-07
    1.12312e+01      1.65029e-05      1.00000e+01      9.10968e-07
    1.13666e+01      1.64525e-05      1.00000e+01      9.10742e-07
    1.15036e+01      1.64051e-05      1.00000e+01      9.10513e-07
    1.16423e+01      1.63612e-05      1.00000e+01      9.10281e-07
    1.17827e+01      1.63201e-05      1.00000e+01      9.10045e-07
    1.19247e+01      1.62818e-05      1.00000e+01      9.09806e-07
    1.20685e+01      1.62462e-05      1.00000e+01      9.09564e-07
    1.22139e+01      1.62130e-05      1.00000e+01      9.09319e-07
    1.23612e+01      1.61821e-05      1.00000e+01      9.09070e-07
    1.25102e+01      1.61534e-05      1.00000e+01      9.08819e-07
    1.26610e+01      1.61265e-05      1.00000e+01      9.08565e-07
    1.28136e+01      1.61015e-05      1.00000e+01      9.08307e-07
    1.29681e+01      1.60781e-05      1.00000e+01      9.08045e-07
    1.31244e+01      1.60562e-05      1.00000e+01      9.07779e-07
    1.32826e+01      1.60357e-05      1.00000e+01      9.07510e-07
    1.34428e+01      1.60162e-05      1.00000e+01      9.07238e-07
    1.36048e+01      1.59980e-05      1.00000e+01      9.06961e-07
    1.37688e+01      1.59805e-05      1.00000e+01      9.06680e-07
    1.39348e+01      1.59639e-05      1.00000e+01      9.06395e-07
    1.41028e+01      1.59478e-05      1.00000e+01      9.06099e-07
    1.42728e+01      1.59324e-05      1.00000e+01      9.05804e-07
    1.44448e+01      1.59175e-05      1.00000e+01      9.05504e-07
    1.46190e+01      1.59031e-05      1.00000e+01      9.05208e-07
    1.47952e+01      1.58889e-05      1.00000e+01      9.04901e-07
    1.49736e+01      1.58749e-05      1.00000e+01      9.04590e-07
    1.51541e+01      1.58611e-05      1.00000e+01      9.04274e-07
    1.53367e+01      1.58474e-05      1.00000e+01      9.03954e-07
    1.55216e+01      1.58337e-05      1.00000e+01      9.03628e-07
    1.57087e+01      1.58201e-05      1.00000e+01      9.03297e-07
    1.58981e+01      1.58065e-05      1.00000e+01      9.02964e-07
    1.60898e+01      1.57929e-05      1.00000e+01      9.02626e-07
    1.62837e+01      1.57792e-05      1.00000e+01      9.02284e-07
    1.64800e+01      1.57655e-05      1.00000e+01      9.01938e-07
    1.66787e+01      1.57517e-05      1.00000e+01      9.01584e-07
    1.68797e+01      1.57377e-05      1.00000e+01      9.01227e-07
    1.70832e+01      1.57236e-05      1.00000e+01      9.00862e-07
    1.72892e+01      1.57094e-05      1.00000e+01      9.00492e-07
    1.74976e+01      1.56951e-05      1.00000e+01      9.00118e-07
    1.77085e+01      1.56807e-05      1.00000e+01      8.99741e-07
    1.79220e+01      1.56662e-05      1.00000e+01      8.99359e-07
    1.81380e+01      1.56515e-05      1.00000e+01      8.98970e-07
    1.83567e+01      1.56367e-05      1.00000e+01      8.98577e-07
    1.85780e+01      1.56217e-05      1.00000e+01      8.98179e-07
    1.88019e+01      1.56066e-05      1.00000e+01      8.97775e-07
    1.90286e+01      1.55914e-05      1.00000e+01      8.97367e-07
    1.92580e+01      1.55760e-05      1.00000e+01      8.96951e-07
    1.94901e+01      1.55605e-05      1.00000e+01      8.96530e-07
    1.97251e+01      1.55448e-05      1.00000e+01      8.96102e-07
    1.99629e+01      1.55289e-05      1.00000e+01      8.95669e-07
    2.02035e+01      1.55129e-05      1.00000e+01      8.95231e-07
    2.04471e+01      1.54968e-05      1.00000e+01      8.94787e-07
    2.06936e+01      1.54805e-05      1.00000e+01      8.94338e-07
    2.09430e+01      1.54640e-05      1.00000e+01      8.93881e-07
    2.11955e+01      1.54474e-05      1.00000e+01      8.93418e-07
    2.14510e+01      1.54306e-05      1.00000e+01      8.92949e-07
    2.17096e+01      1.54136e-05      1.00000e+01      8.92473e-07
    2.19713e+01      1.53964e-05      1.00000e+01      8.91991e-07
    2.22362e+01      1.53791e-05      1.00000e+01      8.91503e-07
    2.25042e+01      1.53617e-05      1.00000e+01      8.91009e-07
    2.27755e+01      1.53440e-05      1.00000e+01      8.90504e-07
    2.30501e+01      1.53261e-05      1.00000e+01      8.89993e-07
    2.33279e+01      1.53081e-05      1.00000e+01      8.89476e-07
    2.36092e+01      1.52899e-05      1.00000e+01      8.88952e-07
    2.38938e+01      1.52715e-05      1.00000e+01      8.88418e-07
    2.41818e+01      1.52529e-05      1.00000e+01      8.87878e-07
    2.44733e+01      1.52341e-05      1.00000e+01      8.87331e-07
    2.47683e+01      1.52151e-05      1.00000e+01      8.86777e-07
    2.50669e+01      1.51960e-05      1.00000e+01      8.86217e-07
    2.53691e+01      1.51767e-05      1.00000e+01      8.85651e-07
    2.56749e+01      1.51572e-05      1.00000e+01      8.85074e-07
    2.59844e+01      1.51375e-05      1.00000e+01      8.84489e-07
    2.62977e+01      1.51176e-05      1.00000e+01      8.83896e-07
    2.66147e+01      1.50974e-05      1.00000e+01      8.83295e-07
    2.69355e+01      1.50772e-05      1.00000e+01      8.82688e-07
    2.72602e+01      1.50567e-05      1.00000e+01      8.82072e-07
    2.75889e+01      1.50359e-05      1.00000e+01      8.81446e-07
    2.79214e+01      1.50149e-05      1.00000e+01      8.80808e-07
    2.82580e+01      1.49937e-05      1.00000e+01      8.80162e-07
    2.85987e+01      1.49723e-05      1.00000e+01      8.79508e-07
    2.89434e+01      1.49507e-05      1.00000e+01      8.78844e-07
    2.92924e+01      1.49289e-05      1.00000e+01      8.78172e-07
    2.96455e+01      1.49068e-05      1.00000e+01      8.77491e-07
    3.00029e+01      1.48846e-05      1.00000e+01      8.76801e-07
    3.03645e+01      1.48621e-05      1.00000e+01      8.76102e-07
    3.07306e+01      1.48395e-05      1.00000e+01      8.75393e-07
    3.11010e+01      1.48166e-05      1.00000e+01      8.74676e-07
    3.14760e+01      1.47935e-05      1.00000e+01      8.73952e-07
    3.18554e+01      1.47702e-05      1.00000e+01      8.73219e-07
    3.22394e+01      1.47467e-05      1.00000e+01      8.72477e-07
    3.26281e+01      1.47230e-05      1.00000e+01      8.71725e-07
    3.30214e+01      1.46991e-05      1.00000e+01      8.70962e-07
    3.34195e+01      1.46749e-05      1.00000e+01      8.70190e-07
    3.38223e+01      1.46505e-05      1.00000e+01      8.69405e-07
    3.42301e+01      1.46257e-05      1.00000e+01      8.68607e-07
    3.46427e+01      1.46007e-05      1.00000e+01      8.67795e-07
    3.50603e+01      1.45755e-05      1.00000e+01      8.66973e-07
    3.54830e+01      1.45499e-05      1.00000e+01      8.66137e-07
    3.59107e+01      1.45242e-05      1.00000e+01      8.65293e-07
    3.63436e+01      1.44982e-05      1.00000e+01      8.64437e-07
    3.67817e+01      1.44720e-05      1.00000e+01      8.63569e-07
    3.72251e+01      1.44455e-05      1.00000e+01      8.62688e-07
    3.76739e+01      1.44188e-05      1.00000e+01      8.61799e-07
    3.81281e+01      1.43918e-05      1.00000e+01      8.60896e-07
    3.85877e+01      1.43646e-05      1.00000e+01      8.59983e-07
    3.90529e+01      1.43371e-05      1.00000e+01      8.59059e-07
    3.95236e+01      1.43095e-05      1.00000e+01      8.58125e-07
    4.00001e+01      1.42816e-05      1.00000e+01      8.57179e-07
