    Er (keV)         SM dN/dE         BG dN/dE        BSM dN/dE (events/kg/day/keV)
    2.50100e-01      1.86908e-04      1.00000e+02      4.54833e-11
    2.52651e-01      1.86665e-04      1.00000e+02      4.51243e-11
    2.55227e-01      1.86418e-04      1.00000e+02      4.47617e-11
    2.57830e-01      1.86170e-04      1.00000e+02      4.43954e-11
    2.60459e-01      1.85919e-04      1.00000e+02      4.40254e-11
    2.63115e-01      1.85665e-04      1.00000e+02      4.36516e-11
    2.65799e-01      1.85409e-04      1.00000e+02      4.32739e-11
    2.68509e-01      1.85150e-04      1.00000e+02      4.28924e-11
    2.71248e-01      1.84888e-04      1.00000e+02      4.25071e-11
    2.74014e-01      1.84624e-04      1.00000e+02      4.21178e-11
    2.76808e-01      1.84357e-04      1.00000e+02      4.17245e-11
    2.79631e-01      1.84087e-04      1.00000e+02      4.13272e-11
    2.82483e-01      1.83815e-04      1.00000e+02      4.09259e-11
    2.85364e-01      1.83540e-04      1.00000e+02      4.05204e-11
    2.88274e-01      1.83262e-04      1.00000e+02      4.01109e-11
    2.91214e-01      1.82985e-04      1.00000e+02      3.97308e-11
    2.94184e-01      1.82713e-04      1.00000e+02      3.94069e-11
    2.97185e-01      1.82437e-04      1.00000e+02      3.90798e-11
    3.00215e-01      1.82159e-04      1.00000e+02      3.87493e-11
    3.03277e-01      1.81878e-04      1.00000e+02      3.84154e-11
    3.06370e-01      1.81594e-04      1.00000e+02      3.80781e-11
    3.09495e-01      1.81307e-04      1.00000e+02      3.77374e-11
    3.12651e-01      1.81018e-04      1.00000e+02      3.73932e-11
    3.15840e-01      1.80725e-04      1.00000e+02      3.70454e-11
    3.19061e-01      1.80429e-04      1.00000e+02      3.66942e-11
    3.22315e-01      1.80131e-04      1.00000e+02      3.63393e-11
    3.25602e-01      1.79829e-04      1.00000e+02      3.59809e-11
    3.28923e-01      1.79524e-04      1.00000e+02      3.56188e-11
    3.32278e-01      1.79223e-04      1.00000e+02      3.52962e-11
    3.35667e-01      1.78923e-04      1.00000e+02      3.50008e-11
    3.39090e-01      1.78621e-04      1.00000e+02      3.47025e-11
    3.42549e-01      1.78315e-04      1.00000e+02      3.44011e-11
    3.46042e-01      1.78006e-04      1.00000e+02      3.40966e-11
    3.49572e-01      1.77694e-04      1.00000e+02      3.37890e-11
    3.53137e-01      1.77378e-04      1.00000e+02      3.34783e-11
    3.56739e-01      1.77060e-04      1.00000e+02      3.31644e-11
    3.60377e-01      1.76738e-04      1.00000e+02      3.28473e-11
    3.64053e-01      1.76413e-04      1.00000e+02      3.25269e-11
    3.67766e-01      1.76084e-04      1.00000e+02      3.22033e-11
    3.71517e-01      1.75756e-04      1.00000e+02      3.18932e-11
    3.75306e-01      1.75433e-04      1.00000e+02      3.16228e-11
    3.79134e-01      1.75106e-04      1.00000e+02      3.13497e-11
    3.83001e-01      1.74776e-04      1.00000e+02      3.10738e-11
    3.86907e-01      1.74443e-04      1.00000e+02      3.07951e-11
    3.90853e-01      1.74106e-04      1.00000e+02      3.05135e-11
    3.94840e-01      1.73766e-04      1.00000e+02      3.02291e-11
    3.98867e-01      1.73422e-04      1.00000e+02      2.99417e-11
    4.02935e-01      1.73075e-04      1.00000e+02      2.96515e-11
    4.07045e-01      1.72724e-04      1.00000e+02      2.93582e-11
    4.11196e-01      1.72372e-04      1.00000e+02      2.90690e-11
    4.15391e-01      1.72026e-04      1.00000e+02      2.88191e-11
    4.19627e-01      1.71676e-04      1.00000e+02      2.85666e-11
    4.23907e-01      1.71323e-04      1.00000e+02      2.83116e-11
    4.28231e-01      1.70967e-04      1.00000e+02      2.80540e-11
    4.32599e-01      1.70607e-04      1.00000e+02      2.77938e-11
    4.37011e-01      1.70243e-04      1.00000e+02      2.75309e-11
    4.41469e-01      1.69875e-04      1.00000e+02      2.72653e-11
    4.45971e-01      1.69504e-04      1.00000e+02      2.69970e-11
    4.50520e-01      1.69129e-04      1.00000e+02      2.67259e-11
    4.55115e-01      1.68761e-04      1.00000e+02      2.64914e-11
    4.59758e-01      1.68390e-04      1.00000e+02      2.62566e-11
    4.64447e-01      1.68015e-04      1.00000e+02      2.60195e-11
    4.69184e-01      1.67637e-04      1.00000e+02      2.57799e-11
    4.73970e-01      1.67254e-04      1.00000e+02      2.55379e-11
    4.78804e-01      1.66868e-04      1.00000e+02      2.52934e-11
    4.83688e-01      1.66478e-04      1.00000e+02      2.50464e-11
    4.88622e-01      1.66084e-04      1.00000e+02      2.47968e-11
    4.93606e-01      1.65692e-04      1.00000e+02      2.45638e-11
    4.98640e-01      1.65302e-04      1.00000e+02      2.43448e-11
    5.03726e-01      1.64908e-04      1.00000e+02      2.41235e-11
    5.08865e-01      1.64510e-04      1.00000e+02      2.39000e-11
    5.14055e-01      1.64108e-04      1.00000e+02      2.36742e-11
    5.19298e-01      1.63702e-04      1.00000e+02      2.34460e-11
    5.24595e-01      1.63292e-04      1.00000e+02      2.32156e-11
    5.29946e-01      1.62877e-04      1.00000e+02      2.29828e-11
    5.35352e-01      1.62469e-04      1.00000e+02      2.27718e-11
    5.40812e-01      1.62059e-04      1.00000e+02      2.25651e-11
    5.46329e-01      1.61645e-04      1.00000e+02      2.23563e-11
    5.51901e-01      1.61227e-04      1.00000e+02      2.21453e-11
    5.57531e-01      1.60804e-04      1.00000e+02      2.19322e-11
    5.63218e-01      1.60378e-04      1.00000e+02      2.17169e-11
    5.68963e-01      1.59946e-04      1.00000e+02      2.14994e-11
    5.74766e-01      1.59518e-04      1.00000e+02      2.12960e-11
    5.80629e-01      1.59091e-04      1.00000e+02      2.11009e-11
    5.86552e-01      1.58659e-04      1.00000e+02      2.09038e-11
    5.92535e-01      1.58223e-04      1.00000e+02      2.07047e-11
    5.98579e-01      1.57783e-04      1.00000e+02      2.05036e-11
    6.04684e-01      1.57338e-04      1.00000e+02      2.03004e-11
    6.10852e-01      1.56888e-04      1.00000e+02      2.00952e-11
    6.17083e-01      1.56446e-04      1.00000e+02      1.99094e-11
    6.23378e-01      1.56000e-04      1.00000e+02      1.97236e-11
    6.29736e-01      1.55550e-04      1.00000e+02      1.95360e-11
    6.36160e-01      1.55095e-04      1.00000e+02      1.93464e-11
    6.42649e-01      1.54636e-04      1.00000e+02      1.91549e-11
    6.49204e-01      1.54172e-04      1.00000e+02      1.89614e-11
    6.55827e-01      1.53711e-04      1.00000e+02      1.87796e-11
    6.62516e-01      1.53250e-04      1.00000e+02      1.86032e-11
    6.69274e-01      1.52785e-04      1.00000e+02      1.84251e-11
    6.76101e-01      1.52314e-04      1.00000e+02      1.82451e-11
    6.82998e-01      1.51839e-04      1.00000e+02      1.80633e-11
    6.89965e-01      1.51359e-04      1.00000e+02      1.78796e-11
    6.97003e-01      1.50884e-04      1.00000e+02      1.77082e-11
    7.04113e-01      1.50407e-04      1.00000e+02      1.75397e-11
    7.11295e-01      1.49926e-04      1.00000e+02      1.73694e-11
    7.18551e-01      1.49439e-04      1.00000e+02      1.71973e-11
    7.25880e-01      1.48948e-04      1.00000e+02      1.70235e-11
    7.33285e-01      1.48454e-04      1.00000e+02      1.68513e-11
    7.40765e-01      1.47966e-04      1.00000e+02      1.66908e-11
    7.48321e-01      1.47473e-04      1.00000e+02      1.65287e-11
    7.55954e-01      1.46975e-04      1.00000e+02      1.63650e-11
    7.63666e-01      1.46472e-04      1.00000e+02      1.61995e-11
    7.71456e-01      1.45964e-04      1.00000e+02      1.60324e-11
    7.79325e-01      1.45463e-04      1.00000e+02      1.58779e-11
    7.87275e-01      1.44957e-04      1.00000e+02      1.57228e-11
    7.95305e-01      1.44447e-04      1.00000e+02      1.55661e-11
    8.03418e-01      1.43931e-04      1.00000e+02      1.54078e-11
    8.11614e-01      1.43410e-04      1.00000e+02      1.52479e-11
    8.19893e-01      1.42896e-04      1.00000e+02      1.50994e-11
    8.28256e-01      1.42378e-04      1.00000e+02      1.49503e-11
    8.36705e-01      1.41855e-04      1.00000e+02      1.47996e-11
    8.45240e-01      1.41326e-04      1.00000e+02      1.46474e-11
    8.53862e-01      1.40794e-04      1.00000e+02      1.44960e-11
    8.62573e-01      1.40268e-04      1.00000e+02      1.43534e-11
    8.71372e-01      1.39737e-04      1.00000e+02      1.42094e-11
    8.80260e-01      1.39200e-04      1.00000e+02      1.40639e-11
    8.89240e-01      1.38658e-04      1.00000e+02      1.39170e-11
    8.98311e-01      1.38118e-04      1.00000e+02      1.37760e-11
    9.07474e-01      1.37579e-04      1.00000e+02      1.36378e-11
    9.16731e-01      1.37033e-04      1.00000e+02      1.34981e-11
    9.26083e-01      1.36482e-04      1.00000e+02      1.33571e-11
    9.35530e-01      1.35930e-04      1.00000e+02      1.32179e-11
    9.45073e-01      1.35381e-04      1.00000e+02      1.30848e-11
    9.54714e-01      1.34826e-04      1.00000e+02      1.29503e-11
    9.64453e-01      1.34265e-04      1.00000e+02      1.28144e-11
    9.74291e-01      1.33702e-04      1.00000e+02      1.26787e-11
    9.84230e-01      1.33144e-04      1.00000e+02      1.25500e-11
    9.94270e-01      1.32580e-04      1.00000e+02      1.24201e-11
    1.00441e+00      1.32011e-04      1.00000e+02      1.22888e-11
    1.01466e+00      1.31438e-04      1.00000e+02      1.21577e-11
    1.02501e+00      1.30870e-04      1.00000e+02      1.20331e-11
    1.03547e+00      1.30297e-04      1.00000e+02      1.19071e-11
    1.04603e+00      1.29718e-04      1.00000e+02      1.17799e-11
    1.05670e+00      1.29138e-04      1.00000e+02      1.16543e-11
    1.06748e+00      1.28561e-04      1.00000e+02      1.15331e-11
    1.07837e+00      1.27977e-04      1.00000e+02      1.14106e-11
    1.08937e+00      1.27388e-04      1.00000e+02      1.12869e-11
    1.10048e+00      1.26802e-04      1.00000e+02      1.11673e-11
    1.11171e+00      1.26215e-04      1.00000e+02      1.10492e-11
    1.12305e+00      1.25621e-04      1.00000e+02      1.09298e-11
    1.13450e+00      1.25023e-04      1.00000e+02      1.08101e-11
    1.14608e+00      1.24430e-04      1.00000e+02      1.06959e-11
    1.15777e+00      1.23832e-04      1.00000e+02      1.05805e-11
    1.16958e+00      1.23228e-04      1.00000e+02      1.04640e-11
    1.18151e+00      1.22626e-04      1.00000e+02      1.03510e-11
    1.19356e+00      1.22023e-04      1.00000e+02      1.02393e-11
    1.20574e+00      1.21414e-04      1.00000e+02      1.01264e-11
    1.21804e+00      1.20804e-04      1.00000e+02      1.00147e-11
    1.23046e+00      1.20196e-04      1.00000e+02      9.90613e-12
    1.24302e+00      1.19583e-04      1.00000e+02      9.79648e-12
    1.25570e+00      1.18965e-04      1.00000e+02      9.68665e-12
    1.26851e+00      1.18352e-04      1.00000e+02      9.58105e-12
    1.28145e+00      1.17733e-04      1.00000e+02      9.47438e-12
    1.29452e+00      1.17108e-04      1.00000e+02      9.36688e-12
    1.30772e+00      1.16490e-04      1.00000e+02      9.26398e-12
    1.32107e+00      1.15865e-04      1.00000e+02      9.16004e-12
    1.33454e+00      1.15234e-04      1.00000e+02      9.05523e-12
    1.34816e+00      1.14611e-04      1.00000e+02      8.95473e-12
    1.36191e+00      1.13981e-04      1.00000e+02      8.85320e-12
    1.37580e+00      1.13346e-04      1.00000e+02      8.75123e-12
    1.38984e+00      1.12717e-04      1.00000e+02      8.65297e-12
    1.40401e+00      1.12081e-04      1.00000e+02      8.55371e-12
    1.41834e+00      1.11442e-04      1.00000e+02      8.45482e-12
    1.43281e+00      1.10806e-04      1.00000e+02      8.35861e-12
    1.44742e+00      1.10163e-04      1.00000e+02      8.26143e-12
    1.46219e+00      1.09521e-04      1.00000e+02      8.16575e-12
    1.47711e+00      1.08880e-04      1.00000e+02      8.07145e-12
    1.49217e+00      1.08232e-04      1.00000e+02      7.97618e-12
    1.50740e+00      1.07589e-04      1.00000e+02      7.88375e-12
    1.52277e+00      1.06942e-04      1.00000e+02      7.79114e-12
    1.53831e+00      1.06291e-04      1.00000e+02      7.69855e-12
    1.55400e+00      1.05644e-04      1.00000e+02      7.60844e-12
    1.56985e+00      1.04991e-04      1.00000e+02      7.51740e-12
    1.58587e+00      1.04340e-04      1.00000e+02      7.42825e-12
    1.60205e+00      1.03686e-04      1.00000e+02      7.33955e-12
    1.61839e+00      1.03029e-04      1.00000e+02      7.25072e-12
    1.63490e+00      1.02375e-04      1.00000e+02      7.16419e-12
    1.65158e+00      1.01715e-04      1.00000e+02      7.07679e-12
    1.66843e+00      1.01058e-04      1.00000e+02      6.99147e-12
    1.68545e+00      1.00398e-04      1.00000e+02      6.90613e-12
    1.70264e+00      9.97362e-05      1.00000e+02      6.82144e-12
    1.72001e+00      9.90757e-05      1.00000e+02      6.73803e-12
    1.73756e+00      9.84099e-05      1.00000e+02      6.65416e-12
    1.75528e+00      9.77492e-05      1.00000e+02      6.57256e-12
    1.77319e+00      9.70817e-05      1.00000e+02      6.49013e-12
    1.79128e+00      9.64188e-05      1.00000e+02      6.40976e-12
    1.80955e+00      9.57510e-05      1.00000e+02      6.32904e-12
    1.82801e+00      9.50850e-05      1.00000e+02      6.24962e-12
    1.84666e+00      9.44168e-05      1.00000e+02      6.17051e-12
    1.86550e+00      9.37483e-05      1.00000e+02      6.09216e-12
    1.88453e+00      9.30796e-05      1.00000e+02      6.01459e-12
    1.90375e+00      9.24092e-05      1.00000e+02      5.93742e-12
    1.92318e+00      9.17397e-05      1.00000e+02      5.86130e-12
    1.94279e+00      9.10680e-05      1.00000e+02      5.78534e-12
    1.96261e+00      9.03987e-05      1.00000e+02      5.71055e-12
    1.98264e+00      8.97265e-05      1.00000e+02      5.63584e-12
    2.00286e+00      8.90564e-05      1.00000e+02      5.56232e-12
    2.02329e+00      8.83835e-05      1.00000e+02      5.48892e-12
    2.04393e+00      8.77124e-05      1.00000e+02      5.41658e-12
    2.06479e+00      8.70392e-05      1.00000e+02      5.34450e-12
    2.08585e+00      8.63671e-05      1.00000e+02      5.27330e-12
    2.10713e+00      8.56940e-05      1.00000e+02      5.20260e-12
    2.12862e+00      8.50207e-05      1.00000e+02      5.13253e-12
    2.15034e+00      8.43484e-05      1.00000e+02      5.06322e-12
    2.17228e+00      8.36744e-05      1.00000e+02      4.99416e-12
    2.19444e+00      8.30041e-05      1.00000e+02      4.92621e-12
    2.21682e+00      8.23302e-05      1.00000e+02      4.85809e-12
    2.23944e+00      8.16614e-05      1.00000e+02      4.79150e-12
    2.26228e+00      8.09885e-05      1.00000e+02      4.72475e-12
    2.28536e+00      8.03185e-05      1.00000e+02      4.65911e-12
    2.30868e+00      7.96474e-05      1.00000e+02      4.59380e-12
    2.33223e+00      7.89759e-05      1.00000e+02      4.52897e-12
    2.35602e+00      7.83075e-05      1.00000e+02      4.46504e-12
    2.38006e+00      7.76365e-05      1.00000e+02      4.40112e-12
    2.40434e+00      7.69700e-05      1.00000e+02      4.33841e-12
    2.42887e+00      7.63017e-05      1.00000e+02      4.27593e-12
    2.45364e+00      7.56331e-05      1.00000e+02      4.21396e-12
    2.47868e+00      7.49677e-05      1.00000e+02      4.15290e-12
    2.50396e+00      7.43006e-05      1.00000e+02      4.09197e-12
    2.52951e+00      7.36369e-05      1.00000e+02      4.03190e-12
    2.55531e+00      7.29744e-05      1.00000e+02      3.97238e-12
    2.58138e+00      7.23107e-05      1.00000e+02      3.91307e-12
    2.60771e+00      7.16514e-05      1.00000e+02      3.85472e-12
    2.63432e+00      7.09922e-05      1.00000e+02      3.79677e-12
    2.66119e+00      7.03323e-05      1.00000e+02      3.73910e-12
    2.68834e+00      6.96767e-05      1.00000e+02      3.68235e-12
    2.71577e+00      6.90212e-05      1.00000e+02      3.62601e-12
    2.74347e+00      6.83654e-05      1.00000e+02      3.56998e-12
    2.77146e+00      6.77128e-05      1.00000e+02      3.51476e-12
    2.79973e+00      6.70615e-05      1.00000e+02      3.46006e-12
    2.82830e+00      6.64106e-05      1.00000e+02      3.40571e-12
    2.85715e+00      6.57617e-05      1.00000e+02      3.35187e-12
    2.88630e+00      6.51168e-05      1.00000e+02      3.29881e-12
    2.91574e+00      6.44723e-05      1.00000e+02      3.24612e-12
    2.94549e+00      6.38286e-05      1.00000e+02      3.19381e-12
    2.97554e+00      6.31882e-05      1.00000e+02      3.14213e-12
    3.00589e+00      6.25507e-05      1.00000e+02      3.09106e-12
    3.03656e+00      6.19145e-05      1.00000e+02      3.04041e-12
    3.06753e+00      6.12796e-05      1.00000e+02      2.99019e-12
    3.09883e+00      6.06466e-05      1.00000e+02      2.94048e-12
    3.13044e+00      6.00179e-05      1.00000e+02      2.89143e-12
    3.16238e+00      5.93914e-05      1.00000e+02      2.84282e-12
    3.19464e+00      5.87670e-05      1.00000e+02      2.79464e-12
    3.22723e+00      5.81444e-05      1.00000e+02      2.74689e-12
    3.26015e+00      5.75238e-05      1.00000e+02      2.69961e-12
    3.29341e+00      5.69078e-05      1.00000e+02      2.65301e-12
    3.32701e+00      5.62938e-05      1.00000e+02      2.60687e-12
    3.36095e+00      5.56818e-05      1.00000e+02      2.56118e-12
    3.39524e+00      5.50724e-05      1.00000e+02      2.51595e-12
    3.42988e+00      5.44663e-05      1.00000e+02      2.47116e-12
    3.46487e+00      5.38636e-05      1.00000e+02      2.42681e-12
    3.50022e+00      5.32643e-05      1.00000e+02      2.38301e-12
    3.53592e+00      5.26687e-05      1.00000e+02      2.33974e-12
    3.57200e+00      5.20756e-05      1.00000e+02      2.29694e-12
    3.60844e+00      5.14855e-05      1.00000e+02      2.25458e-12
    3.64525e+00      5.08990e-05      1.00000e+02      2.21266e-12
    3.68244e+00      5.03161e-05      1.00000e+02      2.17120e-12
    3.72000e+00      4.97364e-05      1.00000e+02      2.13023e-12
    3.75796e+00      4.91598e-05      1.00000e+02      2.08972e-12
    3.79629e+00      4.85866e-05      1.00000e+02      2.04966e-12
    3.83502e+00      4.80175e-05      1.00000e+02      2.01008e-12
    3.87415e+00      4.74525e-05      1.00000e+02      1.97095e-12
    3.91367e+00      4.68913e-05      1.00000e+02      1.93227e-12
    3.95360e+00      4.63341e-05      1.00000e+02      1.89404e-12
    3.99393e+00      4.57810e-05      1.00000e+02      1.85626e-12
    4.03467e+00      4.52318e-05      1.00000e+02      1.81894e-12
    4.07584e+00      4.46863e-05      1.00000e+02      1.78206e-12
    4.11742e+00      4.41449e-05      1.00000e+02      1.74563e-12
    4.15942e+00      4.36076e-05      1.00000e+02      1.70967e-12
    4.20185e+00      4.30745e-05      1.00000e+02      1.67414e-12
    4.24472e+00      4.25456e-05      1.00000e+02      1.63906e-12
    4.28803e+00      4.20217e-05      1.00000e+02      1.60441e-12
    4.33177e+00      4.15023e-05      1.00000e+02      1.57020e-12
    4.37596e+00      4.09874e-05      1.00000e+02      1.53639e-12
    4.42061e+00      4.04769e-05      1.00000e+02      1.50301e-12
    4.46570e+00      3.99708e-05      1.00000e+02      1.47008e-12
    4.51126e+00      3.94699e-05      1.00000e+02      1.43765e-12
    4.55728e+00      3.89729e-05      1.00000e+02      1.40564e-12
    4.60378e+00      3.84812e-05      1.00000e+02      1.37403e-12
    4.65074e+00      3.79950e-05      1.00000e+02      1.34284e-12
    4.69819e+00      3.75134e-05      1.00000e+02      1.31205e-12
    4.74612e+00      3.70361e-05      1.00000e+02      1.28164e-12
    4.79454e+00      3.65645e-05      1.00000e+02      1.25176e-12
    4.84345e+00      3.60978e-05      1.00000e+02      1.22230e-12
    4.89286e+00      3.56355e-05      1.00000e+02      1.19323e-12
    4.94278e+00      3.51783e-05      1.00000e+02      1.16454e-12
    4.99321e+00      3.47275e-05      1.00000e+02      1.13628e-12
    5.04415e+00      3.42824e-05      1.00000e+02      1.10847e-12
    5.09561e+00      3.38419e-05      1.00000e+02      1.08105e-12
    5.14759e+00      3.34059e-05      1.00000e+02      1.05400e-12
    5.20010e+00      3.29762e-05      1.00000e+02      1.02741e-12
    5.25316e+00      3.25519e-05      1.00000e+02      1.00121e-12
    5.30675e+00      3.21326e-05      1.00000e+02      9.75384e-13
    5.36089e+00      3.17192e-05      1.00000e+02      9.50027e-13
    5.41558e+00      3.13108e-05      1.00000e+02      9.25040e-13
    5.47083e+00      3.09079e-05      1.00000e+02      9.00419e-13
    5.52664e+00      3.05119e-05      1.00000e+02      8.76262e-13
    5.58302e+00      3.01206e-05      1.00000e+02      8.52441e-13
    5.63998e+00      2.97355e-05      1.00000e+02      8.29043e-13
    5.69752e+00      2.93561e-05      1.00000e+02      8.06020e-13
    5.75564e+00      2.89819e-05      1.00000e+02      7.83375e-13
    5.81436e+00      2.86139e-05      1.00000e+02      7.61172e-13
    5.87368e+00      2.82510e-05      1.00000e+02      7.39296e-13
    5.93360e+00      2.78943e-05      1.00000e+02      7.17869e-13
    5.99413e+00      2.75435e-05      1.00000e+02      6.96766e-13
    6.05528e+00      2.71991e-05      1.00000e+02      6.76073e-13
    6.11706e+00      2.68602e-05      1.00000e+02      6.55724e-13
    6.17946e+00      2.65276e-05      1.00000e+02      6.35790e-13
    6.24251e+00      2.62002e-05      1.00000e+02      6.16221e-13
    6.30619e+00      2.58782e-05      1.00000e+02      5.97018e-13
    6.37053e+00      2.55629e-05      1.00000e+02      5.78210e-13
    6.43552e+00      2.52534e-05      1.00000e+02      5.59715e-13
    6.50117e+00      2.49503e-05      1.00000e+02      5.41611e-13
    6.56750e+00      2.46530e-05      1.00000e+02      5.23891e-13
    6.63450e+00      2.43610e-05      1.00000e+02      5.06520e-13
    6.70218e+00      2.40746e-05      1.00000e+02      4.89520e-13
    6.77056e+00      2.37947e-05      1.00000e+02      4.72859e-13
    6.83963e+00      2.35212e-05      1.00000e+02      4.56543e-13
    6.90941e+00      2.32535e-05      1.00000e+02      4.40597e-13
    6.97990e+00      2.29912e-05      1.00000e+02      4.25010e-13
    7.05110e+00      2.27346e-05      1.00000e+02      4.09742e-13
    7.12304e+00      2.24839e-05      1.00000e+02      3.94836e-13
    7.19571e+00      2.22394e-05      1.00000e+02      3.80258e-13
    7.26912e+00      2.20005e-05      1.00000e+02      3.66041e-13
    7.34328e+00      2.17674e-05      1.00000e+02      3.52161e-13
    7.41819e+00      2.15402e-05      1.00000e+02      3.38606e-13
    7.49387e+00      2.13186e-05      1.00000e+02      3.25382e-13
    7.57032e+00      2.11027e-05      1.00000e+02      3.12479e-13
    7.64755e+00      2.08926e-05      1.00000e+02      2.99900e-13
    7.72557e+00      2.06880e-05      1.00000e+02      2.87659e-13
    7.80439e+00      2.04889e-05      1.00000e+02      2.75729e-13
    7.88401e+00      2.02950e-05      1.00000e+02      2.64128e-13
    7.96444e+00      2.01072e-05      1.00000e+02      2.52837e-13
    8.04569e+00      1.99246e-05      1.00000e+02      2.41840e-13
    8.12777e+00      1.97477e-05      1.00000e+02      2.31165e-13
    8.21069e+00      1.95761e-05      1.00000e+02      2.20794e-13
    8.29446e+00      1.94095e-05      1.00000e+02      2.10735e-13
    8.37908e+00      1.92480e-05      1.00000e+02      2.00977e-13
    8.46456e+00      1.90917e-05      1.00000e+02      1.91486e-13
    8.55092e+00      1.89407e-05      1.00000e+02      1.82289e-13
    8.63815e+00      1.87951e-05      1.00000e+02      1.73412e-13
    8.72628e+00      1.86540e-05      1.00000e+02      1.64801e-13
    8.81530e+00      1.85171e-05      1.00000e+02      1.56465e-13
    8.90523e+00      1.83862e-05      1.00000e+02      1.48412e-13
    8.99608e+00      1.82599e-05      1.00000e+02      1.40637e-13
    9.08786e+00      1.81376e-05      1.00000e+02      1.33123e-13
    9.18058e+00      1.80203e-05      1.00000e+02      1.25885e-13
    9.27424e+00      1.79074e-05      1.00000e+02      1.18907e-13
    9.36885e+00      1.77991e-05      1.00000e+02      1.12178e-13
    9.46443e+00      1.76950e-05      1.00000e+02      1.05717e-13
    9.56099e+00      1.75952e-05      1.00000e+02      9.94950e-14
    9.65853e+00      1.74996e-05      1.00000e+02      9.35318e-14
    9.75706e+00      1.74079e-05      1.00000e+02      8.77944e-14
    9.85660e+00      1.73204e-05      1.00000e+02      8.23091e-14
    9.95716e+00      1.72367e-05      1.00000e+02      7.70460e-14
    1.00587e+01      1.71567e-05      1.00000e+02      7.20215e-14
    1.01614e+01      1.70803e-05      1.00000e+02      6.72150e-14
    1.02650e+01      1.70077e-05      1.00000e+02      6.26297e-14
    1.03697e+01      1.69383e-05      1.00000e+02      5.82573e-14
    1.04755e+01      1.68726e-05      1.00000e+02      5.40901e-14
    1.05824e+01      1.68100e-05      1.00000e+02      5.01515e-14
    1.06904e+01      1.67505e-05      1.00000e+02      4.63985e-14
    1.07994e+01      1.66940e-05      1.00000e+02      4.28283e-14
    1.09096e+01      1.66406e-05      1.00000e+02      3.94742e-14
    1.10209e+01      1.65903e-05      1.00000e+02      3.62958e-14
    1.11333e+01      1.65420e-05      1.00000e+02      3.32864e-14
    1.12469e+01      1.64968e-05      1.00000e+02      3.04719e-14
    1.13617e+01      1.64543e-05      1.00000e+02      2.78191e-14
    1.14776e+01      1.64139e-05      1.00000e+02      2.53325e-14
    1.15947e+01      1.63759e-05      1.00000e+02      2.30068e-14
    1.17130e+01      1.63400e-05      1.00000e+02      2.08362e-14
    1.18325e+01      1.63063e-05      1.00000e+02      1.88141e-14
    1.19532e+01      1.62745e-05      1.00000e+02      1.69352e-14
    1.20751e+01      1.62446e-05      1.00000e+02      1.51999e-14
    1.21983e+01      1.62164e-05      1.00000e+02      1.35857e-14
    1.23228e+01      1.61899e-05      1.00000e+02      1.21131e-14
    1.24485e+01      1.61649e-05      1.00000e+02      1.07482e-14
    1.25755e+01      1.61415e-05      1.00000e+02      9.51365e-15
    1.27038e+01      1.61193e-05      1.00000e+02      8.37650e-15
    1.28334e+01      1.60985e-05      1.00000e+02      7.35627e-15
    1.29643e+01      1.60787e-05      1.00000e+02      6.42125e-15
    1.30966e+01      1.60600e-05      1.00000e+02      5.59250e-15
    1.32302e+01      1.60423e-05      1.00000e+02      4.84299e-15
    1.33651e+01      1.60255e-05      1.00000e+02      4.17654e-15
    1.35015e+01      1.60094e-05      1.00000e+02      3.58975e-15
    1.36392e+01      1.59942e-05      1.00000e+02      3.06814e-15
    1.37784e+01      1.59795e-05      1.00000e+02      2.61443e-15
    1.39189e+01      1.59655e-05      1.00000e+02      2.22048e-15
    1.40609e+01      1.59517e-05      1.00000e+02      1.87641e-15
    1.42044e+01      1.59385e-05      1.00000e+02      1.58494e-15
    1.43493e+01      1.59257e-05      1.00000e+02      1.33546e-15
    1.44957e+01      1.59132e-05      1.00000e+02      1.12065e-15
    1.46436e+01      1.59011e-05      1.00000e+02      9.44855e-16
    1.47930e+01      1.58890e-05      1.00000e+02      7.95075e-16
    1.49439e+01      1.58772e-05      1.00000e+02      6.69403e-16
    1.50963e+01      1.58655e-05      1.00000e+02      5.67545e-16
    1.52504e+01      1.58538e-05      1.00000e+02      4.81754e-16
    1.54059e+01      1.58422e-05      1.00000e+02      4.11715e-16
    1.55631e+01      1.58307e-05      1.00000e+02      3.53981e-16
    1.57219e+01      1.58191e-05      1.00000e+02      3.05771e-16
    1.58823e+01      1.58076e-05      1.00000e+02      2.66890e-16
    1.60443e+01      1.57961e-05      1.00000e+02      2.34405e-16
    1.62080e+01      1.57846e-05      1.00000e+02      2.07452e-16
    1.63733e+01      1.57729e-05      1.00000e+02      1.85022e-16
    1.65404e+01      1.57613e-05      1.00000e+02      1.66203e-16
    1.67091e+01      1.57495e-05      1.00000e+02      1.50271e-16
    1.68796e+01      1.57377e-05      1.00000e+02      1.36718e-16
    1.70518e+01      1.57258e-05      1.00000e+02      1.24998e-16
    1.72258e+01      1.57138e-05      1.00000e+02      1.14798e-16
    1.74015e+01      1.57017e-05      1.00000e+02      1.05794e-16
    1.75790e+01      1.56895e-05      1.00000e+02      9.77907e-17
    1.77584e+01      1.56773e-05      1.00000e+02      9.05294e-17
    1.79395e+01      1.56650e-05      1.00000e+02      8.39020e-17
    1.81226e+01      1.56525e-05      1.00000e+02      7.78368e-17
    1.83075e+01      1.56400e-05      1.00000e+02      7.22289e-17
    1.84942e+01      1.56274e-05      1.00000e+02      6.69810e-17
    1.86829e+01      1.56147e-05      1.00000e+02      6.20387e-17
    1.88735e+01      1.56018e-05      1.00000e+02      5.73905e-17
    1.90661e+01      1.55889e-05      1.00000e+02      5.30330e-17
    1.92606e+01      1.55758e-05      1.00000e+02      4.88790e-17
    1.94571e+01      1.55627e-05      1.00000e+02      4.49270e-17
    1.96556e+01      1.55494e-05      1.00000e+02      4.11738e-17
    1.98561e+01      1.55360e-05      1.00000e+02      3.75951e-17
    2.00587e+01      1.55225e-05      1.00000e+02      3.42286e-17
    2.02633e+01      1.55089e-05      1.00000e+02      3.10955e-17
    2.04700e+01      1.54953e-05      1.00000e+02      2.81474e-17
    2.06789e+01      1.54814e-05      1.00000e+02      2.53650e-17
    2.08898e+01      1.54675e-05      1.00000e+02      2.27565e-17
    2.11029e+01      1.54535e-05      1.00000e+02      2.03141e-17
    2.13182e+01      1.54393e-05      1.00000e+02      1.80256e-17
    2.15357e+01      1.54250e-05      1.00000e+02      1.59200e-17
    2.17554e+01      1.54106e-05      1.00000e+02      1.39894e-17
    2.19774e+01      1.53960e-05      1.00000e+02      1.22161e-17
    2.22016e+01      1.53814e-05      1.00000e+02      1.05793e-17
    2.24281e+01      1.53666e-05      1.00000e+02      9.07513e-18
    2.26569e+01      1.53517e-05      1.00000e+02      7.72478e-18
    2.28880e+01      1.53367e-05      1.00000e+02      6.51102e-18
    2.31215e+01      1.53215e-05      1.00000e+02      5.42830e-18
    2.33574e+01      1.53062e-05      1.00000e+02      4.45252e-18
    2.35957e+01      1.52908e-05      1.00000e+02      3.60391e-18
    2.38364e+01      1.52752e-05      1.00000e+02      2.87190e-18
    2.40796e+01      1.52595e-05      1.00000e+02      2.23106e-18
    2.43253e+01      1.52436e-05      1.00000e+02      1.70169e-18
    2.45735e+01      1.52277e-05      1.00000e+02      1.25228e-18
    2.48242e+01      1.52116e-05      1.00000e+02      8.97462e-19
    2.50774e+01      1.51954e-05      1.00000e+02      6.17673e-19
    2.53332e+01      1.51790e-05      1.00000e+02      4.08732e-19
    2.55917e+01      1.51625e-05      1.00000e+02      2.70423e-19
    2.58528e+01      1.51459e-05      1.00000e+02      1.94283e-19
    2.61165e+01      1.51291e-05      1.00000e+02      1.63644e-19
    2.63830e+01      1.51121e-05      1.00000e+02      1.36323e-19
    2.66521e+01      1.50951e-05      1.00000e+02      1.11583e-19
    2.69240e+01      1.50779e-05      1.00000e+02      8.93861e-20
    2.71987e+01      1.50605e-05      1.00000e+02      6.97104e-20
    2.74762e+01      1.50430e-05      1.00000e+02      5.25322e-20
    2.77565e+01      1.50253e-05      1.00000e+02      3.78274e-20
    2.80397e+01      1.50075e-05      1.00000e+02      2.55710e-20
    2.83257e+01      1.49895e-05      1.00000e+02      1.57375e-20
    2.86147e+01      1.49713e-05      1.00000e+02      8.30115e-21
    2.89067e+01      1.49530e-05      1.00000e+02      3.23576e-21
    2.92016e+01      1.49345e-05      1.00000e+02      5.17543e-22
    2.94995e+01      1.49159e-05      1.00000e+02      1.78917e-191
    2.98004e+01      1.48972e-05      1.00000e+02      1.75395e-191
    3.01045e+01      1.48783e-05      1.00000e+02      1.71908e-191
    3.04116e+01      1.48592e-05      1.00000e+02      1.68457e-191
    3.07218e+01      1.48400e-05      1.00000e+02      1.65041e-191
    3.10353e+01      1.48206e-05      1.00000e+02      1.61659e-191
    3.13519e+01      1.48011e-05      1.00000e+02      1.58311e-191
    3.16717e+01      1.47815e-05      1.00000e+02      1.54997e-191
    3.19948e+01      1.47617e-05      1.00000e+02      1.51716e-191
    3.23213e+01      1.47417e-05      1.00000e+02      1.48468e-191
    3.26510e+01      1.47216e-05      1.00000e+02      1.45254e-191
    3.29841e+01      1.47013e-05      1.00000e+02      1.42071e-191
    3.33206e+01      1.46809e-05      1.00000e+02      1.38921e-191
    3.36605e+01      1.46603e-05      1.00000e+02      1.35802e-191
    3.40040e+01      1.46394e-05      1.00000e+02      1.32716e-191
    3.43509e+01      1.46184e-05      1.00000e+02      1.29660e-191
    3.47013e+01      1.45972e-05      1.00000e+02      1.26635e-191
    3.50553e+01      1.45758e-05      1.00000e+02      1.23640e-191
    3.54130e+01      1.45542e-05      1.00000e+02      1.20676e-191
    3.57743e+01      1.45324e-05      1.00000e+02      1.17741e-191
    3.61392e+01      1.45105e-05      1.00000e+02      1.14837e-191
    3.65079e+01      1.44884e-05      1.00000e+02      1.11961e-191
    3.68804e+01      1.44661e-05      1.00000e+02      1.09115e-191
    3.72566e+01      1.44436e-05      1.00000e+02      1.06297e-191
    3.76367e+01      1.44210e-05      1.00000e+02      1.03508e-191
    3.80207e+01      1.43982e-05      1.00000e+02      1.00747e-191
    3.84086e+01      1.43752e-05      1.00000e+02      9.80132e-192
    3.88004e+01      1.43520e-05      1.00000e+02      9.53075e-192
    3.91963e+01      1.43287e-05      1.00000e+02      9.26290e-192
    3.95961e+01      1.43052e-05      1.00000e+02      8.99777e-192
    4.00001e+01      1.42816e-05      1.00000e+02      8.73530e-192
