    Er (keV)         SM dN/dE         BG dN/dE        BSM dN/dE (events/kg/day/keV)
    5.01000e-02      2.33052e-02      5.00000e+00      2.90237e-07
    5.07729e-02      2.29553e-02      5.00000e+00      2.85458e-07
    5.14550e-02      2.26008e-02      5.00000e+00      2.80614e-07
    5.21461e-02      2.22414e-02      5.00000e+00      2.75705e-07
    5.28466e-02      2.18773e-02      5.00000e+00      2.70730e-07
    5.35565e-02      2.15082e-02      5.00000e+00      2.65688e-07
    5.42760e-02      2.11342e-02      5.00000e+00      2.60578e-07
    5.50052e-02      2.07551e-02      5.00000e+00      2.55400e-07
    5.57441e-02      2.03710e-02      5.00000e+00      2.50152e-07
    5.64931e-02      1.99816e-02      5.00000e+00      2.44833e-07
    5.72520e-02      1.95871e-02      5.00000e+00      2.39442e-07
    5.80213e-02      1.91872e-02      5.00000e+00      2.33979e-07
    5.88008e-02      1.87819e-02      5.00000e+00      2.28443e-07
    5.95909e-02      1.83712e-02      5.00000e+00      2.22832e-07
    6.03916e-02      1.79549e-02      5.00000e+00      2.17145e-07
    6.12030e-02      1.75331e-02      5.00000e+00      2.11382e-07
    6.20254e-02      1.71056e-02      5.00000e+00      2.05542e-07
    6.28589e-02      1.66723e-02      5.00000e+00      1.99622e-07
    6.37035e-02      1.62332e-02      5.00000e+00      1.93623e-07
    6.45596e-02      1.57881e-02      5.00000e+00      1.87544e-07
    6.54271e-02      1.53371e-02      5.00000e+00      1.81382e-07
    6.63064e-02      1.48800e-02      5.00000e+00      1.75138e-07
    6.71974e-02      1.44168e-02      5.00000e+00      1.68809e-07
    6.81005e-02      1.39473e-02      5.00000e+00      1.62396e-07
    6.90157e-02      1.34715e-02      5.00000e+00      1.55896e-07
    6.99433e-02      1.29893e-02      5.00000e+00      1.49308e-07
    7.08833e-02      1.25007e-02      5.00000e+00      1.42632e-07
    7.18360e-02      1.20054e-02      5.00000e+00      1.35866e-07
    7.28014e-02      1.15035e-02      5.00000e+00      1.29009e-07
    7.37799e-02      1.09948e-02      5.00000e+00      1.22060e-07
    7.47716e-02      1.04793e-02      5.00000e+00      1.15017e-07
    7.57766e-02      9.95680e-03      5.00000e+00      1.07879e-07
    7.67951e-02      9.42730e-03      5.00000e+00      1.00646e-07
    7.78274e-02      8.89067e-03      5.00000e+00      9.33145e-08
    7.88735e-02      8.34683e-03      5.00000e+00      8.58847e-08
    7.99337e-02      7.79566e-03      5.00000e+00      7.83550e-08
    8.10082e-02      7.23708e-03      5.00000e+00      7.07239e-08
    8.20971e-02      6.67097e-03      5.00000e+00      6.29902e-08
    8.32007e-02      6.09725e-03      5.00000e+00      5.51523e-08
    8.43192e-02      5.51581e-03      5.00000e+00      4.72090e-08
    8.54527e-02      4.92654e-03      5.00000e+00      3.91587e-08
    8.66014e-02      4.32934e-03      5.00000e+00      3.10001e-08
    8.77657e-02      3.72410e-03      5.00000e+00      2.27317e-08
    8.89456e-02      3.11071e-03      5.00000e+00      1.43520e-08
    9.01413e-02      2.48908e-03      5.00000e+00      5.85947e-09
    9.13532e-02      2.34596e-03      5.00000e+00      4.33552e-09
    9.25814e-02      2.30566e-03      5.00000e+00      4.31478e-09
    9.38261e-02      2.26481e-03      5.00000e+00      4.29377e-09
    9.50875e-02      2.22342e-03      5.00000e+00      4.27247e-09
    9.63660e-02      2.18147e-03      5.00000e+00      4.25088e-09
    9.76616e-02      2.13895e-03      5.00000e+00      4.22901e-09
    9.89747e-02      2.09587e-03      5.00000e+00      4.20684e-09
    1.00305e-01      2.05220e-03      5.00000e+00      4.18437e-09
    1.01654e-01      2.00795e-03      5.00000e+00      4.16160e-09
    1.03021e-01      1.96310e-03      5.00000e+00      4.13852e-09
    1.04406e-01      1.91764e-03      5.00000e+00      4.11514e-09
    1.05810e-01      1.87158e-03      5.00000e+00      4.09143e-09
    1.07233e-01      1.82489e-03      5.00000e+00      4.06741e-09
    1.08675e-01      1.77758e-03      5.00000e+00      4.04307e-09
    1.10136e-01      1.72963e-03      5.00000e+00      4.01840e-09
    1.11617e-01      1.68103e-03      5.00000e+00      3.99339e-09
    1.13118e-01      1.63178e-03      5.00000e+00      3.96805e-09
    1.14639e-01      1.58187e-03      5.00000e+00      3.94237e-09
    1.16181e-01      1.53128e-03      5.00000e+00      3.91634e-09
    1.17743e-01      1.48002e-03      5.00000e+00      3.88996e-09
    1.19326e-01      1.42806e-03      5.00000e+00      3.86323e-09
    1.20931e-01      1.37540e-03      5.00000e+00      3.83614e-09
    1.22557e-01      1.32204e-03      5.00000e+00      3.80868e-09
    1.24205e-01      1.26796e-03      5.00000e+00      3.78085e-09
    1.25876e-01      1.21315e-03      5.00000e+00      3.75265e-09
    1.27568e-01      1.15760e-03      5.00000e+00      3.72407e-09
    1.29284e-01      1.10131e-03      5.00000e+00      3.69510e-09
    1.31023e-01      1.04789e-03      5.00000e+00      3.64286e-09
    1.32785e-01      1.01035e-03      5.00000e+00      3.48533e-09
    1.34571e-01      9.72307e-04      5.00000e+00      3.32567e-09
    1.36380e-01      9.33752e-04      5.00000e+00      3.16387e-09
    1.38215e-01      8.94678e-04      5.00000e+00      2.99989e-09
    1.40074e-01      8.55078e-04      5.00000e+00      2.83371e-09
    1.41957e-01      8.14945e-04      5.00000e+00      2.66528e-09
    1.43867e-01      7.74272e-04      5.00000e+00      2.49459e-09
    1.45802e-01      7.33051e-04      5.00000e+00      2.32161e-09
    1.47763e-01      6.91276e-04      5.00000e+00      2.14629e-09
    1.49750e-01      6.48938e-04      5.00000e+00      1.96862e-09
    1.51764e-01      6.06031e-04      5.00000e+00      1.78855e-09
    1.53805e-01      5.62546e-04      5.00000e+00      1.60606e-09
    1.55874e-01      5.18476e-04      5.00000e+00      1.42112e-09
    1.57971e-01      4.73813e-04      5.00000e+00      1.23368e-09
    1.60095e-01      4.28548e-04      5.00000e+00      1.04372e-09
    1.62249e-01      3.82675e-04      5.00000e+00      8.51209e-10
    1.64431e-01      3.36184e-04      5.00000e+00      6.56104e-10
    1.66643e-01      2.89067e-04      5.00000e+00      4.58372e-10
    1.68884e-01      2.41316e-04      5.00000e+00      2.57980e-10
    1.71156e-01      1.94947e-04      5.00000e+00      6.34022e-11
    1.73458e-01      1.94707e-04      5.00000e+00      6.27927e-11
    1.75792e-01      1.94465e-04      5.00000e+00      6.21750e-11
    1.78156e-01      1.94219e-04      5.00000e+00      6.15490e-11
    1.80553e-01      1.93969e-04      5.00000e+00      6.09146e-11
    1.82981e-01      1.93716e-04      5.00000e+00      6.02716e-11
    1.85443e-01      1.93460e-04      5.00000e+00      5.96200e-11
    1.87937e-01      1.93200e-04      5.00000e+00      5.89596e-11
    1.90465e-01      1.92937e-04      5.00000e+00      5.82903e-11
    1.93028e-01      1.92671e-04      5.00000e+00      5.76121e-11
    1.95624e-01      1.92400e-04      5.00000e+00      5.69247e-11
    1.98256e-01      1.92127e-04      5.00000e+00      5.62280e-11
    2.00923e-01      1.91849e-04      5.00000e+00      5.55219e-11
    2.03626e-01      1.91568e-04      5.00000e+00      5.48064e-11
    2.06365e-01      1.91282e-04      5.00000e+00      5.40812e-11
    2.09141e-01      1.90994e-04      5.00000e+00      5.33463e-11
    2.11954e-01      1.90703e-04      5.00000e+00      5.26437e-11
    2.14806e-01      1.90420e-04      5.00000e+00      5.21116e-11
    2.17695e-01      1.90133e-04      5.00000e+00      5.15723e-11
    2.20624e-01      1.89841e-04      5.00000e+00      5.10258e-11
    2.23592e-01      1.89546e-04      5.00000e+00      5.04719e-11
    2.26600e-01      1.89247e-04      5.00000e+00      4.99106e-11
    2.29649e-01      1.88944e-04      5.00000e+00      4.93417e-11
    2.32738e-01      1.88637e-04      5.00000e+00      4.87652e-11
    2.35869e-01      1.88326e-04      5.00000e+00      4.81809e-11
    2.39042e-01      1.88011e-04      5.00000e+00      4.75887e-11
    2.42258e-01      1.87691e-04      5.00000e+00      4.69886e-11
    2.45517e-01      1.87367e-04      5.00000e+00      4.63804e-11
    2.48821e-01      1.87039e-04      5.00000e+00      4.57640e-11
    2.52168e-01      1.86707e-04      5.00000e+00      4.51584e-11
    2.55561e-01      1.86384e-04      5.00000e+00      4.46869e-11
    2.58999e-01      1.86056e-04      5.00000e+00      4.42091e-11
    2.62483e-01      1.85724e-04      5.00000e+00      4.37249e-11
    2.66015e-01      1.85387e-04      5.00000e+00      4.32342e-11
    2.69594e-01      1.85046e-04      5.00000e+00      4.27368e-11
    2.73221e-01      1.84700e-04      5.00000e+00      4.22328e-11
    2.76897e-01      1.84350e-04      5.00000e+00      4.17219e-11
    2.80622e-01      1.83995e-04      5.00000e+00      4.12042e-11
    2.84398e-01      1.83635e-04      5.00000e+00      4.06795e-11
    2.88224e-01      1.83270e-04      5.00000e+00      4.01478e-11
    2.92102e-01      1.82900e-04      5.00000e+00      3.96089e-11
    2.96032e-01      1.82540e-04      5.00000e+00      3.91849e-11
    3.00015e-01      1.82175e-04      5.00000e+00      3.87559e-11
    3.04052e-01      1.81806e-04      5.00000e+00      3.83211e-11
    3.08142e-01      1.81431e-04      5.00000e+00      3.78804e-11
    3.12288e-01      1.81051e-04      5.00000e+00      3.74338e-11
    3.16490e-01      1.80667e-04      5.00000e+00      3.69811e-11
    3.20748e-01      1.80276e-04      5.00000e+00      3.65224e-11
    3.25064e-01      1.79881e-04      5.00000e+00      3.60575e-11
    3.29438e-01      1.79481e-04      5.00000e+00      3.55864e-11
    3.33870e-01      1.79079e-04      5.00000e+00      3.51390e-11
    3.38362e-01      1.78683e-04      5.00000e+00      3.47522e-11
    3.42915e-01      1.78281e-04      5.00000e+00      3.43601e-11
    3.47529e-01      1.77874e-04      5.00000e+00      3.39627e-11
    3.52205e-01      1.77461e-04      5.00000e+00      3.35600e-11
    3.56944e-01      1.77043e-04      5.00000e+00      3.31519e-11
    3.61747e-01      1.76619e-04      5.00000e+00      3.27383e-11
    3.66614e-01      1.76189e-04      5.00000e+00      3.23191e-11
    3.71547e-01      1.75754e-04      5.00000e+00      3.18943e-11
    3.76546e-01      1.75324e-04      5.00000e+00      3.15217e-11
    3.81613e-01      1.74893e-04      5.00000e+00      3.11644e-11
    3.86748e-01      1.74455e-04      5.00000e+00      3.08022e-11
    3.91952e-01      1.74012e-04      5.00000e+00      3.04352e-11
    3.97226e-01      1.73563e-04      5.00000e+00      3.00633e-11
    4.02571e-01      1.73108e-04      5.00000e+00      2.96863e-11
    4.07987e-01      1.72647e-04      5.00000e+00      2.93043e-11
    4.13477e-01      1.72180e-04      5.00000e+00      2.89206e-11
    4.19041e-01      1.71722e-04      5.00000e+00      2.85928e-11
    4.24679e-01      1.71258e-04      5.00000e+00      2.82606e-11
    4.30394e-01      1.70788e-04      5.00000e+00      2.79240e-11
    4.36185e-01      1.70312e-04      5.00000e+00      2.75828e-11
    4.42054e-01      1.69829e-04      5.00000e+00      2.72371e-11
    4.48003e-01      1.69339e-04      5.00000e+00      2.68867e-11
    4.54031e-01      1.68844e-04      5.00000e+00      2.65360e-11
    4.60140e-01      1.68357e-04      5.00000e+00      2.62304e-11
    4.66332e-01      1.67864e-04      5.00000e+00      2.59208e-11
    4.72607e-01      1.67364e-04      5.00000e+00      2.56069e-11
    4.78966e-01      1.66857e-04      5.00000e+00      2.52889e-11
    4.85412e-01      1.66343e-04      5.00000e+00      2.49665e-11
    4.91943e-01      1.65822e-04      5.00000e+00      2.46399e-11
    4.98563e-01      1.65306e-04      5.00000e+00      2.43414e-11
    5.05272e-01      1.64787e-04      5.00000e+00      2.40528e-11
    5.12071e-01      1.64262e-04      5.00000e+00      2.37602e-11
    5.18962e-01      1.63729e-04      5.00000e+00      2.34637e-11
    5.25945e-01      1.63190e-04      5.00000e+00      2.31632e-11
    5.33022e-01      1.62643e-04      5.00000e+00      2.28587e-11
    5.40195e-01      1.62103e-04      5.00000e+00      2.25833e-11
    5.47464e-01      1.61559e-04      5.00000e+00      2.23111e-11
    5.54831e-01      1.61007e-04      5.00000e+00      2.20352e-11
    5.62297e-01      1.60448e-04      5.00000e+00      2.17556e-11
    5.69864e-01      1.59882e-04      5.00000e+00      2.14723e-11
    5.77532e-01      1.59314e-04      5.00000e+00      2.11984e-11
    5.85304e-01      1.58749e-04      5.00000e+00      2.09425e-11
    5.93180e-01      1.58177e-04      5.00000e+00      2.06833e-11
    6.01162e-01      1.57596e-04      5.00000e+00      2.04205e-11
    6.09252e-01      1.57008e-04      5.00000e+00      2.01542e-11
    6.17451e-01      1.56417e-04      5.00000e+00      1.98936e-11
    6.25759e-01      1.55830e-04      5.00000e+00      1.96510e-11
    6.34180e-01      1.55236e-04      5.00000e+00      1.94051e-11
    6.42714e-01      1.54633e-04      5.00000e+00      1.91559e-11
    6.51363e-01      1.54022e-04      5.00000e+00      1.89034e-11
    6.60129e-01      1.53412e-04      5.00000e+00      1.86624e-11
    6.69012e-01      1.52802e-04      5.00000e+00      1.84307e-11
    6.78015e-01      1.52183e-04      5.00000e+00      1.81959e-11
    6.87139e-01      1.51556e-04      5.00000e+00      1.79579e-11
    6.96386e-01      1.50922e-04      5.00000e+00      1.77186e-11
    7.05757e-01      1.50295e-04      5.00000e+00      1.74987e-11
    7.15254e-01      1.49661e-04      5.00000e+00      1.72758e-11
    7.24880e-01      1.49017e-04      5.00000e+00      1.70500e-11
    7.34634e-01      1.48365e-04      5.00000e+00      1.68211e-11
    7.44521e-01      1.47719e-04      5.00000e+00      1.66081e-11
    7.54540e-01      1.47068e-04      5.00000e+00      1.63954e-11
    7.64694e-01      1.46407e-04      5.00000e+00      1.61798e-11
    7.74984e-01      1.45737e-04      5.00000e+00      1.59614e-11
    7.85414e-01      1.45074e-04      5.00000e+00      1.57573e-11
    7.95983e-01      1.44404e-04      5.00000e+00      1.55532e-11
    8.06695e-01      1.43725e-04      5.00000e+00      1.53463e-11
    8.17551e-01      1.43038e-04      5.00000e+00      1.51381e-11
    8.28553e-01      1.42359e-04      5.00000e+00      1.49439e-11
    8.39703e-01      1.41670e-04      5.00000e+00      1.47471e-11
    8.51003e-01      1.40972e-04      5.00000e+00      1.45476e-11
    8.62456e-01      1.40273e-04      5.00000e+00      1.43533e-11
    8.74062e-01      1.39574e-04      5.00000e+00      1.41653e-11
    8.85825e-01      1.38866e-04      5.00000e+00      1.39747e-11
    8.97746e-01      1.38149e-04      5.00000e+00      1.37820e-11
    9.09827e-01      1.37439e-04      5.00000e+00      1.36015e-11
    9.22071e-01      1.36720e-04      5.00000e+00      1.34186e-11
    9.34480e-01      1.35991e-04      5.00000e+00      1.32333e-11
    9.47056e-01      1.35265e-04      5.00000e+00      1.30559e-11
    9.59801e-01      1.34534e-04      5.00000e+00      1.28799e-11
    9.72717e-01      1.33793e-04      5.00000e+00      1.27015e-11
    9.85808e-01      1.33053e-04      5.00000e+00      1.25284e-11
    9.99074e-01      1.32311e-04      5.00000e+00      1.23583e-11
    1.01252e+00      1.31559e-04      5.00000e+00      1.21860e-11
    1.02615e+00      1.30806e-04      5.00000e+00      1.20182e-11
    1.03996e+00      1.30052e-04      5.00000e+00      1.18535e-11
    1.05395e+00      1.29287e-04      5.00000e+00      1.16866e-11
    1.06813e+00      1.28524e-04      5.00000e+00      1.15248e-11
    1.08251e+00      1.27757e-04      5.00000e+00      1.13648e-11
    1.09708e+00      1.26980e-04      5.00000e+00      1.12026e-11
    1.11184e+00      1.26207e-04      5.00000e+00      1.10473e-11
    1.12680e+00      1.25426e-04      5.00000e+00      1.08914e-11
    1.14197e+00      1.24638e-04      5.00000e+00      1.07350e-11
    1.15734e+00      1.23854e-04      5.00000e+00      1.05848e-11
    1.17291e+00      1.23060e-04      5.00000e+00      1.04326e-11
    1.18870e+00      1.22265e-04      5.00000e+00      1.02836e-11
    1.20469e+00      1.21468e-04      5.00000e+00      1.01367e-11
    1.22091e+00      1.20660e-04      5.00000e+00      9.98825e-12
    1.23734e+00      1.19860e-04      5.00000e+00      9.84612e-12
    1.25399e+00      1.19049e-04      5.00000e+00      9.70208e-12
    1.27087e+00      1.18238e-04      5.00000e+00      9.56109e-12
    1.28797e+00      1.17423e-04      5.00000e+00      9.42148e-12
    1.30530e+00      1.16601e-04      5.00000e+00      9.28193e-12
    1.32287e+00      1.15782e-04      5.00000e+00      9.14640e-12
    1.34067e+00      1.14951e-04      5.00000e+00      9.00904e-12
    1.35872e+00      1.14128e-04      5.00000e+00      8.87685e-12
    1.37700e+00      1.13293e-04      5.00000e+00      8.74315e-12
    1.39553e+00      1.12461e-04      5.00000e+00      8.61291e-12
    1.41431e+00      1.11621e-04      5.00000e+00      8.48272e-12
    1.43335e+00      1.10781e-04      5.00000e+00      8.35471e-12
    1.45264e+00      1.09937e-04      5.00000e+00      8.22770e-12
    1.47219e+00      1.09090e-04      5.00000e+00      8.10215e-12
    1.49200e+00      1.08242e-04      5.00000e+00      7.97810e-12
    1.51208e+00      1.07391e-04      5.00000e+00      7.85516e-12
    1.53243e+00      1.06538e-04      5.00000e+00      7.73379e-12
    1.55305e+00      1.05682e-04      5.00000e+00      7.61354e-12
    1.57395e+00      1.04824e-04      5.00000e+00      7.49467e-12
    1.59514e+00      1.03964e-04      5.00000e+00      7.37721e-12
    1.61660e+00      1.03101e-04      5.00000e+00      7.26064e-12
    1.63836e+00      1.02238e-04      5.00000e+00      7.14599e-12
    1.66041e+00      1.01369e-04      5.00000e+00      7.03155e-12
    1.68276e+00      1.00503e-04      5.00000e+00      6.91975e-12
    1.70540e+00      9.96285e-05      5.00000e+00      6.80749e-12
    1.72835e+00      9.87598e-05      5.00000e+00      6.69834e-12
    1.75162e+00      9.78844e-05      5.00000e+00      6.58905e-12
    1.77519e+00      9.70096e-05      5.00000e+00      6.48158e-12
    1.79908e+00      9.61334e-05      5.00000e+00      6.37522e-12
    1.82329e+00      9.52529e-05      5.00000e+00      6.26931e-12
    1.84783e+00      9.43761e-05      5.00000e+00      6.16583e-12
    1.87270e+00      9.34938e-05      5.00000e+00      6.06248e-12
    1.89790e+00      9.26124e-05      5.00000e+00      5.96076e-12
    1.92344e+00      9.17308e-05      5.00000e+00      5.86032e-12
    1.94933e+00      9.08451e-05      5.00000e+00      5.76023e-12
    1.97557e+00      8.99637e-05      5.00000e+00      5.66218e-12
    2.00215e+00      8.90800e-05      5.00000e+00      5.56490e-12
    2.02910e+00      8.81927e-05      5.00000e+00      5.46813e-12
    2.05641e+00      8.73092e-05      5.00000e+00      5.37335e-12
    2.08408e+00      8.64238e-05      5.00000e+00      5.27933e-12
    2.11213e+00      8.55357e-05      5.00000e+00      5.18595e-12
    2.14056e+00      8.46497e-05      5.00000e+00      5.09420e-12
    2.16937e+00      8.37648e-05      5.00000e+00      5.00352e-12
    2.19856e+00      8.28790e-05      5.00000e+00      4.91352e-12
    2.22815e+00      8.19932e-05      5.00000e+00      4.82437e-12
    2.25814e+00      8.11110e-05      5.00000e+00      4.73693e-12
    2.28853e+00      8.02274e-05      5.00000e+00      4.65025e-12
    2.31933e+00      7.93431e-05      5.00000e+00      4.56436e-12
    2.35054e+00      7.84587e-05      5.00000e+00      4.47930e-12
    2.38218e+00      7.75792e-05      5.00000e+00      4.39576e-12
    2.41424e+00      7.66996e-05      5.00000e+00      4.31310e-12
    2.44673e+00      7.58200e-05      5.00000e+00      4.23131e-12
    2.47966e+00      7.49408e-05      5.00000e+00      4.15039e-12
    2.51303e+00      7.40631e-05      5.00000e+00      4.07036e-12
    2.54685e+00      7.31898e-05      5.00000e+00      3.99162e-12
    2.58113e+00      7.23185e-05      5.00000e+00      3.91382e-12
    2.61587e+00      7.14488e-05      5.00000e+00      3.83688e-12
    2.65107e+00      7.05809e-05      5.00000e+00      3.76084e-12
    2.68675e+00      6.97149e-05      5.00000e+00      3.68569e-12
    2.72291e+00      6.88510e-05      5.00000e+00      3.61142e-12
    2.75956e+00      6.79892e-05      5.00000e+00      3.53810e-12
    2.79670e+00      6.71295e-05      5.00000e+00      3.46570e-12
    2.83434e+00      6.62726e-05      5.00000e+00      3.39419e-12
    2.87248e+00      6.54207e-05      5.00000e+00      3.32373e-12
    2.91114e+00      6.45711e-05      5.00000e+00      3.25414e-12
    2.95032e+00      6.37250e-05      5.00000e+00      3.18543e-12
    2.99003e+00      6.28825e-05      5.00000e+00      3.11758e-12
    3.03027e+00      6.20434e-05      5.00000e+00      3.05060e-12
    3.07105e+00      6.12079e-05      5.00000e+00      2.98454e-12
    3.11239e+00      6.03758e-05      5.00000e+00      2.91932e-12
    3.15428e+00      5.95483e-05      5.00000e+00      2.85492e-12
    3.19673e+00      5.87256e-05      5.00000e+00      2.79141e-12
    3.23975e+00      5.79071e-05      5.00000e+00      2.72877e-12
    3.28335e+00      5.70930e-05      5.00000e+00      2.66700e-12
    3.32754e+00      5.62838e-05      5.00000e+00      2.60611e-12
    3.37233e+00      5.54787e-05      5.00000e+00      2.54606e-12
    3.41771e+00      5.46785e-05      5.00000e+00      2.48683e-12
    3.46371e+00      5.38844e-05      5.00000e+00      2.42838e-12
    3.51033e+00      5.30954e-05      5.00000e+00      2.37074e-12
    3.55757e+00      5.23112e-05      5.00000e+00      2.31389e-12
    3.60545e+00      5.15328e-05      5.00000e+00      2.25795e-12
    3.65398e+00      5.07612e-05      5.00000e+00      2.20284e-12
    3.70315e+00      4.99953e-05      5.00000e+00      2.14850e-12
    3.75299e+00      4.92345e-05      5.00000e+00      2.09494e-12
    3.80350e+00      4.84788e-05      5.00000e+00      2.04213e-12
    3.85469e+00      4.77322e-05      5.00000e+00      1.99030e-12
    3.90657e+00      4.69916e-05      5.00000e+00      1.93918e-12
    3.95915e+00      4.62571e-05      5.00000e+00      1.88876e-12
    4.01243e+00      4.55303e-05      5.00000e+00      1.83920e-12
    4.06644e+00      4.48103e-05      5.00000e+00      1.79042e-12
    4.12116e+00      4.40961e-05      5.00000e+00      1.74234e-12
    4.17663e+00      4.33901e-05      5.00000e+00      1.69515e-12
    4.23284e+00      4.26911e-05      5.00000e+00      1.64869e-12
    4.28981e+00      4.19996e-05      5.00000e+00      1.60295e-12
    4.34755e+00      4.13176e-05      5.00000e+00      1.55806e-12
    4.40606e+00      4.06418e-05      5.00000e+00      1.51377e-12
    4.46536e+00      3.99756e-05      5.00000e+00      1.47040e-12
    4.52546e+00      3.93154e-05      5.00000e+00      1.42769e-12
    4.58636e+00      3.86643e-05      5.00000e+00      1.38579e-12
    4.64809e+00      3.80216e-05      5.00000e+00      1.34453e-12
    4.71065e+00      3.73889e-05      5.00000e+00      1.30411e-12
    4.77404e+00      3.67628e-05      5.00000e+00      1.26431e-12
    4.83830e+00      3.61466e-05      5.00000e+00      1.22537e-12
    4.90341e+00      3.55381e-05      5.00000e+00      1.18710e-12
    4.96941e+00      3.49389e-05      5.00000e+00      1.14953e-12
    5.03629e+00      3.43505e-05      5.00000e+00      1.11272e-12
    5.10407e+00      3.37703e-05      5.00000e+00      1.07660e-12
    5.17277e+00      3.31985e-05      5.00000e+00      1.04116e-12
    5.24239e+00      3.26372e-05      5.00000e+00      1.00647e-12
    5.31294e+00      3.20853e-05      5.00000e+00      9.72484e-13
    5.38445e+00      3.15419e-05      5.00000e+00      9.39173e-13
    5.45691e+00      3.10081e-05      5.00000e+00      9.06544e-13
    5.53036e+00      3.04856e-05      5.00000e+00      8.74659e-13
    5.60479e+00      2.99725e-05      5.00000e+00      8.43433e-13
    5.68022e+00      2.94693e-05      5.00000e+00      8.12885e-13
    5.75667e+00      2.89756e-05      5.00000e+00      7.83001e-13
    5.83415e+00      2.84918e-05      5.00000e+00      7.53813e-13
    5.91267e+00      2.80178e-05      5.00000e+00      7.25288e-13
    5.99225e+00      2.75545e-05      5.00000e+00      6.97430e-13
    6.07289e+00      2.71015e-05      5.00000e+00      6.70210e-13
    6.15463e+00      2.66590e-05      5.00000e+00      6.43656e-13
    6.23746e+00      2.62262e-05      5.00000e+00      6.17770e-13
    6.32141e+00      2.58029e-05      5.00000e+00      5.92528e-13
    6.40649e+00      2.53907e-05      5.00000e+00      5.67923e-13
    6.49271e+00      2.49889e-05      5.00000e+00      5.43915e-13
    6.58010e+00      2.45974e-05      5.00000e+00      5.20580e-13
    6.66866e+00      2.42153e-05      5.00000e+00      4.97869e-13
    6.75841e+00      2.38436e-05      5.00000e+00      4.75774e-13
    6.84937e+00      2.34836e-05      5.00000e+00      4.54296e-13
    6.94155e+00      2.31328e-05      5.00000e+00      4.33429e-13
    7.03498e+00      2.27918e-05      5.00000e+00      4.13141e-13
    7.12966e+00      2.24615e-05      5.00000e+00      3.93495e-13
    7.22562e+00      2.21412e-05      5.00000e+00      3.74410e-13
    7.32287e+00      2.18306e-05      5.00000e+00      3.55932e-13
    7.42142e+00      2.15306e-05      5.00000e+00      3.38029e-13
    7.52131e+00      2.12401e-05      5.00000e+00      3.20693e-13
    7.62253e+00      2.09599e-05      5.00000e+00      3.03925e-13
    7.72512e+00      2.06892e-05      5.00000e+00      2.87728e-13
    7.82910e+00      2.04280e-05      5.00000e+00      2.72085e-13
    7.93447e+00      2.01764e-05      5.00000e+00      2.57002e-13
    8.04125e+00      1.99343e-05      5.00000e+00      2.42424e-13
    8.14948e+00      1.97022e-05      5.00000e+00      2.28414e-13
    8.25916e+00      1.94789e-05      5.00000e+00      2.14922e-13
    8.37032e+00      1.92643e-05      5.00000e+00      2.01965e-13
    8.48298e+00      1.90588e-05      5.00000e+00      1.89480e-13
    8.59715e+00      1.88627e-05      5.00000e+00      1.77538e-13
    8.71285e+00      1.86752e-05      5.00000e+00      1.66095e-13
    8.83012e+00      1.84950e-05      5.00000e+00      1.55115e-13
    8.94896e+00      1.83247e-05      5.00000e+00      1.44626e-13
    9.06941e+00      1.81619e-05      5.00000e+00      1.34613e-13
    9.19147e+00      1.80068e-05      5.00000e+00      1.25057e-13
    9.31518e+00      1.78600e-05      5.00000e+00      1.15960e-13
    9.44055e+00      1.77205e-05      5.00000e+00      1.07300e-13
    9.56761e+00      1.75885e-05      5.00000e+00      9.90797e-14
    9.69637e+00      1.74637e-05      5.00000e+00      9.12928e-14
    9.82688e+00      1.73460e-05      5.00000e+00      8.39152e-14
    9.95914e+00      1.72351e-05      5.00000e+00      7.69472e-14
    1.00932e+01      1.71305e-05      5.00000e+00      7.03800e-14
    1.02290e+01      1.70325e-05      5.00000e+00      6.41903e-14
    1.03667e+01      1.69403e-05      5.00000e+00      5.83844e-14
    1.05062e+01      1.68542e-05      5.00000e+00      5.29284e-14
    1.06476e+01      1.67737e-05      5.00000e+00      4.78635e-14
    1.07909e+01      1.66983e-05      5.00000e+00      4.30965e-14
    1.09362e+01      1.66283e-05      5.00000e+00      3.86959e-14
    1.10833e+01      1.65632e-05      5.00000e+00      3.45983e-14
    1.12325e+01      1.65024e-05      5.00000e+00      3.08191e-14
    1.13837e+01      1.64464e-05      5.00000e+00      2.73333e-14
    1.15369e+01      1.63943e-05      5.00000e+00      2.41305e-14
    1.16922e+01      1.63462e-05      5.00000e+00      2.12062e-14
    1.18495e+01      1.63017e-05      5.00000e+00      1.85394e-14
    1.20090e+01      1.62605e-05      5.00000e+00      1.61168e-14
    1.21706e+01      1.62226e-05      5.00000e+00      1.39378e-14
    1.23344e+01      1.61876e-05      5.00000e+00      1.19816e-14
    1.25005e+01      1.61552e-05      5.00000e+00      1.02283e-14
    1.26687e+01      1.61252e-05      5.00000e+00      8.67656e-15
    1.28392e+01      1.60975e-05      5.00000e+00      7.31230e-15
    1.30120e+01      1.60719e-05      5.00000e+00      6.10680e-15
    1.31871e+01      1.60478e-05      5.00000e+00      5.07489e-15
    1.33646e+01      1.60256e-05      5.00000e+00      4.17883e-15
    1.35445e+01      1.60046e-05      5.00000e+00      3.41907e-15
    1.37268e+01      1.59849e-05      5.00000e+00      2.77682e-15
    1.39115e+01      1.59662e-05      5.00000e+00      2.23962e-15
    1.40988e+01      1.59482e-05      5.00000e+00      1.79576e-15
    1.42885e+01      1.59310e-05      5.00000e+00      1.43320e-15
    1.44808e+01      1.59144e-05      5.00000e+00      1.14059e-15
    1.46757e+01      1.58985e-05      5.00000e+00      9.09240e-16
    1.48732e+01      1.58827e-05      5.00000e+00      7.25976e-16
    1.50734e+01      1.58672e-05      5.00000e+00      5.81948e-16
    1.52763e+01      1.58519e-05      5.00000e+00      4.69297e-16
    1.54819e+01      1.58366e-05      5.00000e+00      3.81729e-16
    1.56903e+01      1.58214e-05      5.00000e+00      3.14717e-16
    1.59014e+01      1.58063e-05      5.00000e+00      2.62783e-16
    1.61155e+01      1.57911e-05      5.00000e+00      2.21875e-16
    1.63323e+01      1.57758e-05      5.00000e+00      1.90216e-16
    1.65522e+01      1.57605e-05      5.00000e+00      1.64980e-16
    1.67749e+01      1.57450e-05      5.00000e+00      1.44780e-16
    1.70007e+01      1.57293e-05      5.00000e+00      1.28265e-16
    1.72295e+01      1.57135e-05      5.00000e+00      1.14594e-16
    1.74614e+01      1.56976e-05      5.00000e+00      1.02994e-16
    1.76964e+01      1.56815e-05      5.00000e+00      9.29514e-17
    1.79346e+01      1.56653e-05      5.00000e+00      8.40744e-17
    1.81760e+01      1.56489e-05      5.00000e+00      7.61710e-17
    1.84206e+01      1.56324e-05      5.00000e+00      6.89967e-17
    1.86685e+01      1.56156e-05      5.00000e+00      6.24036e-17
    1.89198e+01      1.55987e-05      5.00000e+00      5.63153e-17
    1.91744e+01      1.55816e-05      5.00000e+00      5.06778e-17
    1.94325e+01      1.55643e-05      5.00000e+00      4.54080e-17
    1.96940e+01      1.55468e-05      5.00000e+00      4.04721e-17
    1.99591e+01      1.55292e-05      5.00000e+00      3.58519e-17
    2.02277e+01      1.55113e-05      5.00000e+00      3.16246e-17
    2.05000e+01      1.54933e-05      5.00000e+00      2.77343e-17
    2.07759e+01      1.54750e-05      5.00000e+00      2.41400e-17
    2.10555e+01      1.54566e-05      5.00000e+00      2.08429e-17
    2.13389e+01      1.54379e-05      5.00000e+00      1.78158e-17
    2.16261e+01      1.54191e-05      5.00000e+00      1.50977e-17
    2.19171e+01      1.54000e-05      5.00000e+00      1.26791e-17
    2.22121e+01      1.53807e-05      5.00000e+00      1.05063e-17
    2.25111e+01      1.53612e-05      5.00000e+00      8.56463e-18
    2.28140e+01      1.53415e-05      5.00000e+00      6.87893e-18
    2.31211e+01      1.53215e-05      5.00000e+00      5.43022e-18
    2.34323e+01      1.53013e-05      5.00000e+00      4.17071e-18
    2.37477e+01      1.52809e-05      5.00000e+00      3.13098e-18
    2.40673e+01      1.52603e-05      5.00000e+00      2.26001e-18
    2.43912e+01      1.52394e-05      5.00000e+00      1.57437e-18
    2.47195e+01      1.52183e-05      5.00000e+00      1.03347e-18
    2.50522e+01      1.51970e-05      5.00000e+00      6.41211e-19
    2.53894e+01      1.51754e-05      5.00000e+00      3.74709e-19
    2.57311e+01      1.51536e-05      5.00000e+00      2.21260e-19
    2.60774e+01      1.51316e-05      5.00000e+00      1.67897e-19
    2.64284e+01      1.51093e-05      5.00000e+00      1.31957e-19
    2.67840e+01      1.50867e-05      5.00000e+00      1.00470e-19
    2.71445e+01      1.50640e-05      5.00000e+00      7.33807e-20
    2.75099e+01      1.50409e-05      5.00000e+00      5.06323e-20
    2.78801e+01      1.50175e-05      5.00000e+00      3.21661e-20
    2.82554e+01      1.49939e-05      5.00000e+00      1.79221e-20
    2.86356e+01      1.49700e-05      5.00000e+00      7.85727e-21
    2.90211e+01      1.49458e-05      5.00000e+00      1.89829e-21
    2.94116e+01      1.49214e-05      5.00000e+00      8.78452e-25
    2.98075e+01      1.48968e-05      5.00000e+00      1.75313e-191
    3.02087e+01      1.48718e-05      5.00000e+00      1.70729e-191
    3.06153e+01      1.48466e-05      5.00000e+00      1.66207e-191
    3.10273e+01      1.48211e-05      5.00000e+00      1.61744e-191
    3.14449e+01      1.47954e-05      5.00000e+00      1.57340e-191
    3.18681e+01      1.47695e-05      5.00000e+00      1.52995e-191
    3.22970e+01      1.47432e-05      5.00000e+00      1.48707e-191
    3.27317e+01      1.47167e-05      5.00000e+00      1.44477e-191
    3.31722e+01      1.46899e-05      5.00000e+00      1.40302e-191
    3.36187e+01      1.46628e-05      5.00000e+00      1.36183e-191
    3.40712e+01      1.46354e-05      5.00000e+00      1.32118e-191
    3.45297e+01      1.46076e-05      5.00000e+00      1.28108e-191
    3.49945e+01      1.45795e-05      5.00000e+00      1.24151e-191
    3.54655e+01      1.45510e-05      5.00000e+00      1.20246e-191
    3.59428e+01      1.45223e-05      5.00000e+00      1.16393e-191
    3.64265e+01      1.44932e-05      5.00000e+00      1.12591e-191
    3.69168e+01      1.44639e-05      5.00000e+00      1.08839e-191
    3.74137e+01      1.44343e-05      5.00000e+00      1.05138e-191
    3.79172e+01      1.44043e-05      5.00000e+00      1.01485e-191
    3.84275e+01      1.43741e-05      5.00000e+00      9.78809e-192
    3.89447e+01      1.43435e-05      5.00000e+00      9.43247e-192
    3.94689e+01      1.43127e-05      5.00000e+00      9.08156e-192
    4.00001e+01      1.42816e-05      5.00000e+00      8.73530e-192
