    Er (keV)         SM dN/dE         BG dN/dE        BSM dN/dE (events/kg/day/keV)
    1.00100e-01      1.51655e+01      1.00000e+01      1.55322e-05
    1.01306e-01      1.50786e+01      1.00000e+01      1.53707e-05
    1.02526e-01      1.49905e+01      1.00000e+01      1.52072e-05
    1.03760e-01      1.49015e+01      1.00000e+01      1.50418e-05
    1.05010e-01      1.48114e+01      1.00000e+01      1.48743e-05
    1.06275e-01      1.47201e+01      1.00000e+01      1.47049e-05
    1.07555e-01      1.46278e+01      1.00000e+01      1.45334e-05
    1.08850e-01      1.45344e+01      1.00000e+01      1.43599e-05
    1.10161e-01      1.44398e+01      1.00000e+01      1.41842e-05
    1.11488e-01      1.43441e+01      1.00000e+01      1.40065e-05
    1.12830e-01      1.42473e+01      1.00000e+01      1.38266e-05
    1.14189e-01      1.41492e+01      1.00000e+01      1.36445e-05
    1.15565e-01      1.40500e+01      1.00000e+01      1.34602e-05
    1.16957e-01      1.39496e+01      1.00000e+01      1.32737e-05
    1.18365e-01      1.38480e+01      1.00000e+01      1.30850e-05
    1.19791e-01      1.37452e+01      1.00000e+01      1.28940e-05
    1.21234e-01      1.36411e+01      1.00000e+01      1.27007e-05
    1.22694e-01      1.35358e+01      1.00000e+01      1.25050e-05
    1.24172e-01      1.34292e+01      1.00000e+01      1.23070e-05
    1.25668e-01      1.33213e+01      1.00000e+01      1.21066e-05
    1.27182e-01      1.32121e+01      1.00000e+01      1.19038e-05
    1.28713e-01      1.31016e+01      1.00000e+01      1.16986e-05
    1.30264e-01      1.29898e+01      1.00000e+01      1.14909e-05
    1.31833e-01      1.28766e+01      1.00000e+01      1.12806e-05
    1.33421e-01      1.27620e+01      1.00000e+01      1.10679e-05
    1.35028e-01      1.26461e+01      1.00000e+01      1.08525e-05
    1.36655e-01      1.25288e+01      1.00000e+01      1.06346e-05
    1.38301e-01      1.24101e+01      1.00000e+01      1.04141e-05
    1.39967e-01      1.22899e+01      1.00000e+01      1.01908e-05
    1.41653e-01      1.21960e+01      1.00000e+01      1.00508e-05
    1.43360e-01      1.21080e+01      1.00000e+01      9.93067e-06
    1.45087e-01      1.20189e+01      1.00000e+01      9.80909e-06
    1.46834e-01      1.19287e+01      1.00000e+01      9.68606e-06
    1.48603e-01      1.18375e+01      1.00000e+01      9.56154e-06
    1.50393e-01      1.17451e+01      1.00000e+01      9.43551e-06
    1.52205e-01      1.16516e+01      1.00000e+01      9.30797e-06
    1.54039e-01      1.15570e+01      1.00000e+01      9.17889e-06
    1.55895e-01      1.14613e+01      1.00000e+01      9.04826e-06
    1.57773e-01      1.13644e+01      1.00000e+01      8.91605e-06
    1.59673e-01      1.12664e+01      1.00000e+01      8.78224e-06
    1.61597e-01      1.11671e+01      1.00000e+01      8.64683e-06
    1.63544e-01      1.10667e+01      1.00000e+01      8.50978e-06
    1.65514e-01      1.09650e+01      1.00000e+01      8.37108e-06
    1.67508e-01      1.08622e+01      1.00000e+01      8.23070e-06
    1.69526e-01      1.07580e+01      1.00000e+01      8.08864e-06
    1.71569e-01      1.06527e+01      1.00000e+01      7.94486e-06
    1.73636e-01      1.05460e+01      1.00000e+01      7.79935e-06
    1.75728e-01      1.04381e+01      1.00000e+01      7.65208e-06
    1.77845e-01      1.03289e+01      1.00000e+01      7.50304e-06
    1.79988e-01      1.02184e+01      1.00000e+01      7.35221e-06
    1.82156e-01      1.01253e+01      1.00000e+01      7.23940e-06
    1.84351e-01      1.00387e+01      1.00000e+01      7.14132e-06
    1.86572e-01      9.95108e+00      1.00000e+01      7.04205e-06
    1.88820e-01      9.86239e+00      1.00000e+01      6.94159e-06
    1.91095e-01      9.77264e+00      1.00000e+01      6.83991e-06
    1.93398e-01      9.68180e+00      1.00000e+01      6.73701e-06
    1.95728e-01      9.58987e+00      1.00000e+01      6.63287e-06
    1.98086e-01      9.49683e+00      1.00000e+01      6.52748e-06
    2.00473e-01      9.40266e+00      1.00000e+01      6.42081e-06
    2.02888e-01      9.30736e+00      1.00000e+01      6.31286e-06
    2.05333e-01      9.21092e+00      1.00000e+01      6.20360e-06
    2.07807e-01      9.11331e+00      1.00000e+01      6.09303e-06
    2.10311e-01      9.01452e+00      1.00000e+01      5.98113e-06
    2.12845e-01      8.91455e+00      1.00000e+01      5.86788e-06
    2.15410e-01      8.81336e+00      1.00000e+01      5.75326e-06
    2.18005e-01      8.71096e+00      1.00000e+01      5.63726e-06
    2.20632e-01      8.60733e+00      1.00000e+01      5.51986e-06
    2.23291e-01      8.52236e+00      1.00000e+01      5.43471e-06
    2.25981e-01      8.43872e+00      1.00000e+01      5.35250e-06
    2.28704e-01      8.35407e+00      1.00000e+01      5.26930e-06
    2.31460e-01      8.26840e+00      1.00000e+01      5.18509e-06
    2.34249e-01      8.18170e+00      1.00000e+01      5.09987e-06
    2.37072e-01      8.09395e+00      1.00000e+01      5.01362e-06
    2.39928e-01      8.00514e+00      1.00000e+01      4.92633e-06
    2.42820e-01      7.91526e+00      1.00000e+01      4.83799e-06
    2.45746e-01      7.82430e+00      1.00000e+01      4.74858e-06
    2.48707e-01      7.73224e+00      1.00000e+01      4.65810e-06
    2.51704e-01      7.63908e+00      1.00000e+01      4.56653e-06
    2.54737e-01      7.54479e+00      1.00000e+01      4.47385e-06
    2.57807e-01      7.44936e+00      1.00000e+01      4.38005e-06
    2.60913e-01      7.35278e+00      1.00000e+01      4.28512e-06
    2.64057e-01      7.27241e+00      1.00000e+01      4.21361e-06
    2.67239e-01      7.19291e+00      1.00000e+01      4.14384e-06
    2.70460e-01      7.11246e+00      1.00000e+01      4.07324e-06
    2.73719e-01      7.03103e+00      1.00000e+01      4.00178e-06
    2.77017e-01      6.94863e+00      1.00000e+01      3.92946e-06
    2.80356e-01      6.86523e+00      1.00000e+01      3.85626e-06
    2.83734e-01      6.78082e+00      1.00000e+01      3.78219e-06
    2.87153e-01      6.69540e+00      1.00000e+01      3.70722e-06
    2.90614e-01      6.60895e+00      1.00000e+01      3.63135e-06
    2.94116e-01      6.52145e+00      1.00000e+01      3.55457e-06
    2.97660e-01      6.43290e+00      1.00000e+01      3.47686e-06
    3.01247e-01      6.34328e+00      1.00000e+01      3.39821e-06
    3.04878e-01      6.26804e+00      1.00000e+01      3.33815e-06
    3.08552e-01      6.19313e+00      1.00000e+01      3.27893e-06
    3.12270e-01      6.11732e+00      1.00000e+01      3.21901e-06
    3.16033e-01      6.04060e+00      1.00000e+01      3.15836e-06
    3.19842e-01      5.96295e+00      1.00000e+01      3.09698e-06
    3.23696e-01      5.88436e+00      1.00000e+01      3.03487e-06
    3.27597e-01      5.80483e+00      1.00000e+01      2.97200e-06
    3.31545e-01      5.72434e+00      1.00000e+01      2.90837e-06
    3.35541e-01      5.64288e+00      1.00000e+01      2.84398e-06
    3.39585e-01      5.56043e+00      1.00000e+01      2.77881e-06
    3.43677e-01      5.48348e+00      1.00000e+01      2.72036e-06
    3.47819e-01      5.41348e+00      1.00000e+01      2.67033e-06
    3.52011e-01      5.34263e+00      1.00000e+01      2.61969e-06
    3.56253e-01      5.27093e+00      1.00000e+01      2.56845e-06
    3.60547e-01      5.19837e+00      1.00000e+01      2.51658e-06
    3.64892e-01      5.12493e+00      1.00000e+01      2.46409e-06
    3.69289e-01      5.05061e+00      1.00000e+01      2.41097e-06
    3.73740e-01      4.97539e+00      1.00000e+01      2.35721e-06
    3.78244e-01      4.89926e+00      1.00000e+01      2.30280e-06
    3.82803e-01      4.82406e+00      1.00000e+01      2.24962e-06
    3.87416e-01      4.75852e+00      1.00000e+01      2.20669e-06
    3.92085e-01      4.69219e+00      1.00000e+01      2.16325e-06
    3.96811e-01      4.62506e+00      1.00000e+01      2.11928e-06
    4.01593e-01      4.55712e+00      1.00000e+01      2.07477e-06
    4.06433e-01      4.48837e+00      1.00000e+01      2.02974e-06
    4.11331e-01      4.41878e+00      1.00000e+01      1.98416e-06
    4.16289e-01      4.34835e+00      1.00000e+01      1.93803e-06
    4.21306e-01      4.27708e+00      1.00000e+01      1.89134e-06
    4.26383e-01      4.21338e+00      1.00000e+01      1.85199e-06
    4.31522e-01      4.15133e+00      1.00000e+01      1.81442e-06
    4.36723e-01      4.08852e+00      1.00000e+01      1.77640e-06
    4.41987e-01      4.02496e+00      1.00000e+01      1.73792e-06
    4.47314e-01      3.96063e+00      1.00000e+01      1.69897e-06
    4.52705e-01      3.89553e+00      1.00000e+01      1.65956e-06
    4.58161e-01      3.82964e+00      1.00000e+01      1.61967e-06
    4.63683e-01      3.76459e+00      1.00000e+01      1.58068e-06
    4.69271e-01      3.70665e+00      1.00000e+01      1.54792e-06
    4.74927e-01      3.64802e+00      1.00000e+01      1.51477e-06
    4.80651e-01      3.58868e+00      1.00000e+01      1.48122e-06
    4.86444e-01      3.52862e+00      1.00000e+01      1.44726e-06
    4.92307e-01      3.46783e+00      1.00000e+01      1.41289e-06
    4.98241e-01      3.40632e+00      1.00000e+01      1.37811e-06
    5.04246e-01      3.34576e+00      1.00000e+01      1.34423e-06
    5.10323e-01      3.29127e+00      1.00000e+01      1.31518e-06
    5.16474e-01      3.23611e+00      1.00000e+01      1.28579e-06
    5.22699e-01      3.18029e+00      1.00000e+01      1.25604e-06
    5.28999e-01      3.12380e+00      1.00000e+01      1.22593e-06
    5.35375e-01      3.06663e+00      1.00000e+01      1.19546e-06
    5.41828e-01      3.00876e+00      1.00000e+01      1.16463e-06
    5.48358e-01      2.95607e+00      1.00000e+01      1.13765e-06
    5.54967e-01      2.90451e+00      1.00000e+01      1.11164e-06
    5.61656e-01      2.85234e+00      1.00000e+01      1.08531e-06
    5.68426e-01      2.79953e+00      1.00000e+01      1.05866e-06
    5.75277e-01      2.74609e+00      1.00000e+01      1.03170e-06
    5.82211e-01      2.69201e+00      1.00000e+01      1.00441e-06
    5.89228e-01      2.64273e+00      1.00000e+01      9.80455e-07
    5.96330e-01      2.59426e+00      1.00000e+01      9.57162e-07
    6.03518e-01      2.54521e+00      1.00000e+01      9.33589e-07
    6.10792e-01      2.49557e+00      1.00000e+01      9.09732e-07
    6.18154e-01      2.44533e+00      1.00000e+01      8.85587e-07
    6.25604e-01      2.39588e+00      1.00000e+01      8.62032e-07
    6.33145e-01      2.35072e+00      1.00000e+01      8.41292e-07
    6.40776e-01      2.30501e+00      1.00000e+01      8.20302e-07
    6.48500e-01      2.25876e+00      1.00000e+01      7.99059e-07
    6.56316e-01      2.21194e+00      1.00000e+01      7.77560e-07
    6.64227e-01      2.16457e+00      1.00000e+01      7.55802e-07
    6.72233e-01      2.12224e+00      1.00000e+01      7.37136e-07
    6.80335e-01      2.07942e+00      1.00000e+01      7.18252e-07
    6.88536e-01      2.03607e+00      1.00000e+01      6.99141e-07
    6.96835e-01      1.99221e+00      1.00000e+01      6.79799e-07
    7.05234e-01      1.94824e+00      1.00000e+01      6.60456e-07
    7.13734e-01      1.90847e+00      1.00000e+01      6.43513e-07
    7.22337e-01      1.86823e+00      1.00000e+01      6.26366e-07
    7.31044e-01      1.82750e+00      1.00000e+01      6.09012e-07
    7.39855e-01      1.78628e+00      1.00000e+01      5.91450e-07
    7.48773e-01      1.74670e+00      1.00000e+01      5.74783e-07
    7.57798e-01      1.70941e+00      1.00000e+01      5.59341e-07
    7.66932e-01      1.67168e+00      1.00000e+01      5.43713e-07
    7.76176e-01      1.63348e+00      1.00000e+01      5.27897e-07
    7.85532e-01      1.59499e+00      1.00000e+01      5.11981e-07
    7.95000e-01      1.55983e+00      1.00000e+01      4.98033e-07
    8.04583e-01      1.52424e+00      1.00000e+01      4.83917e-07
    8.14281e-01      1.48823e+00      1.00000e+01      4.69631e-07
    8.24096e-01      1.45178e+00      1.00000e+01      4.55173e-07
    8.34029e-01      1.41854e+00      1.00000e+01      4.42231e-07
    8.44082e-01      1.38548e+00      1.00000e+01      4.29404e-07
    8.54257e-01      1.35202e+00      1.00000e+01      4.16422e-07
    8.64553e-01      1.31816e+00      1.00000e+01      4.03284e-07
    8.74974e-01      1.28709e+00      1.00000e+01      3.91581e-07
    8.85521e-01      1.25605e+00      1.00000e+01      3.79946e-07
    8.96195e-01      1.22465e+00      1.00000e+01      3.68172e-07
    9.06997e-01      1.19315e+00      1.00000e+01      3.56388e-07
    9.17930e-01      1.16434e+00      1.00000e+01      3.45873e-07
    9.28994e-01      1.13519e+00      1.00000e+01      3.35232e-07
    9.40192e-01      1.10568e+00      1.00000e+01      3.24462e-07
    9.51525e-01      1.07719e+00      1.00000e+01      3.14192e-07
    9.62994e-01      1.05004e+00      1.00000e+01      3.04561e-07
    9.74602e-01      1.02255e+00      1.00000e+01      2.94813e-07
    9.86350e-01      9.94738e-01      1.00000e+01      2.84948e-07
    9.98239e-01      9.69338e-01      1.00000e+01      2.76166e-07
    1.01027e+00      9.43707e-01      1.00000e+01      2.67312e-07
    1.02245e+00      9.17768e-01      1.00000e+01      2.58352e-07
    1.03477e+00      8.93154e-01      1.00000e+01      2.49986e-07
    1.04725e+00      8.69205e-01      1.00000e+01      2.41932e-07
    1.05987e+00      8.44967e-01      1.00000e+01      2.33781e-07
    1.07265e+00      8.21400e-01      1.00000e+01      2.25917e-07
    1.08558e+00      7.98891e-01      1.00000e+01      2.18496e-07
    1.09866e+00      7.76111e-01      1.00000e+01      2.10986e-07
    1.11190e+00      7.53881e-01      1.00000e+01      2.03679e-07
    1.12531e+00      7.33101e-01      1.00000e+01      1.96895e-07
    1.13887e+00      7.12070e-01      1.00000e+01      1.90029e-07
    1.15260e+00      6.91324e-01      1.00000e+01      1.83349e-07
    1.16649e+00      6.71367e-01      1.00000e+01      1.77105e-07
    1.18055e+00      6.51170e-01      1.00000e+01      1.70787e-07
    1.19478e+00      6.31693e-01      1.00000e+01      1.64719e-07
    1.20919e+00      6.13109e-01      1.00000e+01      1.58960e-07
    1.22376e+00      5.94301e-01      1.00000e+01      1.53133e-07
    1.23851e+00      5.76450e-01      1.00000e+01      1.47670e-07
    1.25344e+00      5.58949e-01      1.00000e+01      1.42350e-07
    1.26855e+00      5.41236e-01      1.00000e+01      1.36966e-07
    1.28384e+00      5.24908e-01      1.00000e+01      1.32100e-07
    1.29932e+00      5.08409e-01      1.00000e+01      1.27185e-07
    1.31498e+00      4.92268e-01      1.00000e+01      1.22415e-07
    1.33083e+00      4.76869e-01      1.00000e+01      1.17930e-07
    1.34687e+00      4.61285e-01      1.00000e+01      1.13390e-07
    1.36311e+00      4.46686e-01      1.00000e+01      1.09200e-07
    1.37954e+00      4.32129e-01      1.00000e+01      1.05035e-07
    1.39617e+00      4.17895e-01      1.00000e+01      1.00989e-07
    1.41300e+00      4.04281e-01      1.00000e+01      9.71654e-08
    1.43003e+00      3.90505e-01      1.00000e+01      9.32963e-08
    1.44727e+00      3.77738e-01      1.00000e+01      8.97917e-08
    1.46471e+00      3.64816e-01      1.00000e+01      8.62448e-08
    1.48237e+00      3.52498e-01      1.00000e+01      8.29134e-08
    1.50024e+00      3.40388e-01      1.00000e+01      7.96629e-08
    1.51832e+00      3.28561e-01      1.00000e+01      7.65090e-08
    1.53662e+00      3.17175e-01      1.00000e+01      7.35015e-08
    1.55515e+00      3.05868e-01      1.00000e+01      7.05257e-08
    1.57389e+00      2.95156e-01      1.00000e+01      6.77461e-08
    1.59287e+00      2.84391e-01      1.00000e+01      6.49571e-08
    1.61207e+00      2.74297e-01      1.00000e+01      6.23896e-08
    1.63150e+00      2.64082e-01      1.00000e+01      5.97911e-08
    1.65116e+00      2.54562e-01      1.00000e+01      5.74221e-08
    1.67107e+00      2.44927e-01      1.00000e+01      5.50247e-08
    1.69121e+00      2.35908e-01      1.00000e+01      5.28044e-08
    1.71160e+00      2.26810e-01      1.00000e+01      5.05654e-08
    1.73223e+00      2.18290e-01      1.00000e+01      4.84868e-08
    1.75311e+00      2.09707e-01      1.00000e+01      4.63940e-08
    1.77424e+00      2.01658e-01      1.00000e+01      4.44502e-08
    1.79563e+00      1.93597e-01      1.00000e+01      4.25063e-08
    1.81728e+00      1.85982e-01      1.00000e+01      4.06886e-08
    1.83918e+00      1.78437e-01      1.00000e+01      3.88926e-08
    1.86135e+00      1.71219e-01      1.00000e+01      3.71880e-08
    1.88379e+00      1.64175e-01      1.00000e+01      3.55283e-08
    1.90650e+00      1.57349e-01      1.00000e+01      3.39245e-08
    1.92948e+00      1.50783e-01      1.00000e+01      3.23934e-08
    1.95274e+00      1.44293e-01      1.00000e+01      3.08858e-08
    1.97628e+00      1.38256e-01      1.00000e+01      2.94808e-08
    2.00010e+00      1.32261e-01      1.00000e+01      2.80950e-08
    2.02421e+00      1.26459e-01      1.00000e+01      2.67840e-08
    2.04861e+00      1.20864e-01      1.00000e+01      2.55206e-08
    2.07331e+00      1.15407e-01      1.00000e+01      2.42892e-08
    2.09830e+00      1.10267e-01      1.00000e+01      2.31382e-08
    2.12359e+00      1.05214e-01      1.00000e+01      2.20123e-08
    2.14919e+00      1.00350e-01      1.00000e+01      2.09389e-08
    2.17510e+00      9.57011e-02      1.00000e+01      1.99230e-08
    2.20132e+00      9.11546e-02      1.00000e+01      1.89360e-08
    2.22785e+00      8.68158e-02      1.00000e+01      1.80065e-08
    2.25471e+00      8.26428e-02      1.00000e+01      1.71154e-08
    2.28189e+00      7.85756e-02      1.00000e+01      1.62486e-08
    2.30940e+00      7.46932e-02      1.00000e+01      1.54227e-08
    2.33723e+00      7.09684e-02      1.00000e+01      1.46331e-08
    2.36541e+00      6.73482e-02      1.00000e+01      1.38672e-08
    2.39392e+00      6.38652e-02      1.00000e+01      1.31316e-08
    2.42278e+00      6.05641e-02      1.00000e+01      1.24386e-08
    2.45198e+00      5.73625e-02      1.00000e+01      1.17682e-08
    2.48154e+00      5.42638e-02      1.00000e+01      1.11205e-08
    2.51146e+00      5.13267e-02      1.00000e+01      1.05069e-08
    2.54173e+00      4.85158e-02      1.00000e+01      9.92015e-09
    2.57237e+00      4.58104e-02      1.00000e+01      9.35569e-09
    2.60338e+00      4.32111e-02      1.00000e+01      8.81422e-09
    2.63476e+00      4.07288e-02      1.00000e+01      8.30149e-09
    2.66652e+00      3.83681e-02      1.00000e+01      7.81603e-09
    2.69867e+00      3.61105e-02      1.00000e+01      7.35137e-09
    2.73120e+00      3.39514e-02      1.00000e+01      6.90748e-09
    2.76412e+00      3.18826e-02      1.00000e+01      6.48449e-09
    2.79744e+00      2.99147e-02      1.00000e+01      6.08537e-09
    2.83116e+00      2.80623e-02      1.00000e+01      5.71044e-09
    2.86529e+00      2.62937e-02      1.00000e+01      5.35557e-09
    2.89983e+00      2.46042e-02      1.00000e+01      5.01847e-09
    2.93479e+00      2.29946e-02      1.00000e+01      4.69708e-09
    2.97017e+00      2.14663e-02      1.00000e+01      4.39043e-09
    3.00597e+00      2.00142e-02      1.00000e+01      4.09865e-09
    3.04220e+00      1.86359e-02      1.00000e+01      3.82161e-09
    3.07888e+00      1.73390e-02      1.00000e+01      3.56101e-09
    3.11599e+00      1.61108e-02      1.00000e+01      3.31435e-09
    3.15355e+00      1.49504e-02      1.00000e+01      3.07998e-09
    3.19157e+00      1.38526e-02      1.00000e+01      2.85732e-09
    3.23004e+00      1.28167e-02      1.00000e+01      2.64619e-09
    3.26898e+00      1.18414e-02      1.00000e+01      2.44649e-09
    3.30839e+00      1.09248e-02      1.00000e+01      2.25817e-09
    3.34827e+00      1.00643e-02      1.00000e+01      2.08090e-09
    3.38863e+00      9.25800e-03      1.00000e+01      1.91398e-09
    3.42948e+00      8.50391e-03      1.00000e+01      1.75682e-09
    3.47082e+00      7.79977e-03      1.00000e+01      1.60918e-09
    3.51266e+00      7.14349e-03      1.00000e+01      1.47082e-09
    3.55500e+00      6.53291e-03      1.00000e+01      1.34171e-09
    3.59786e+00      5.96538e-03      1.00000e+01      1.22155e-09
    3.64123e+00      5.44034e-03      1.00000e+01      1.11014e-09
    3.68512e+00      4.95430e-03      1.00000e+01      1.00645e-09
    3.72955e+00      4.50736e-03      1.00000e+01      9.10774e-10
    3.77450e+00      4.09678e-03      1.00000e+01      8.22990e-10
    3.82000e+00      3.71920e-03      1.00000e+01      7.42583e-10
    3.86605e+00      3.37248e-03      1.00000e+01      6.69380e-10
    3.91266e+00      3.05496e-03      1.00000e+01      6.02134e-10
    3.95982e+00      2.76322e-03      1.00000e+01      5.39703e-10
    4.00756e+00      2.49751e-03      1.00000e+01      4.81945e-10
    4.05587e+00      2.25697e-03      1.00000e+01      4.29339e-10
    4.10476e+00      2.03846e-03      1.00000e+01      3.81439e-10
    4.15424e+00      1.84005e-03      1.00000e+01      3.37980e-10
    4.20432e+00      1.65992e-03      1.00000e+01      2.97629e-10
    4.25500e+00      1.47997e-03      1.00000e+01      2.60625e-10
    4.30629e+00      1.35439e-03      1.00000e+01      2.27047e-10
    4.35821e+00      1.22515e-03      1.00000e+01      1.96424e-10
    4.41074e+00      1.10945e-03      1.00000e+01      1.68698e-10
    4.46391e+00      1.00894e-03      1.00000e+01      1.44136e-10
    4.51772e+00      9.20302e-04      1.00000e+01      1.22025e-10
    4.57218e+00      8.42252e-04      1.00000e+01      1.02257e-10
    4.62730e+00      7.76343e-04      1.00000e+01      8.53880e-11
    4.68308e+00      7.18300e-04      1.00000e+01      7.05932e-11
    4.73954e+00      6.69145e-04      1.00000e+01      5.82399e-11
    4.79667e+00      6.28119e-04      1.00000e+01      4.82023e-11
    4.85449e+00      5.93065e-04      1.00000e+01      4.00279e-11
    4.91301e+00      5.64334e-04      1.00000e+01      3.38430e-11
    4.97224e+00      5.39890e-04      1.00000e+01      2.90931e-11
    5.03218e+00      5.19538e-04      1.00000e+01      2.53712e-11
    5.09284e+00      5.02092e-04      1.00000e+01      2.23221e-11
    5.15423e+00      4.87121e-04      1.00000e+01      1.96189e-11
    5.21636e+00      4.73868e-04      1.00000e+01      1.71213e-11
    5.27925e+00      4.62177e-04      1.00000e+01      1.48517e-11
    5.34289e+00      4.51689e-04      1.00000e+01      1.27714e-11
    5.40729e+00      4.42480e-04      1.00000e+01      1.09127e-11
    5.47248e+00      4.34331e-04      1.00000e+01      9.25266e-12
    5.53845e+00      4.27193e-04      1.00000e+01      7.79035e-12
    5.60521e+00      4.21086e-04      1.00000e+01      6.54274e-12
    5.67278e+00      4.15754e-04      1.00000e+01      5.46948e-12
    5.74117e+00      4.11199e-04      1.00000e+01      4.53449e-12
    5.81037e+00      4.07361e-04      1.00000e+01      3.74426e-12
    5.88042e+00      4.04089e-04      1.00000e+01      3.08360e-12
    5.95131e+00      4.01311e-04      1.00000e+01      2.55095e-12
    6.02305e+00      3.98987e-04      1.00000e+01      2.11911e-12
    6.09565e+00      3.97055e-04      1.00000e+01      1.75385e-12
    6.16914e+00      3.95429e-04      1.00000e+01      1.44956e-12
    6.24350e+00      3.94053e-04      1.00000e+01      1.20569e-12
    6.31877e+00      3.92891e-04      1.00000e+01      1.01777e-12
    6.39494e+00      3.91911e-04      1.00000e+01      8.55252e-13
    6.47203e+00      3.91084e-04      1.00000e+01      7.08283e-13
    6.55005e+00      3.90374e-04      1.00000e+01      5.76632e-13
    6.62901e+00      3.89762e-04      1.00000e+01      4.60274e-13
    6.70892e+00      3.89240e-04      1.00000e+01      3.58220e-13
    6.78979e+00      3.88801e-04      1.00000e+01      2.69242e-13
    6.87164e+00      3.88436e-04      1.00000e+01      1.93244e-13
    6.95448e+00      3.88140e-04      1.00000e+01      1.30122e-13
    7.03832e+00      3.87900e-04      1.00000e+01      7.96659e-14
    7.12316e+00      3.87713e-04      1.00000e+01      4.17066e-14
    7.20903e+00      3.87567e-04      1.00000e+01      1.60754e-14
    7.29593e+00      3.87457e-04      1.00000e+01      2.60365e-15
    7.38389e+00      3.87376e-04      1.00000e+01      -3.13778e-195
    7.47290e+00      3.87309e-04      1.00000e+01      -1.12701e-194
    7.56298e+00      3.87259e-04      1.00000e+01      -1.93016e-194
    7.65415e+00      3.87211e-04      1.00000e+01      -2.72374e-194
    7.74642e+00      3.87168e-04      1.00000e+01      -3.50817e-194
    7.83980e+00      3.87117e-04      1.00000e+01      -4.28348e-194
    7.93431e+00      3.87070e-04      1.00000e+01      -5.04897e-194
    8.02996e+00      3.87020e-04      1.00000e+01      -5.80579e-194
    8.12676e+00      3.86970e-04      1.00000e+01      -6.55360e-194
    8.22473e+00      3.86919e-04      1.00000e+01      -7.29230e-194
    8.32387e+00      3.86871e-04      1.00000e+01      -8.02266e-194
    8.42422e+00      3.86818e-04      1.00000e+01      -8.74379e-194
    8.52577e+00      3.86764e-04      1.00000e+01      -9.45688e-194
    8.62855e+00      3.86712e-04      1.00000e+01      -1.01610e-193
    8.73256e+00      3.86659e-04      1.00000e+01      -1.08571e-193
    8.83783e+00      3.86604e-04      1.00000e+01      -1.15448e-193
    8.94437e+00      3.86550e-04      1.00000e+01      -1.22243e-193
    9.05220e+00      3.86495e-04      1.00000e+01      -1.28959e-193
    9.16132e+00      3.86439e-04      1.00000e+01      -1.35594e-193
    9.27176e+00      3.86384e-04      1.00000e+01      -1.42149e-193
    9.38353e+00      3.86326e-04      1.00000e+01      -1.48627e-193
    9.49664e+00      3.86269e-04      1.00000e+01      -1.55030e-193
    9.61113e+00      3.86210e-04      1.00000e+01      -1.61356e-193
    9.72699e+00      3.86152e-04      1.00000e+01      -1.67605e-193
    9.84424e+00      3.86094e-04      1.00000e+01      -1.73780e-193
    9.96292e+00      3.86032e-04      1.00000e+01      -1.79882e-193
    1.00830e+01      3.85972e-04      1.00000e+01      -1.85911e-193
    1.02046e+01      3.85910e-04      1.00000e+01      -1.91869e-193
    1.03276e+01      3.85849e-04      1.00000e+01      -1.97756e-193
    1.04521e+01      3.85786e-04      1.00000e+01      -2.03574e-193
    1.05781e+01      3.85722e-04      1.00000e+01      -2.09323e-193
    1.07056e+01      3.85658e-04      1.00000e+01      -2.15001e-193
    1.08347e+01      3.85594e-04      1.00000e+01      -2.20613e-193
    1.09653e+01      3.85530e-04      1.00000e+01      -2.26158e-193
    1.10974e+01      3.85463e-04      1.00000e+01      -2.31638e-193
    1.12312e+01      3.85394e-04      1.00000e+01      -2.37052e-193
    1.13666e+01      3.85328e-04      1.00000e+01      -2.42401e-193
    1.15036e+01      3.85261e-04      1.00000e+01      -2.47688e-193
    1.16423e+01      3.85194e-04      1.00000e+01      -2.52910e-193
    1.17827e+01      3.85123e-04      1.00000e+01      -2.58072e-193
    1.19247e+01      3.85052e-04      1.00000e+01      -2.63171e-193
    1.20685e+01      3.84980e-04      1.00000e+01      -2.68211e-193
    1.22139e+01      3.84907e-04      1.00000e+01      -2.73188e-193
    1.23612e+01      3.84833e-04      1.00000e+01      -2.78108e-193
    1.25102e+01      3.84762e-04      1.00000e+01      -2.82970e-193
    1.26610e+01      3.84686e-04      1.00000e+01      -2.87773e-193
    1.28136e+01      3.84611e-04      1.00000e+01      -2.92519e-193
    1.29681e+01      3.84535e-04      1.00000e+01      -2.97209e-193
    1.31244e+01      3.84459e-04      1.00000e+01      -3.01843e-193
    1.32826e+01      3.84380e-04      1.00000e+01      -3.06421e-193
    1.34428e+01      3.84301e-04      1.00000e+01      -3.10946e-193
    1.36048e+01      3.84222e-04      1.00000e+01      -3.15416e-193
    1.37688e+01      3.84139e-04      1.00000e+01      -3.19833e-193
    1.39348e+01      3.84059e-04      1.00000e+01      -3.24197e-193
    1.41028e+01      3.83978e-04      1.00000e+01      -3.28509e-193
    1.42728e+01      3.83896e-04      1.00000e+01      -3.32770e-193
    1.44448e+01      3.83807e-04      1.00000e+01      -3.36981e-193
    1.46190e+01      3.83724e-04      1.00000e+01      -3.41141e-193
    1.47952e+01      3.83636e-04      1.00000e+01      -3.45252e-193
    1.49736e+01      3.83550e-04      1.00000e+01      -3.49314e-193
    1.51541e+01      3.83463e-04      1.00000e+01      -3.53327e-193
    1.53367e+01      3.83375e-04      1.00000e+01      -3.57293e-193
    1.55216e+01      3.83285e-04      1.00000e+01      -3.61211e-193
    1.57087e+01      3.83195e-04      1.00000e+01      -3.65083e-193
    1.58981e+01      3.83104e-04      1.00000e+01      -3.68909e-193
    1.60898e+01      3.83011e-04      1.00000e+01      -3.72688e-193
    1.62837e+01      3.82918e-04      1.00000e+01      -3.76423e-193
    1.64800e+01      3.82823e-04      1.00000e+01      -3.80114e-193
    1.66787e+01      3.82729e-04      1.00000e+01      -3.83760e-193
    1.68797e+01      3.82631e-04      1.00000e+01      -3.87363e-193
    1.70832e+01      3.82535e-04      1.00000e+01      -3.90923e-193
    1.72892e+01      3.82435e-04      1.00000e+01      -3.94441e-193
    1.74976e+01      3.82335e-04      1.00000e+01      -3.97917e-193
    1.77085e+01      3.82236e-04      1.00000e+01      -4.01351e-193
    1.79220e+01      3.82134e-04      1.00000e+01      -4.04745e-193
    1.81380e+01      3.82031e-04      1.00000e+01      -4.08098e-193
    1.83567e+01      3.81930e-04      1.00000e+01      -4.11411e-193
    1.85780e+01      3.81825e-04      1.00000e+01      -4.14684e-193
    1.88019e+01      3.81719e-04      1.00000e+01      -4.17919e-193
    1.90286e+01      3.81613e-04      1.00000e+01      -4.21115e-193
    1.92580e+01      3.81503e-04      1.00000e+01      -4.24273e-193
    1.94901e+01      3.81395e-04      1.00000e+01      -4.27393e-193
    1.97251e+01      3.81280e-04      1.00000e+01      -4.30476e-193
    1.99629e+01      3.81173e-04      1.00000e+01      -4.33522e-193
    2.02035e+01      3.81058e-04      1.00000e+01      -4.36532e-193
    2.04471e+01      3.80945e-04      1.00000e+01      -4.39506e-193
    2.06936e+01      3.80828e-04      1.00000e+01      -4.42445e-193
    2.09430e+01      3.80709e-04      1.00000e+01      -4.45349e-193
    2.11955e+01      3.80595e-04      1.00000e+01      -4.48218e-193
    2.14510e+01      3.80475e-04      1.00000e+01      -4.51052e-193
    2.17096e+01      3.80355e-04      1.00000e+01      -4.53853e-193
    2.19713e+01      3.80235e-04      1.00000e+01      -4.56621e-193
    2.22362e+01      3.80111e-04      1.00000e+01      -4.59355e-193
    2.25042e+01      3.79988e-04      1.00000e+01      -4.62057e-193
    2.27755e+01      3.79861e-04      1.00000e+01      -4.64727e-193
    2.30501e+01      3.79735e-04      1.00000e+01      -4.67365e-193
    2.33279e+01      3.79614e-04      1.00000e+01      -4.69971e-193
    2.36092e+01      3.79477e-04      1.00000e+01      -4.72547e-193
    2.38938e+01      3.79348e-04      1.00000e+01      -4.75091e-193
    2.41818e+01      3.79219e-04      1.00000e+01      -4.77606e-193
    2.44733e+01      3.79085e-04      1.00000e+01      -4.80090e-193
    2.47683e+01      3.78951e-04      1.00000e+01      -4.82545e-193
    2.50669e+01      3.78815e-04      1.00000e+01      -4.84970e-193
    2.53691e+01      3.78679e-04      1.00000e+01      -4.87366e-193
    2.56749e+01      3.78539e-04      1.00000e+01      -4.89734e-193
    2.59844e+01      3.78399e-04      1.00000e+01      -4.92074e-193
    2.62977e+01      3.78259e-04      1.00000e+01      -4.94385e-193
    2.66147e+01      3.78115e-04      1.00000e+01      -4.96670e-193
    2.69355e+01      3.77969e-04      1.00000e+01      -4.98926e-193
    2.72602e+01      3.77803e-04      1.00000e+01      -5.01156e-193
    2.75889e+01      3.77677e-04      1.00000e+01      -5.03360e-193
    2.79214e+01      3.77528e-04      1.00000e+01      -5.05537e-193
    2.82580e+01      3.77377e-04      1.00000e+01      -5.07688e-193
    2.85987e+01      3.77226e-04      1.00000e+01      -5.09813e-193
    2.89434e+01      3.77072e-04      1.00000e+01      -5.11913e-193
    2.92924e+01      3.76918e-04      1.00000e+01      -5.13988e-193
    2.96455e+01      3.76761e-04      1.00000e+01      -5.16038e-193
    3.00029e+01      3.76602e-04      1.00000e+01      -5.18064e-193
    3.03645e+01      3.76444e-04      1.00000e+01      -5.20065e-193
    3.07306e+01      3.76282e-04      1.00000e+01      -5.22043e-193
    3.11010e+01      3.76117e-04      1.00000e+01      -5.23997e-193
    3.14760e+01      3.75955e-04      1.00000e+01      -5.25928e-193
    3.18554e+01      3.75786e-04      1.00000e+01      -5.27836e-193
    3.22394e+01      3.75620e-04      1.00000e+01      -5.29720e-193
    3.26281e+01      3.75453e-04      1.00000e+01      -5.31583e-193
    3.30214e+01      3.75282e-04      1.00000e+01      -5.33423e-193
    3.34195e+01      3.75109e-04      1.00000e+01      -5.35241e-193
    3.38223e+01      3.74935e-04      1.00000e+01      -5.37038e-193
    3.42301e+01      3.74759e-04      1.00000e+01      -5.38813e-193
    3.46427e+01      3.74581e-04      1.00000e+01      -5.40567e-193
    3.50603e+01      3.74402e-04      1.00000e+01      -5.42300e-193
    3.54830e+01      3.74219e-04      1.00000e+01      -5.44012e-193
    3.59107e+01      3.74038e-04      1.00000e+01      -5.45704e-193
    3.63436e+01      3.73852e-04      1.00000e+01      -5.47375e-193
    3.67817e+01      3.73666e-04      1.00000e+01      -5.49027e-193
    3.72251e+01      3.73477e-04      1.00000e+01      -5.50659e-193
    3.76739e+01      3.73289e-04      1.00000e+01      -5.52272e-193
    3.81281e+01      3.73034e-04      1.00000e+01      -5.53865e-193
    3.85877e+01      3.72899e-04      1.00000e+01      -5.55439e-193
    3.90529e+01      3.72706e-04      1.00000e+01      -5.56994e-193
    3.95236e+01      3.72508e-04      1.00000e+01      -5.58531e-193
    4.00001e+01      3.72309e-04      1.00000e+01      -5.60050e-193
