    Er (keV)         SM dN/dE         BG dN/dE        BSM dN/dE (events/kg/day/keV)
    5.01000e-02      2.20460e+01      5.00000e+00      3.54643e-05
    5.07729e-02      2.19467e+01      5.00000e+00      3.51697e-05
    5.14550e-02      2.18460e+01      5.00000e+00      3.48712e-05
    5.21461e-02      2.17440e+01      5.00000e+00      3.45686e-05
    5.28466e-02      2.16407e+01      5.00000e+00      3.42619e-05
    5.35565e-02      2.15359e+01      5.00000e+00      3.39511e-05
    5.42760e-02      2.14297e+01      5.00000e+00      3.36362e-05
    5.50052e-02      2.13221e+01      5.00000e+00      3.33169e-05
    5.57441e-02      2.12131e+01      5.00000e+00      3.29934e-05
    5.64931e-02      2.11026e+01      5.00000e+00      3.26656e-05
    5.72520e-02      2.09906e+01      5.00000e+00      3.23333e-05
    5.80213e-02      2.08771e+01      5.00000e+00      3.19966e-05
    5.88008e-02      2.07620e+01      5.00000e+00      3.16553e-05
    5.95909e-02      2.06454e+01      5.00000e+00      3.13094e-05
    6.03916e-02      2.05273e+01      5.00000e+00      3.09589e-05
    6.12030e-02      2.04075e+01      5.00000e+00      3.06037e-05
    6.20254e-02      2.02862e+01      5.00000e+00      3.02437e-05
    6.28589e-02      2.01632e+01      5.00000e+00      2.98788e-05
    6.37035e-02      2.00385e+01      5.00000e+00      2.95090e-05
    6.45596e-02      1.99122e+01      5.00000e+00      2.91343e-05
    6.54271e-02      1.97842e+01      5.00000e+00      2.87545e-05
    6.63064e-02      1.96544e+01      5.00000e+00      2.83696e-05
    6.71974e-02      1.95230e+01      5.00000e+00      2.79795e-05
    6.81005e-02      1.93897e+01      5.00000e+00      2.75841e-05
    6.90157e-02      1.92546e+01      5.00000e+00      2.71835e-05
    6.99433e-02      1.91178e+01      5.00000e+00      2.67774e-05
    7.08833e-02      1.89790e+01      5.00000e+00      2.63659e-05
    7.18360e-02      1.88385e+01      5.00000e+00      2.59488e-05
    7.28014e-02      1.86960e+01      5.00000e+00      2.55262e-05
    7.37799e-02      1.85516e+01      5.00000e+00      2.50978e-05
    7.47716e-02      1.84053e+01      5.00000e+00      2.46637e-05
    7.57766e-02      1.82569e+01      5.00000e+00      2.42237e-05
    7.67951e-02      1.81066e+01      5.00000e+00      2.37778e-05
    7.78274e-02      1.79543e+01      5.00000e+00      2.33259e-05
    7.88735e-02      1.77999e+01      5.00000e+00      2.28680e-05
    7.99337e-02      1.76435e+01      5.00000e+00      2.24038e-05
    8.10082e-02      1.74849e+01      5.00000e+00      2.19334e-05
    8.20971e-02      1.73242e+01      5.00000e+00      2.14567e-05
    8.32007e-02      1.71614e+01      5.00000e+00      2.09736e-05
    8.43192e-02      1.69963e+01      5.00000e+00      2.04840e-05
    8.54527e-02      1.68291e+01      5.00000e+00      1.99877e-05
    8.66014e-02      1.66595e+01      5.00000e+00      1.94848e-05
    8.77657e-02      1.64877e+01      5.00000e+00      1.89752e-05
    8.89456e-02      1.63136e+01      5.00000e+00      1.84586e-05
    9.01413e-02      1.61372e+01      5.00000e+00      1.79352e-05
    9.13532e-02      1.60255e+01      5.00000e+00      1.76747e-05
    9.25814e-02      1.59267e+01      5.00000e+00      1.74689e-05
    9.38261e-02      1.58266e+01      5.00000e+00      1.72602e-05
    9.50875e-02      1.57252e+01      5.00000e+00      1.70488e-05
    9.63660e-02      1.56224e+01      5.00000e+00      1.68345e-05
    9.76616e-02      1.55182e+01      5.00000e+00      1.66174e-05
    9.89747e-02      1.54126e+01      5.00000e+00      1.63973e-05
    1.00305e-01      1.53056e+01      5.00000e+00      1.61742e-05
    1.01654e-01      1.51972e+01      5.00000e+00      1.59482e-05
    1.03021e-01      1.50873e+01      5.00000e+00      1.57191e-05
    1.04406e-01      1.49759e+01      5.00000e+00      1.54869e-05
    1.05810e-01      1.48630e+01      5.00000e+00      1.52516e-05
    1.07233e-01      1.47486e+01      5.00000e+00      1.50131e-05
    1.08675e-01      1.46327e+01      5.00000e+00      1.47714e-05
    1.10136e-01      1.45152e+01      5.00000e+00      1.45265e-05
    1.11617e-01      1.43961e+01      5.00000e+00      1.42783e-05
    1.13118e-01      1.42754e+01      5.00000e+00      1.40267e-05
    1.14639e-01      1.41531e+01      5.00000e+00      1.37718e-05
    1.16181e-01      1.40291e+01      5.00000e+00      1.35134e-05
    1.17743e-01      1.39035e+01      5.00000e+00      1.32515e-05
    1.19326e-01      1.37762e+01      5.00000e+00      1.29861e-05
    1.20931e-01      1.36471e+01      5.00000e+00      1.27172e-05
    1.22557e-01      1.35164e+01      5.00000e+00      1.24446e-05
    1.24205e-01      1.33839e+01      5.00000e+00      1.21683e-05
    1.25876e-01      1.32495e+01      5.00000e+00      1.18884e-05
    1.27568e-01      1.31134e+01      5.00000e+00      1.16046e-05
    1.29284e-01      1.29755e+01      5.00000e+00      1.13171e-05
    1.31023e-01      1.28436e+01      5.00000e+00      1.10534e-05
    1.32785e-01      1.27459e+01      5.00000e+00      1.09128e-05
    1.34571e-01      1.26469e+01      5.00000e+00      1.07704e-05
    1.36380e-01      1.25466e+01      5.00000e+00      1.06260e-05
    1.38215e-01      1.24450e+01      5.00000e+00      1.04797e-05
    1.40074e-01      1.23420e+01      5.00000e+00      1.03315e-05
    1.41957e-01      1.22376e+01      5.00000e+00      1.01812e-05
    1.43867e-01      1.21318e+01      5.00000e+00      1.00289e-05
    1.45802e-01      1.20246e+01      5.00000e+00      9.87455e-06
    1.47763e-01      1.19159e+01      5.00000e+00      9.71814e-06
    1.49750e-01      1.18057e+01      5.00000e+00      9.55961e-06
    1.51764e-01      1.16941e+01      5.00000e+00      9.39896e-06
    1.53805e-01      1.15810e+01      5.00000e+00      9.23614e-06
    1.55874e-01      1.14664e+01      5.00000e+00      9.07113e-06
    1.57971e-01      1.13502e+01      5.00000e+00      8.90390e-06
    1.60095e-01      1.12324e+01      5.00000e+00      8.73442e-06
    1.62249e-01      1.11131e+01      5.00000e+00      8.56266e-06
    1.64431e-01      1.09922e+01      5.00000e+00      8.38858e-06
    1.66643e-01      1.08696e+01      5.00000e+00      8.21216e-06
    1.68884e-01      1.07454e+01      5.00000e+00      8.03337e-06
    1.71156e-01      1.06208e+01      5.00000e+00      7.85508e-06
    1.73458e-01      1.05244e+01      5.00000e+00      7.74152e-06
    1.75792e-01      1.04268e+01      5.00000e+00      7.62642e-06
    1.78156e-01      1.03279e+01      5.00000e+00      7.50978e-06
    1.80553e-01      1.02276e+01      5.00000e+00      7.39157e-06
    1.82981e-01      1.01259e+01      5.00000e+00      7.27176e-06
    1.85443e-01      1.00229e+01      5.00000e+00      7.15035e-06
    1.87937e-01      9.91856e+00      5.00000e+00      7.02730e-06
    1.90465e-01      9.81277e+00      5.00000e+00      6.90259e-06
    1.93028e-01      9.70555e+00      5.00000e+00      6.77620e-06
    1.95624e-01      9.59689e+00      5.00000e+00      6.64812e-06
    1.98256e-01      9.48677e+00      5.00000e+00      6.51831e-06
    2.00923e-01      9.37517e+00      5.00000e+00      6.38675e-06
    2.03626e-01      9.26207e+00      5.00000e+00      6.25342e-06
    2.06365e-01      9.14744e+00      5.00000e+00      6.11830e-06
    2.09141e-01      9.03127e+00      5.00000e+00      5.98136e-06
    2.11954e-01      8.91842e+00      5.00000e+00      5.85126e-06
    2.14806e-01      8.82491e+00      5.00000e+00      5.75645e-06
    2.17695e-01      8.73013e+00      5.00000e+00      5.66036e-06
    2.20624e-01      8.63408e+00      5.00000e+00      5.56298e-06
    2.23592e-01      8.53673e+00      5.00000e+00      5.46428e-06
    2.26600e-01      8.43807e+00      5.00000e+00      5.36426e-06
    2.29649e-01      8.33809e+00      5.00000e+00      5.26289e-06
    2.32738e-01      8.23676e+00      5.00000e+00      5.16016e-06
    2.35869e-01      8.13407e+00      5.00000e+00      5.05605e-06
    2.39042e-01      8.02999e+00      5.00000e+00      4.95053e-06
    2.42258e-01      7.92452e+00      5.00000e+00      4.84359e-06
    2.45517e-01      7.81762e+00      5.00000e+00      4.73522e-06
    2.48821e-01      7.70928e+00      5.00000e+00      4.62538e-06
    2.52168e-01      7.60211e+00      5.00000e+00      4.51793e-06
    2.55561e-01      7.51300e+00      5.00000e+00      4.43782e-06
    2.58999e-01      7.42270e+00      5.00000e+00      4.35663e-06
    2.62483e-01      7.33118e+00      5.00000e+00      4.27434e-06
    2.66015e-01      7.23843e+00      5.00000e+00      4.19095e-06
    2.69594e-01      7.14443e+00      5.00000e+00      4.10644e-06
    2.73221e-01      7.04916e+00      5.00000e+00      4.02078e-06
    2.76897e-01      6.95261e+00      5.00000e+00      3.93398e-06
    2.80622e-01      6.85477e+00      5.00000e+00      3.84601e-06
    2.84398e-01      6.75560e+00      5.00000e+00      3.75685e-06
    2.88224e-01      6.65511e+00      5.00000e+00      3.66649e-06
    2.92102e-01      6.55325e+00      5.00000e+00      3.57492e-06
    2.96032e-01      6.46928e+00      5.00000e+00      3.50684e-06
    3.00015e-01      6.38426e+00      5.00000e+00      3.43797e-06
    3.04052e-01      6.29810e+00      5.00000e+00      3.36817e-06
    3.08142e-01      6.21079e+00      5.00000e+00      3.29744e-06
    3.12288e-01      6.12230e+00      5.00000e+00      3.22575e-06
    3.16490e-01      6.03261e+00      5.00000e+00      3.15309e-06
    3.20748e-01      5.94172e+00      5.00000e+00      3.07946e-06
    3.25064e-01      5.84961e+00      5.00000e+00      3.00484e-06
    3.29438e-01      5.75626e+00      5.00000e+00      2.92921e-06
    3.33870e-01      5.66684e+00      5.00000e+00      2.85871e-06
    3.38362e-01      5.58768e+00      5.00000e+00      2.80083e-06
    3.42915e-01      5.50745e+00      5.00000e+00      2.74218e-06
    3.47529e-01      5.42614e+00      5.00000e+00      2.68273e-06
    3.52205e-01      5.34374e+00      5.00000e+00      2.62248e-06
    3.56944e-01      5.26023e+00      5.00000e+00      2.56143e-06
    3.61747e-01      5.17560e+00      5.00000e+00      2.49955e-06
    3.66614e-01      5.08983e+00      5.00000e+00      2.43683e-06
    3.71547e-01      5.00290e+00      5.00000e+00      2.37328e-06
    3.76546e-01      4.92541e+00      5.00000e+00      2.32012e-06
    3.81613e-01      4.85058e+00      5.00000e+00      2.27017e-06
    3.86748e-01      4.77475e+00      5.00000e+00      2.21955e-06
    3.91952e-01      4.69790e+00      5.00000e+00      2.16825e-06
    3.97226e-01      4.62001e+00      5.00000e+00      2.11626e-06
    4.02571e-01      4.54107e+00      5.00000e+00      2.06357e-06
    4.07987e-01      4.46107e+00      5.00000e+00      2.01017e-06
    4.13477e-01      4.38066e+00      5.00000e+00      1.95668e-06
    4.19041e-01      4.31097e+00      5.00000e+00      1.91375e-06
    4.24679e-01      4.24035e+00      5.00000e+00      1.87024e-06
    4.30394e-01      4.16878e+00      5.00000e+00      1.82614e-06
    4.36185e-01      4.09624e+00      5.00000e+00      1.78145e-06
    4.42054e-01      4.02273e+00      5.00000e+00      1.73616e-06
    4.48003e-01      3.94823e+00      5.00000e+00      1.69026e-06
    4.54031e-01      3.87362e+00      5.00000e+00      1.64451e-06
    4.60140e-01      3.80811e+00      5.00000e+00      1.60694e-06
    4.66332e-01      3.74172e+00      5.00000e+00      1.56886e-06
    4.72607e-01      3.67444e+00      5.00000e+00      1.53027e-06
    4.78966e-01      3.60625e+00      5.00000e+00      1.49116e-06
    4.85412e-01      3.53714e+00      5.00000e+00      1.45152e-06
    4.91943e-01      3.46711e+00      5.00000e+00      1.41135e-06
    4.98563e-01      3.40294e+00      5.00000e+00      1.37602e-06
    5.05272e-01      3.34078e+00      5.00000e+00      1.34248e-06
    5.12071e-01      3.27779e+00      5.00000e+00      1.30848e-06
    5.18962e-01      3.21394e+00      5.00000e+00      1.27403e-06
    5.25945e-01      3.14924e+00      5.00000e+00      1.23912e-06
    5.33022e-01      3.08367e+00      5.00000e+00      1.20373e-06
    5.40195e-01      3.02446e+00      5.00000e+00      1.17318e-06
    5.47464e-01      2.96597e+00      5.00000e+00      1.14332e-06
    5.54831e-01      2.90668e+00      5.00000e+00      1.11305e-06
    5.62297e-01      2.84660e+00      5.00000e+00      1.08238e-06
    5.69864e-01      2.78570e+00      5.00000e+00      1.05129e-06
    5.77532e-01      2.72682e+00      5.00000e+00      1.02185e-06
    5.85304e-01      2.67175e+00      5.00000e+00      9.95384e-07
    5.93180e-01      2.61593e+00      5.00000e+00      9.68562e-07
    6.01162e-01      2.55937e+00      5.00000e+00      9.41379e-07
    6.09252e-01      2.50205e+00      5.00000e+00      9.13830e-07
    6.17451e-01      2.44641e+00      5.00000e+00      8.87256e-07
    6.25759e-01      2.39571e+00      5.00000e+00      8.63432e-07
    6.34180e-01      2.34433e+00      5.00000e+00      8.39288e-07
    6.42714e-01      2.29226e+00      5.00000e+00      8.14818e-07
    6.51363e-01      2.23948e+00      5.00000e+00      7.90020e-07
    6.60129e-01      2.18923e+00      5.00000e+00      7.67071e-07
    6.69012e-01      2.14097e+00      5.00000e+00      7.45621e-07
    6.78015e-01      2.09207e+00      5.00000e+00      7.23882e-07
    6.87139e-01      2.04250e+00      5.00000e+00      7.01851e-07
    6.96386e-01      1.99274e+00      5.00000e+00      6.79786e-07
    7.05757e-01      1.94777e+00      5.00000e+00      6.60541e-07
    7.15254e-01      1.90219e+00      5.00000e+00      6.41038e-07
    7.24880e-01      1.85601e+00      5.00000e+00      6.21271e-07
    7.34634e-01      1.80920e+00      5.00000e+00      6.01239e-07
    7.44521e-01      1.76629e+00      5.00000e+00      5.83290e-07
    7.54540e-01      1.72354e+00      5.00000e+00      5.65484e-07
    7.64694e-01      1.68022e+00      5.00000e+00      5.47439e-07
    7.74984e-01      1.63631e+00      5.00000e+00      5.29151e-07
    7.85414e-01      1.59618e+00      5.00000e+00      5.12921e-07
    7.95983e-01      1.55617e+00      5.00000e+00      4.96828e-07
    8.06695e-01      1.51563e+00      5.00000e+00      4.80519e-07
    8.17551e-01      1.47488e+00      5.00000e+00      4.64164e-07
    8.28553e-01      1.43766e+00      5.00000e+00      4.49697e-07
    8.39703e-01      1.39994e+00      5.00000e+00      4.35036e-07
    8.51003e-01      1.36172e+00      5.00000e+00      4.20177e-07
    8.62456e-01      1.32502e+00      5.00000e+00      4.06075e-07
    8.74062e-01      1.29015e+00      5.00000e+00      3.92876e-07
    8.85825e-01      1.25482e+00      5.00000e+00      3.79499e-07
    8.97746e-01      1.21910e+00      5.00000e+00      3.65990e-07
    9.09827e-01      1.18650e+00      5.00000e+00      3.54035e-07
    9.22071e-01      1.15346e+00      5.00000e+00      3.41920e-07
    9.34480e-01      1.11997e+00      5.00000e+00      3.29642e-07
    9.47056e-01      1.08861e+00      5.00000e+00      3.18358e-07
    9.59801e-01      1.05774e+00      5.00000e+00      3.07341e-07
    9.72717e-01      1.02647e+00      5.00000e+00      2.96175e-07
    9.85808e-01      9.96642e-01      5.00000e+00      2.85685e-07
    9.99074e-01      9.67750e-01      5.00000e+00      2.75643e-07
    1.01252e+00      9.38470e-01      5.00000e+00      2.65466e-07
    1.02615e+00      9.10442e-01      5.00000e+00      2.55865e-07
    1.03996e+00      8.83337e-01      5.00000e+00      2.46697e-07
    1.05395e+00      8.55867e-01      5.00000e+00      2.37405e-07
    1.06813e+00      8.29803e-01      5.00000e+00      2.28702e-07
    1.08251e+00      8.04335e-01      5.00000e+00      2.20262e-07
    1.09708e+00      7.78524e-01      5.00000e+00      2.11709e-07
    1.11184e+00      7.54497e-01      5.00000e+00      2.03890e-07
    1.12680e+00      7.30508e-01      5.00000e+00      1.96110e-07
    1.14197e+00      7.06565e-01      5.00000e+00      1.88369e-07
    1.15734e+00      6.84267e-01      5.00000e+00      1.81293e-07
    1.17291e+00      6.61668e-01      5.00000e+00      1.74121e-07
    1.18870e+00      6.39950e-01      5.00000e+00      1.67303e-07
    1.20469e+00      6.18893e-01      5.00000e+00      1.60755e-07
    1.22091e+00      5.97633e-01      5.00000e+00      1.54148e-07
    1.23734e+00      5.77996e-01      5.00000e+00      1.48152e-07
    1.25399e+00      5.58095e-01      5.00000e+00      1.42075e-07
    1.27087e+00      5.39033e-01      5.00000e+00      1.36327e-07
    1.28797e+00      5.20439e-01      5.00000e+00      1.30770e-07
    1.30530e+00      5.02020e-01      5.00000e+00      1.25291e-07
    1.32287e+00      4.84641e-01      5.00000e+00      1.20204e-07
    1.34067e+00      4.67028e-01      5.00000e+00      1.15049e-07
    1.35872e+00      4.50705e-01      5.00000e+00      1.10354e-07
    1.37700e+00      4.34218e-01      5.00000e+00      1.05616e-07
    1.39553e+00      4.18583e-01      5.00000e+00      1.01187e-07
    1.41431e+00      4.03104e-01      5.00000e+00      9.68245e-08
    1.43335e+00      3.88216e-01      5.00000e+00      9.26806e-08
    1.45264e+00      3.73679e-01      5.00000e+00      8.86717e-08
    1.47219e+00      3.59575e-01      5.00000e+00      8.48244e-08
    1.49200e+00      3.45914e-01      5.00000e+00      8.11420e-08
    1.51208e+00      3.32600e-01      5.00000e+00      7.75820e-08
    1.53243e+00      3.19723e-01      5.00000e+00      7.41741e-08
    1.55305e+00      3.07227e-01      5.00000e+00      7.08809e-08
    1.57395e+00      2.95165e-01      5.00000e+00      6.77172e-08
    1.59514e+00      2.83524e-01      5.00000e+00      6.46861e-08
    1.61660e+00      2.72204e-01      5.00000e+00      6.17580e-08
    1.63836e+00      2.61104e-01      5.00000e+00      5.89886e-08
    1.66041e+00      2.50039e-01      5.00000e+00      5.62809e-08
    1.68276e+00      2.39726e-01      5.00000e+00      5.37438e-08
    1.70540e+00      2.29489e-01      5.00000e+00      5.12233e-08
    1.72835e+00      2.19887e-01      5.00000e+00      4.88773e-08
    1.75162e+00      2.10306e-01      5.00000e+00      4.65585e-08
    1.77519e+00      2.00972e-01      5.00000e+00      4.43540e-08
    1.79908e+00      1.92185e-01      5.00000e+00      4.22319e-08
    1.82329e+00      1.83772e-01      5.00000e+00      4.01632e-08
    1.84783e+00      1.75625e-01      5.00000e+00      3.82315e-08
    1.87270e+00      1.67580e-01      5.00000e+00      3.63331e-08
    1.89790e+00      1.59895e-01      5.00000e+00      3.45232e-08
    1.92344e+00      1.52493e-01      5.00000e+00      3.27916e-08
    1.94933e+00      1.45224e-01      5.00000e+00      3.11022e-08
    1.97557e+00      1.38221e-01      5.00000e+00      2.95185e-08
    2.00215e+00      1.31591e-01      5.00000e+00      2.79914e-08
    2.02910e+00      1.25282e-01      5.00000e+00      2.65112e-08
    2.05641e+00      1.19680e-01      5.00000e+00      2.51279e-08
    2.08408e+00      1.13648e-01      5.00000e+00      2.37945e-08
    2.11213e+00      1.07430e-01      5.00000e+00      2.25068e-08
    2.14056e+00      1.01967e-01      5.00000e+00      2.12954e-08
    2.16937e+00      9.67158e-02      5.00000e+00      2.01443e-08
    2.19856e+00      9.16309e-02      5.00000e+00      1.90402e-08
    2.22815e+00      8.67340e-02      5.00000e+00      1.79880e-08
    2.25814e+00      8.21296e-02      5.00000e+00      1.70023e-08
    2.28853e+00      7.76593e-02      5.00000e+00      1.60511e-08
    2.31933e+00      7.33387e-02      5.00000e+00      1.51358e-08
    2.35054e+00      6.91882e-02      5.00000e+00      1.42579e-08
    2.38218e+00      6.52850e-02      5.00000e+00      1.34313e-08
    2.41424e+00      6.15305e-02      5.00000e+00      1.26413e-08
    2.44673e+00      5.79239e-02      5.00000e+00      1.18857e-08
    2.47966e+00      5.44660e-02      5.00000e+00      1.11635e-08
    2.51303e+00      5.11562e-02      5.00000e+00      1.04744e-08
    2.54685e+00      4.80395e-02      5.00000e+00      9.82025e-09
    2.58113e+00      4.50646e-02      5.00000e+00      9.19974e-09
    2.61587e+00      4.22215e-02      5.00000e+00      8.61011e-09
    2.65107e+00      3.95109e-02      5.00000e+00      8.05065e-09
    2.68675e+00      3.69325e-02      5.00000e+00      7.52014e-09
    2.72291e+00      3.44847e-02      5.00000e+00      7.01736e-09
    2.75956e+00      3.21637e-02      5.00000e+00      6.54184e-09
    2.79670e+00      2.99630e-02      5.00000e+00      6.09388e-09
    2.83434e+00      2.78794e-02      5.00000e+00      5.67314e-09
    2.87248e+00      2.55928e-02      5.00000e+00      5.28077e-09
    2.91114e+00      2.40281e-02      5.00000e+00      4.91039e-09
    2.95032e+00      2.23067e-02      5.00000e+00      4.55904e-09
    2.99003e+00      2.06491e-02      5.00000e+00      4.22623e-09
    3.03027e+00      1.90851e-02      5.00000e+00      3.91188e-09
    3.07105e+00      1.76122e-02      5.00000e+00      3.61567e-09
    3.11239e+00      1.62248e-02      5.00000e+00      3.33730e-09
    3.15428e+00      1.49227e-02      5.00000e+00      3.07469e-09
    3.19673e+00      1.37004e-02      5.00000e+00      2.82677e-09
    3.23975e+00      1.25597e-02      5.00000e+00      2.59383e-09
    3.28335e+00      1.14945e-02      5.00000e+00      2.37531e-09
    3.32754e+00      1.05007e-02      5.00000e+00      2.17090e-09
    3.37233e+00      9.57834e-03      5.00000e+00      1.97983e-09
    3.41771e+00      8.72073e-03      5.00000e+00      1.80096e-09
    3.46371e+00      7.91771e-03      5.00000e+00      1.63377e-09
    3.51033e+00      7.17788e-03      5.00000e+00      1.47804e-09
    3.55757e+00      6.49468e-03      5.00000e+00      1.33359e-09
    3.60545e+00      5.86911e-03      5.00000e+00      1.20117e-09
    3.65398e+00      5.29674e-03      5.00000e+00      1.07960e-09
    3.70315e+00      4.77147e-03      5.00000e+00      9.67339e-10
    3.75299e+00      4.28971e-03      5.00000e+00      8.64193e-10
    3.80350e+00      3.84967e-03      5.00000e+00      7.70203e-10
    3.85469e+00      3.45469e-03      5.00000e+00      6.86641e-10
    3.90657e+00      3.09469e-03      5.00000e+00      6.10632e-10
    3.95915e+00      2.76709e-03      5.00000e+00      5.40424e-10
    4.01243e+00      2.47308e-03      5.00000e+00      4.76585e-10
    4.06644e+00      2.20855e-03      5.00000e+00      4.18722e-10
    4.12116e+00      1.96907e-03      5.00000e+00      3.66244e-10
    4.17663e+00      1.75708e-03      5.00000e+00      3.19588e-10
    4.23284e+00      1.56723e-03      5.00000e+00      2.76482e-10
    4.28981e+00      1.39807e-03      5.00000e+00      2.37323e-10
    4.34755e+00      1.25030e-03      5.00000e+00      2.02454e-10
    4.40606e+00      1.11921e-03      5.00000e+00      1.71035e-10
    4.46536e+00      1.00668e-03      5.00000e+00      1.43540e-10
    4.52546e+00      9.08044e-04      5.00000e+00      1.18956e-10
    4.58636e+00      8.24621e-04      5.00000e+00      9.77481e-11
    4.64809e+00      7.52907e-04      5.00000e+00      7.93789e-11
    4.71065e+00      6.93425e-04      5.00000e+00      6.43170e-11
    4.77404e+00      6.43324e-04      5.00000e+00      5.18369e-11
    4.83830e+00      6.02965e-04      5.00000e+00      4.21817e-11
    4.90341e+00      5.68715e-04      5.00000e+00      3.47301e-11
    4.96941e+00      5.40947e-04      5.00000e+00      2.92893e-11
    5.03629e+00      5.18275e-04      5.00000e+00      2.51477e-11
    5.10407e+00      4.99220e-04      5.00000e+00      2.18151e-11
    5.17277e+00      4.82986e-04      5.00000e+00      1.88409e-11
    5.24239e+00      4.68873e-04      5.00000e+00      1.61578e-11
    5.31294e+00      4.56475e-04      5.00000e+00      1.37252e-11
    5.38445e+00      4.45592e-04      5.00000e+00      1.15455e-11
    5.45691e+00      4.36128e-04      5.00000e+00      9.61993e-12
    5.53036e+00      4.28042e-04      5.00000e+00      7.96098e-12
    5.60479e+00      4.21118e-04      5.00000e+00      6.54962e-12
    5.68022e+00      4.15232e-04      5.00000e+00      5.36290e-12
    5.75667e+00      4.10301e-04      5.00000e+00      4.34921e-12
    5.83415e+00      4.06181e-04      5.00000e+00      3.50406e-12
    5.91267e+00      4.02760e-04      5.00000e+00      2.82450e-12
    5.99225e+00      3.99939e-04      5.00000e+00      2.29752e-12
    6.07289e+00      3.97625e-04      5.00000e+00      1.86289e-12
    6.15463e+00      3.95726e-04      5.00000e+00      1.50445e-12
    6.23746e+00      3.94155e-04      5.00000e+00      1.22291e-12
    6.32141e+00      3.92855e-04      5.00000e+00      1.01192e-12
    6.40649e+00      3.91779e-04      5.00000e+00      8.32373e-13
    6.49271e+00      3.90886e-04      5.00000e+00      6.72058e-13
    6.58010e+00      3.90130e-04      5.00000e+00      5.30679e-13
    6.66866e+00      3.89493e-04      5.00000e+00      4.07846e-13
    6.75841e+00      3.88962e-04      5.00000e+00      3.02392e-13
    6.84937e+00      3.88530e-04      5.00000e+00      2.12953e-13
    6.94155e+00      3.88183e-04      5.00000e+00      1.39268e-13
    7.03498e+00      3.87909e-04      5.00000e+00      8.13626e-14
    7.12966e+00      3.87700e-04      5.00000e+00      3.93974e-14
    7.22562e+00      3.87543e-04      5.00000e+00      1.24290e-14
    7.32287e+00      3.87430e-04      5.00000e+00      7.94782e-16
    7.42142e+00      3.87346e-04      5.00000e+00      -6.58941e-195
    7.52131e+00      3.87281e-04      5.00000e+00      -1.56095e-194
    7.62253e+00      3.87228e-04      5.00000e+00      -2.45064e-194
    7.72512e+00      3.87175e-04      5.00000e+00      -3.32886e-194
    7.82910e+00      3.87123e-04      5.00000e+00      -4.19530e-194
    7.93447e+00      3.87069e-04      5.00000e+00      -5.05020e-194
    8.04125e+00      3.87014e-04      5.00000e+00      -5.89421e-194
    8.14948e+00      3.86958e-04      5.00000e+00      -6.72644e-194
    8.25916e+00      3.86901e-04      5.00000e+00      -7.54786e-194
    8.37032e+00      3.86844e-04      5.00000e+00      -8.35859e-194
    8.48298e+00      3.86786e-04      5.00000e+00      -9.15862e-194
    8.59715e+00      3.86728e-04      5.00000e+00      -9.94771e-194
    8.71285e+00      3.86669e-04      5.00000e+00      -1.07264e-193
    8.83012e+00      3.86609e-04      5.00000e+00      -1.14949e-193
    8.94896e+00      3.86548e-04      5.00000e+00      -1.22532e-193
    9.06941e+00      3.86486e-04      5.00000e+00      -1.30015e-193
    9.19147e+00      3.86423e-04      5.00000e+00      -1.37398e-193
    9.31518e+00      3.86361e-04      5.00000e+00      -1.44684e-193
    9.44055e+00      3.86297e-04      5.00000e+00      -1.51873e-193
    9.56761e+00      3.86236e-04      5.00000e+00      -1.58968e-193
    9.69637e+00      3.86168e-04      5.00000e+00      -1.65969e-193
    9.82688e+00      3.86102e-04      5.00000e+00      -1.72874e-193
    9.95914e+00      3.86035e-04      5.00000e+00      -1.79689e-193
    1.00932e+01      3.85967e-04      5.00000e+00      -1.86415e-193
    1.02290e+01      3.85895e-04      5.00000e+00      -1.93051e-193
    1.03667e+01      3.85829e-04      5.00000e+00      -1.99598e-193
    1.05062e+01      3.85759e-04      5.00000e+00      -2.06060e-193
    1.06476e+01      3.85687e-04      5.00000e+00      -2.12435e-193
    1.07909e+01      3.85616e-04      5.00000e+00      -2.18726e-193
    1.09362e+01      3.85544e-04      5.00000e+00      -2.24934e-193
    1.10833e+01      3.85470e-04      5.00000e+00      -2.31059e-193
    1.12325e+01      3.85395e-04      5.00000e+00      -2.37103e-193
    1.13837e+01      3.85324e-04      5.00000e+00      -2.43067e-193
    1.15369e+01      3.85243e-04      5.00000e+00      -2.48951e-193
    1.16922e+01      3.85167e-04      5.00000e+00      -2.54758e-193
    1.18495e+01      3.85089e-04      5.00000e+00      -2.60487e-193
    1.20090e+01      3.85009e-04      5.00000e+00      -2.66141e-193
    1.21706e+01      3.84929e-04      5.00000e+00      -2.71719e-193
    1.23344e+01      3.84847e-04      5.00000e+00      -2.77224e-193
    1.25005e+01      3.84766e-04      5.00000e+00      -2.82655e-193
    1.26687e+01      3.84683e-04      5.00000e+00      -2.88015e-193
    1.28392e+01      3.84599e-04      5.00000e+00      -2.93304e-193
    1.30120e+01      3.84514e-04      5.00000e+00      -2.98522e-193
    1.31871e+01      3.84428e-04      5.00000e+00      -3.03670e-193
    1.33646e+01      3.84339e-04      5.00000e+00      -3.08751e-193
    1.35445e+01      3.84250e-04      5.00000e+00      -3.13764e-193
    1.37268e+01      3.84159e-04      5.00000e+00      -3.18711e-193
    1.39115e+01      3.84073e-04      5.00000e+00      -3.23591e-193
    1.40988e+01      3.83978e-04      5.00000e+00      -3.28408e-193
    1.42885e+01      3.83885e-04      5.00000e+00      -3.33160e-193
    1.44808e+01      3.83796e-04      5.00000e+00      -3.37849e-193
    1.46757e+01      3.83696e-04      5.00000e+00      -3.42476e-193
    1.48732e+01      3.83600e-04      5.00000e+00      -3.47041e-193
    1.50734e+01      3.83502e-04      5.00000e+00      -3.51546e-193
    1.52763e+01      3.83405e-04      5.00000e+00      -3.55991e-193
    1.54819e+01      3.83305e-04      5.00000e+00      -3.60377e-193
    1.56903e+01      3.83202e-04      5.00000e+00      -3.64704e-193
    1.59014e+01      3.83102e-04      5.00000e+00      -3.68975e-193
    1.61155e+01      3.82999e-04      5.00000e+00      -3.73188e-193
    1.63323e+01      3.82895e-04      5.00000e+00      -3.77346e-193
    1.65522e+01      3.82788e-04      5.00000e+00      -3.81448e-193
    1.67749e+01      3.82680e-04      5.00000e+00      -3.85496e-193
    1.70007e+01      3.82573e-04      5.00000e+00      -3.89490e-193
    1.72295e+01      3.82464e-04      5.00000e+00      -3.93431e-193
    1.74614e+01      3.82352e-04      5.00000e+00      -3.97319e-193
    1.76964e+01      3.82241e-04      5.00000e+00      -4.01156e-193
    1.79346e+01      3.82129e-04      5.00000e+00      -4.04943e-193
    1.81760e+01      3.82014e-04      5.00000e+00      -4.08678e-193
    1.84206e+01      3.81898e-04      5.00000e+00      -4.12364e-193
    1.86685e+01      3.81781e-04      5.00000e+00      -4.16001e-193
    1.89198e+01      3.81662e-04      5.00000e+00      -4.19590e-193
    1.91744e+01      3.81543e-04      5.00000e+00      -4.23131e-193
    1.94325e+01      3.81420e-04      5.00000e+00      -4.26625e-193
    1.96940e+01      3.81295e-04      5.00000e+00      -4.30073e-193
    1.99591e+01      3.81174e-04      5.00000e+00      -4.33474e-193
    2.02277e+01      3.81047e-04      5.00000e+00      -4.36831e-193
    2.05000e+01      3.80919e-04      5.00000e+00      -4.40143e-193
    2.07759e+01      3.80788e-04      5.00000e+00      -4.43411e-193
    2.10555e+01      3.80658e-04      5.00000e+00      -4.46635e-193
    2.13389e+01      3.80527e-04      5.00000e+00      -4.49817e-193
    2.16261e+01      3.80394e-04      5.00000e+00      -4.52956e-193
    2.19171e+01      3.80260e-04      5.00000e+00      -4.56053e-193
    2.22121e+01      3.80122e-04      5.00000e+00      -4.59110e-193
    2.25111e+01      3.79984e-04      5.00000e+00      -4.62125e-193
    2.28140e+01      3.79845e-04      5.00000e+00      -4.65101e-193
    2.31211e+01      3.79703e-04      5.00000e+00      -4.68037e-193
    2.34323e+01      3.79559e-04      5.00000e+00      -4.70934e-193
    2.37477e+01      3.79415e-04      5.00000e+00      -4.73793e-193
    2.40673e+01      3.79270e-04      5.00000e+00      -4.76613e-193
    2.43912e+01      3.79121e-04      5.00000e+00      -4.79396e-193
    2.47195e+01      3.78972e-04      5.00000e+00      -4.82142e-193
    2.50522e+01      3.78822e-04      5.00000e+00      -4.84851e-193
    2.53894e+01      3.78669e-04      5.00000e+00      -4.87525e-193
    2.57311e+01      3.78513e-04      5.00000e+00      -4.90163e-193
    2.60774e+01      3.78356e-04      5.00000e+00      -4.92765e-193
    2.64284e+01      3.78199e-04      5.00000e+00      -4.95333e-193
    2.67840e+01      3.78037e-04      5.00000e+00      -4.97867e-193
    2.71445e+01      3.77875e-04      5.00000e+00      -5.00368e-193
    2.75099e+01      3.77712e-04      5.00000e+00      -5.02835e-193
    2.78801e+01      3.77546e-04      5.00000e+00      -5.05269e-193
    2.82554e+01      3.77379e-04      5.00000e+00      -5.07671e-193
    2.86356e+01      3.77209e-04      5.00000e+00      -5.10040e-193
    2.90211e+01      3.77036e-04      5.00000e+00      -5.12379e-193
    2.94116e+01      3.76865e-04      5.00000e+00      -5.14686e-193
    2.98075e+01      3.76689e-04      5.00000e+00      -5.16962e-193
    3.02087e+01      3.76657e-04      5.00000e+00      -5.19209e-193
    3.06153e+01      3.76333e-04      5.00000e+00      -5.21425e-193
    3.10273e+01      3.76150e-04      5.00000e+00      -5.23612e-193
    3.14449e+01      3.75968e-04      5.00000e+00      -5.25770e-193
    3.18681e+01      3.75781e-04      5.00000e+00      -5.27899e-193
    3.22970e+01      3.75595e-04      5.00000e+00      -5.29999e-193
    3.27317e+01      3.75406e-04      5.00000e+00      -5.32072e-193
    3.31722e+01      3.75217e-04      5.00000e+00      -5.34117e-193
    3.36187e+01      3.75022e-04      5.00000e+00      -5.36135e-193
    3.40712e+01      3.74822e-04      5.00000e+00      -5.38126e-193
    3.45297e+01      3.74630e-04      5.00000e+00      -5.40091e-193
    3.49945e+01      3.74429e-04      5.00000e+00      -5.42029e-193
    3.54655e+01      3.74226e-04      5.00000e+00      -5.43942e-193
    3.59428e+01      3.74023e-04      5.00000e+00      -5.45829e-193
    3.64265e+01      3.73818e-04      5.00000e+00      -5.47691e-193
    3.69168e+01      3.73609e-04      5.00000e+00      -5.49528e-193
    3.74137e+01      3.73401e-04      5.00000e+00      -5.51341e-193
    3.79172e+01      3.73185e-04      5.00000e+00      -5.53130e-193
    3.84275e+01      3.72969e-04      5.00000e+00      -5.54895e-193
    3.89447e+01      3.72753e-04      5.00000e+00      -5.56636e-193
    3.94689e+01      3.72531e-04      5.00000e+00      -5.58354e-193
    4.00001e+01      3.72309e-04      5.00000e+00      -5.60050e-193
