    Er (keV)         SM dN/dE         BG dN/dE        BSM dN/dE (events/kg/day/keV)
    1.00100e-01      1.47613e-03      1.00000e+02      7.69031e-07
    1.01247e-01      1.47373e-03      1.00000e+02      7.69030e-07
    1.02408e-01      1.47131e-03      1.00000e+02      7.69028e-07
    1.03582e-01      1.46886e-03      1.00000e+02      7.69027e-07
    1.04769e-01      1.46638e-03      1.00000e+02      7.69026e-07
    1.05970e-01      1.46387e-03      1.00000e+02      7.69024e-07
    1.07184e-01      1.46134e-03      1.00000e+02      7.69023e-07
    1.08413e-01      1.45877e-03      1.00000e+02      7.69022e-07
    1.09655e-01      1.45618e-03      1.00000e+02      7.69020e-07
    1.10912e-01      1.45355e-03      1.00000e+02      7.69019e-07
    1.12184e-01      1.45090e-03      1.00000e+02      7.69017e-07
    1.13470e-01      1.44821e-03      1.00000e+02      7.69016e-07
    1.14770e-01      1.44550e-03      1.00000e+02      7.69014e-07
    1.16086e-01      1.44275e-03      1.00000e+02      7.69013e-07
    1.17417e-01      1.43997e-03      1.00000e+02      7.69011e-07
    1.18763e-01      1.43716e-03      1.00000e+02      7.69010e-07
    1.20124e-01      1.43432e-03      1.00000e+02      7.69008e-07
    1.21501e-01      1.43145e-03      1.00000e+02      7.69007e-07
    1.22894e-01      1.42854e-03      1.00000e+02      7.69005e-07
    1.24303e-01      1.42560e-03      1.00000e+02      7.69003e-07
    1.25728e-01      1.42262e-03      1.00000e+02      7.69002e-07
    1.27169e-01      1.41961e-03      1.00000e+02      7.69000e-07
    1.28627e-01      1.41657e-03      1.00000e+02      7.68998e-07
    1.30101e-01      1.41349e-03      1.00000e+02      7.68997e-07
    1.31593e-01      1.41058e-03      1.00000e+02      7.68995e-07
    1.33101e-01      1.40765e-03      1.00000e+02      7.68994e-07
    1.34627e-01      1.40468e-03      1.00000e+02      7.68992e-07
    1.36171e-01      1.40168e-03      1.00000e+02      7.68990e-07
    1.37732e-01      1.39865e-03      1.00000e+02      7.68989e-07
    1.39311e-01      1.39559e-03      1.00000e+02      7.68987e-07
    1.40908e-01      1.39248e-03      1.00000e+02      7.68985e-07
    1.42523e-01      1.38935e-03      1.00000e+02      7.68984e-07
    1.44157e-01      1.38617e-03      1.00000e+02      7.68982e-07
    1.45810e-01      1.38296e-03      1.00000e+02      7.68980e-07
    1.47482e-01      1.37971e-03      1.00000e+02      7.68978e-07
    1.49173e-01      1.37643e-03      1.00000e+02      7.68977e-07
    1.50883e-01      1.37311e-03      1.00000e+02      7.68975e-07
    1.52613e-01      1.36975e-03      1.00000e+02      7.68973e-07
    1.54363e-01      1.36635e-03      1.00000e+02      7.68971e-07
    1.56133e-01      1.36291e-03      1.00000e+02      7.68969e-07
    1.57923e-01      1.35943e-03      1.00000e+02      7.68967e-07
    1.59733e-01      1.35592e-03      1.00000e+02      7.68965e-07
    1.61565e-01      1.35250e-03      1.00000e+02      7.68963e-07
    1.63417e-01      1.34913e-03      1.00000e+02      7.68961e-07
    1.65291e-01      1.34573e-03      1.00000e+02      7.68959e-07
    1.67186e-01      1.34228e-03      1.00000e+02      7.68957e-07
    1.69103e-01      1.33879e-03      1.00000e+02      7.68955e-07
    1.71042e-01      1.33527e-03      1.00000e+02      7.68953e-07
    1.73003e-01      1.33170e-03      1.00000e+02      7.68950e-07
    1.74987e-01      1.32809e-03      1.00000e+02      7.68948e-07
    1.76994e-01      1.32444e-03      1.00000e+02      7.68946e-07
    1.79023e-01      1.32075e-03      1.00000e+02      7.68944e-07
    1.81076e-01      1.31702e-03      1.00000e+02      7.68941e-07
    1.83152e-01      1.31324e-03      1.00000e+02      7.68939e-07
    1.85252e-01      1.30942e-03      1.00000e+02      7.68937e-07
    1.87377e-01      1.30556e-03      1.00000e+02      7.68934e-07
    1.89525e-01      1.30165e-03      1.00000e+02      7.68932e-07
    1.91698e-01      1.29782e-03      1.00000e+02      7.68930e-07
    1.93897e-01      1.29406e-03      1.00000e+02      7.68928e-07
    1.96120e-01      1.29025e-03      1.00000e+02      7.68926e-07
    1.98369e-01      1.28641e-03      1.00000e+02      7.68924e-07
    2.00644e-01      1.28252e-03      1.00000e+02      7.68922e-07
    2.02944e-01      1.27858e-03      1.00000e+02      7.68920e-07
    2.05272e-01      1.27460e-03      1.00000e+02      7.68918e-07
    2.07626e-01      1.27057e-03      1.00000e+02      7.68916e-07
    2.10006e-01      1.26650e-03      1.00000e+02      7.68914e-07
    2.12415e-01      1.26238e-03      1.00000e+02      7.68912e-07
    2.14851e-01      1.25821e-03      1.00000e+02      7.68910e-07
    2.17314e-01      1.25400e-03      1.00000e+02      7.68908e-07
    2.19806e-01      1.24973e-03      1.00000e+02      7.68906e-07
    2.22327e-01      1.24557e-03      1.00000e+02      7.68904e-07
    2.24877e-01      1.24145e-03      1.00000e+02      7.68902e-07
    2.27455e-01      1.23729e-03      1.00000e+02      7.68900e-07
    2.30064e-01      1.23308e-03      1.00000e+02      7.68898e-07
    2.32702e-01      1.22882e-03      1.00000e+02      7.68896e-07
    2.35371e-01      1.22451e-03      1.00000e+02      7.68894e-07
    2.38070e-01      1.22016e-03      1.00000e+02      7.68892e-07
    2.40800e-01      1.21575e-03      1.00000e+02      7.68890e-07
    2.43562e-01      1.21129e-03      1.00000e+02      7.68888e-07
    2.46355e-01      1.20679e-03      1.00000e+02      7.68886e-07
    2.49180e-01      1.20223e-03      1.00000e+02      7.68884e-07
    2.52038e-01      1.19770e-03      1.00000e+02      7.68880e-07
    2.54928e-01      1.19328e-03      1.00000e+02      7.68872e-07
    2.57852e-01      1.18881e-03      1.00000e+02      7.68864e-07
    2.60809e-01      1.18429e-03      1.00000e+02      7.68856e-07
    2.63800e-01      1.17972e-03      1.00000e+02      7.68848e-07
    2.66826e-01      1.17509e-03      1.00000e+02      7.68840e-07
    2.69886e-01      1.17041e-03      1.00000e+02      7.68832e-07
    2.72981e-01      1.16568e-03      1.00000e+02      7.68824e-07
    2.76112e-01      1.16089e-03      1.00000e+02      7.68815e-07
    2.79278e-01      1.15605e-03      1.00000e+02      7.68807e-07
    2.82481e-01      1.15125e-03      1.00000e+02      7.68801e-07
    2.85721e-01      1.14655e-03      1.00000e+02      7.68798e-07
    2.88998e-01      1.14180e-03      1.00000e+02      7.68795e-07
    2.92313e-01      1.13699e-03      1.00000e+02      7.68792e-07
    2.95665e-01      1.13213e-03      1.00000e+02      7.68789e-07
    2.99056e-01      1.12721e-03      1.00000e+02      7.68786e-07
    3.02486e-01      1.12224e-03      1.00000e+02      7.68783e-07
    3.05955e-01      1.11720e-03      1.00000e+02      7.68780e-07
    3.09464e-01      1.11211e-03      1.00000e+02      7.68777e-07
    3.13013e-01      1.10708e-03      1.00000e+02      7.68774e-07
    3.16603e-01      1.10213e-03      1.00000e+02      7.68771e-07
    3.20235e-01      1.09712e-03      1.00000e+02      7.68768e-07
    3.23908e-01      1.09206e-03      1.00000e+02      7.68764e-07
    3.27623e-01      1.08693e-03      1.00000e+02      7.68761e-07
    3.31380e-01      1.08175e-03      1.00000e+02      7.68757e-07
    3.35181e-01      1.07651e-03      1.00000e+02      7.68754e-07
    3.39025e-01      1.07121e-03      1.00000e+02      7.68750e-07
    3.42914e-01      1.06593e-03      1.00000e+02      7.68747e-07
    3.46847e-01      1.06077e-03      1.00000e+02      7.68743e-07
    3.50825e-01      1.05554e-03      1.00000e+02      7.68739e-07
    3.54849e-01      1.05026e-03      1.00000e+02      7.68736e-07
    3.58919e-01      1.04491e-03      1.00000e+02      7.68732e-07
    3.63035e-01      1.03950e-03      1.00000e+02      7.68728e-07
    3.67199e-01      1.03403e-03      1.00000e+02      7.68724e-07
    3.71411e-01      1.02850e-03      1.00000e+02      7.68720e-07
    3.75671e-01      1.02314e-03      1.00000e+02      7.68716e-07
    3.79980e-01      1.01774e-03      1.00000e+02      7.68711e-07
    3.84338e-01      1.01228e-03      1.00000e+02      7.68707e-07
    3.88747e-01      1.00676e-03      1.00000e+02      7.68702e-07
    3.93205e-01      1.00117e-03      1.00000e+02      7.68698e-07
    3.97716e-01      9.95518e-04      1.00000e+02      7.68693e-07
    4.02277e-01      9.89817e-04      1.00000e+02      7.68689e-07
    4.06891e-01      9.84296e-04      1.00000e+02      7.68684e-07
    4.11559e-01      9.78711e-04      1.00000e+02      7.68679e-07
    4.16279e-01      9.73063e-04      1.00000e+02      7.68675e-07
    4.21054e-01      9.67350e-04      1.00000e+02      7.68670e-07
    4.25883e-01      9.61571e-04      1.00000e+02      7.68665e-07
    4.30768e-01      9.55726e-04      1.00000e+02      7.68660e-07
    4.35709e-01      9.49995e-04      1.00000e+02      7.68655e-07
    4.40707e-01      9.44276e-04      1.00000e+02      7.68650e-07
    4.45762e-01      9.38490e-04      1.00000e+02      7.68645e-07
    4.50875e-01      9.32639e-04      1.00000e+02      7.68640e-07
    4.56047e-01      9.26720e-04      1.00000e+02      7.68635e-07
    4.61278e-01      9.20733e-04      1.00000e+02      7.68630e-07
    4.66569e-01      9.14884e-04      1.00000e+02      7.68624e-07
    4.71921e-01      9.09025e-04      1.00000e+02      7.68619e-07
    4.77334e-01      9.03099e-04      1.00000e+02      7.68613e-07
    4.82809e-01      8.97105e-04      1.00000e+02      7.68607e-07
    4.88347e-01      8.91042e-04      1.00000e+02      7.68601e-07
    4.93949e-01      8.84970e-04      1.00000e+02      7.68596e-07
    4.99615e-01      8.79027e-04      1.00000e+02      7.68590e-07
    5.05345e-01      8.73016e-04      1.00000e+02      7.68584e-07
    5.11142e-01      8.66936e-04      1.00000e+02      7.68578e-07
    5.17005e-01      8.60787e-04      1.00000e+02      7.68572e-07
    5.22936e-01      8.54571e-04      1.00000e+02      7.68566e-07
    5.28934e-01      8.48536e-04      1.00000e+02      7.68560e-07
    5.35001e-01      8.42431e-04      1.00000e+02      7.68554e-07
    5.41138e-01      8.36256e-04      1.00000e+02      7.68547e-07
    5.47345e-01      8.30010e-04      1.00000e+02      7.68541e-07
    5.53624e-01      8.23717e-04      1.00000e+02      7.68535e-07
    5.59974e-01      8.17588e-04      1.00000e+02      7.68528e-07
    5.66398e-01      8.11388e-04      1.00000e+02      7.68521e-07
    5.72895e-01      8.05117e-04      1.00000e+02      7.68514e-07
    5.79466e-01      7.98774e-04      1.00000e+02      7.68507e-07
    5.86113e-01      7.92471e-04      1.00000e+02      7.68501e-07
    5.92837e-01      7.86245e-04      1.00000e+02      7.68494e-07
    5.99637e-01      7.79946e-04      1.00000e+02      7.68487e-07
    6.06516e-01      7.73576e-04      1.00000e+02      7.68480e-07
    6.13473e-01      7.67134e-04      1.00000e+02      7.68473e-07
    6.20510e-01      7.60872e-04      1.00000e+02      7.68466e-07
    6.27628e-01      7.54538e-04      1.00000e+02      7.68459e-07
    6.34827e-01      7.48131e-04      1.00000e+02      7.68452e-07
    6.42110e-01      7.41651e-04      1.00000e+02      7.68445e-07
    6.49475e-01      7.35297e-04      1.00000e+02      7.68439e-07
    6.56926e-01      7.28924e-04      1.00000e+02      7.68432e-07
    6.64461e-01      7.22478e-04      1.00000e+02      7.68425e-07
    6.72083e-01      7.15958e-04      1.00000e+02      7.68418e-07
    6.79793e-01      7.09558e-04      1.00000e+02      7.68411e-07
    6.87591e-01      7.03143e-04      1.00000e+02      7.68404e-07
    6.95478e-01      6.96654e-04      1.00000e+02      7.68397e-07
    7.03456e-01      6.90091e-04      1.00000e+02      7.68390e-07
    7.11526e-01      6.83685e-04      1.00000e+02      7.68383e-07
    7.19688e-01      6.77224e-04      1.00000e+02      7.68376e-07
    7.27944e-01      6.70689e-04      1.00000e+02      7.68369e-07
    7.36294e-01      6.64141e-04      1.00000e+02      7.68362e-07
    7.44741e-01      6.57708e-04      1.00000e+02      7.68355e-07
    7.53284e-01      6.51202e-04      1.00000e+02      7.68347e-07
    7.61925e-01      6.44621e-04      1.00000e+02      7.68340e-07
    7.70665e-01      6.38140e-04      1.00000e+02      7.68332e-07
    7.79506e-01      6.31656e-04      1.00000e+02      7.68324e-07
    7.88448e-01      6.25098e-04      1.00000e+02      7.68316e-07
    7.97492e-01      6.18541e-04      1.00000e+02      7.68308e-07
    8.06641e-01      6.12076e-04      1.00000e+02      7.68300e-07
    8.15894e-01      6.05537e-04      1.00000e+02      7.68291e-07
    8.25254e-01      5.98933e-04      1.00000e+02      7.68282e-07
    8.34721e-01      5.92491e-04      1.00000e+02      7.68273e-07
    8.44296e-01      5.85974e-04      1.00000e+02      7.68264e-07
    8.53981e-01      5.79383e-04      1.00000e+02      7.68255e-07
    8.63778e-01      5.72931e-04      1.00000e+02      7.68246e-07
    8.73687e-01      5.66432e-04      1.00000e+02      7.68236e-07
    8.83709e-01      5.59858e-04      1.00000e+02      7.68226e-07
    8.93847e-01      5.53411e-04      1.00000e+02      7.68216e-07
    9.04101e-01      5.46926e-04      1.00000e+02      7.68206e-07
    9.14472e-01      5.40366e-04      1.00000e+02      7.68195e-07
    9.24963e-01      5.33944e-04      1.00000e+02      7.68184e-07
    9.35574e-01      5.27469e-04      1.00000e+02      7.68173e-07
    9.46306e-01      5.20935e-04      1.00000e+02      7.68162e-07
    9.57162e-01      5.14548e-04      1.00000e+02      7.68150e-07
    9.68142e-01      5.08088e-04      1.00000e+02      7.68139e-07
    9.79248e-01      5.01678e-04      1.00000e+02      7.71001e-07
    9.90482e-01      4.95478e-04      1.00000e+02      7.80512e-07
    1.00184e+00      4.89207e-04      1.00000e+02      7.90132e-07
    1.01334e+00      4.82896e-04      1.00000e+02      7.93694e-07
    1.02496e+00      4.76531e-04      1.00000e+02      7.93681e-07
    1.03672e+00      4.70102e-04      1.00000e+02      7.93668e-07
    1.04861e+00      4.63815e-04      1.00000e+02      7.93655e-07
    1.06064e+00      4.57456e-04      1.00000e+02      7.93642e-07
    1.07281e+00      4.51140e-04      1.00000e+02      7.93629e-07
    1.08512e+00      4.44859e-04      1.00000e+02      7.93616e-07
    1.09757e+00      4.38522e-04      1.00000e+02      7.93602e-07
    1.11016e+00      4.32319e-04      1.00000e+02      7.93589e-07
    1.12289e+00      4.26044e-04      1.00000e+02      7.93575e-07
    1.13577e+00      4.19850e-04      1.00000e+02      7.93561e-07
    1.14880e+00      4.13652e-04      1.00000e+02      7.93546e-07
    1.16198e+00      4.07464e-04      1.00000e+02      7.93532e-07
    1.17531e+00      4.01340e-04      1.00000e+02      7.93517e-07
    1.18880e+00      3.95170e-04      1.00000e+02      7.93502e-07
    1.20243e+00      3.89121e-04      1.00000e+02      7.93487e-07
    1.21623e+00      3.83003e-04      1.00000e+02      7.93471e-07
    1.23018e+00      3.77006e-04      1.00000e+02      7.93455e-07
    1.24429e+00      3.70958e-04      1.00000e+02      7.93440e-07
    1.25857e+00      3.64998e-04      1.00000e+02      7.93424e-07
    1.27301e+00      3.59020e-04      1.00000e+02      7.93408e-07
    1.28761e+00      3.53109e-04      1.00000e+02      7.93392e-07
    1.30238e+00      3.47200e-04      1.00000e+02      7.93377e-07
    1.31732e+00      3.41348e-04      1.00000e+02      7.93361e-07
    1.33243e+00      3.35509e-04      1.00000e+02      7.93346e-07
    1.34772e+00      3.29724e-04      1.00000e+02      7.93330e-07
    1.36318e+00      3.23949e-04      1.00000e+02      7.93314e-07
    1.37882e+00      3.18240e-04      1.00000e+02      7.93298e-07
    1.39464e+00      3.12532e-04      1.00000e+02      7.93281e-07
    1.41064e+00      3.06903e-04      1.00000e+02      7.93264e-07
    1.42682e+00      3.01258e-04      1.00000e+02      7.93247e-07
    1.44319e+00      2.95716e-04      1.00000e+02      7.93229e-07
    1.45974e+00      2.90142e-04      1.00000e+02      7.93212e-07
    1.47649e+00      2.84687e-04      1.00000e+02      7.93194e-07
    1.49343e+00      2.79214e-04      1.00000e+02      7.93175e-07
    1.51056e+00      2.73821e-04      1.00000e+02      7.93157e-07
    1.52789e+00      2.68454e-04      1.00000e+02      7.93138e-07
    1.54542e+00      2.63120e-04      1.00000e+02      7.93120e-07
    1.56315e+00      2.57862e-04      1.00000e+02      7.93101e-07
    1.58108e+00      2.52598e-04      1.00000e+02      7.93082e-07
    1.59922e+00      2.47439e-04      1.00000e+02      7.93062e-07
    1.61757e+00      2.42293e-04      1.00000e+02      7.93042e-07
    1.63612e+00      2.37193e-04      1.00000e+02      7.93021e-07
    1.65489e+00      2.32169e-04      1.00000e+02      7.93001e-07
    1.67388e+00      2.27156e-04      1.00000e+02      7.92980e-07
    1.69308e+00      2.22226e-04      1.00000e+02      7.92958e-07
    1.71250e+00      2.17340e-04      1.00000e+02      7.92937e-07
    1.73215e+00      2.12474e-04      1.00000e+02      7.92915e-07
    1.75202e+00      2.07708e-04      1.00000e+02      7.92892e-07
    1.77212e+00      2.02976e-04      1.00000e+02      7.92869e-07
    1.79245e+00      1.98272e-04      1.00000e+02      7.92846e-07
    1.81302e+00      1.93663e-04      1.00000e+02      7.92822e-07
    1.83382e+00      1.89094e-04      1.00000e+02      7.92799e-07
    1.85485e+00      1.84559e-04      1.00000e+02      7.92775e-07
    1.87613e+00      1.80106e-04      1.00000e+02      7.92752e-07
    1.89766e+00      1.75712e-04      1.00000e+02      7.92728e-07
    1.91943e+00      1.71359e-04      1.00000e+02      7.92704e-07
    1.94145e+00      1.67056e-04      1.00000e+02      7.92680e-07
    1.96372e+00      1.62843e-04      1.00000e+02      7.92655e-07
    1.98625e+00      1.58887e-04      1.00000e+02      8.04246e-07
    2.00903e+00      1.55022e-04      1.00000e+02      8.18172e-07
    2.03208e+00      1.50957e-04      1.00000e+02      8.18145e-07
    2.05540e+00      1.46980e-04      1.00000e+02      8.18118e-07
    2.07898e+00      1.43054e-04      1.00000e+02      8.18091e-07
    2.10283e+00      1.39182e-04      1.00000e+02      8.18063e-07
    2.12695e+00      1.35366e-04      1.00000e+02      8.18035e-07
    2.15135e+00      1.31620e-04      1.00000e+02      8.18007e-07
    2.17603e+00      1.27946e-04      1.00000e+02      8.17979e-07
    2.20100e+00      1.24331e-04      1.00000e+02      8.17951e-07
    2.22625e+00      1.20774e-04      1.00000e+02      8.17922e-07
    2.25179e+00      1.17276e-04      1.00000e+02      8.17892e-07
    2.27762e+00      1.13841e-04      1.00000e+02      8.17862e-07
    2.30375e+00      1.10471e-04      1.00000e+02      8.17832e-07
    2.33018e+00      1.07180e-04      1.00000e+02      8.17801e-07
    2.35691e+00      1.03947e-04      1.00000e+02      8.17770e-07
    2.38395e+00      1.00777e-04      1.00000e+02      8.17738e-07
    2.41130e+00      9.76709e-05      1.00000e+02      8.17706e-07
    2.43897e+00      9.46285e-05      1.00000e+02      8.17674e-07
    2.46695e+00      9.16507e-05      1.00000e+02      8.17640e-07
    2.49525e+00      8.87381e-05      1.00000e+02      8.17607e-07
    2.52387e+00      8.58889e-05      1.00000e+02      8.17573e-07
    2.55283e+00      8.31039e-05      1.00000e+02      8.17538e-07
    2.58212e+00      8.03872e-05      1.00000e+02      8.17503e-07
    2.61174e+00      7.77345e-05      1.00000e+02      8.17468e-07
    2.64170e+00      7.51472e-05      1.00000e+02      8.17432e-07
    2.67201e+00      7.26245e-05      1.00000e+02      8.17402e-07
    2.70266e+00      7.01659e-05      1.00000e+02      8.17397e-07
    2.73367e+00      6.77734e-05      1.00000e+02      8.17359e-07
    2.76503e+00      6.54433e-05      1.00000e+02      8.17320e-07
    2.79675e+00      6.31778e-05      1.00000e+02      8.17281e-07
    2.82884e+00      6.09748e-05      1.00000e+02      8.17241e-07
    2.86129e+00      5.88351e-05      1.00000e+02      8.17200e-07
    2.89412e+00      5.67583e-05      1.00000e+02      8.17159e-07
    2.92732e+00      5.47421e-05      1.00000e+02      8.17118e-07
    2.96091e+00      5.27875e-05      1.00000e+02      8.17077e-07
    2.99488e+00      5.08929e-05      1.00000e+02      8.17034e-07
    3.02923e+00      4.90583e-05      1.00000e+02      8.16991e-07
    3.06399e+00      4.72901e-05      1.00000e+02      8.16948e-07
    3.09914e+00      4.55826e-05      1.00000e+02      8.16903e-07
    3.13469e+00      4.39308e-05      1.00000e+02      8.16859e-07
    3.17066e+00      4.23357e-05      1.00000e+02      8.16813e-07
    3.20703e+00      4.07970e-05      1.00000e+02      8.16768e-07
    3.24382e+00      3.93163e-05      1.00000e+02      8.16722e-07
    3.28104e+00      3.78985e-05      1.00000e+02      8.16676e-07
    3.31868e+00      3.65304e-05      1.00000e+02      8.16629e-07
    3.35675e+00      3.52151e-05      1.00000e+02      8.16582e-07
    3.39527e+00      3.39565e-05      1.00000e+02      8.16534e-07
    3.43422e+00      3.27523e-05      1.00000e+02      8.16486e-07
    3.47362e+00      3.15981e-05      1.00000e+02      8.16437e-07
    3.51347e+00      3.04911e-05      1.00000e+02      8.16387e-07
    3.55378e+00      2.94410e-05      1.00000e+02      8.16337e-07
    3.59455e+00      2.84370e-05      1.00000e+02      8.16286e-07
    3.63579e+00      2.74788e-05      1.00000e+02      8.16235e-07
    3.67750e+00      2.65717e-05      1.00000e+02      8.16183e-07
    3.71969e+00      2.57069e-05      1.00000e+02      8.16130e-07
    3.76236e+00      2.48889e-05      1.00000e+02      8.16075e-07
    3.80553e+00      2.41135e-05      1.00000e+02      8.16020e-07
    3.84919e+00      2.33797e-05      1.00000e+02      8.15965e-07
    3.89335e+00      2.26891e-05      1.00000e+02      8.15908e-07
    3.93801e+00      2.20355e-05      1.00000e+02      8.15851e-07
    3.98319e+00      2.14243e-05      1.00000e+02      8.15792e-07
    4.02889e+00      2.08470e-05      1.00000e+02      8.15733e-07
    4.07511e+00      2.03093e-05      1.00000e+02      8.15673e-07
    4.12186e+00      1.98031e-05      1.00000e+02      8.15613e-07
    4.16915e+00      1.93344e-05      1.00000e+02      8.15552e-07
    4.21698e+00      1.88948e-05      1.00000e+02      8.15490e-07
    4.26536e+00      1.84876e-05      1.00000e+02      8.15427e-07
    4.31430e+00      1.81109e-05      1.00000e+02      8.15367e-07
    4.36379e+00      1.77603e-05      1.00000e+02      8.15304e-07
    4.41386e+00      1.74397e-05      1.00000e+02      8.15240e-07
    4.46450e+00      1.71432e-05      1.00000e+02      8.15175e-07
    4.51572e+00      1.68714e-05      1.00000e+02      8.15105e-07
    4.56752e+00      1.66228e-05      1.00000e+02      8.15037e-07
    4.61992e+00      1.63968e-05      1.00000e+02      8.14970e-07
    4.67293e+00      1.61911e-05      1.00000e+02      8.14902e-07
    4.72654e+00      1.60046e-05      1.00000e+02      8.14834e-07
    4.78076e+00      1.58357e-05      1.00000e+02      8.14764e-07
    4.83561e+00      1.56849e-05      1.00000e+02      8.14693e-07
    4.89109e+00      1.55494e-05      1.00000e+02      8.14621e-07
    4.94720e+00      1.54284e-05      1.00000e+02      8.14548e-07
    5.00396e+00      1.53206e-05      1.00000e+02      8.14474e-07
    5.06137e+00      1.52252e-05      1.00000e+02      8.14399e-07
    5.11944e+00      1.51408e-05      1.00000e+02      8.14322e-07
    5.17817e+00      1.50669e-05      1.00000e+02      8.14244e-07
    5.23758e+00      1.50018e-05      1.00000e+02      8.14166e-07
    5.29767e+00      1.49456e-05      1.00000e+02      8.14085e-07
    5.35844e+00      1.48962e-05      1.00000e+02      8.14004e-07
    5.41992e+00      1.48536e-05      1.00000e+02      8.13922e-07
    5.48210e+00      1.48167e-05      1.00000e+02      8.13838e-07
    5.54500e+00      1.47848e-05      1.00000e+02      8.13754e-07
    5.60861e+00      1.47572e-05      1.00000e+02      8.13669e-07
    5.67296e+00      1.47333e-05      1.00000e+02      8.13583e-07
    5.73804e+00      1.47126e-05      1.00000e+02      8.13497e-07
    5.80387e+00      1.46946e-05      1.00000e+02      8.13409e-07
    5.87046e+00      1.46787e-05      1.00000e+02      8.13320e-07
    5.93781e+00      1.46648e-05      1.00000e+02      8.13230e-07
    6.00593e+00      1.46524e-05      1.00000e+02      8.13139e-07
    6.07483e+00      1.46412e-05      1.00000e+02      8.13047e-07
    6.14453e+00      1.46311e-05      1.00000e+02      8.12954e-07
    6.21502e+00      1.46218e-05      1.00000e+02      8.12859e-07
    6.28633e+00      1.46131e-05      1.00000e+02      8.12764e-07
    6.35845e+00      1.46049e-05      1.00000e+02      8.12668e-07
    6.43140e+00      1.45972e-05      1.00000e+02      8.12570e-07
    6.50518e+00      1.45897e-05      1.00000e+02      8.12471e-07
    6.57981e+00      1.45826e-05      1.00000e+02      8.12371e-07
    6.65530e+00      1.45756e-05      1.00000e+02      8.12268e-07
    6.73166e+00      1.45687e-05      1.00000e+02      8.12164e-07
    6.80889e+00      1.45620e-05      1.00000e+02      8.12057e-07
    6.88700e+00      1.45554e-05      1.00000e+02      8.11950e-07
    6.96602e+00      1.45488e-05      1.00000e+02      8.11841e-07
    7.04593e+00      1.45423e-05      1.00000e+02      8.11730e-07
    7.12677e+00      1.45358e-05      1.00000e+02      8.11618e-07
    7.20853e+00      1.45294e-05      1.00000e+02      8.11505e-07
    7.29124e+00      1.45230e-05      1.00000e+02      8.11390e-07
    7.37489e+00      1.45166e-05      1.00000e+02      8.11273e-07
    7.45950e+00      1.45102e-05      1.00000e+02      8.11155e-07
    7.54508e+00      1.45038e-05      1.00000e+02      8.11035e-07
    7.63164e+00      1.44974e-05      1.00000e+02      8.10914e-07
    7.71920e+00      1.44911e-05      1.00000e+02      8.10791e-07
    7.80776e+00      1.44847e-05      1.00000e+02      8.10668e-07
    7.89733e+00      1.44784e-05      1.00000e+02      8.10543e-07
    7.98794e+00      1.44720e-05      1.00000e+02      8.10417e-07
    8.07958e+00      1.44657e-05      1.00000e+02      8.10290e-07
    8.17227e+00      1.44593e-05      1.00000e+02      8.10162e-07
    8.26603e+00      1.44529e-05      1.00000e+02      8.10031e-07
    8.36087e+00      1.44464e-05      1.00000e+02      8.09898e-07
    8.45679e+00      1.44400e-05      1.00000e+02      8.09763e-07
    8.55381e+00      1.44335e-05      1.00000e+02      8.09626e-07
    8.65195e+00      1.44270e-05      1.00000e+02      8.09486e-07
    8.75121e+00      1.44204e-05      1.00000e+02      8.09344e-07
    8.85161e+00      1.44137e-05      1.00000e+02      8.09199e-07
    8.95316e+00      1.44071e-05      1.00000e+02      8.09053e-07
    9.05588e+00      1.44004e-05      1.00000e+02      8.08906e-07
    9.15977e+00      1.43936e-05      1.00000e+02      8.08756e-07
    9.26486e+00      1.43868e-05      1.00000e+02      8.08605e-07
    9.37116e+00      1.43800e-05      1.00000e+02      8.08451e-07
    9.47867e+00      1.43731e-05      1.00000e+02      8.08296e-07
    9.58742e+00      1.43661e-05      1.00000e+02      8.08139e-07
    9.69741e+00      1.43591e-05      1.00000e+02      8.07980e-07
    9.80867e+00      1.43520e-05      1.00000e+02      8.07818e-07
    9.92120e+00      1.43449e-05      1.00000e+02      8.07656e-07
    1.00350e+01      1.43377e-05      1.00000e+02      8.07491e-07
    1.01502e+01      1.43304e-05      1.00000e+02      8.07324e-07
    1.02666e+01      1.43230e-05      1.00000e+02      8.07154e-07
    1.03844e+01      1.43156e-05      1.00000e+02      8.06981e-07
    1.05035e+01      1.43081e-05      1.00000e+02      8.06806e-07
    1.06240e+01      1.43005e-05      1.00000e+02      8.06629e-07
    1.07459e+01      1.42928e-05      1.00000e+02      8.06448e-07
    1.08692e+01      1.42850e-05      1.00000e+02      8.06266e-07
    1.09939e+01      1.42771e-05      1.00000e+02      8.06081e-07
    1.11200e+01      1.42692e-05      1.00000e+02      8.05895e-07
    1.12476e+01      1.42613e-05      1.00000e+02      8.05706e-07
    1.13767e+01      1.42532e-05      1.00000e+02      8.05516e-07
    1.15072e+01      1.42451e-05      1.00000e+02      8.05323e-07
    1.16392e+01      1.42368e-05      1.00000e+02      8.05127e-07
    1.17727e+01      1.42285e-05      1.00000e+02      8.04929e-07
    1.19078e+01      1.42201e-05      1.00000e+02      8.04728e-07
    1.20444e+01      1.42116e-05      1.00000e+02      8.04524e-07
    1.21826e+01      1.42031e-05      1.00000e+02      8.04318e-07
    1.23224e+01      1.41944e-05      1.00000e+02      8.04110e-07
    1.24637e+01      1.41857e-05      1.00000e+02      8.03899e-07
    1.26067e+01      1.41768e-05      1.00000e+02      8.03685e-07
    1.27514e+01      1.41679e-05      1.00000e+02      8.03469e-07
    1.28977e+01      1.41589e-05      1.00000e+02      8.03250e-07
    1.30456e+01      1.41498e-05      1.00000e+02      8.03028e-07
    1.31953e+01      1.41406e-05      1.00000e+02      8.02803e-07
    1.33467e+01      1.41314e-05      1.00000e+02      8.02575e-07
    1.34998e+01      1.41220e-05      1.00000e+02      8.02344e-07
    1.36547e+01      1.41125e-05      1.00000e+02      8.02110e-07
    1.38113e+01      1.41029e-05      1.00000e+02      8.01873e-07
    1.39698e+01      1.40933e-05      1.00000e+02      8.01632e-07
    1.41301e+01      1.40834e-05      1.00000e+02      8.01381e-07
    1.42922e+01      1.40734e-05      1.00000e+02      8.01133e-07
    1.44562e+01      1.40634e-05      1.00000e+02      8.00880e-07
    1.46220e+01      1.40534e-05      1.00000e+02      8.00631e-07
    1.47898e+01      1.40432e-05      1.00000e+02      8.00372e-07
    1.49594e+01      1.40329e-05      1.00000e+02      8.00111e-07
    1.51311e+01      1.40225e-05      1.00000e+02      7.99845e-07
    1.53047e+01      1.40119e-05      1.00000e+02      7.99576e-07
    1.54803e+01      1.40013e-05      1.00000e+02      7.99302e-07
    1.56579e+01      1.39905e-05      1.00000e+02      7.99025e-07
    1.58375e+01      1.39797e-05      1.00000e+02      7.98745e-07
    1.60192e+01      1.39687e-05      1.00000e+02      7.98462e-07
    1.62030e+01      1.39577e-05      1.00000e+02      7.98175e-07
    1.63889e+01      1.39465e-05      1.00000e+02      7.97885e-07
    1.65769e+01      1.39352e-05      1.00000e+02      7.97590e-07
    1.67671e+01      1.39238e-05      1.00000e+02      7.97291e-07
    1.69594e+01      1.39123e-05      1.00000e+02      7.96988e-07
    1.71540e+01      1.39005e-05      1.00000e+02      7.96678e-07
    1.73508e+01      1.38888e-05      1.00000e+02      7.96366e-07
    1.75499e+01      1.38769e-05      1.00000e+02      7.96051e-07
    1.77512e+01      1.38649e-05      1.00000e+02      7.95732e-07
    1.79549e+01      1.38528e-05      1.00000e+02      7.95410e-07
    1.81609e+01      1.38406e-05      1.00000e+02      7.95082e-07
    1.83692e+01      1.38282e-05      1.00000e+02      7.94751e-07
    1.85800e+01      1.38158e-05      1.00000e+02      7.94415e-07
    1.87932e+01      1.38032e-05      1.00000e+02      7.94075e-07
    1.90088e+01      1.37904e-05      1.00000e+02      7.93732e-07
    1.92268e+01      1.37776e-05      1.00000e+02      7.93382e-07
    1.94474e+01      1.37646e-05      1.00000e+02      7.93028e-07
    1.96705e+01      1.37515e-05      1.00000e+02      7.92669e-07
    1.98962e+01      1.37383e-05      1.00000e+02      7.92306e-07
    2.01245e+01      1.37249e-05      1.00000e+02      7.91938e-07
    2.03554e+01      1.37114e-05      1.00000e+02      7.91566e-07
    2.05889e+01      1.36978e-05      1.00000e+02      7.91190e-07
    2.08251e+01      1.36841e-05      1.00000e+02      7.90808e-07
    2.10640e+01      1.36702e-05      1.00000e+02      7.90421e-07
    2.13057e+01      1.36561e-05      1.00000e+02      7.90029e-07
    2.15501e+01      1.36420e-05      1.00000e+02      7.89631e-07
    2.17974e+01      1.36277e-05      1.00000e+02      7.89228e-07
    2.20475e+01      1.36132e-05      1.00000e+02      7.88821e-07
    2.23004e+01      1.35986e-05      1.00000e+02      7.88409e-07
    2.25563e+01      1.35839e-05      1.00000e+02      7.87991e-07
    2.28150e+01      1.35690e-05      1.00000e+02      7.87565e-07
    2.30768e+01      1.35540e-05      1.00000e+02      7.87134e-07
    2.33416e+01      1.35388e-05      1.00000e+02      7.86698e-07
    2.36093e+01      1.35235e-05      1.00000e+02      7.86257e-07
    2.38802e+01      1.35080e-05      1.00000e+02      7.85808e-07
    2.41542e+01      1.34924e-05      1.00000e+02      7.85353e-07
    2.44313e+01      1.34766e-05      1.00000e+02      7.84893e-07
    2.47116e+01      1.34606e-05      1.00000e+02      7.84428e-07
    2.49951e+01      1.34446e-05      1.00000e+02      7.83958e-07
    2.52819e+01      1.34284e-05      1.00000e+02      7.83482e-07
    2.55719e+01      1.34120e-05      1.00000e+02      7.83000e-07
    2.58653e+01      1.33954e-05      1.00000e+02      7.82509e-07
    2.61621e+01      1.33787e-05      1.00000e+02      7.82012e-07
    2.64622e+01      1.33619e-05      1.00000e+02      7.81510e-07
    2.67658e+01      1.33449e-05      1.00000e+02      7.81001e-07
    2.70729e+01      1.33277e-05      1.00000e+02      7.80487e-07
    2.73835e+01      1.33104e-05      1.00000e+02      7.79964e-07
    2.76977e+01      1.32929e-05      1.00000e+02      7.79434e-07
    2.80154e+01      1.32751e-05      1.00000e+02      7.78895e-07
    2.83369e+01      1.32572e-05      1.00000e+02      7.78349e-07
    2.86620e+01      1.32392e-05      1.00000e+02      7.77796e-07
    2.89908e+01      1.32209e-05      1.00000e+02      7.77236e-07
    2.93234e+01      1.32025e-05      1.00000e+02      7.76669e-07
    2.96598e+01      1.31840e-05      1.00000e+02      7.76096e-07
    3.00001e+01      1.31652e-05      1.00000e+02      7.75515e-07
