    Er (keV)         SM dN/dE         BG dN/dE        BSM dN/dE (events/kg/day/keV)
    1.00100e-01      6.40280e+01      1.00000e+02      2.42765e-05
    1.01247e-01      6.34347e+01      1.00000e+02      2.39543e-05
    1.02408e-01      6.28346e+01      1.00000e+02      2.36284e-05
    1.03582e-01      6.22277e+01      1.00000e+02      2.32988e-05
    1.04769e-01      6.16138e+01      1.00000e+02      2.29654e-05
    1.05970e-01      6.09928e+01      1.00000e+02      2.26282e-05
    1.07184e-01      6.03647e+01      1.00000e+02      2.22871e-05
    1.08413e-01      5.97294e+01      1.00000e+02      2.19421e-05
    1.09655e-01      5.90868e+01      1.00000e+02      2.15931e-05
    1.10912e-01      5.84368e+01      1.00000e+02      2.12401e-05
    1.12184e-01      5.77794e+01      1.00000e+02      2.08831e-05
    1.13470e-01      5.71145e+01      1.00000e+02      2.05220e-05
    1.14770e-01      5.64419e+01      1.00000e+02      2.01567e-05
    1.16086e-01      5.57616e+01      1.00000e+02      1.97873e-05
    1.17417e-01      5.50734e+01      1.00000e+02      1.94136e-05
    1.18763e-01      5.43774e+01      1.00000e+02      1.90356e-05
    1.20124e-01      5.36735e+01      1.00000e+02      1.86533e-05
    1.21501e-01      5.29614e+01      1.00000e+02      1.82666e-05
    1.22894e-01      5.22411e+01      1.00000e+02      1.78755e-05
    1.24303e-01      5.15126e+01      1.00000e+02      1.74799e-05
    1.25728e-01      5.07758e+01      1.00000e+02      1.70797e-05
    1.27169e-01      5.00305e+01      1.00000e+02      1.66750e-05
    1.28627e-01      4.92766e+01      1.00000e+02      1.62656e-05
    1.30101e-01      4.85141e+01      1.00000e+02      1.58515e-05
    1.31593e-01      4.79650e+01      1.00000e+02      1.55996e-05
    1.33101e-01      4.74260e+01      1.00000e+02      1.53570e-05
    1.34627e-01      4.68807e+01      1.00000e+02      1.51116e-05
    1.36171e-01      4.63292e+01      1.00000e+02      1.48635e-05
    1.37732e-01      4.57714e+01      1.00000e+02      1.46124e-05
    1.39311e-01      4.52072e+01      1.00000e+02      1.43585e-05
    1.40908e-01      4.46365e+01      1.00000e+02      1.41017e-05
    1.42523e-01      4.40592e+01      1.00000e+02      1.38420e-05
    1.44157e-01      4.34753e+01      1.00000e+02      1.35792e-05
    1.45810e-01      4.28848e+01      1.00000e+02      1.33135e-05
    1.47482e-01      4.22874e+01      1.00000e+02      1.30447e-05
    1.49173e-01      4.16832e+01      1.00000e+02      1.27728e-05
    1.50883e-01      4.10721e+01      1.00000e+02      1.24978e-05
    1.52613e-01      4.04539e+01      1.00000e+02      1.22196e-05
    1.54363e-01      3.98287e+01      1.00000e+02      1.19383e-05
    1.56133e-01      3.91963e+01      1.00000e+02      1.16537e-05
    1.57923e-01      3.85566e+01      1.00000e+02      1.13659e-05
    1.59733e-01      3.79096e+01      1.00000e+02      1.10747e-05
    1.61565e-01      3.73693e+01      1.00000e+02      1.08508e-05
    1.63417e-01      3.68895e+01      1.00000e+02      1.06655e-05
    1.65291e-01      3.64041e+01      1.00000e+02      1.04781e-05
    1.67186e-01      3.59132e+01      1.00000e+02      1.02885e-05
    1.69103e-01      3.54167e+01      1.00000e+02      1.00968e-05
    1.71042e-01      3.49145e+01      1.00000e+02      9.90283e-06
    1.73003e-01      3.44065e+01      1.00000e+02      9.70666e-06
    1.74987e-01      3.38927e+01      1.00000e+02      9.50824e-06
    1.76994e-01      3.33729e+01      1.00000e+02      9.30754e-06
    1.79023e-01      3.28473e+01      1.00000e+02      9.10455e-06
    1.81076e-01      3.23156e+01      1.00000e+02      8.89922e-06
    1.83152e-01      3.17777e+01      1.00000e+02      8.69154e-06
    1.85252e-01      3.12338e+01      1.00000e+02      8.48147e-06
    1.87377e-01      3.06835e+01      1.00000e+02      8.26900e-06
    1.89525e-01      3.01270e+01      1.00000e+02      8.05408e-06
    1.91698e-01      2.96336e+01      1.00000e+02      7.87315e-06
    1.93897e-01      2.92042e+01      1.00000e+02      7.72661e-06
    1.96120e-01      2.87699e+01      1.00000e+02      7.57838e-06
    1.98369e-01      2.83305e+01      1.00000e+02      7.42846e-06
    2.00644e-01      2.78861e+01      1.00000e+02      7.27682e-06
    2.02944e-01      2.74367e+01      1.00000e+02      7.12344e-06
    2.05272e-01      2.69820e+01      1.00000e+02      6.96830e-06
    2.07626e-01      2.65222e+01      1.00000e+02      6.81138e-06
    2.10006e-01      2.60571e+01      1.00000e+02      6.65266e-06
    2.12415e-01      2.55866e+01      1.00000e+02      6.49211e-06
    2.14851e-01      2.51108e+01      1.00000e+02      6.32973e-06
    2.17314e-01      2.46294e+01      1.00000e+02      6.16548e-06
    2.19806e-01      2.41426e+01      1.00000e+02      5.99935e-06
    2.22327e-01      2.37195e+01      1.00000e+02      5.86192e-06
    2.24877e-01      2.33378e+01      1.00000e+02      5.74331e-06
    2.27455e-01      2.29517e+01      1.00000e+02      5.62335e-06
    2.30064e-01      2.25611e+01      1.00000e+02      5.50201e-06
    2.32702e-01      2.21661e+01      1.00000e+02      5.37928e-06
    2.35371e-01      2.17666e+01      1.00000e+02      5.25515e-06
    2.38070e-01      2.13625e+01      1.00000e+02      5.12958e-06
    2.40800e-01      2.09537e+01      1.00000e+02      5.00258e-06
    2.43562e-01      2.05403e+01      1.00000e+02      4.87412e-06
    2.46355e-01      2.01221e+01      1.00000e+02      4.74419e-06
    2.49180e-01      1.96991e+01      1.00000e+02      4.61276e-06
    2.52038e-01      1.93049e+01      1.00000e+02      4.49319e-06
    2.54928e-01      1.89669e+01      1.00000e+02      4.39629e-06
    2.57852e-01      1.86250e+01      1.00000e+02      4.29829e-06
    2.60809e-01      1.82791e+01      1.00000e+02      4.19916e-06
    2.63800e-01      1.79293e+01      1.00000e+02      4.09889e-06
    2.66826e-01      1.75755e+01      1.00000e+02      3.99747e-06
    2.69886e-01      1.72176e+01      1.00000e+02      3.89489e-06
    2.72981e-01      1.68556e+01      1.00000e+02      3.79113e-06
    2.76112e-01      1.64895e+01      1.00000e+02      3.68618e-06
    2.79278e-01      1.61192e+01      1.00000e+02      3.58003e-06
    2.82481e-01      1.57756e+01      1.00000e+02      3.48358e-06
    2.85721e-01      1.54758e+01      1.00000e+02      3.40285e-06
    2.88998e-01      1.51726e+01      1.00000e+02      3.32120e-06
    2.92313e-01      1.48658e+01      1.00000e+02      3.23861e-06
    2.95665e-01      1.45556e+01      1.00000e+02      3.15507e-06
    2.99056e-01      1.42418e+01      1.00000e+02      3.07057e-06
    3.02486e-01      1.39245e+01      1.00000e+02      2.98511e-06
    3.05955e-01      1.36034e+01      1.00000e+02      2.89866e-06
    3.09464e-01      1.32787e+01      1.00000e+02      2.81122e-06
    3.13013e-01      1.29801e+01      1.00000e+02      2.73256e-06
    3.16603e-01      1.27147e+01      1.00000e+02      2.66505e-06
    3.20235e-01      1.24463e+01      1.00000e+02      2.59677e-06
    3.23908e-01      1.21748e+01      1.00000e+02      2.52770e-06
    3.27623e-01      1.19003e+01      1.00000e+02      2.45784e-06
    3.31380e-01      1.16225e+01      1.00000e+02      2.38718e-06
    3.35181e-01      1.13416e+01      1.00000e+02      2.31571e-06
    3.39025e-01      1.10574e+01      1.00000e+02      2.24342e-06
    3.42914e-01      1.07887e+01      1.00000e+02      2.17610e-06
    3.46847e-01      1.05547e+01      1.00000e+02      2.11969e-06
    3.50825e-01      1.03180e+01      1.00000e+02      2.06265e-06
    3.54849e-01      1.00786e+01      1.00000e+02      2.00494e-06
    3.58919e-01      9.83647e+00      1.00000e+02      1.94658e-06
    3.63035e-01      9.59154e+00      1.00000e+02      1.88755e-06
    3.67199e-01      9.34380e+00      1.00000e+02      1.82783e-06
    3.71411e-01      9.09321e+00      1.00000e+02      1.76744e-06
    3.75671e-01      8.88253e+00      1.00000e+02      1.71881e-06
    3.79980e-01      8.67401e+00      1.00000e+02      1.67096e-06
    3.84338e-01      8.46309e+00      1.00000e+02      1.62256e-06
    3.88747e-01      8.24976e+00      1.00000e+02      1.57360e-06
    3.93205e-01      8.03397e+00      1.00000e+02      1.52409e-06
    3.97716e-01      7.81571e+00      1.00000e+02      1.47400e-06
    4.02277e-01      7.59719e+00      1.00000e+02      1.42396e-06
    4.06891e-01      7.41418e+00      1.00000e+02      1.38389e-06
    4.11559e-01      7.22906e+00      1.00000e+02      1.34336e-06
    4.16279e-01      7.04182e+00      1.00000e+02      1.30236e-06
    4.21054e-01      6.85243e+00      1.00000e+02      1.26089e-06
    4.25883e-01      6.66087e+00      1.00000e+02      1.21895e-06
    4.30768e-01      6.46711e+00      1.00000e+02      1.17653e-06
    4.35709e-01      6.29567e+00      1.00000e+02      1.13984e-06
    4.40707e-01      6.13260e+00      1.00000e+02      1.10537e-06
    4.45762e-01      5.96766e+00      1.00000e+02      1.07049e-06
    4.50875e-01      5.80083e+00      1.00000e+02      1.03522e-06
    4.56047e-01      5.63209e+00      1.00000e+02      9.99542e-07
    4.61278e-01      5.46141e+00      1.00000e+02      9.63455e-07
    4.66569e-01      5.31196e+00      1.00000e+02      9.32710e-07
    4.71921e-01      5.16729e+00      1.00000e+02      9.03223e-07
    4.77334e-01      5.02095e+00      1.00000e+02      8.73397e-07
    4.82809e-01      4.87294e+00      1.00000e+02      8.43229e-07
    4.88347e-01      4.72323e+00      1.00000e+02      8.12715e-07
    4.93949e-01      4.57779e+00      1.00000e+02      7.83273e-07
    4.99615e-01      4.45026e+00      1.00000e+02      7.58148e-07
    5.05345e-01      4.32127e+00      1.00000e+02      7.32735e-07
    5.11142e-01      4.19081e+00      1.00000e+02      7.07030e-07
    5.17005e-01      4.05884e+00      1.00000e+02      6.81031e-07
    5.22936e-01      3.92576e+00      1.00000e+02      6.54825e-07
    5.28934e-01      3.81273e+00      1.00000e+02      6.33360e-07
    5.35001e-01      3.69840e+00      1.00000e+02      6.11649e-07
    5.41138e-01      3.58276e+00      1.00000e+02      5.89689e-07
    5.47345e-01      3.46579e+00      1.00000e+02      5.67477e-07
    5.53624e-01      3.34926e+00      1.00000e+02      5.45408e-07
    5.59974e-01      3.24862e+00      1.00000e+02      5.26941e-07
    5.66398e-01      3.14683e+00      1.00000e+02      5.08261e-07
    5.72895e-01      3.04388e+00      1.00000e+02      4.89368e-07
    5.79466e-01      2.93974e+00      1.00000e+02      4.70257e-07
    5.86113e-01      2.84134e+00      1.00000e+02      4.52487e-07
    5.92837e-01      2.75098e+00      1.00000e+02      4.36575e-07
    5.99637e-01      2.65958e+00      1.00000e+02      4.20481e-07
    6.06516e-01      2.56713e+00      1.00000e+02      4.04202e-07
    6.13473e-01      2.47370e+00      1.00000e+02      3.87752e-07
    6.20510e-01      2.39382e+00      1.00000e+02      3.74027e-07
    6.27628e-01      2.31303e+00      1.00000e+02      3.60145e-07
    6.34827e-01      2.23130e+00      1.00000e+02      3.46104e-07
    6.42110e-01      2.14864e+00      1.00000e+02      3.31901e-07
    6.49475e-01      2.07421e+00      1.00000e+02      3.19541e-07
    6.56926e-01      2.00134e+00      1.00000e+02      3.07570e-07
    6.64461e-01      1.92764e+00      1.00000e+02      2.95461e-07
    6.72083e-01      1.85310e+00      1.00000e+02      2.83213e-07
    6.79793e-01      1.78656e+00      1.00000e+02      2.72329e-07
    6.87591e-01      1.72190e+00      1.00000e+02      2.61769e-07
    6.95478e-01      1.65650e+00      1.00000e+02      2.51088e-07
    7.03456e-01      1.59034e+00      1.00000e+02      2.40284e-07
    7.11526e-01      1.53197e+00      1.00000e+02      2.30935e-07
    7.19688e-01      1.47360e+00      1.00000e+02      2.21603e-07
    7.27944e-01      1.41456e+00      1.00000e+02      2.12164e-07
    7.36294e-01      1.35688e+00      1.00000e+02      2.02974e-07
    7.44741e-01      1.30489e+00      1.00000e+02      1.94786e-07
    7.53284e-01      1.25231e+00      1.00000e+02      1.86504e-07
    7.61925e-01      1.19912e+00      1.00000e+02      1.78128e-07
    7.70665e-01      1.15052e+00      1.00000e+02      1.70552e-07
    7.79506e-01      1.10351e+00      1.00000e+02      1.63257e-07
    7.88448e-01      1.05595e+00      1.00000e+02      1.55878e-07
    7.97492e-01      1.01002e+00      1.00000e+02      1.48774e-07
    8.06641e-01      9.68345e-01      1.00000e+02      1.42380e-07
    8.15894e-01      9.26189e-01      1.00000e+02      1.35912e-07
    8.25254e-01      8.83796e-01      1.00000e+02      1.29414e-07
    8.34721e-01      8.46424e-01      1.00000e+02      1.23791e-07
    8.44296e-01      8.08623e-01      1.00000e+02      1.18105e-07
    8.53981e-01      7.70388e-01      1.00000e+02      1.12353e-07
    8.63778e-01      7.36391e-01      1.00000e+02      1.07338e-07
    8.73687e-01      7.02583e-01      1.00000e+02      1.02366e-07
    8.83709e-01      6.68387e-01      1.00000e+02      9.73365e-08
    8.93847e-01      6.37584e-01      1.00000e+02      9.28700e-08
    9.04101e-01      6.07115e-01      1.00000e+02      8.84651e-08
    9.14472e-01      5.76296e-01      1.00000e+02      8.40096e-08
    9.24963e-01      5.48857e-01      1.00000e+02      8.00471e-08
    9.35574e-01      5.21493e-01      1.00000e+02      7.60960e-08
    9.46306e-01      4.94038e-01      1.00000e+02      7.21326e-08
    9.57162e-01      4.69757e-01      1.00000e+02      6.86420e-08
    9.68142e-01      4.45197e-01      1.00000e+02      6.51113e-08
    9.79248e-01      4.21349e-01      1.00000e+02      6.16832e-08
    9.90482e-01      3.99516e-01      1.00000e+02      5.85451e-08
    1.00184e+00      3.77431e-01      1.00000e+02      5.53711e-08
    1.01334e+00      3.56960e-01      1.00000e+02      5.24281e-08
    1.02496e+00      3.37347e-01      1.00000e+02      4.96081e-08
    1.03672e+00      3.17612e-01      1.00000e+02      4.67709e-08
    1.04861e+00      3.00207e-01      1.00000e+02      4.42780e-08
    1.06064e+00      2.82603e-01      1.00000e+02      4.17566e-08
    1.07281e+00      2.66032e-01      1.00000e+02      3.93851e-08
    1.08512e+00      2.50417e-01      1.00000e+02      3.71525e-08
    1.09757e+00      2.34772e-01      1.00000e+02      3.49170e-08
    1.11016e+00      2.20886e-01      1.00000e+02      3.29513e-08
    1.12289e+00      2.06841e-01      1.00000e+02      3.09630e-08
    1.13577e+00      1.93942e-01      1.00000e+02      2.91492e-08
    1.14880e+00      1.81485e-01      1.00000e+02      2.74037e-08
    1.16198e+00      1.69494e-01      1.00000e+02      2.57200e-08
    1.17531e+00      1.58400e-01      1.00000e+02      2.41565e-08
    1.18880e+00      1.47349e-01      1.00000e+02      2.25975e-08
    1.20243e+00      1.37523e-01      1.00000e+02      2.11987e-08
    1.21623e+00      1.27583e-01      1.00000e+02      1.97839e-08
    1.23018e+00      1.18753e-01      1.00000e+02      1.85213e-08
    1.24429e+00      1.09944e-01      1.00000e+02      1.72609e-08
    1.25857e+00      1.01958e-01      1.00000e+02      1.61043e-08
    1.27301e+00      9.41705e-02      1.00000e+02      1.49718e-08
    1.28761e+00      8.70185e-02      1.00000e+02      1.39207e-08
    1.30238e+00      8.01517e-02      1.00000e+02      1.29054e-08
    1.31732e+00      7.38105e-02      1.00000e+02      1.19608e-08
    1.33243e+00      6.77738e-02      1.00000e+02      1.10567e-08
    1.34772e+00      6.22059e-02      1.00000e+02      1.02139e-08
    1.36318e+00      5.69114e-02      1.00000e+02      9.40640e-09
    1.37882e+00      5.20741e-02      1.00000e+02      8.65966e-09
    1.39464e+00      4.74502e-02      1.00000e+02      7.94072e-09
    1.41064e+00      4.32919e-02      1.00000e+02      7.28836e-09
    1.42682e+00      3.92638e-02      1.00000e+02      6.65418e-09
    1.44319e+00      3.57264e-02      1.00000e+02      6.09142e-09
    1.45974e+00      3.22482e-02      1.00000e+02      5.53685e-09
    1.47649e+00      2.92508e-02      1.00000e+02      5.05244e-09
    1.49343e+00      2.63332e-02      1.00000e+02      4.58066e-09
    1.51056e+00      2.37402e-02      1.00000e+02      4.16044e-09
    1.52789e+00      2.13166e-02      1.00000e+02      3.76863e-09
    1.54542e+00      1.90797e-02      1.00000e+02      3.40809e-09
    1.56315e+00      1.70815e-02      1.00000e+02      3.08085e-09
    1.58108e+00      1.51692e-02      1.00000e+02      2.76486e-09
    1.59922e+00      1.35772e-02      1.00000e+02      2.48755e-09
    1.61757e+00      1.20444e-02      1.00000e+02      2.22426e-09
    1.63612e+00      1.06081e-02      1.00000e+02      1.98333e-09
    1.65489e+00      9.36978e-03      1.00000e+02      1.76755e-09
    1.67388e+00      8.21230e-03      1.00000e+02      1.56238e-09
    1.69308e+00      7.19569e-03      1.00000e+02      1.37823e-09
    1.71250e+00      6.30529e-03      1.00000e+02      1.20828e-09
    1.73215e+00      5.50379e-03      1.00000e+02      1.04867e-09
    1.75202e+00      4.82737e-03      1.00000e+02      9.11209e-10
    1.77212e+00      4.20970e-03      1.00000e+02      7.84229e-10
    1.79245e+00      3.64734e-03      1.00000e+02      6.66971e-10
    1.81302e+00      3.19576e-03      1.00000e+02      5.67379e-10
    1.83382e+00      2.79634e-03      1.00000e+02      4.77948e-10
    1.85485e+00      2.44433e-03      1.00000e+02      3.98074e-10
    1.87613e+00      2.15693e-03      1.00000e+02      3.32771e-10
    1.89766e+00      1.92415e-03      1.00000e+02      2.78366e-10
    1.91943e+00      1.71637e-03      1.00000e+02      2.32367e-10
    1.94145e+00      1.51854e-03      1.00000e+02      1.95251e-10
    1.96372e+00      1.36691e-03      1.00000e+02      1.69015e-10
    1.98625e+00      1.23802e-03      1.00000e+02      1.47272e-10
    2.00903e+00      1.12589e-03      1.00000e+02      1.29328e-10
    2.03208e+00      1.02215e-03      1.00000e+02      1.14454e-10
    2.05540e+00      9.33591e-04      1.00000e+02      1.01148e-10
    2.07898e+00      8.53949e-04      1.00000e+02      8.87837e-11
    2.10283e+00      7.82858e-04      1.00000e+02      7.73531e-11
    2.12695e+00      7.19794e-04      1.00000e+02      6.68587e-11
    2.15135e+00      6.64567e-04      1.00000e+02      5.74569e-11
    2.17603e+00      6.17350e-04      1.00000e+02      4.91711e-11
    2.20100e+00      5.76100e-04      1.00000e+02      4.18152e-11
    2.22625e+00      5.39607e-04      1.00000e+02      3.54052e-11
    2.25179e+00      5.08063e-04      1.00000e+02      2.98432e-11
    2.27762e+00      4.82705e-04      1.00000e+02      2.49353e-11
    2.30375e+00      4.60202e-04      1.00000e+02      2.07481e-11
    2.33018e+00      4.42147e-04      1.00000e+02      1.72747e-11
    2.35691e+00      4.25815e-04      1.00000e+02      1.44508e-11
    2.38395e+00      4.12095e-04      1.00000e+02      1.21085e-11
    2.41130e+00      4.00630e-04      1.00000e+02      1.01224e-11
    2.43897e+00      3.90926e-04      1.00000e+02      8.44124e-12
    2.46695e+00      3.82704e-04      1.00000e+02      7.05720e-12
    2.49525e+00      3.75699e-04      1.00000e+02      5.95635e-12
    2.52387e+00      3.69742e-04      1.00000e+02      5.06855e-12
    2.55283e+00      3.64730e-04      1.00000e+02      4.27106e-12
    2.58212e+00      3.60477e-04      1.00000e+02      3.54895e-12
    2.61174e+00      3.56915e-04      1.00000e+02      2.90165e-12
    2.64170e+00      3.53962e-04      1.00000e+02      2.32749e-12
    2.67201e+00      3.51558e-04      1.00000e+02      1.82123e-12
    2.70266e+00      3.49637e-04      1.00000e+02      1.37892e-12
    2.73367e+00      3.48147e-04      1.00000e+02      9.99775e-13
    2.76503e+00      3.47027e-04      1.00000e+02      6.83007e-13
    2.79675e+00      3.46217e-04      1.00000e+02      4.27826e-13
    2.82884e+00      3.45658e-04      1.00000e+02      2.33437e-13
    2.86129e+00      3.45294e-04      1.00000e+02      9.90464e-14
    2.89412e+00      3.45066e-04      1.00000e+02      2.38613e-14
    2.92732e+00      3.44930e-04      1.00000e+02      1.25634e-15
    2.96091e+00      3.44853e-04      1.00000e+02      -5.09700e-194
    2.99488e+00      3.44810e-04      1.00000e+02      -9.22099e-194
    3.02923e+00      3.44784e-04      1.00000e+02      -1.32998e-193
    3.06399e+00      3.44766e-04      1.00000e+02      -1.73247e-193
    3.09914e+00      3.44745e-04      1.00000e+02      -2.13048e-193
    3.13469e+00      3.44726e-04      1.00000e+02      -2.52418e-193
    3.17066e+00      3.44705e-04      1.00000e+02      -2.91365e-193
    3.20703e+00      3.44686e-04      1.00000e+02      -3.29896e-193
    3.24382e+00      3.44666e-04      1.00000e+02      -3.67965e-193
    3.28104e+00      3.44644e-04      1.00000e+02      -4.05558e-193
    3.31868e+00      3.44617e-04      1.00000e+02      -4.42758e-193
    3.35675e+00      3.44601e-04      1.00000e+02      -4.79572e-193
    3.39527e+00      3.44582e-04      1.00000e+02      -5.15954e-193
    3.43422e+00      3.44561e-04      1.00000e+02      -5.51877e-193
    3.47362e+00      3.44539e-04      1.00000e+02      -5.87438e-193
    3.51347e+00      3.44517e-04      1.00000e+02      -6.22632e-193
    3.55378e+00      3.44497e-04      1.00000e+02      -6.57339e-193
    3.59455e+00      3.44474e-04      1.00000e+02      -6.91704e-193
    3.63579e+00      3.44451e-04      1.00000e+02      -7.25705e-193
    3.67750e+00      3.44429e-04      1.00000e+02      -7.59257e-193
    3.71969e+00      3.44428e-04      1.00000e+02      -7.92488e-193
    3.76236e+00      3.44393e-04      1.00000e+02      -8.25309e-193
    3.80553e+00      3.44360e-04      1.00000e+02      -8.57767e-193
    3.84919e+00      3.44336e-04      1.00000e+02      -8.89878e-193
    3.89335e+00      3.44313e-04      1.00000e+02      -9.21589e-193
    3.93801e+00      3.44289e-04      1.00000e+02      -9.52989e-193
    3.98319e+00      3.44265e-04      1.00000e+02      -9.83980e-193
    4.02889e+00      3.44241e-04      1.00000e+02      -1.01467e-192
    4.07511e+00      3.44215e-04      1.00000e+02      -1.04497e-192
    4.12186e+00      3.44191e-04      1.00000e+02      -1.07496e-192
    4.16915e+00      3.44165e-04      1.00000e+02      -1.10459e-192
    4.21698e+00      3.44139e-04      1.00000e+02      -1.13389e-192
    4.26536e+00      3.44114e-04      1.00000e+02      -1.16288e-192
    4.31430e+00      3.44089e-04      1.00000e+02      -1.19150e-192
    4.36379e+00      3.44065e-04      1.00000e+02      -1.21984e-192
    4.41386e+00      3.44037e-04      1.00000e+02      -1.24784e-192
    4.46450e+00      3.44009e-04      1.00000e+02      -1.27551e-192
    4.51572e+00      3.43983e-04      1.00000e+02      -1.30288e-192
    4.56752e+00      3.43955e-04      1.00000e+02      -1.32995e-192
    4.61992e+00      3.43927e-04      1.00000e+02      -1.35669e-192
    4.67293e+00      3.43900e-04      1.00000e+02      -1.38314e-192
    4.72654e+00      3.43872e-04      1.00000e+02      -1.40930e-192
    4.78076e+00      3.43844e-04      1.00000e+02      -1.43517e-192
    4.83561e+00      3.43815e-04      1.00000e+02      -1.46072e-192
    4.89109e+00      3.43787e-04      1.00000e+02      -1.48599e-192
    4.94720e+00      3.43758e-04      1.00000e+02      -1.51097e-192
    5.00396e+00      3.43729e-04      1.00000e+02      -1.53568e-192
    5.06137e+00      3.43699e-04      1.00000e+02      -1.56011e-192
    5.11944e+00      3.43669e-04      1.00000e+02      -1.58426e-192
    5.17817e+00      3.43640e-04      1.00000e+02      -1.60814e-192
    5.23758e+00      3.43611e-04      1.00000e+02      -1.63174e-192
    5.29767e+00      3.43581e-04      1.00000e+02      -1.65508e-192
    5.35844e+00      3.43547e-04      1.00000e+02      -1.67816e-192
    5.41992e+00      3.43520e-04      1.00000e+02      -1.70097e-192
    5.48210e+00      3.43490e-04      1.00000e+02      -1.72352e-192
    5.54500e+00      3.43460e-04      1.00000e+02      -1.74582e-192
    5.60861e+00      3.43428e-04      1.00000e+02      -1.76786e-192
    5.67296e+00      3.43398e-04      1.00000e+02      -1.78966e-192
    5.73804e+00      3.43368e-04      1.00000e+02      -1.81121e-192
    5.80387e+00      3.43336e-04      1.00000e+02      -1.83252e-192
    5.87046e+00      3.43303e-04      1.00000e+02      -1.85359e-192
    5.93781e+00      3.43271e-04      1.00000e+02      -1.87441e-192
    6.00593e+00      3.43240e-04      1.00000e+02      -1.89500e-192
    6.07483e+00      3.43208e-04      1.00000e+02      -1.91536e-192
    6.14453e+00      3.43175e-04      1.00000e+02      -1.93549e-192
    6.21502e+00      3.43142e-04      1.00000e+02      -1.95538e-192
    6.28633e+00      3.43109e-04      1.00000e+02      -1.97506e-192
    6.35845e+00      3.43076e-04      1.00000e+02      -1.99451e-192
    6.43140e+00      3.43044e-04      1.00000e+02      -2.01374e-192
    6.50518e+00      3.43010e-04      1.00000e+02      -2.03276e-192
    6.57981e+00      3.42975e-04      1.00000e+02      -2.05155e-192
    6.65530e+00      3.42941e-04      1.00000e+02      -2.07014e-192
    6.73166e+00      3.42903e-04      1.00000e+02      -2.08851e-192
    6.80889e+00      3.42868e-04      1.00000e+02      -2.10668e-192
    6.88700e+00      3.42832e-04      1.00000e+02      -2.12464e-192
    6.96602e+00      3.42797e-04      1.00000e+02      -2.14239e-192
    7.04593e+00      3.42760e-04      1.00000e+02      -2.15995e-192
    7.12677e+00      3.42723e-04      1.00000e+02      -2.17730e-192
    7.20853e+00      3.42685e-04      1.00000e+02      -2.19447e-192
    7.29124e+00      3.42646e-04      1.00000e+02      -2.21143e-192
    7.37489e+00      3.42610e-04      1.00000e+02      -2.22821e-192
    7.45950e+00      3.42568e-04      1.00000e+02      -2.24479e-192
    7.54508e+00      3.42529e-04      1.00000e+02      -2.26118e-192
    7.63164e+00      3.42490e-04      1.00000e+02      -2.27740e-192
    7.71920e+00      3.42449e-04      1.00000e+02      -2.29342e-192
    7.80776e+00      3.42411e-04      1.00000e+02      -2.30927e-192
    7.89733e+00      3.42370e-04      1.00000e+02      -2.32493e-192
    7.98794e+00      3.42328e-04      1.00000e+02      -2.34042e-192
    8.07958e+00      3.42287e-04      1.00000e+02      -2.35573e-192
    8.17227e+00      3.42245e-04      1.00000e+02      -2.37087e-192
    8.26603e+00      3.42202e-04      1.00000e+02      -2.38584e-192
    8.36087e+00      3.42159e-04      1.00000e+02      -2.40064e-192
    8.45679e+00      3.42116e-04      1.00000e+02      -2.41527e-192
    8.55381e+00      3.42072e-04      1.00000e+02      -2.42973e-192
    8.65195e+00      3.42027e-04      1.00000e+02      -2.44403e-192
    8.75121e+00      3.41982e-04      1.00000e+02      -2.45817e-192
    8.85161e+00      3.41937e-04      1.00000e+02      -2.47215e-192
    8.95316e+00      3.41891e-04      1.00000e+02      -2.48597e-192
    9.05588e+00      3.41844e-04      1.00000e+02      -2.49963e-192
    9.15977e+00      3.41798e-04      1.00000e+02      -2.51314e-192
    9.26486e+00      3.41750e-04      1.00000e+02      -2.52650e-192
    9.37116e+00      3.41703e-04      1.00000e+02      -2.53970e-192
    9.47867e+00      3.41654e-04      1.00000e+02      -2.55276e-192
    9.58742e+00      3.41607e-04      1.00000e+02      -2.56566e-192
    9.69741e+00      3.41557e-04      1.00000e+02      -2.57842e-192
    9.80867e+00      3.41506e-04      1.00000e+02      -2.59104e-192
    9.92120e+00      3.41457e-04      1.00000e+02      -2.60351e-192
    1.00350e+01      3.41405e-04      1.00000e+02      -2.61584e-192
    1.01502e+01      3.41353e-04      1.00000e+02      -2.62803e-192
    1.02666e+01      3.41301e-04      1.00000e+02      -2.64009e-192
    1.03844e+01      3.41248e-04      1.00000e+02      -2.65200e-192
    1.05035e+01      3.41196e-04      1.00000e+02      -2.66379e-192
    1.06240e+01      3.41142e-04      1.00000e+02      -2.67543e-192
    1.07459e+01      3.41089e-04      1.00000e+02      -2.68695e-192
    1.08692e+01      3.41035e-04      1.00000e+02      -2.69834e-192
    1.09939e+01      3.40980e-04      1.00000e+02      -2.70959e-192
    1.11200e+01      3.40924e-04      1.00000e+02      -2.72072e-192
    1.12476e+01      3.40867e-04      1.00000e+02      -2.73172e-192
    1.13767e+01      3.40812e-04      1.00000e+02      -2.74260e-192
    1.15072e+01      3.40753e-04      1.00000e+02      -2.75336e-192
    1.16392e+01      3.40698e-04      1.00000e+02      -2.76399e-192
    1.17727e+01      3.40636e-04      1.00000e+02      -2.77450e-192
    1.19078e+01      3.40577e-04      1.00000e+02      -2.78490e-192
    1.20444e+01      3.40517e-04      1.00000e+02      -2.79517e-192
    1.21826e+01      3.40455e-04      1.00000e+02      -2.80533e-192
    1.23224e+01      3.40392e-04      1.00000e+02      -2.81537e-192
    1.24637e+01      3.40108e-04      1.00000e+02      -2.82530e-192
    1.26067e+01      3.40270e-04      1.00000e+02      -2.83512e-192
    1.27514e+01      3.40209e-04      1.00000e+02      -2.84483e-192
    1.28977e+01      3.40144e-04      1.00000e+02      -2.85442e-192
    1.30456e+01      3.40079e-04      1.00000e+02      -2.86391e-192
    1.31953e+01      3.40013e-04      1.00000e+02      -2.87329e-192
    1.33467e+01      3.39947e-04      1.00000e+02      -2.88256e-192
    1.34998e+01      3.39882e-04      1.00000e+02      -2.89173e-192
    1.36547e+01      3.39812e-04      1.00000e+02      -2.90080e-192
    1.38113e+01      3.39746e-04      1.00000e+02      -2.90976e-192
    1.39698e+01      3.39677e-04      1.00000e+02      -2.91862e-192
    1.41301e+01      3.39607e-04      1.00000e+02      -2.92738e-192
    1.42922e+01      3.39536e-04      1.00000e+02      -2.93604e-192
    1.44562e+01      3.39462e-04      1.00000e+02      -2.94460e-192
    1.46220e+01      3.39393e-04      1.00000e+02      -2.95306e-192
    1.47898e+01      3.39320e-04      1.00000e+02      -2.96143e-192
    1.49594e+01      3.39249e-04      1.00000e+02      -2.96971e-192
    1.51311e+01      3.39174e-04      1.00000e+02      -2.97789e-192
    1.53047e+01      3.39100e-04      1.00000e+02      -2.98597e-192
    1.54803e+01      3.39025e-04      1.00000e+02      -2.99397e-192
    1.56579e+01      3.38949e-04      1.00000e+02      -3.00188e-192
    1.58375e+01      3.38872e-04      1.00000e+02      -3.00969e-192
    1.60192e+01      3.38794e-04      1.00000e+02      -3.01742e-192
    1.62030e+01      3.38716e-04      1.00000e+02      -3.02506e-192
    1.63889e+01      3.38638e-04      1.00000e+02      -3.03261e-192
    1.65769e+01      3.38557e-04      1.00000e+02      -3.04008e-192
    1.67671e+01      3.38476e-04      1.00000e+02      -3.04746e-192
    1.69594e+01      3.38395e-04      1.00000e+02      -3.05476e-192
    1.71540e+01      3.38313e-04      1.00000e+02      -3.06197e-192
    1.73508e+01      3.38229e-04      1.00000e+02      -3.06911e-192
    1.75499e+01      3.38144e-04      1.00000e+02      -3.07616e-192
    1.77512e+01      3.38060e-04      1.00000e+02      -3.08314e-192
    1.79549e+01      3.37975e-04      1.00000e+02      -3.09003e-192
    1.81609e+01      3.37888e-04      1.00000e+02      -3.09685e-192
    1.83692e+01      3.37803e-04      1.00000e+02      -3.10359e-192
    1.85800e+01      3.37715e-04      1.00000e+02      -3.11025e-192
    1.87932e+01      3.37625e-04      1.00000e+02      -3.11684e-192
    1.90088e+01      3.37536e-04      1.00000e+02      -3.12335e-192
    1.92268e+01      3.37444e-04      1.00000e+02      -3.12979e-192
    1.94474e+01      3.37351e-04      1.00000e+02      -3.13615e-192
    1.96705e+01      3.37255e-04      1.00000e+02      -3.14245e-192
    1.98962e+01      3.37166e-04      1.00000e+02      -3.14867e-192
    2.01245e+01      3.37071e-04      1.00000e+02      -3.15482e-192
    2.03554e+01      3.36974e-04      1.00000e+02      -3.16090e-192
    2.05889e+01      3.36878e-04      1.00000e+02      -3.16691e-192
    2.08251e+01      3.36779e-04      1.00000e+02      -3.17286e-192
    2.10640e+01      3.36681e-04      1.00000e+02      -3.17874e-192
    2.13057e+01      3.36581e-04      1.00000e+02      -3.18455e-192
    2.15501e+01      3.36481e-04      1.00000e+02      -3.19029e-192
    2.17974e+01      3.36378e-04      1.00000e+02      -3.19597e-192
    2.20475e+01      3.36277e-04      1.00000e+02      -3.20159e-192
    2.23004e+01      3.36172e-04      1.00000e+02      -3.20714e-192
    2.25563e+01      3.36068e-04      1.00000e+02      -3.21263e-192
    2.28150e+01      3.35964e-04      1.00000e+02      -3.21806e-192
    2.30768e+01      3.35855e-04      1.00000e+02      -3.22342e-192
    2.33416e+01      3.35757e-04      1.00000e+02      -3.22873e-192
    2.36093e+01      3.35637e-04      1.00000e+02      -3.23397e-192
    2.38802e+01      3.35530e-04      1.00000e+02      -3.23916e-192
    2.41542e+01      3.35421e-04      1.00000e+02      -3.24428e-192
    2.44313e+01      3.35308e-04      1.00000e+02      -3.24935e-192
    2.47116e+01      3.35195e-04      1.00000e+02      -3.25436e-192
    2.49951e+01      3.35082e-04      1.00000e+02      -3.25932e-192
    2.52819e+01      3.34967e-04      1.00000e+02      -3.26421e-192
    2.55719e+01      3.34850e-04      1.00000e+02      -3.26906e-192
    2.58653e+01      3.34732e-04      1.00000e+02      -3.27384e-192
    2.61621e+01      3.34618e-04      1.00000e+02      -3.27858e-192
    2.64622e+01      3.34494e-04      1.00000e+02      -3.28326e-192
    2.67658e+01      3.34372e-04      1.00000e+02      -3.28788e-192
    2.70729e+01      3.34250e-04      1.00000e+02      -3.29246e-192
    2.73835e+01      3.34127e-04      1.00000e+02      -3.29698e-192
    2.76977e+01      3.34002e-04      1.00000e+02      -3.30145e-192
    2.80154e+01      3.33877e-04      1.00000e+02      -3.30587e-192
    2.83369e+01      3.33751e-04      1.00000e+02      -3.31024e-192
    2.86620e+01      3.33623e-04      1.00000e+02      -3.31456e-192
    2.89908e+01      3.33491e-04      1.00000e+02      -3.31884e-192
    2.93234e+01      3.33362e-04      1.00000e+02      -3.32306e-192
    2.96598e+01      3.33230e-04      1.00000e+02      -3.32724e-192
    3.00001e+01      3.33096e-04      1.00000e+02      -3.33137e-192
