    Er (keV)         SM dN/dE         BG dN/dE        BSM dN/dE (events/kg/day/keV)
    2.01000e-02      3.10408e+01      1.00000e+01      1.52237e-07
    2.04064e-02      3.09186e+01      1.00000e+01      1.57203e-07
    2.07174e-02      3.07945e+01      1.00000e+01      1.62244e-07
    2.10332e-02      3.06685e+01      1.00000e+01      1.67363e-07
    2.13539e-02      3.05405e+01      1.00000e+01      1.72561e-07
    2.16794e-02      3.04106e+01      1.00000e+01      1.77838e-07
    2.20100e-02      3.02787e+01      1.00000e+01      1.83196e-07
    2.23456e-02      3.01448e+01      1.00000e+01      1.88635e-07
    2.26864e-02      3.00089e+01      1.00000e+01      1.94159e-07
    2.30323e-02      2.98708e+01      1.00000e+01      1.99766e-07
    2.33836e-02      2.97307e+01      1.00000e+01      2.05460e-07
    2.37403e-02      2.95884e+01      1.00000e+01      2.11241e-07
    2.41024e-02      2.94439e+01      1.00000e+01      2.17111e-07
    2.44701e-02      2.92972e+01      1.00000e+01      2.23070e-07
    2.48434e-02      2.91482e+01      1.00000e+01      2.29121e-07
    2.52224e-02      2.89970e+01      1.00000e+01      2.35264e-07
    2.56072e-02      2.88435e+01      1.00000e+01      2.41501e-07
    2.59979e-02      2.86876e+01      1.00000e+01      2.47834e-07
    2.63946e-02      2.85293e+01      1.00000e+01      2.54264e-07
    2.67974e-02      2.83686e+01      1.00000e+01      2.60793e-07
    2.72064e-02      2.82054e+01      1.00000e+01      2.67421e-07
    2.76216e-02      2.80644e+01      1.00000e+01      2.75709e-07
    2.80431e-02      2.79318e+01      1.00000e+01      2.84788e-07
    2.84712e-02      2.77972e+01      1.00000e+01      2.94005e-07
    2.89058e-02      2.76605e+01      1.00000e+01      3.03364e-07
    2.93470e-02      2.75216e+01      1.00000e+01      3.12866e-07
    2.97950e-02      2.73807e+01      1.00000e+01      3.22514e-07
    3.02499e-02      2.72376e+01      1.00000e+01      3.32310e-07
    3.07117e-02      2.70923e+01      1.00000e+01      3.42255e-07
    3.11806e-02      2.69448e+01      1.00000e+01      3.52353e-07
    3.16567e-02      2.67950e+01      1.00000e+01      3.62606e-07
    3.21401e-02      2.66430e+01      1.00000e+01      3.73016e-07
    3.26309e-02      2.64886e+01      1.00000e+01      3.83585e-07
    3.31292e-02      2.63318e+01      1.00000e+01      3.94316e-07
    3.36351e-02      2.61727e+01      1.00000e+01      4.05211e-07
    3.41488e-02      2.60111e+01      1.00000e+01      4.16273e-07
    3.46704e-02      2.58470e+01      1.00000e+01      4.27505e-07
    3.51999e-02      2.56804e+01      1.00000e+01      4.38909e-07
    3.57376e-02      2.55158e+01      1.00000e+01      4.50903e-07
    3.62835e-02      2.53751e+01      1.00000e+01      4.65519e-07
    3.68377e-02      2.52323e+01      1.00000e+01      4.80359e-07
    3.74005e-02      2.50873e+01      1.00000e+01      4.95426e-07
    3.79718e-02      2.49400e+01      1.00000e+01      5.10724e-07
    3.85520e-02      2.47905e+01      1.00000e+01      5.26257e-07
    3.91410e-02      2.46388e+01      1.00000e+01      5.42027e-07
    3.97390e-02      2.44847e+01      1.00000e+01      5.58039e-07
    4.03462e-02      2.43282e+01      1.00000e+01      5.74296e-07
    4.09627e-02      2.41693e+01      1.00000e+01      5.90802e-07
    4.15886e-02      2.40080e+01      1.00000e+01      6.07561e-07
    4.22241e-02      2.38443e+01      1.00000e+01      6.24577e-07
    4.28694e-02      2.36780e+01      1.00000e+01      6.41854e-07
    4.35245e-02      2.35092e+01      1.00000e+01      6.59395e-07
    4.41897e-02      2.33462e+01      1.00000e+01      6.78251e-07
    4.48651e-02      2.32002e+01      1.00000e+01      6.99827e-07
    4.55508e-02      2.30520e+01      1.00000e+01      7.21734e-07
    4.62470e-02      2.29015e+01      1.00000e+01      7.43977e-07
    4.69539e-02      2.27487e+01      1.00000e+01      7.66560e-07
    4.76716e-02      2.25935e+01      1.00000e+01      7.89489e-07
    4.84003e-02      2.24360e+01      1.00000e+01      8.12770e-07
    4.91401e-02      2.22761e+01      1.00000e+01      8.36407e-07
    4.98913e-02      2.21137e+01      1.00000e+01      8.60406e-07
    5.06540e-02      2.19488e+01      1.00000e+01      8.84772e-07
    5.14284e-02      2.17814e+01      1.00000e+01      9.09512e-07
    5.22146e-02      2.16115e+01      1.00000e+01      9.34631e-07
    5.30129e-02      2.14615e+01      1.00000e+01      9.63698e-07
    5.38235e-02      2.13126e+01      1.00000e+01      9.93739e-07
    5.46464e-02      2.11613e+01      1.00000e+01      1.02424e-06
    5.54819e-02      2.10078e+01      1.00000e+01      1.05521e-06
    5.63303e-02      2.08519e+01      1.00000e+01      1.08665e-06
    5.71916e-02      2.06937e+01      1.00000e+01      1.11858e-06
    5.80661e-02      2.05330e+01      1.00000e+01      1.15099e-06
    5.89540e-02      2.03699e+01      1.00000e+01      1.18390e-06
    5.98556e-02      2.02042e+01      1.00000e+01      1.21732e-06
    6.07709e-02      2.00393e+01      1.00000e+01      1.25188e-06
    6.17002e-02      1.98928e+01      1.00000e+01      1.29105e-06
    6.26438e-02      1.97440e+01      1.00000e+01      1.33083e-06
    6.36019e-02      1.95929e+01      1.00000e+01      1.37121e-06
    6.45746e-02      1.94396e+01      1.00000e+01      1.41221e-06
    6.55622e-02      1.92838e+01      1.00000e+01      1.45384e-06
    6.65650e-02      1.91257e+01      1.00000e+01      1.49610e-06
    6.75831e-02      1.89652e+01      1.00000e+01      1.53902e-06
    6.86168e-02      1.88022e+01      1.00000e+01      1.58259e-06
    6.96663e-02      1.86513e+01      1.00000e+01      1.63030e-06
    7.07319e-02      1.85056e+01      1.00000e+01      1.68058e-06
    7.18138e-02      1.83578e+01      1.00000e+01      1.73163e-06
    7.29124e-02      1.82076e+01      1.00000e+01      1.78347e-06
    7.40277e-02      1.80552e+01      1.00000e+01      1.83609e-06
    7.51601e-02      1.79005e+01      1.00000e+01      1.88952e-06
    7.63099e-02      1.77433e+01      1.00000e+01      1.94377e-06
    7.74773e-02      1.75868e+01      1.00000e+01      1.99972e-06
    7.86625e-02      1.74454e+01      1.00000e+01      2.06160e-06
    7.98659e-02      1.73019e+01      1.00000e+01      2.12442e-06
    8.10878e-02      1.71561e+01      1.00000e+01      2.18821e-06
    8.23283e-02      1.70081e+01      1.00000e+01      2.25297e-06
    8.35879e-02      1.68579e+01      1.00000e+01      2.31873e-06
    8.48668e-02      1.67054e+01      1.00000e+01      2.38549e-06
    8.61652e-02      1.65582e+01      1.00000e+01      2.45591e-06
    8.74836e-02      1.64200e+01      1.00000e+01      2.53126e-06
    8.88221e-02      1.62797e+01      1.00000e+01      2.60775e-06
    9.01812e-02      1.61373e+01      1.00000e+01      2.68543e-06
    9.15610e-02      1.59927e+01      1.00000e+01      2.76429e-06
    9.29620e-02      1.58458e+01      1.00000e+01      2.84436e-06
    9.43845e-02      1.57019e+01      1.00000e+01      2.92775e-06
    9.58287e-02      1.55682e+01      1.00000e+01      3.01746e-06
    9.72951e-02      1.54324e+01      1.00000e+01      3.10855e-06
    9.87839e-02      1.52946e+01      1.00000e+01      3.20104e-06
    1.00296e-01      1.51546e+01      1.00000e+01      3.29494e-06
    1.01830e-01      1.50125e+01      1.00000e+01      3.39028e-06
    1.03389e-01      1.48799e+01      1.00000e+01      3.49248e-06
    1.04971e-01      1.47503e+01      1.00000e+01      3.59855e-06
    1.06577e-01      1.46187e+01      1.00000e+01      3.70625e-06
    1.08208e-01      1.44850e+01      1.00000e+01      3.81559e-06
    1.09864e-01      1.43493e+01      1.00000e+01      3.92661e-06
    1.11546e-01      1.42176e+01      1.00000e+01      4.04387e-06
    1.13253e-01      1.40890e+01      1.00000e+01      4.16671e-06
    1.14986e-01      1.39583e+01      1.00000e+01      4.29142e-06
    1.16746e-01      1.38257e+01      1.00000e+01      4.41804e-06
    1.18533e-01      1.36910e+01      1.00000e+01      4.54661e-06
    1.20347e-01      1.35633e+01      1.00000e+01      4.68396e-06
    1.22189e-01      1.34363e+01      1.00000e+01      4.82547e-06
    1.24059e-01      1.33073e+01      1.00000e+01      4.96916e-06
    1.25958e-01      1.31764e+01      1.00000e+01      5.11505e-06
    1.27885e-01      1.30464e+01      1.00000e+01      5.26613e-06
    1.29843e-01      1.29209e+01      1.00000e+01      5.42608e-06
    1.31830e-01      1.27935e+01      1.00000e+01      5.58847e-06
    1.33848e-01      1.26641e+01      1.00000e+01      5.75336e-06
    1.35897e-01      1.25339e+01      1.00000e+01      5.92216e-06
    1.37977e-01      1.24093e+01      1.00000e+01      6.10215e-06
    1.40089e-01      1.22827e+01      1.00000e+01      6.28491e-06
    1.42233e-01      1.21542e+01      1.00000e+01      6.47046e-06
    1.44410e-01      1.20255e+01      1.00000e+01      6.66114e-06
    1.46621e-01      1.19012e+01      1.00000e+01      6.86309e-06
    1.48865e-01      1.17750e+01      1.00000e+01      7.06814e-06
    1.51144e-01      1.16468e+01      1.00000e+01      7.27633e-06
    1.53458e-01      1.15208e+01      1.00000e+01      7.49349e-06
    1.55807e-01      1.13968e+01      1.00000e+01      7.71952e-06
    1.58192e-01      1.12708e+01      1.00000e+01      7.94900e-06
    1.60614e-01      1.11430e+01      1.00000e+01      8.18209e-06
    1.63072e-01      1.10209e+01      1.00000e+01      8.43045e-06
    1.65569e-01      1.08969e+01      1.00000e+01      8.68262e-06
    1.68104e-01      1.07710e+01      1.00000e+01      8.93865e-06
    1.70677e-01      1.06476e+01      1.00000e+01      9.20695e-06
    1.73290e-01      1.05245e+01      1.00000e+01      9.48332e-06
    1.75943e-01      1.03995e+01      1.00000e+01      9.76393e-06
    1.78636e-01      1.02763e+01      1.00000e+01      1.00555e-05
    1.81371e-01      1.01547e+01      1.00000e+01      1.03579e-05
    1.84148e-01      1.00313e+01      1.00000e+01      1.06649e-05
    1.86967e-01      9.90915e+00      1.00000e+01      1.09832e-05
    1.89830e-01      9.78852e+00      1.00000e+01      1.13133e-05
    1.92736e-01      9.66604e+00      1.00000e+01      1.16484e-05
    1.95687e-01      9.54554e+00      1.00000e+01      1.19971e-05
    1.98683e-01      9.42579e+00      1.00000e+01      1.23568e-05
    2.01724e-01      9.30421e+00      1.00000e+01      1.27221e-05
    2.04813e-01      9.18592e+00      1.00000e+01      1.31051e-05
    2.07949e-01      9.06688e+00      1.00000e+01      1.34965e-05
    2.11132e-01      8.94706e+00      1.00000e+01      1.38965e-05
    2.14365e-01      8.83036e+00      1.00000e+01      1.43153e-05
    2.17647e-01      8.71188e+00      1.00000e+01      1.47404e-05
    2.20980e-01      8.59516e+00      1.00000e+01      1.51820e-05
    2.24363e-01      8.47884e+00      1.00000e+01      1.56364e-05
    2.27798e-01      8.36169e+00      1.00000e+01      1.61004e-05
    2.31286e-01      8.24767e+00      1.00000e+01      1.65850e-05
    2.34827e-01      8.13190e+00      1.00000e+01      1.70770e-05
    2.38423e-01      8.01838e+00      1.00000e+01      1.75901e-05
    2.42074e-01      7.90417e+00      1.00000e+01      1.81146e-05
    2.45780e-01      7.79099e+00      1.00000e+01      1.86560e-05
    2.49543e-01      7.67877e+00      1.00000e+01      1.92144e-05
    2.53364e-01      7.56639e+00      1.00000e+01      1.97866e-05
    2.57244e-01      7.45598e+00      1.00000e+01      2.03803e-05
    2.61183e-01      7.34467e+00      1.00000e+01      2.09861e-05
    2.65182e-01      7.23578e+00      1.00000e+01      2.16169e-05
    2.69242e-01      7.12566e+00      1.00000e+01      2.22591e-05
    2.73365e-01      7.01834e+00      1.00000e+01      2.29284e-05
    2.77551e-01      6.90976e+00      1.00000e+01      2.36097e-05
    2.81801e-01      6.80381e+00      1.00000e+01      2.43196e-05
    2.86116e-01      6.69689e+00      1.00000e+01      2.50431e-05
    2.90497e-01      6.59262e+00      1.00000e+01      2.57952e-05
    2.94946e-01      6.48768e+00      1.00000e+01      2.65638e-05
    2.99462e-01      6.38406e+00      1.00000e+01      2.73599e-05
    3.04048e-01      6.28072e+00      1.00000e+01      2.81769e-05
    3.08703e-01      6.17860e+00      1.00000e+01      2.90195e-05
    3.13431e-01      6.07752e+00      1.00000e+01      2.98886e-05
    3.18230e-01      5.97654e+00      1.00000e+01      3.07796e-05
    3.23103e-01      5.87748e+00      1.00000e+01      3.17034e-05
    3.28051e-01      5.77808e+00      1.00000e+01      3.26483e-05
    3.33075e-01      5.68031e+00      1.00000e+01      3.36271e-05
    3.38175e-01      5.58327e+00      1.00000e+01      3.46331e-05
    3.43354e-01      5.48681e+00      1.00000e+01      3.56659e-05
    3.48612e-01      5.39198e+00      1.00000e+01      3.67362e-05
    3.53950e-01      5.29725e+00      1.00000e+01      3.78334e-05
    3.59370e-01      5.20358e+00      1.00000e+01      3.89642e-05
    3.64874e-01      5.11110e+00      1.00000e+01      4.01324e-05
    3.70461e-01      5.01898e+00      1.00000e+01      4.13311e-05
    3.76134e-01      4.92811e+00      1.00000e+01      4.25663e-05
    3.81894e-01      4.83813e+00      1.00000e+01      4.38419e-05
    3.87743e-01      4.74850e+00      1.00000e+01      4.51516e-05
    3.93681e-01      4.65944e+00      1.00000e+01      4.64973e-05
    3.99710e-01      4.57286e+00      1.00000e+01      4.78887e-05
    4.05831e-01      4.48637e+00      1.00000e+01      4.93187e-05
    4.12046e-01      4.40021e+00      1.00000e+01      5.07888e-05
    4.18356e-01      4.31503e+00      1.00000e+01      5.23024e-05
    4.24763e-01      4.22832e+00      1.00000e+01      5.38642e-05
    4.31268e-01      4.14616e+00      1.00000e+01      5.54699e-05
    4.37872e-01      4.06597e+00      1.00000e+01      5.71209e-05
    4.44578e-01      3.98449e+00      1.00000e+01      5.88189e-05
    4.51386e-01      3.90401e+00      1.00000e+01      6.05690e-05
    4.58299e-01      3.82469e+00      1.00000e+01      6.23721e-05
    4.65318e-01      3.74610e+00      1.00000e+01      6.42270e-05
    4.72444e-01      3.66828e+00      1.00000e+01      6.61352e-05
    4.79679e-01      3.59141e+00      1.00000e+01      6.80985e-05
    4.87026e-01      3.51555e+00      1.00000e+01      7.01187e-05
    4.94484e-01      3.44040e+00      1.00000e+01      7.21974e-05
    5.02057e-01      3.36587e+00      1.00000e+01      7.43371e-05
    5.09746e-01      3.29280e+00      1.00000e+01      7.65422e-05
    5.17553e-01      3.22045e+00      1.00000e+01      7.88108e-05
    5.25479e-01      3.14926e+00      1.00000e+01      8.11451e-05
    5.33527e-01      3.07854e+00      1.00000e+01      8.35473e-05
    5.41698e-01      3.00908e+00      1.00000e+01      8.60198e-05
    5.49994e-01      2.94069e+00      1.00000e+01      8.85627e-05
    5.58417e-01      2.87278e+00      1.00000e+01      9.11807e-05
    5.66970e-01      2.80589e+00      1.00000e+01      9.38785e-05
    5.75653e-01      2.74013e+00      1.00000e+01      9.66470e-05
    5.84469e-01      2.67501e+00      1.00000e+01      9.94982e-05
    5.93421e-01      2.61081e+00      1.00000e+01      1.02433e-04
    6.02509e-01      2.54773e+00      1.00000e+01      1.05454e-04
    6.11737e-01      2.48657e+00      1.00000e+01      1.08564e-04
    6.21106e-01      2.42841e+00      1.00000e+01      1.11764e-04
    6.30618e-01      2.36552e+00      1.00000e+01      1.15056e-04
    6.40276e-01      2.30546e+00      1.00000e+01      1.18443e-04
    6.50083e-01      2.24575e+00      1.00000e+01      1.21926e-04
    6.60039e-01      2.18830e+00      1.00000e+01      1.25511e-04
    6.70148e-01      2.12969e+00      1.00000e+01      1.29202e-04
    6.80412e-01      2.07598e+00      1.00000e+01      1.33000e-04
    6.90833e-01      2.02117e+00      1.00000e+01      1.36906e-04
    7.01413e-01      1.96717e+00      1.00000e+01      1.40922e-04
    7.12156e-01      1.91450e+00      1.00000e+01      1.45060e-04
    7.23063e-01      1.86251e+00      1.00000e+01      1.49315e-04
    7.34137e-01      1.81110e+00      1.00000e+01      1.53691e-04
    7.45381e-01      1.76066e+00      1.00000e+01      1.58195e-04
    7.56798e-01      1.71264e+00      1.00000e+01      1.62830e-04
    7.68389e-01      1.66291e+00      1.00000e+01      1.67594e-04
    7.80157e-01      1.61573e+00      1.00000e+01      1.72502e-04
    7.92106e-01      1.56895e+00      1.00000e+01      1.77536e-04
    8.04238e-01      1.52320e+00      1.00000e+01      1.82738e-04
    8.16556e-01      1.47836e+00      1.00000e+01      1.88079e-04
    8.29062e-01      1.43360e+00      1.00000e+01      1.93573e-04
    8.41760e-01      1.39061e+00      1.00000e+01      1.99223e-04
    8.54653e-01      1.34989e+00      1.00000e+01      2.05039e-04
    8.67743e-01      1.30835e+00      1.00000e+01      2.11019e-04
    8.81033e-01      1.26778e+00      1.00000e+01      2.17175e-04
    8.94527e-01      1.22827e+00      1.00000e+01      2.23504e-04
    9.08228e-01      1.18966e+00      1.00000e+01      2.30019e-04
    9.22139e-01      1.15196e+00      1.00000e+01      2.36716e-04
    9.36262e-01      1.11498e+00      1.00000e+01      2.43602e-04
    9.50602e-01      1.07890e+00      1.00000e+01      2.50689e-04
    9.65162e-01      1.04365e+00      1.00000e+01      2.57980e-04
    9.79945e-01      1.00924e+00      1.00000e+01      2.65478e-04
    9.94954e-01      9.75605e-01      1.00000e+01      2.73188e-04
    1.01019e+00      9.42791e-01      1.00000e+01      2.81120e-04
    1.02567e+00      9.10794e-01      1.00000e+01      2.89292e-04
    1.04138e+00      8.79575e-01      1.00000e+01      2.97694e-04
    1.05733e+00      8.49136e-01      1.00000e+01      3.06310e-04
    1.07352e+00      8.19459e-01      1.00000e+01      3.15192e-04
    1.08996e+00      7.90398e-01      1.00000e+01      3.24325e-04
    1.10666e+00      7.62312e-01      1.00000e+01      3.33721e-04
    1.12361e+00      7.34902e-01      1.00000e+01      3.43379e-04
    1.14082e+00      7.08207e-01      1.00000e+01      3.53314e-04
    1.15829e+00      6.82088e-01      1.00000e+01      3.63532e-04
    1.17603e+00      6.56911e-01      1.00000e+01      3.74057e-04
    1.19404e+00      6.32432e-01      1.00000e+01      3.84847e-04
    1.21233e+00      6.08478e-01      1.00000e+01      3.95965e-04
    1.23090e+00      5.85268e-01      1.00000e+01      4.07396e-04
    1.24976e+00      5.62730e-01      1.00000e+01      4.19151e-04
    1.26890e+00      5.40839e-01      1.00000e+01      4.31238e-04
    1.28833e+00      5.19637e-01      1.00000e+01      4.43668e-04
    1.30807e+00      4.99045e-01      1.00000e+01      4.56456e-04
    1.32810e+00      4.79094e-01      1.00000e+01      4.69604e-04
    1.34844e+00      4.59921e-01      1.00000e+01      4.83125e-04
    1.36910e+00      4.40979e-01      1.00000e+01      4.97023e-04
    1.39007e+00      4.22844e-01      1.00000e+01      5.11319e-04
    1.41136e+00      4.05247e-01      1.00000e+01      5.26017e-04
    1.43298e+00      3.88229e-01      1.00000e+01      5.41136e-04
    1.45493e+00      3.72032e-01      1.00000e+01      5.56678e-04
    1.47721e+00      3.55827e-01      1.00000e+01      5.72635e-04
    1.49984e+00      3.40439e-01      1.00000e+01      5.89066e-04
    1.52281e+00      3.25618e-01      1.00000e+01      6.05938e-04
    1.54613e+00      3.11155e-01      1.00000e+01      6.23272e-04
    1.56982e+00      2.97171e-01      1.00000e+01      6.41084e-04
    1.59386e+00      2.83810e-01      1.00000e+01      6.59387e-04
    1.61827e+00      2.70847e-01      1.00000e+01      6.78192e-04
    1.64306e+00      2.58324e-01      1.00000e+01      6.97518e-04
    1.66823e+00      2.46240e-01      1.00000e+01      7.17369e-04
    1.69378e+00      2.34590e-01      1.00000e+01      7.37766e-04
    1.71972e+00      2.23354e-01      1.00000e+01      7.58712e-04
    1.74607e+00      2.12507e-01      1.00000e+01      7.80249e-04
    1.77281e+00      2.02063e-01      1.00000e+01      8.02368e-04
    1.79996e+00      1.91821e-01      1.00000e+01      8.25085e-04
    1.82753e+00      1.82265e-01      1.00000e+01      8.48428e-04
    1.85553e+00      1.72990e-01      1.00000e+01      8.72398e-04
    1.88395e+00      1.64036e-01      1.00000e+01      8.97021e-04
    1.91280e+00      1.55447e-01      1.00000e+01      9.22308e-04
    1.94210e+00      1.47183e-01      1.00000e+01      9.48292e-04
    1.97185e+00      1.39270e-01      1.00000e+01      9.74971e-04
    2.00205e+00      1.31684e-01      1.00000e+01      1.00237e-03
    2.03272e+00      1.24396e-01      1.00000e+01      1.03052e-03
    2.06386e+00      1.17829e-01      1.00000e+01      1.05941e-03
    2.09547e+00      1.10751e-01      1.00000e+01      1.08910e-03
    2.12756e+00      1.04392e-01      1.00000e+01      1.11958e-03
    2.16015e+00      9.82632e-02      1.00000e+01      1.15087e-03
    2.19324e+00      9.24938e-02      1.00000e+01      1.18301e-03
    2.22684e+00      8.69402e-02      1.00000e+01      1.21601e-03
    2.26094e+00      8.16388e-02      1.00000e+01      1.24988e-03
    2.29558e+00      7.65942e-02      1.00000e+01      1.28460e-03
    2.33074e+00      7.17791e-02      1.00000e+01      1.32039e-03
    2.36644e+00      6.71937e-02      1.00000e+01      1.35705e-03
    2.40269e+00      6.28214e-02      1.00000e+01      1.39469e-03
    2.43949e+00      5.86839e-02      1.00000e+01      1.43333e-03
    2.47685e+00      5.47284e-02      1.00000e+01      1.47299e-03
    2.51479e+00      5.09885e-02      1.00000e+01      1.51371e-03
    2.55331e+00      4.74484e-02      1.00000e+01      1.55550e-03
    2.59242e+00      4.41026e-02      1.00000e+01      1.59835e-03
    2.63213e+00      4.09209e-02      1.00000e+01      1.64242e-03
    2.67245e+00      3.79176e-02      1.00000e+01      1.68760e-03
    2.71338e+00      3.50989e-02      1.00000e+01      1.73399e-03
    2.75495e+00      3.24368e-02      1.00000e+01      1.78160e-03
    2.79715e+00      2.99329e-02      1.00000e+01      1.83043e-03
    2.83999e+00      2.75796e-02      1.00000e+01      1.88056e-03
    2.88349e+00      2.53703e-02      1.00000e+01      1.93199e-03
    2.92766e+00      2.33027e-02      1.00000e+01      1.98476e-03
    2.97250e+00      2.13602e-02      1.00000e+01      2.03891e-03
    3.01803e+00      1.95419e-02      1.00000e+01      2.09446e-03
    3.06426e+00      1.78433e-02      1.00000e+01      2.15147e-03
    3.11120e+00      1.62589e-02      1.00000e+01      2.20994e-03
    3.15886e+00      1.47838e-02      1.00000e+01      2.26994e-03
    3.20724e+00      1.34128e-02      1.00000e+01      2.33148e-03
    3.25637e+00      1.21411e-02      1.00000e+01      2.39461e-03
    3.30625e+00      1.09650e-02      1.00000e+01      2.45937e-03
    3.35689e+00      9.87950e-03      1.00000e+01      2.52578e-03
    3.40831e+00      8.88032e-03      1.00000e+01      2.59390e-03
    3.46052e+00      7.96410e-03      1.00000e+01      2.66378e-03
    3.51352e+00      7.12552e-03      1.00000e+01      2.73544e-03
    3.56734e+00      6.36034e-03      1.00000e+01      2.80892e-03
    3.62198e+00      5.66508e-03      1.00000e+01      2.88426e-03
    3.67746e+00      5.03501e-03      1.00000e+01      2.96154e-03
    3.73379e+00      4.46605e-03      1.00000e+01      3.04078e-03
    3.79099e+00      3.95365e-03      1.00000e+01      3.12201e-03
    3.84905e+00      3.49339e-03      1.00000e+01      3.20531e-03
    3.90801e+00      3.08209e-03      1.00000e+01      3.29071e-03
    3.96787e+00      2.71540e-03      1.00000e+01      3.37832e-03
    4.02865e+00      2.38902e-03      1.00000e+01      3.46801e-03
    4.09036e+00      2.09877e-03      1.00000e+01      3.55999e-03
    4.15302e+00      1.84276e-03      1.00000e+01      3.65428e-03
    4.21663e+00      1.61795e-03      1.00000e+01      3.75093e-03
    4.28122e+00      1.42156e-03      1.00000e+01      3.85035e-03
    4.34680e+00      1.25106e-03      1.00000e+01      3.95306e-03
    4.41338e+00      1.10400e-03      1.00000e+01      4.05902e-03
    4.48098e+00      9.78765e-04      1.00000e+01      4.16915e-03
    4.54962e+00      8.72721e-04      1.00000e+01      4.28159e-03
    4.61931e+00      7.83761e-04      1.00000e+01      4.39843e-03
    4.69006e+00      7.17918e-04      1.00000e+01      4.51919e-03
    4.76190e+00      6.51857e-04      1.00000e+01      4.64392e-03
    4.83485e+00      6.04036e-04      1.00000e+01      4.77280e-03
    4.90890e+00      5.65844e-04      1.00000e+01      4.90614e-03
    4.98410e+00      5.35389e-04      1.00000e+01      5.04387e-03
    5.06044e+00      5.10884e-04      1.00000e+01      5.18637e-03
    5.13796e+00      4.90757e-04      1.00000e+01      5.33367e-03
    5.21666e+00      4.73728e-04      1.00000e+01      5.48600e-03
    5.29656e+00      4.59095e-04      1.00000e+01      5.64359e-03
    5.37769e+00      4.46463e-04      1.00000e+01      5.80658e-03
    5.46007e+00      4.35712e-04      1.00000e+01      5.97507e-03
    5.54370e+00      4.26632e-04      1.00000e+01      6.14833e-03
    5.62862e+00      4.19061e-04      1.00000e+01      6.32655e-03
    5.71484e+00      4.12828e-04      1.00000e+01      6.50970e-03
    5.80238e+00      4.07719e-04      1.00000e+01      6.69804e-03
    5.89125e+00      4.03576e-04      1.00000e+01      6.89161e-03
    5.98150e+00      4.00243e-04      1.00000e+01      7.09068e-03
    6.07312e+00      3.97578e-04      1.00000e+01      7.29529e-03
    6.16614e+00      3.95449e-04      1.00000e+01      7.50560e-03
    6.26059e+00      3.93732e-04      1.00000e+01      7.72189e-03
    6.35649e+00      3.92343e-04      1.00000e+01      7.94401e-03
    6.45386e+00      3.91226e-04      1.00000e+01      8.17244e-03
    6.55272e+00      3.90311e-04      1.00000e+01      8.40721e-03
    6.65309e+00      3.89556e-04      1.00000e+01      8.64858e-03
    6.75500e+00      3.88943e-04      1.00000e+01      8.89665e-03
    6.85847e+00      3.88451e-04      1.00000e+01      9.15142e-03
    6.96353e+00      3.88068e-04      1.00000e+01      9.41342e-03
    7.07019e+00      3.87779e-04      1.00000e+01      9.68270e-03
    7.17849e+00      3.87567e-04      1.00000e+01      9.95917e-03
    7.28845e+00      3.87418e-04      1.00000e+01      1.02435e-02
    7.40009e+00      3.87313e-04      1.00000e+01      1.05357e-02
    7.51345e+00      3.87239e-04      1.00000e+01      1.08360e-02
    7.62854e+00      3.87176e-04      1.00000e+01      1.11445e-02
    7.74539e+00      3.87112e-04      1.00000e+01      1.14614e-02
    7.86403e+00      3.87051e-04      1.00000e+01      1.17872e-02
    7.98449e+00      3.86985e-04      1.00000e+01      1.21218e-02
    8.10679e+00      3.86923e-04      1.00000e+01      1.24656e-02
    8.23097e+00      3.86858e-04      1.00000e+01      1.28188e-02
    8.35705e+00      3.86791e-04      1.00000e+01      1.31817e-02
    8.48506e+00      3.86723e-04      1.00000e+01      1.35545e-02
    8.61503e+00      3.86655e-04      1.00000e+01      1.39377e-02
    8.74700e+00      3.86585e-04      1.00000e+01      1.43310e-02
    8.88098e+00      3.86516e-04      1.00000e+01      1.47352e-02
    9.01702e+00      3.86445e-04      1.00000e+01      1.51504e-02
    9.15514e+00      3.86372e-04      1.00000e+01      1.55768e-02
    9.29537e+00      3.86298e-04      1.00000e+01      1.60148e-02
    9.43776e+00      3.86223e-04      1.00000e+01      1.64647e-02
    9.58232e+00      3.86152e-04      1.00000e+01      1.69268e-02
    9.72910e+00      3.86072e-04      1.00000e+01      1.74013e-02
    9.87813e+00      3.85994e-04      1.00000e+01      1.78888e-02
    1.00294e+01      3.85912e-04      1.00000e+01      1.83889e-02
    1.01831e+01      3.85835e-04      1.00000e+01      1.89033e-02
    1.03391e+01      3.85754e-04      1.00000e+01      1.94311e-02
    1.04974e+01      3.85671e-04      1.00000e+01      1.99731e-02
    1.06582e+01      3.85588e-04      1.00000e+01      2.05297e-02
    1.08215e+01      3.85502e-04      1.00000e+01      2.11011e-02
    1.09872e+01      3.85415e-04      1.00000e+01      2.16879e-02
    1.11555e+01      3.85326e-04      1.00000e+01      2.22901e-02
    1.13264e+01      3.85240e-04      1.00000e+01      2.29089e-02
    1.14999e+01      3.85120e-04      1.00000e+01      2.37424e-02
    1.16761e+01      3.85063e-04      1.00000e+01      2.41955e-02
    1.18549e+01      3.84964e-04      1.00000e+01      2.48649e-02
    1.20365e+01      3.84870e-04      1.00000e+01      2.55520e-02
    1.22209e+01      3.84775e-04      1.00000e+01      2.62571e-02
    1.24081e+01      3.84678e-04      1.00000e+01      2.69810e-02
    1.25982e+01      3.84577e-04      1.00000e+01      2.77244e-02
    1.27911e+01      3.84480e-04      1.00000e+01      2.84866e-02
    1.29871e+01      3.84379e-04      1.00000e+01      2.92692e-02
    1.31860e+01      3.84276e-04      1.00000e+01      3.00723e-02
    1.33880e+01      3.84173e-04      1.00000e+01      3.08968e-02
    1.35931e+01      3.84069e-04      1.00000e+01      3.17427e-02
    1.38013e+01      3.83960e-04      1.00000e+01      3.26107e-02
    1.40127e+01      3.83851e-04      1.00000e+01      3.35015e-02
    1.42273e+01      3.83744e-04      1.00000e+01      3.44151e-02
    1.44452e+01      3.83635e-04      1.00000e+01      3.53535e-02
    1.46665e+01      3.83519e-04      1.00000e+01      3.63154e-02
    1.48912e+01      3.83405e-04      1.00000e+01      3.73026e-02
    1.51193e+01      3.83288e-04      1.00000e+01      3.83154e-02
    1.53509e+01      3.83168e-04      1.00000e+01      3.93536e-02
    1.55860e+01      3.83050e-04      1.00000e+01      4.04187e-02
    1.58248e+01      3.82928e-04      1.00000e+01      4.15106e-02
    1.60672e+01      3.82803e-04      1.00000e+01      4.26297e-02
    1.63133e+01      3.82677e-04      1.00000e+01      4.37778e-02
    1.65632e+01      3.82550e-04      1.00000e+01      4.49540e-02
    1.68169e+01      3.82422e-04      1.00000e+01      4.61598e-02
    1.70745e+01      3.82293e-04      1.00000e+01      4.73963e-02
    1.73360e+01      3.82159e-04      1.00000e+01      4.86623e-02
    1.76016e+01      3.82024e-04      1.00000e+01      4.99606e-02
    1.78712e+01      3.81889e-04      1.00000e+01      5.12903e-02
    1.81449e+01      3.81750e-04      1.00000e+01      5.26544e-02
    1.84229e+01      3.81611e-04      1.00000e+01      5.40521e-02
    1.87051e+01      3.81467e-04      1.00000e+01      5.54826e-02
    1.89916e+01      3.81323e-04      1.00000e+01      5.69486e-02
    1.92825e+01      3.81177e-04      1.00000e+01      5.84509e-02
    1.95779e+01      3.81029e-04      1.00000e+01      5.99891e-02
    1.98778e+01      3.80875e-04      1.00000e+01      6.15650e-02
    2.01822e+01      3.80722e-04      1.00000e+01      6.31778e-02
    2.04914e+01      3.80566e-04      1.00000e+01      6.48317e-02
    2.08053e+01      3.80410e-04      1.00000e+01      6.65254e-02
    2.11240e+01      3.80250e-04      1.00000e+01      6.82587e-02
    2.14475e+01      3.80088e-04      1.00000e+01      7.00335e-02
    2.17761e+01      3.79921e-04      1.00000e+01      7.18507e-02
    2.21096e+01      3.79756e-04      1.00000e+01      7.37105e-02
    2.24483e+01      3.79587e-04      1.00000e+01      7.56152e-02
    2.27922e+01      3.79415e-04      1.00000e+01      7.75643e-02
    2.31413e+01      3.79241e-04      1.00000e+01      7.95594e-02
    2.34958e+01      3.79062e-04      1.00000e+01      8.16011e-02
    2.38557e+01      3.78884e-04      1.00000e+01      8.36909e-02
    2.42211e+01      3.78701e-04      1.00000e+01      8.58278e-02
    2.45921e+01      3.78518e-04      1.00000e+01      8.80156e-02
    2.49688e+01      3.78329e-04      1.00000e+01      9.02532e-02
    2.53513e+01      3.78141e-04      1.00000e+01      9.25421e-02
    2.57396e+01      3.77949e-04      1.00000e+01      9.48843e-02
    2.61339e+01      3.77754e-04      1.00000e+01      9.72793e-02
    2.65342e+01      3.77556e-04      1.00000e+01      9.97289e-02
    2.69406e+01      3.77355e-04      1.00000e+01      1.02233e-01
    2.73533e+01      3.77152e-04      1.00000e+01      1.04794e-01
    2.77723e+01      3.76942e-04      1.00000e+01      1.07412e-01
    2.81977e+01      3.76736e-04      1.00000e+01      1.10089e-01
    2.86297e+01      3.76523e-04      1.00000e+01      1.12825e-01
    2.90682e+01      3.76304e-04      1.00000e+01      1.15619e-01
    2.95135e+01      3.76085e-04      1.00000e+01      1.18473e-01
    2.99656e+01      3.75864e-04      1.00000e+01      1.21390e-01
    3.04246e+01      3.75643e-04      1.00000e+01      1.24369e-01
    3.08906e+01      3.75410e-04      1.00000e+01      1.27408e-01
    3.13638e+01      3.75179e-04      1.00000e+01      1.30515e-01
    3.18442e+01      3.74942e-04      1.00000e+01      1.33716e-01
    3.23320e+01      3.74706e-04      1.00000e+01      1.36922e-01
    3.28273e+01      3.74461e-04      1.00000e+01      1.40223e-01
    3.33301e+01      3.74217e-04      1.00000e+01      1.43595e-01
    3.38406e+01      3.73969e-04      1.00000e+01      1.47035e-01
    3.43590e+01      3.73714e-04      1.00000e+01      1.50545e-01
    3.48853e+01      3.73460e-04      1.00000e+01      1.54125e-01
    3.54197e+01      3.73194e-04      1.00000e+01      1.57776e-01
    3.59622e+01      3.72936e-04      1.00000e+01      1.61498e-01
    3.65131e+01      3.72663e-04      1.00000e+01      1.65295e-01
    3.70724e+01      3.72412e-04      1.00000e+01      1.69162e-01
    3.76403e+01      3.72120e-04      1.00000e+01      1.73110e-01
    3.82169e+01      3.71839e-04      1.00000e+01      1.77129e-01
    3.88023e+01      3.71555e-04      1.00000e+01      1.81225e-01
    3.93966e+01      3.71267e-04      1.00000e+01      1.85398e-01
    4.00001e+01      3.70974e-04      1.00000e+01      1.89646e-01
