    Er (keV)         SM dN/dE         BG dN/dE        BSM dN/dE (events/kg/day/keV)
    5.01000e-02      9.32597e-03      1.00000e+01      7.33531e-16
    5.07438e-02      9.15930e-03      1.00000e+01      7.58006e-16
    5.13959e-02      8.99049e-03      1.00000e+01      7.82796e-16
    5.20564e-02      8.81949e-03      1.00000e+01      8.07905e-16
    5.27254e-02      8.64630e-03      1.00000e+01      8.33338e-16
    5.34030e-02      8.47088e-03      1.00000e+01      8.59098e-16
    5.40893e-02      8.29320e-03      1.00000e+01      8.85190e-16
    5.47845e-02      8.11323e-03      1.00000e+01      9.11617e-16
    5.54886e-02      7.93094e-03      1.00000e+01      9.38385e-16
    5.62018e-02      7.74631e-03      1.00000e+01      9.65498e-16
    5.69242e-02      7.55930e-03      1.00000e+01      9.92959e-16
    5.76558e-02      7.36988e-03      1.00000e+01      1.02077e-15
    5.83969e-02      7.17802e-03      1.00000e+01      1.04895e-15
    5.91476e-02      6.98369e-03      1.00000e+01      1.07748e-15
    5.99079e-02      6.78686e-03      1.00000e+01      1.10639e-15
    6.06779e-02      6.58749e-03      1.00000e+01      1.13566e-15
    6.14580e-02      6.38556e-03      1.00000e+01      1.16532e-15
    6.22480e-02      6.18103e-03      1.00000e+01      1.19535e-15
    6.30482e-02      5.97386e-03      1.00000e+01      1.22577e-15
    6.38587e-02      5.76403e-03      1.00000e+01      1.25659e-15
    6.46797e-02      5.55149e-03      1.00000e+01      1.28780e-15
    6.55112e-02      5.33622e-03      1.00000e+01      1.31941e-15
    6.63535e-02      5.11818e-03      1.00000e+01      1.35143e-15
    6.72066e-02      4.89733e-03      1.00000e+01      1.38386e-15
    6.80706e-02      4.67363e-03      1.00000e+01      1.41670e-15
    6.89458e-02      4.44706e-03      1.00000e+01      1.44998e-15
    6.98323e-02      4.21756e-03      1.00000e+01      1.48368e-15
    7.07302e-02      3.98512e-03      1.00000e+01      1.51781e-15
    7.16396e-02      3.74968e-03      1.00000e+01      1.55238e-15
    7.25607e-02      3.51120e-03      1.00000e+01      1.58740e-15
    7.34938e-02      3.26966e-03      1.00000e+01      1.62287e-15
    7.44388e-02      3.02501e-03      1.00000e+01      1.65880e-15
    7.53960e-02      2.77721e-03      1.00000e+01      1.69519e-15
    7.63655e-02      2.52621e-03      1.00000e+01      1.73204e-15
    7.73475e-02      2.27199e-03      1.00000e+01      1.76937e-15
    7.83421e-02      2.01449e-03      1.00000e+01      1.80719e-15
    7.93496e-02      1.75367e-03      1.00000e+01      1.84549e-15
    8.03700e-02      1.51965e-03      1.00000e+01      1.88681e-15
    8.14035e-02      1.51740e-03      1.00000e+01      1.94838e-15
    8.24504e-02      1.51511e-03      1.00000e+01      2.01075e-15
    8.35108e-02      1.51279e-03      1.00000e+01      2.07392e-15
    8.45848e-02      1.51045e-03      1.00000e+01      2.13790e-15
    8.56726e-02      1.50807e-03      1.00000e+01      2.20271e-15
    8.67744e-02      1.50567e-03      1.00000e+01      2.26835e-15
    8.78905e-02      1.50323e-03      1.00000e+01      2.33483e-15
    8.90209e-02      1.50076e-03      1.00000e+01      2.40217e-15
    9.01658e-02      1.49826e-03      1.00000e+01      2.47038e-15
    9.13255e-02      1.49573e-03      1.00000e+01      2.53947e-15
    9.25001e-02      1.49317e-03      1.00000e+01      2.60944e-15
    9.36899e-02      1.49057e-03      1.00000e+01      2.68032e-15
    9.48949e-02      1.48794e-03      1.00000e+01      2.75211e-15
    9.61155e-02      1.48527e-03      1.00000e+01      2.82483e-15
    9.73518e-02      1.48257e-03      1.00000e+01      2.89848e-15
    9.86040e-02      1.47984e-03      1.00000e+01      2.97308e-15
    9.98724e-02      1.47707e-03      1.00000e+01      3.04864e-15
    1.01157e-01      1.47426e-03      1.00000e+01      3.12517e-15
    1.02458e-01      1.47142e-03      1.00000e+01      3.20269e-15
    1.03776e-01      1.46854e-03      1.00000e+01      3.28120e-15
    1.05111e-01      1.46563e-03      1.00000e+01      3.36073e-15
    1.06463e-01      1.46268e-03      1.00000e+01      3.44128e-15
    1.07833e-01      1.45969e-03      1.00000e+01      3.52287e-15
    1.09220e-01      1.45666e-03      1.00000e+01      3.60551e-15
    1.10625e-01      1.45361e-03      1.00000e+01      3.69107e-15
    1.12048e-01      1.45071e-03      1.00000e+01      3.79792e-15
    1.13490e-01      1.44778e-03      1.00000e+01      3.90615e-15
    1.14950e-01      1.44481e-03      1.00000e+01      4.01577e-15
    1.16428e-01      1.44180e-03      1.00000e+01      4.12680e-15
    1.17926e-01      1.43875e-03      1.00000e+01      4.23927e-15
    1.19443e-01      1.43567e-03      1.00000e+01      4.35318e-15
    1.20980e-01      1.43254e-03      1.00000e+01      4.46855e-15
    1.22537e-01      1.42938e-03      1.00000e+01      4.58542e-15
    1.24113e-01      1.42617e-03      1.00000e+01      4.70379e-15
    1.25710e-01      1.42292e-03      1.00000e+01      4.82368e-15
    1.27327e-01      1.41963e-03      1.00000e+01      4.94511e-15
    1.28965e-01      1.41630e-03      1.00000e+01      5.06811e-15
    1.30625e-01      1.41292e-03      1.00000e+01      5.19269e-15
    1.32305e-01      1.40950e-03      1.00000e+01      5.31888e-15
    1.34008e-01      1.40604e-03      1.00000e+01      5.44669e-15
    1.35732e-01      1.40253e-03      1.00000e+01      5.57615e-15
    1.37478e-01      1.39898e-03      1.00000e+01      5.70728e-15
    1.39247e-01      1.39538e-03      1.00000e+01      5.84009e-15
    1.41039e-01      1.39178e-03      1.00000e+01      5.97958e-15
    1.42854e-01      1.38833e-03      1.00000e+01      6.14788e-15
    1.44692e-01      1.38485e-03      1.00000e+01      6.31835e-15
    1.46553e-01      1.38132e-03      1.00000e+01      6.49101e-15
    1.48439e-01      1.37774e-03      1.00000e+01      6.66590e-15
    1.50349e-01      1.37412e-03      1.00000e+01      6.84304e-15
    1.52284e-01      1.37045e-03      1.00000e+01      7.02246e-15
    1.54243e-01      1.36673e-03      1.00000e+01      7.20419e-15
    1.56228e-01      1.36297e-03      1.00000e+01      7.38826e-15
    1.58238e-01      1.35916e-03      1.00000e+01      7.57470e-15
    1.60275e-01      1.35530e-03      1.00000e+01      7.76354e-15
    1.62337e-01      1.35139e-03      1.00000e+01      7.95481e-15
    1.64426e-01      1.34742e-03      1.00000e+01      8.14855e-15
    1.66542e-01      1.34341e-03      1.00000e+01      8.34478e-15
    1.68685e-01      1.33935e-03      1.00000e+01      8.54354e-15
    1.70856e-01      1.33523e-03      1.00000e+01      8.74485e-15
    1.73054e-01      1.33130e-03      1.00000e+01      8.98468e-15
    1.75281e-01      1.32734e-03      1.00000e+01      9.23034e-15
    1.77537e-01      1.32332e-03      1.00000e+01      9.47917e-15
    1.79822e-01      1.31926e-03      1.00000e+01      9.73120e-15
    1.82136e-01      1.31514e-03      1.00000e+01      9.98647e-15
    1.84480e-01      1.31096e-03      1.00000e+01      1.02450e-14
    1.86854e-01      1.30674e-03      1.00000e+01      1.05069e-14
    1.89258e-01      1.30246e-03      1.00000e+01      1.07722e-14
    1.91694e-01      1.29812e-03      1.00000e+01      1.10409e-14
    1.94161e-01      1.29373e-03      1.00000e+01      1.13130e-14
    1.96660e-01      1.28929e-03      1.00000e+01      1.15887e-14
    1.99191e-01      1.28478e-03      1.00000e+01      1.18678e-14
    2.01754e-01      1.28027e-03      1.00000e+01      1.21592e-14
    2.04351e-01      1.27592e-03      1.00000e+01      1.24910e-14
    2.06981e-01      1.27152e-03      1.00000e+01      1.28271e-14
    2.09644e-01      1.26705e-03      1.00000e+01      1.31675e-14
    2.12342e-01      1.26254e-03      1.00000e+01      1.35123e-14
    2.15075e-01      1.25796e-03      1.00000e+01      1.38615e-14
    2.17843e-01      1.25332e-03      1.00000e+01      1.42153e-14
    2.20647e-01      1.24863e-03      1.00000e+01      1.45735e-14
    2.23487e-01      1.24387e-03      1.00000e+01      1.49364e-14
    2.26363e-01      1.23905e-03      1.00000e+01      1.53040e-14
    2.29276e-01      1.23417e-03      1.00000e+01      1.56763e-14
    2.32227e-01      1.22929e-03      1.00000e+01      1.60660e-14
    2.35216e-01      1.22456e-03      1.00000e+01      1.65010e-14
    2.38244e-01      1.21977e-03      1.00000e+01      1.69415e-14
    2.41310e-01      1.21492e-03      1.00000e+01      1.73877e-14
    2.44416e-01      1.21000e-03      1.00000e+01      1.78397e-14
    2.47562e-01      1.20502e-03      1.00000e+01      1.82975e-14
    2.50748e-01      1.19998e-03      1.00000e+01      1.87612e-14
    2.53975e-01      1.19487e-03      1.00000e+01      1.92308e-14
    2.57244e-01      1.18970e-03      1.00000e+01      1.97065e-14
    2.60555e-01      1.18446e-03      1.00000e+01      2.01883e-14
    2.63909e-01      1.17932e-03      1.00000e+01      2.07121e-14
    2.67306e-01      1.17423e-03      1.00000e+01      2.12630e-14
    2.70746e-01      1.16907e-03      1.00000e+01      2.18211e-14
    2.74231e-01      1.16384e-03      1.00000e+01      2.23863e-14
    2.77761e-01      1.15855e-03      1.00000e+01      2.29589e-14
    2.81336e-01      1.15318e-03      1.00000e+01      2.35388e-14
    2.84957e-01      1.14775e-03      1.00000e+01      2.41261e-14
    2.88625e-01      1.14225e-03      1.00000e+01      2.47211e-14
    2.92340e-01      1.13670e-03      1.00000e+01      2.53293e-14
    2.96103e-01      1.13134e-03      1.00000e+01      2.60059e-14
    2.99914e-01      1.12591e-03      1.00000e+01      2.66912e-14
    3.03775e-01      1.12042e-03      1.00000e+01      2.73853e-14
    3.07685e-01      1.11485e-03      1.00000e+01      2.80883e-14
    3.11645e-01      1.10921e-03      1.00000e+01      2.88004e-14
    3.15657e-01      1.10349e-03      1.00000e+01      2.95217e-14
    3.19720e-01      1.09771e-03      1.00000e+01      3.02522e-14
    3.23835e-01      1.09195e-03      1.00000e+01      3.10183e-14
    3.28004e-01      1.08631e-03      1.00000e+01      3.18375e-14
    3.32226e-01      1.08059e-03      1.00000e+01      3.26672e-14
    3.36502e-01      1.07480e-03      1.00000e+01      3.35075e-14
    3.40834e-01      1.06893e-03      1.00000e+01      3.43587e-14
    3.45221e-01      1.06298e-03      1.00000e+01      3.52209e-14
    3.49665e-01      1.05697e-03      1.00000e+01      3.60941e-14
    3.54166e-01      1.05097e-03      1.00000e+01      3.70085e-14
    3.58725e-01      1.04509e-03      1.00000e+01      3.79872e-14
    3.63343e-01      1.03912e-03      1.00000e+01      3.89786e-14
    3.68020e-01      1.03308e-03      1.00000e+01      3.99827e-14
    3.72757e-01      1.02697e-03      1.00000e+01      4.09998e-14
    3.77556e-01      1.02077e-03      1.00000e+01      4.20300e-14
    3.82416e-01      1.01449e-03      1.00000e+01      4.30734e-14
    3.87338e-01      1.00841e-03      1.00000e+01      4.42060e-14
    3.92324e-01      1.00227e-03      1.00000e+01      4.53592e-14
    3.97375e-01      9.96046e-04      1.00000e+01      4.65273e-14
    4.02490e-01      9.89745e-04      1.00000e+01      4.77104e-14
    4.07671e-01      9.83363e-04      1.00000e+01      4.89088e-14
    4.12919e-01      9.76899e-04      1.00000e+01      5.01226e-14
    4.18235e-01      9.70635e-04      1.00000e+01      5.14403e-14
    4.23619e-01      9.64297e-04      1.00000e+01      5.27770e-14
    4.29072e-01      9.57878e-04      1.00000e+01      5.41308e-14
    4.34595e-01      9.51376e-04      1.00000e+01      5.55020e-14
    4.40190e-01      9.44790e-04      1.00000e+01      5.68909e-14
    4.45857e-01      9.38252e-04      1.00000e+01      5.83413e-14
    4.51596e-01      9.31790e-04      1.00000e+01      5.98632e-14
    4.57410e-01      9.25245e-04      1.00000e+01      6.14047e-14
    4.63298e-01      9.18615e-04      1.00000e+01      6.29661e-14
    4.69262e-01      9.11901e-04      1.00000e+01      6.45476e-14
    4.75303e-01      9.05185e-04      1.00000e+01      6.61793e-14
    4.81422e-01      8.98592e-04      1.00000e+01      6.79048e-14
    4.87619e-01      8.91914e-04      1.00000e+01      6.96526e-14
    4.93897e-01      8.85150e-04      1.00000e+01      7.14228e-14
    5.00255e-01      8.78299e-04      1.00000e+01      7.32159e-14
    5.06695e-01      8.71490e-04      1.00000e+01      7.50809e-14
    5.13218e-01      8.64754e-04      1.00000e+01      7.70301e-14
    5.19825e-01      8.57932e-04      1.00000e+01      7.90044e-14
    5.26517e-01      8.51021e-04      1.00000e+01      8.10041e-14
    5.33295e-01      8.44022e-04      1.00000e+01      8.30296e-14
    5.40160e-01      8.37188e-04      1.00000e+01      8.51835e-14
    5.47114e-01      8.30298e-04      1.00000e+01      8.73777e-14
    5.54158e-01      8.23319e-04      1.00000e+01      8.96002e-14
    5.61292e-01      8.16251e-04      1.00000e+01      9.18513e-14
    5.68518e-01      8.09262e-04      1.00000e+01      9.42019e-14
    5.75837e-01      8.02307e-04      1.00000e+01      9.66335e-14
    5.83250e-01      7.95263e-04      1.00000e+01      9.90964e-14
    5.90758e-01      7.88128e-04      1.00000e+01      1.01591e-13
    5.98364e-01      7.81046e-04      1.00000e+01      1.04186e-13
    6.06067e-01      7.74019e-04      1.00000e+01      1.06884e-13
    6.13869e-01      7.66901e-04      1.00000e+01      1.09616e-13
    6.21772e-01      7.59691e-04      1.00000e+01      1.12384e-13
    6.29777e-01      7.52566e-04      1.00000e+01      1.15264e-13
    6.37885e-01      7.45458e-04      1.00000e+01      1.18228e-13
    6.46097e-01      7.38258e-04      1.00000e+01      1.21231e-13
    6.54415e-01      7.30966e-04      1.00000e+01      1.24272e-13
    6.62840e-01      7.23844e-04      1.00000e+01      1.27481e-13
    6.71373e-01      7.16652e-04      1.00000e+01      1.30741e-13
    6.80017e-01      7.09367e-04      1.00000e+01      1.34043e-13
    6.88771e-01      7.02100e-04      1.00000e+01      1.37440e-13
    6.97639e-01      6.94911e-04      1.00000e+01      1.40961e-13
    7.06620e-01      6.87630e-04      1.00000e+01      1.44528e-13
    7.15717e-01      6.80261e-04      1.00000e+01      1.48143e-13
    7.24932e-01      6.73074e-04      1.00000e+01      1.51967e-13
    7.34265e-01      6.65794e-04      1.00000e+01      1.55840e-13
    7.43718e-01      6.58421e-04      1.00000e+01      1.59763e-13
    7.53293e-01      6.51173e-04      1.00000e+01      1.63860e-13
    7.62991e-01      6.43894e-04      1.00000e+01      1.68045e-13
    7.72814e-01      6.36522e-04      1.00000e+01      1.72283e-13
    7.82763e-01      6.29239e-04      1.00000e+01      1.76686e-13
    7.92841e-01      6.21953e-04      1.00000e+01      1.81200e-13
    8.03048e-01      6.14574e-04      1.00000e+01      1.85772e-13
    8.13387e-01      6.07286e-04      1.00000e+01      1.90511e-13
    8.23859e-01      5.99993e-04      1.00000e+01      1.95362e-13
    8.34466e-01      5.92606e-04      1.00000e+01      2.00276e-13
    8.45209e-01      5.85346e-04      1.00000e+01      2.05411e-13
    8.56091e-01      5.78047e-04      1.00000e+01      2.10651e-13
    8.67113e-01      5.70661e-04      1.00000e+01      2.15963e-13
    8.78276e-01      5.63442e-04      1.00000e+01      2.21496e-13
    8.89584e-01      5.56130e-04      1.00000e+01      2.27100e-13
    9.01037e-01      5.48816e-04      1.00000e+01      2.32858e-13
    9.12637e-01      5.41582e-04      1.00000e+01      2.38845e-13
    9.24387e-01      5.34255e-04      1.00000e+01      2.44910e-13
    9.36288e-01      5.27032e-04      1.00000e+01      2.51152e-13
    9.48343e-01      5.19781e-04      1.00000e+01      2.57508e-13
    9.60552e-01      5.12501e-04      1.00000e+01      2.64000e-13
    9.72919e-01      5.05330e-04      1.00000e+01      2.70743e-13
    9.85445e-01      4.98065e-04      1.00000e+01      2.77574e-13
    9.98133e-01      4.91079e-04      1.00000e+01      2.88017e-13
    1.01098e+00      4.84089e-04      1.00000e+01      2.99419e-13
    1.02400e+00      4.77033e-04      1.00000e+01      3.09248e-13
    1.03718e+00      4.69916e-04      1.00000e+01      3.17113e-13
    1.05054e+00      4.62747e-04      1.00000e+01      3.25117e-13
    1.06406e+00      4.55697e-04      1.00000e+01      3.33411e-13
    1.07776e+00      4.48556e-04      1.00000e+01      3.41812e-13
    1.09164e+00      4.41559e-04      1.00000e+01      3.50533e-13
    1.10569e+00      4.34487e-04      1.00000e+01      3.59379e-13
    1.11993e+00      4.27518e-04      1.00000e+01      3.68529e-13
    1.13435e+00      4.20514e-04      1.00000e+01      3.77851e-13
    1.14895e+00      4.13586e-04      1.00000e+01      3.87445e-13
    1.16374e+00      4.06649e-04      1.00000e+01      3.97237e-13
    1.17873e+00      3.99774e-04      1.00000e+01      4.07313e-13
    1.19390e+00      3.92902e-04      1.00000e+01      4.17614e-13
    1.20928e+00      3.86091e-04      1.00000e+01      4.28209e-13
    1.22484e+00      3.79282e-04      1.00000e+01      4.39036e-13
    1.24061e+00      3.72545e-04      1.00000e+01      4.50127e-13
    1.25659e+00      3.65796e-04      1.00000e+01      4.61421e-13
    1.27277e+00      3.59141e-04      1.00000e+01      4.73173e-13
    1.28915e+00      3.52450e-04      1.00000e+01      4.85164e-13
    1.30575e+00      3.45888e-04      1.00000e+01      4.97497e-13
    1.32256e+00      3.39284e-04      1.00000e+01      5.10036e-13
    1.33959e+00      3.32797e-04      1.00000e+01      5.22979e-13
    1.35684e+00      3.26304e-04      1.00000e+01      5.36187e-13
    1.37431e+00      3.19873e-04      1.00000e+01      5.49748e-13
    1.39200e+00      3.13494e-04      1.00000e+01      5.63661e-13
    1.40992e+00      3.07118e-04      1.00000e+01      5.77864e-13
    1.42808e+00      3.00858e-04      1.00000e+01      5.92519e-13
    1.44646e+00      2.94592e-04      1.00000e+01      6.07464e-13
    1.46509e+00      2.88404e-04      1.00000e+01      6.22822e-13
    1.48395e+00      2.82272e-04      1.00000e+01      6.38572e-13
    1.50306e+00      2.76148e-04      1.00000e+01      6.54651e-13
    1.52241e+00      2.70144e-04      1.00000e+01      6.71218e-13
    1.54201e+00      2.64162e-04      1.00000e+01      6.88154e-13
    1.56186e+00      2.58207e-04      1.00000e+01      7.05471e-13
    1.58197e+00      2.52369e-04      1.00000e+01      7.23365e-13
    1.60234e+00      2.46555e-04      1.00000e+01      7.41671e-13
    1.62297e+00      2.40773e-04      1.00000e+01      7.60408e-13
    1.64387e+00      2.35113e-04      1.00000e+01      7.79639e-13
    1.66503e+00      2.29487e-04      1.00000e+01      7.99261e-13
    1.68647e+00      2.23902e-04      1.00000e+01      8.19308e-13
    1.70819e+00      2.18408e-04      1.00000e+01      8.39983e-13
    1.73018e+00      2.12982e-04      1.00000e+01      8.61178e-13
    1.75246e+00      2.07603e-04      1.00000e+01      8.82867e-13
    1.77502e+00      2.02277e-04      1.00000e+01      9.05066e-13
    1.79787e+00      1.97058e-04      1.00000e+01      9.27903e-13
    1.82102e+00      1.91896e-04      1.00000e+01      9.51292e-13
    1.84447e+00      1.86791e-04      1.00000e+01      9.75240e-13
    1.86822e+00      1.81746e-04      1.00000e+01      9.99767e-13
    1.89227e+00      1.76788e-04      1.00000e+01      1.02495e-12
    1.91663e+00      1.71914e-04      1.00000e+01      1.05075e-12
    1.94131e+00      1.67104e-04      1.00000e+01      1.07719e-12
    1.96631e+00      1.62361e-04      1.00000e+01      1.10427e-12
    1.99162e+00      1.57771e-04      1.00000e+01      1.13877e-12
    2.01727e+00      1.53550e-04      1.00000e+01      1.19789e-12
    2.04324e+00      1.49040e-04      1.00000e+01      1.22787e-12
    2.06955e+00      1.44608e-04      1.00000e+01      1.25872e-12
    2.09619e+00      1.40249e-04      1.00000e+01      1.29047e-12
    2.12318e+00      1.35966e-04      1.00000e+01      1.32296e-12
    2.15052e+00      1.31759e-04      1.00000e+01      1.35619e-12
    2.17821e+00      1.27629e-04      1.00000e+01      1.39024e-12
    2.20625e+00      1.23578e-04      1.00000e+01      1.42513e-12
    2.23466e+00      1.19606e-04      1.00000e+01      1.46089e-12
    2.26343e+00      1.15714e-04      1.00000e+01      1.49755e-12
    2.29257e+00      1.11904e-04      1.00000e+01      1.53511e-12
    2.32209e+00      1.08175e-04      1.00000e+01      1.57359e-12
    2.35199e+00      1.04529e-04      1.00000e+01      1.61297e-12
    2.38227e+00      1.00961e-04      1.00000e+01      1.65346e-12
    2.41295e+00      9.74780e-05      1.00000e+01      1.69500e-12
    2.44401e+00      9.40768e-05      1.00000e+01      1.73746e-12
    2.47548e+00      9.07573e-05      1.00000e+01      1.78100e-12
    2.50736e+00      8.75203e-05      1.00000e+01      1.82561e-12
    2.53964e+00      8.43622e-05      1.00000e+01      1.87140e-12
    2.57234e+00      8.12877e-05      1.00000e+01      1.91840e-12
    2.60546e+00      7.82949e-05      1.00000e+01      1.96641e-12
    2.63901e+00      7.53821e-05      1.00000e+01      2.01559e-12
    2.67298e+00      7.25485e-05      1.00000e+01      2.06586e-12
    2.70740e+00      6.97943e-05      1.00000e+01      2.11744e-12
    2.74226e+00      6.71197e-05      1.00000e+01      2.17035e-12
    2.77757e+00      6.45346e-05      1.00000e+01      2.22462e-12
    2.81333e+00      6.20290e-05      1.00000e+01      2.28023e-12
    2.84955e+00      5.95995e-05      1.00000e+01      2.33719e-12
    2.88624e+00      5.72470e-05      1.00000e+01      2.39555e-12
    2.92341e+00      5.49681e-05      1.00000e+01      2.45540e-12
    2.96105e+00      5.27789e-05      1.00000e+01      2.51664e-12
    2.99917e+00      5.06630e-05      1.00000e+01      2.57934e-12
    3.03779e+00      4.86201e-05      1.00000e+01      2.64354e-12
    3.07690e+00      4.66504e-05      1.00000e+01      2.70966e-12
    3.11652e+00      4.47655e-05      1.00000e+01      2.77727e-12
    3.15665e+00      4.29477e-05      1.00000e+01      2.84648e-12
    3.19729e+00      4.11989e-05      1.00000e+01      2.91737e-12
    3.23846e+00      3.95318e-05      1.00000e+01      2.99009e-12
    3.28015e+00      3.79308e-05      1.00000e+01      3.06455e-12
    3.32239e+00      3.63973e-05      1.00000e+01      3.14083e-12
    3.36517e+00      3.49369e-05      1.00000e+01      3.21905e-12
    3.40849e+00      3.35375e-05      1.00000e+01      3.29908e-12
    3.45238e+00      3.22125e-05      1.00000e+01      3.38114e-12
    3.49683e+00      3.09452e-05      1.00000e+01      3.46514e-12
    3.54186e+00      2.97464e-05      1.00000e+01      3.55143e-12
    3.58746e+00      2.86051e-05      1.00000e+01      3.63966e-12
    3.63365e+00      2.75299e-05      1.00000e+01      3.73045e-12
    3.68044e+00      2.65060e-05      1.00000e+01      3.82306e-12
    3.72783e+00      2.55482e-05      1.00000e+01      3.91803e-12
    3.77582e+00      2.46406e-05      1.00000e+01      4.01493e-12
    3.82444e+00      2.37895e-05      1.00000e+01      4.11455e-12
    3.87368e+00      2.29914e-05      1.00000e+01      4.21662e-12
    3.92356e+00      2.22406e-05      1.00000e+01      4.32115e-12
    3.97408e+00      2.15441e-05      1.00000e+01      4.42828e-12
    4.02525e+00      2.08929e-05      1.00000e+01      4.53801e-12
    4.07708e+00      2.02860e-05      1.00000e+01      4.65038e-12
    4.12957e+00      1.97239e-05      1.00000e+01      4.76567e-12
    4.18274e+00      1.92063e-05      1.00000e+01      4.88357e-12
    4.23660e+00      1.87253e-05      1.00000e+01      5.00420e-12
    4.29115e+00      1.82853e-05      1.00000e+01      5.12781e-12
    4.34640e+00      1.78781e-05      1.00000e+01      5.25489e-12
    4.40236e+00      1.75108e-05      1.00000e+01      5.38479e-12
    4.45905e+00      1.71735e-05      1.00000e+01      5.51787e-12
    4.51646e+00      1.68680e-05      1.00000e+01      5.65418e-12
    4.57461e+00      1.65915e-05      1.00000e+01      5.79379e-12
    4.63351e+00      1.63420e-05      1.00000e+01      5.93678e-12
    4.69317e+00      1.61183e-05      1.00000e+01      6.08327e-12
    4.75360e+00      1.59184e-05      1.00000e+01      6.23331e-12
    4.81481e+00      1.57404e-05      1.00000e+01      6.38726e-12
    4.87680e+00      1.55828e-05      1.00000e+01      6.54478e-12
    4.93960e+00      1.54439e-05      1.00000e+01      6.70609e-12
    5.00320e+00      1.53219e-05      1.00000e+01      6.87095e-12
    5.06762e+00      1.52154e-05      1.00000e+01      7.03997e-12
    5.13287e+00      1.51229e-05      1.00000e+01      7.21319e-12
    5.19896e+00      1.50432e-05      1.00000e+01      7.39067e-12
    5.26590e+00      1.49744e-05      1.00000e+01      7.57235e-12
    5.33370e+00      1.49156e-05      1.00000e+01      7.75850e-12
    5.40238e+00      1.48650e-05      1.00000e+01      7.94907e-12
    5.47194e+00      1.48224e-05      1.00000e+01      8.14428e-12
    5.54239e+00      1.47860e-05      1.00000e+01      8.34449e-12
    5.61375e+00      1.47551e-05      1.00000e+01      8.54913e-12
    5.68604e+00      1.47289e-05      1.00000e+01      8.75823e-12
    5.75925e+00      1.47065e-05      1.00000e+01      8.97333e-12
    5.83340e+00      1.46873e-05      1.00000e+01      9.19322e-12
    5.90851e+00      1.46707e-05      1.00000e+01      9.41841e-12
    5.98459e+00      1.46561e-05      1.00000e+01      9.64902e-12
    6.06165e+00      1.46433e-05      1.00000e+01      9.88514e-12
    6.13970e+00      1.46318e-05      1.00000e+01      1.01265e-11
    6.21875e+00      1.46213e-05      1.00000e+01      1.03741e-11
    6.29882e+00      1.46116e-05      1.00000e+01      1.06278e-11
    6.37992e+00      1.46026e-05      1.00000e+01      1.08881e-11
    6.46207e+00      1.45940e-05      1.00000e+01      1.11541e-11
    6.54527e+00      1.45858e-05      1.00000e+01      1.14264e-11
    6.62955e+00      1.45779e-05      1.00000e+01      1.17052e-11
    6.71491e+00      1.45702e-05      1.00000e+01      1.19900e-11
    6.80137e+00      1.45626e-05      1.00000e+01      1.22822e-11
    6.88895e+00      1.45552e-05      1.00000e+01      1.25814e-11
    6.97765e+00      1.45478e-05      1.00000e+01      1.28877e-11
    7.06749e+00      1.45405e-05      1.00000e+01      1.32013e-11
    7.15849e+00      1.45333e-05      1.00000e+01      1.35228e-11
    7.25066e+00      1.45261e-05      1.00000e+01      1.38514e-11
    7.34402e+00      1.45189e-05      1.00000e+01      1.41874e-11
    7.43858e+00      1.45118e-05      1.00000e+01      1.45323e-11
    7.53436e+00      1.45046e-05      1.00000e+01      1.48851e-11
    7.63137e+00      1.44975e-05      1.00000e+01      1.52462e-11
    7.72963e+00      1.44903e-05      1.00000e+01      1.56158e-11
    7.82916e+00      1.44832e-05      1.00000e+01      1.59938e-11
    7.92997e+00      1.44761e-05      1.00000e+01      1.63812e-11
    8.03207e+00      1.44689e-05      1.00000e+01      1.67778e-11
    8.13549e+00      1.44618e-05      1.00000e+01      1.71846e-11
    8.24024e+00      1.44546e-05      1.00000e+01      1.76004e-11
    8.34634e+00      1.44474e-05      1.00000e+01      1.80260e-11
    8.45381e+00      1.44402e-05      1.00000e+01      1.84608e-11
    8.56266e+00      1.44329e-05      1.00000e+01      1.89065e-11
    8.67291e+00      1.44256e-05      1.00000e+01      1.93625e-11
    8.78458e+00      1.44182e-05      1.00000e+01      1.98296e-11
    8.89769e+00      1.44107e-05      1.00000e+01      2.03075e-11
    9.01226e+00      1.44032e-05      1.00000e+01      2.07970e-11
    9.12830e+00      1.43957e-05      1.00000e+01      2.12975e-11
    9.24583e+00      1.43881e-05      1.00000e+01      2.18095e-11
    9.36488e+00      1.43804e-05      1.00000e+01      2.23338e-11
    9.48546e+00      1.43726e-05      1.00000e+01      2.28705e-11
    9.60760e+00      1.43648e-05      1.00000e+01      2.34198e-11
    9.73131e+00      1.43569e-05      1.00000e+01      2.39814e-11
    9.85660e+00      1.43490e-05      1.00000e+01      2.45563e-11
    9.98352e+00      1.43409e-05      1.00000e+01      2.51452e-11
    1.01121e+01      1.43328e-05      1.00000e+01      2.57484e-11
    1.02423e+01      1.43246e-05      1.00000e+01      2.63648e-11
    1.03741e+01      1.43162e-05      1.00000e+01      2.69956e-11
    1.05077e+01      1.43078e-05      1.00000e+01      2.76408e-11
    1.06430e+01      1.42993e-05      1.00000e+01      2.83009e-11
    1.07801e+01      1.42906e-05      1.00000e+01      2.89769e-11
    1.09189e+01      1.42819e-05      1.00000e+01      2.96685e-11
    1.10595e+01      1.42730e-05      1.00000e+01      3.03757e-11
    1.12019e+01      1.42641e-05      1.00000e+01      3.10990e-11
    1.13461e+01      1.42551e-05      1.00000e+01      3.18388e-11
    1.14922e+01      1.42460e-05      1.00000e+01      3.25962e-11
    1.16402e+01      1.42368e-05      1.00000e+01      3.33712e-11
    1.17900e+01      1.42275e-05      1.00000e+01      3.41639e-11
    1.19418e+01      1.42180e-05      1.00000e+01      3.49744e-11
    1.20956e+01      1.42085e-05      1.00000e+01      3.58049e-11
    1.22513e+01      1.41988e-05      1.00000e+01      3.66532e-11
    1.24091e+01      1.41891e-05      1.00000e+01      3.75219e-11
    1.25689e+01      1.41792e-05      1.00000e+01      3.84109e-11
    1.27307e+01      1.41692e-05      1.00000e+01      3.93190e-11
    1.28946e+01      1.41591e-05      1.00000e+01      4.02482e-11
    1.30607e+01      1.41489e-05      1.00000e+01      4.11991e-11
    1.32288e+01      1.41386e-05      1.00000e+01      4.21718e-11
    1.33992e+01      1.41282e-05      1.00000e+01      4.31653e-11
    1.35717e+01      1.41176e-05      1.00000e+01      4.41815e-11
    1.37464e+01      1.41069e-05      1.00000e+01      4.52221e-11
    1.39234e+01      1.40961e-05      1.00000e+01      4.62855e-11
    1.41027e+01      1.40850e-05      1.00000e+01      4.73729e-11
    1.42843e+01      1.40739e-05      1.00000e+01      4.84848e-11
    1.44682e+01      1.40627e-05      1.00000e+01      4.96232e-11
    1.46545e+01      1.40514e-05      1.00000e+01      5.07858e-11
    1.48432e+01      1.40400e-05      1.00000e+01      5.19759e-11
    1.50343e+01      1.40284e-05      1.00000e+01      5.31923e-11
    1.52279e+01      1.40166e-05      1.00000e+01      5.44360e-11
    1.54240e+01      1.40047e-05      1.00000e+01      5.57078e-11
    1.56226e+01      1.39927e-05      1.00000e+01      5.70080e-11
    1.58237e+01      1.39805e-05      1.00000e+01      5.83371e-11
    1.60275e+01      1.39682e-05      1.00000e+01      5.96953e-11
    1.62338e+01      1.39558e-05      1.00000e+01      6.10848e-11
    1.64429e+01      1.39433e-05      1.00000e+01      6.25055e-11
    1.66546e+01      1.39305e-05      1.00000e+01      6.39575e-11
    1.68690e+01      1.39177e-05      1.00000e+01      6.54420e-11
    1.70862e+01      1.39046e-05      1.00000e+01      6.69590e-11
    1.73062e+01      1.38914e-05      1.00000e+01      6.85100e-11
    1.75291e+01      1.38781e-05      1.00000e+01      7.00951e-11
    1.77548e+01      1.38647e-05      1.00000e+01      7.17155e-11
    1.79834e+01      1.38511e-05      1.00000e+01      7.33718e-11
    1.82149e+01      1.38374e-05      1.00000e+01      7.50658e-11
    1.84495e+01      1.38235e-05      1.00000e+01      7.67941e-11
    1.86870e+01      1.38094e-05      1.00000e+01      7.85626e-11
    1.89276e+01      1.37952e-05      1.00000e+01      8.03697e-11
    1.91714e+01      1.37809e-05      1.00000e+01      8.22168e-11
    1.94182e+01      1.37663e-05      1.00000e+01      8.41039e-11
    1.96682e+01      1.37516e-05      1.00000e+01      8.60319e-11
    1.99215e+01      1.37368e-05      1.00000e+01      8.80017e-11
    2.01780e+01      1.37218e-05      1.00000e+01      9.00148e-11
    2.04378e+01      1.37066e-05      1.00000e+01      9.20714e-11
    2.07010e+01      1.36913e-05      1.00000e+01      9.41725e-11
    2.09675e+01      1.36758e-05      1.00000e+01      9.63195e-11
    2.12375e+01      1.36601e-05      1.00000e+01      9.85129e-11
    2.15109e+01      1.36442e-05      1.00000e+01      1.00754e-10
    2.17879e+01      1.36282e-05      1.00000e+01      1.03043e-10
    2.20685e+01      1.36120e-05      1.00000e+01      1.05382e-10
    2.23526e+01      1.35956e-05      1.00000e+01      1.07771e-10
    2.26404e+01      1.35791e-05      1.00000e+01      1.10211e-10
    2.29319e+01      1.35623e-05      1.00000e+01      1.12703e-10
    2.32272e+01      1.35454e-05      1.00000e+01      1.15247e-10
    2.35263e+01      1.35282e-05      1.00000e+01      1.17846e-10
    2.38292e+01      1.35109e-05      1.00000e+01      1.20500e-10
    2.41360e+01      1.34934e-05      1.00000e+01      1.23210e-10
    2.44468e+01      1.34757e-05      1.00000e+01      1.25978e-10
    2.47616e+01      1.34578e-05      1.00000e+01      1.28805e-10
    2.50804e+01      1.34398e-05      1.00000e+01      1.31692e-10
    2.54034e+01      1.34215e-05      1.00000e+01      1.34640e-10
    2.57304e+01      1.34031e-05      1.00000e+01      1.37649e-10
    2.60618e+01      1.33844e-05      1.00000e+01      1.40720e-10
    2.63973e+01      1.33655e-05      1.00000e+01      1.43855e-10
    2.67372e+01      1.33465e-05      1.00000e+01      1.47056e-10
    2.70815e+01      1.33272e-05      1.00000e+01      1.50323e-10
    2.74302e+01      1.33078e-05      1.00000e+01      1.53658e-10
    2.77834e+01      1.32881e-05      1.00000e+01      1.57063e-10
    2.81411e+01      1.32681e-05      1.00000e+01      1.60538e-10
    2.85035e+01      1.32480e-05      1.00000e+01      1.64086e-10
    2.88705e+01      1.32276e-05      1.00000e+01      1.67706e-10
    2.92422e+01      1.32070e-05      1.00000e+01      1.71399e-10
    2.96187e+01      1.31862e-05      1.00000e+01      1.75168e-10
    3.00001e+01      1.31652e-05      1.00000e+01      1.79013e-10
