    Er (keV)         SM dN/dE         BG dN/dE        BSM dN/dE (events/kg/day/keV)
    2.50100e-01      1.86908e-04      1.00000e+02      2.24438e-14
    2.52651e-01      1.86665e-04      1.00000e+02      2.29309e-14
    2.55227e-01      1.86418e-04      1.00000e+02      2.34229e-14
    2.57830e-01      1.86170e-04      1.00000e+02      2.39200e-14
    2.60459e-01      1.85919e-04      1.00000e+02      2.44222e-14
    2.63115e-01      1.85665e-04      1.00000e+02      2.49295e-14
    2.65799e-01      1.85409e-04      1.00000e+02      2.54419e-14
    2.68509e-01      1.85150e-04      1.00000e+02      2.59596e-14
    2.71248e-01      1.84888e-04      1.00000e+02      2.64826e-14
    2.74014e-01      1.84624e-04      1.00000e+02      2.70109e-14
    2.76808e-01      1.84357e-04      1.00000e+02      2.75446e-14
    2.79631e-01      1.84087e-04      1.00000e+02      2.80837e-14
    2.82483e-01      1.83815e-04      1.00000e+02      2.86284e-14
    2.85364e-01      1.83540e-04      1.00000e+02      2.91786e-14
    2.88274e-01      1.83262e-04      1.00000e+02      2.97344e-14
    2.91214e-01      1.82985e-04      1.00000e+02      3.03256e-14
    2.94184e-01      1.82713e-04      1.00000e+02      3.09759e-14
    2.97185e-01      1.82437e-04      1.00000e+02      3.16328e-14
    3.00215e-01      1.82159e-04      1.00000e+02      3.22964e-14
    3.03277e-01      1.81878e-04      1.00000e+02      3.29668e-14
    3.06370e-01      1.81594e-04      1.00000e+02      3.36440e-14
    3.09495e-01      1.81307e-04      1.00000e+02      3.43282e-14
    3.12651e-01      1.81018e-04      1.00000e+02      3.50193e-14
    3.15840e-01      1.80725e-04      1.00000e+02      3.57175e-14
    3.19061e-01      1.80429e-04      1.00000e+02      3.64228e-14
    3.22315e-01      1.80131e-04      1.00000e+02      3.71353e-14
    3.25602e-01      1.79829e-04      1.00000e+02      3.78550e-14
    3.28923e-01      1.79524e-04      1.00000e+02      3.85821e-14
    3.32278e-01      1.79223e-04      1.00000e+02      3.93710e-14
    3.35667e-01      1.78923e-04      1.00000e+02      4.02063e-14
    3.39090e-01      1.78621e-04      1.00000e+02      4.10502e-14
    3.42549e-01      1.78315e-04      1.00000e+02      4.19026e-14
    3.46042e-01      1.78006e-04      1.00000e+02      4.27638e-14
    3.49572e-01      1.77694e-04      1.00000e+02      4.36337e-14
    3.53137e-01      1.77378e-04      1.00000e+02      4.45125e-14
    3.56739e-01      1.77060e-04      1.00000e+02      4.54003e-14
    3.60377e-01      1.76738e-04      1.00000e+02      4.62971e-14
    3.64053e-01      1.76413e-04      1.00000e+02      4.72031e-14
    3.67766e-01      1.76084e-04      1.00000e+02      4.81183e-14
    3.71517e-01      1.75756e-04      1.00000e+02      4.90721e-14
    3.75306e-01      1.75433e-04      1.00000e+02      5.01102e-14
    3.79134e-01      1.75106e-04      1.00000e+02      5.11590e-14
    3.83001e-01      1.74776e-04      1.00000e+02      5.22185e-14
    3.86907e-01      1.74443e-04      1.00000e+02      5.32887e-14
    3.90853e-01      1.74106e-04      1.00000e+02      5.43699e-14
    3.94840e-01      1.73766e-04      1.00000e+02      5.54622e-14
    3.98867e-01      1.73422e-04      1.00000e+02      5.65655e-14
    4.02935e-01      1.73075e-04      1.00000e+02      5.76801e-14
    4.07045e-01      1.72724e-04      1.00000e+02      5.88061e-14
    4.11196e-01      1.72372e-04      1.00000e+02      5.99596e-14
    4.15391e-01      1.72026e-04      1.00000e+02      6.12222e-14
    4.19627e-01      1.71676e-04      1.00000e+02      6.24976e-14
    4.23907e-01      1.71323e-04      1.00000e+02      6.37860e-14
    4.28231e-01      1.70967e-04      1.00000e+02      6.50876e-14
    4.32599e-01      1.70607e-04      1.00000e+02      6.64025e-14
    4.37011e-01      1.70243e-04      1.00000e+02      6.77308e-14
    4.41469e-01      1.69875e-04      1.00000e+02      6.90727e-14
    4.45971e-01      1.69504e-04      1.00000e+02      7.04282e-14
    4.50520e-01      1.69129e-04      1.00000e+02      7.17975e-14
    4.55115e-01      1.68761e-04      1.00000e+02      7.32990e-14
    4.59758e-01      1.68390e-04      1.00000e+02      7.48222e-14
    4.64447e-01      1.68015e-04      1.00000e+02      7.63610e-14
    4.69184e-01      1.67637e-04      1.00000e+02      7.79154e-14
    4.73970e-01      1.67254e-04      1.00000e+02      7.94858e-14
    4.78804e-01      1.66868e-04      1.00000e+02      8.10721e-14
    4.83688e-01      1.66478e-04      1.00000e+02      8.26746e-14
    4.88622e-01      1.66084e-04      1.00000e+02      8.42935e-14
    4.93606e-01      1.65692e-04      1.00000e+02      8.60015e-14
    4.98640e-01      1.65302e-04      1.00000e+02      8.77891e-14
    5.03726e-01      1.64908e-04      1.00000e+02      8.95950e-14
    5.08865e-01      1.64510e-04      1.00000e+02      9.14193e-14
    5.14055e-01      1.64108e-04      1.00000e+02      9.32622e-14
    5.19298e-01      1.63702e-04      1.00000e+02      9.51239e-14
    5.24595e-01      1.63292e-04      1.00000e+02      9.70046e-14
    5.29946e-01      1.62877e-04      1.00000e+02      9.89045e-14
    5.35352e-01      1.62469e-04      1.00000e+02      1.00939e-13
    5.40812e-01      1.62059e-04      1.00000e+02      1.03024e-13
    5.46329e-01      1.61645e-04      1.00000e+02      1.05130e-13
    5.51901e-01      1.61227e-04      1.00000e+02      1.07258e-13
    5.57531e-01      1.60804e-04      1.00000e+02      1.09408e-13
    5.63218e-01      1.60378e-04      1.00000e+02      1.11580e-13
    5.68963e-01      1.59946e-04      1.00000e+02      1.13773e-13
    5.74766e-01      1.59518e-04      1.00000e+02      1.16089e-13
    5.80629e-01      1.59091e-04      1.00000e+02      1.18491e-13
    5.86552e-01      1.58659e-04      1.00000e+02      1.20917e-13
    5.92535e-01      1.58223e-04      1.00000e+02      1.23369e-13
    5.98579e-01      1.57783e-04      1.00000e+02      1.25845e-13
    6.04684e-01      1.57338e-04      1.00000e+02      1.28347e-13
    6.10852e-01      1.56888e-04      1.00000e+02      1.30874e-13
    6.17083e-01      1.56446e-04      1.00000e+02      1.33573e-13
    6.23378e-01      1.56000e-04      1.00000e+02      1.36313e-13
    6.29736e-01      1.55550e-04      1.00000e+02      1.39081e-13
    6.36160e-01      1.55095e-04      1.00000e+02      1.41877e-13
    6.42649e-01      1.54636e-04      1.00000e+02      1.44702e-13
    6.49204e-01      1.54172e-04      1.00000e+02      1.47555e-13
    6.55827e-01      1.53711e-04      1.00000e+02      1.50546e-13
    6.62516e-01      1.53250e-04      1.00000e+02      1.53626e-13
    6.69274e-01      1.52785e-04      1.00000e+02      1.56737e-13
    6.76101e-01      1.52314e-04      1.00000e+02      1.59879e-13
    6.82998e-01      1.51839e-04      1.00000e+02      1.63054e-13
    6.89965e-01      1.51359e-04      1.00000e+02      1.66261e-13
    6.97003e-01      1.50884e-04      1.00000e+02      1.69649e-13
    7.04113e-01      1.50407e-04      1.00000e+02      1.73119e-13
    7.11295e-01      1.49926e-04      1.00000e+02      1.76625e-13
    7.18551e-01      1.49439e-04      1.00000e+02      1.80167e-13
    7.25880e-01      1.48948e-04      1.00000e+02      1.83744e-13
    7.33285e-01      1.48454e-04      1.00000e+02      1.87397e-13
    7.40765e-01      1.47966e-04      1.00000e+02      1.91245e-13
    7.48321e-01      1.47473e-04      1.00000e+02      1.95132e-13
    7.55954e-01      1.46975e-04      1.00000e+02      1.99059e-13
    7.63666e-01      1.46472e-04      1.00000e+02      2.03026e-13
    7.71456e-01      1.45964e-04      1.00000e+02      2.07033e-13
    7.79325e-01      1.45463e-04      1.00000e+02      2.11274e-13
    7.87275e-01      1.44957e-04      1.00000e+02      2.15573e-13
    7.95305e-01      1.44447e-04      1.00000e+02      2.19915e-13
    8.03418e-01      1.43931e-04      1.00000e+02      2.24301e-13
    8.11614e-01      1.43410e-04      1.00000e+02      2.28732e-13
    8.19893e-01      1.42896e-04      1.00000e+02      2.33412e-13
    8.28256e-01      1.42378e-04      1.00000e+02      2.38153e-13
    8.36705e-01      1.41855e-04      1.00000e+02      2.42943e-13
    8.45240e-01      1.41326e-04      1.00000e+02      2.47781e-13
    8.53862e-01      1.40794e-04      1.00000e+02      2.52708e-13
    8.62573e-01      1.40268e-04      1.00000e+02      2.57863e-13
    8.71372e-01      1.39737e-04      1.00000e+02      2.63071e-13
    8.80260e-01      1.39200e-04      1.00000e+02      2.68332e-13
    8.89240e-01      1.38658e-04      1.00000e+02      2.73647e-13
    8.98311e-01      1.38118e-04      1.00000e+02      2.79191e-13
    9.07474e-01      1.37579e-04      1.00000e+02      2.84888e-13
    9.16731e-01      1.37033e-04      1.00000e+02      2.90643e-13
    9.26083e-01      1.36482e-04      1.00000e+02      2.96457e-13
    9.35530e-01      1.35930e-04      1.00000e+02      3.02394e-13
    9.45073e-01      1.35381e-04      1.00000e+02      3.08531e-13
    9.54714e-01      1.34826e-04      1.00000e+02      3.14730e-13
    9.64453e-01      1.34265e-04      1.00000e+02      3.20993e-13
    9.74291e-01      1.33702e-04      1.00000e+02      3.27362e-13
    9.84230e-01      1.33144e-04      1.00000e+02      3.34026e-13
    9.94270e-01      1.32580e-04      1.00000e+02      3.40757e-13
    1.00441e+00      1.32011e-04      1.00000e+02      3.47557e-13
    1.01466e+00      1.31438e-04      1.00000e+02      3.54472e-13
    1.02501e+00      1.30870e-04      1.00000e+02      3.61678e-13
    1.03547e+00      1.30297e-04      1.00000e+02      3.68957e-13
    1.04603e+00      1.29718e-04      1.00000e+02      3.76310e-13
    1.05670e+00      1.29138e-04      1.00000e+02      3.83832e-13
    1.06748e+00      1.28561e-04      1.00000e+02      3.91611e-13
    1.07837e+00      1.27977e-04      1.00000e+02      3.99470e-13
    1.08937e+00      1.27388e-04      1.00000e+02      4.07408e-13
    1.10048e+00      1.26802e-04      1.00000e+02      4.15617e-13
    1.11171e+00      1.26215e-04      1.00000e+02      4.24010e-13
    1.12305e+00      1.25621e-04      1.00000e+02      4.32488e-13
    1.13450e+00      1.25023e-04      1.00000e+02      4.41082e-13
    1.14608e+00      1.24430e-04      1.00000e+02      4.50018e-13
    1.15777e+00      1.23832e-04      1.00000e+02      4.59045e-13
    1.16958e+00      1.23228e-04      1.00000e+02      4.68164e-13
    1.18151e+00      1.22626e-04      1.00000e+02      4.77584e-13
    1.19356e+00      1.22023e-04      1.00000e+02      4.87201e-13
    1.20574e+00      1.21414e-04      1.00000e+02      4.96917e-13
    1.21804e+00      1.20804e-04      1.00000e+02      5.06842e-13
    1.23046e+00      1.20196e-04      1.00000e+02      5.17071e-13
    1.24302e+00      1.19583e-04      1.00000e+02      5.27403e-13
    1.25570e+00      1.18965e-04      1.00000e+02      5.37889e-13
    1.26851e+00      1.18352e-04      1.00000e+02      5.48757e-13
    1.28145e+00      1.17733e-04      1.00000e+02      5.59736e-13
    1.29452e+00      1.17108e-04      1.00000e+02      5.70842e-13
    1.30772e+00      1.16490e-04      1.00000e+02      5.82379e-13
    1.32107e+00      1.15865e-04      1.00000e+02      5.94034e-13
    1.33454e+00      1.15234e-04      1.00000e+02      6.05818e-13
    1.34816e+00      1.14611e-04      1.00000e+02      6.18052e-13
    1.36191e+00      1.13981e-04      1.00000e+02      6.30410e-13
    1.37580e+00      1.13346e-04      1.00000e+02      6.42934e-13
    1.38984e+00      1.12717e-04      1.00000e+02      6.55898e-13
    1.40401e+00      1.12081e-04      1.00000e+02      6.68994e-13
    1.41834e+00      1.11442e-04      1.00000e+02      6.82322e-13
    1.43281e+00      1.10806e-04      1.00000e+02      6.96048e-13
    1.44742e+00      1.10163e-04      1.00000e+02      7.09914e-13
    1.46219e+00      1.09521e-04      1.00000e+02      7.24108e-13
    1.47711e+00      1.08880e-04      1.00000e+02      7.38621e-13
    1.49217e+00      1.08232e-04      1.00000e+02      7.53283e-13
    1.50740e+00      1.07589e-04      1.00000e+02      7.68415e-13
    1.52277e+00      1.06942e-04      1.00000e+02      7.83767e-13
    1.53831e+00      1.06291e-04      1.00000e+02      7.99360e-13
    1.55400e+00      1.05644e-04      1.00000e+02      8.15413e-13
    1.56985e+00      1.04991e-04      1.00000e+02      8.31630e-13
    1.58587e+00      1.04340e-04      1.00000e+02      8.48332e-13
    1.60205e+00      1.03686e-04      1.00000e+02      8.65357e-13
    1.61839e+00      1.03029e-04      1.00000e+02      8.82620e-13
    1.63490e+00      1.02375e-04      1.00000e+02      9.00325e-13
    1.65158e+00      1.01715e-04      1.00000e+02      9.18210e-13
    1.66843e+00      1.01058e-04      1.00000e+02      9.36557e-13
    1.68545e+00      1.00398e-04      1.00000e+02      9.55171e-13
    1.70264e+00      9.97362e-05      1.00000e+02      9.74175e-13
    1.72001e+00      9.90757e-05      1.00000e+02      9.93652e-13
    1.73756e+00      9.84099e-05      1.00000e+02      1.01337e-12
    1.75528e+00      9.77492e-05      1.00000e+02      1.03368e-12
    1.77319e+00      9.70817e-05      1.00000e+02      1.05418e-12
    1.79128e+00      9.64188e-05      1.00000e+02      1.07529e-12
    1.80955e+00      9.57510e-05      1.00000e+02      1.09668e-12
    1.82801e+00      9.50850e-05      1.00000e+02      1.11857e-12
    1.84666e+00      9.44168e-05      1.00000e+02      1.14085e-12
    1.86550e+00      9.37483e-05      1.00000e+02      1.16358e-12
    1.88453e+00      9.30796e-05      1.00000e+02      1.18679e-12
    1.90375e+00      9.24092e-05      1.00000e+02      1.21040e-12
    1.92318e+00      9.17397e-05      1.00000e+02      1.23451e-12
    1.94279e+00      9.10680e-05      1.00000e+02      1.25903e-12
    1.96261e+00      9.03987e-05      1.00000e+02      1.28413e-12
    1.98264e+00      8.97265e-05      1.00000e+02      1.30964e-12
    2.00286e+00      8.90564e-05      1.00000e+02      1.33575e-12
    2.02329e+00      8.83835e-05      1.00000e+02      1.36225e-12
    2.04393e+00      8.77124e-05      1.00000e+02      1.38928e-12
    2.06479e+00      8.70392e-05      1.00000e+02      1.41685e-12
    2.08585e+00      8.63671e-05      1.00000e+02      1.44515e-12
    2.10713e+00      8.56940e-05      1.00000e+02      1.47393e-12
    2.12862e+00      8.50207e-05      1.00000e+02      1.50322e-12
    2.15034e+00      8.43484e-05      1.00000e+02      1.53312e-12
    2.17228e+00      8.36744e-05      1.00000e+02      1.56353e-12
    2.19444e+00      8.30041e-05      1.00000e+02      1.59466e-12
    2.21682e+00      8.23302e-05      1.00000e+02      1.62622e-12
    2.23944e+00      8.16614e-05      1.00000e+02      1.65863e-12
    2.26228e+00      8.09885e-05      1.00000e+02      1.69150e-12
    2.28536e+00      8.03185e-05      1.00000e+02      1.72513e-12
    2.30868e+00      7.96474e-05      1.00000e+02      1.75936e-12
    2.33223e+00      7.89759e-05      1.00000e+02      1.79423e-12
    2.35602e+00      7.83075e-05      1.00000e+02      1.82986e-12
    2.38006e+00      7.76365e-05      1.00000e+02      1.86605e-12
    2.40434e+00      7.69700e-05      1.00000e+02      1.90322e-12
    2.42887e+00      7.63017e-05      1.00000e+02      1.94098e-12
    2.45364e+00      7.56331e-05      1.00000e+02      1.97940e-12
    2.47868e+00      7.49677e-05      1.00000e+02      2.01871e-12
    2.50396e+00      7.43006e-05      1.00000e+02      2.05867e-12
    2.52951e+00      7.36369e-05      1.00000e+02      2.09950e-12
    2.55531e+00      7.29744e-05      1.00000e+02      2.14123e-12
    2.58138e+00      7.23107e-05      1.00000e+02      2.18369e-12
    2.60771e+00      7.16514e-05      1.00000e+02      2.22699e-12
    2.63432e+00      7.09922e-05      1.00000e+02      2.27109e-12
    2.66119e+00      7.03323e-05      1.00000e+02      2.31593e-12
    2.68834e+00      6.96767e-05      1.00000e+02      2.36169e-12
    2.71577e+00      6.90212e-05      1.00000e+02      2.40837e-12
    2.74347e+00      6.83654e-05      1.00000e+02      2.45594e-12
    2.77146e+00      6.77128e-05      1.00000e+02      2.50456e-12
    2.79973e+00      6.70615e-05      1.00000e+02      2.55413e-12
    2.82830e+00      6.64106e-05      1.00000e+02      2.60459e-12
    2.85715e+00      6.57617e-05      1.00000e+02      2.65603e-12
    2.88630e+00      6.51168e-05      1.00000e+02      2.70859e-12
    2.91574e+00      6.44723e-05      1.00000e+02      2.76214e-12
    2.94549e+00      6.38286e-05      1.00000e+02      2.81669e-12
    2.97554e+00      6.31882e-05      1.00000e+02      2.87224e-12
    3.00589e+00      6.25507e-05      1.00000e+02      2.92883e-12
    3.03656e+00      6.19145e-05      1.00000e+02      2.98665e-12
    3.06753e+00      6.12796e-05      1.00000e+02      3.04570e-12
    3.09883e+00      6.06466e-05      1.00000e+02      3.10576e-12
    3.13044e+00      6.00179e-05      1.00000e+02      3.16709e-12
    3.16238e+00      5.93914e-05      1.00000e+02      3.22958e-12
    3.19464e+00      5.87670e-05      1.00000e+02      3.29324e-12
    3.22723e+00      5.81444e-05      1.00000e+02      3.35813e-12
    3.26015e+00      5.75238e-05      1.00000e+02      3.42426e-12
    3.29341e+00      5.69078e-05      1.00000e+02      3.49182e-12
    3.32701e+00      5.62938e-05      1.00000e+02      3.56066e-12
    3.36095e+00      5.56818e-05      1.00000e+02      3.63080e-12
    3.39524e+00      5.50724e-05      1.00000e+02      3.70228e-12
    3.42988e+00      5.44663e-05      1.00000e+02      3.77508e-12
    3.46487e+00      5.38636e-05      1.00000e+02      3.84921e-12
    3.50022e+00      5.32643e-05      1.00000e+02      3.92502e-12
    3.53592e+00      5.26687e-05      1.00000e+02      4.00238e-12
    3.57200e+00      5.20756e-05      1.00000e+02      4.08114e-12
    3.60844e+00      5.14855e-05      1.00000e+02      4.16164e-12
    3.64525e+00      5.08990e-05      1.00000e+02      4.24360e-12
    3.68244e+00      5.03161e-05      1.00000e+02      4.32701e-12
    3.72000e+00      4.97364e-05      1.00000e+02      4.41202e-12
    3.75796e+00      4.91598e-05      1.00000e+02      4.49855e-12
    3.79629e+00      4.85866e-05      1.00000e+02      4.58665e-12
    3.83502e+00      4.80175e-05      1.00000e+02      4.67669e-12
    3.87415e+00      4.74525e-05      1.00000e+02      4.76849e-12
    3.91367e+00      4.68913e-05      1.00000e+02      4.86202e-12
    3.95360e+00      4.63341e-05      1.00000e+02      4.95744e-12
    3.99393e+00      4.57810e-05      1.00000e+02      5.05466e-12
    4.03467e+00      4.52318e-05      1.00000e+02      5.15376e-12
    4.07584e+00      4.46863e-05      1.00000e+02      5.25478e-12
    4.11742e+00      4.41449e-05      1.00000e+02      5.35781e-12
    4.15942e+00      4.36076e-05      1.00000e+02      5.46282e-12
    4.20185e+00      4.30745e-05      1.00000e+02      5.56972e-12
    4.24472e+00      4.25456e-05      1.00000e+02      5.67856e-12
    4.28803e+00      4.20217e-05      1.00000e+02      5.78973e-12
    4.33177e+00      4.15023e-05      1.00000e+02      5.90321e-12
    4.37596e+00      4.09874e-05      1.00000e+02      6.01869e-12
    4.42061e+00      4.04769e-05      1.00000e+02      6.13637e-12
    4.46570e+00      3.99708e-05      1.00000e+02      6.25630e-12
    4.51126e+00      3.94699e-05      1.00000e+02      6.37866e-12
    4.55728e+00      3.89729e-05      1.00000e+02      6.50334e-12
    4.60378e+00      3.84812e-05      1.00000e+02      6.63038e-12
    4.65074e+00      3.79950e-05      1.00000e+02      6.75988e-12
    4.69819e+00      3.75134e-05      1.00000e+02      6.89185e-12
    4.74612e+00      3.70361e-05      1.00000e+02      7.02628e-12
    4.79454e+00      3.65645e-05      1.00000e+02      7.16350e-12
    4.84345e+00      3.60978e-05      1.00000e+02      7.30360e-12
    4.89286e+00      3.56355e-05      1.00000e+02      7.44610e-12
    4.94278e+00      3.51783e-05      1.00000e+02      7.59128e-12
    4.99321e+00      3.47275e-05      1.00000e+02      7.73885e-12
    5.04415e+00      3.42824e-05      1.00000e+02      7.88962e-12
    5.09561e+00      3.38419e-05      1.00000e+02      8.04329e-12
    5.14759e+00      3.34059e-05      1.00000e+02      8.19983e-12
    5.20010e+00      3.29762e-05      1.00000e+02      8.35953e-12
    5.25316e+00      3.25519e-05      1.00000e+02      8.52217e-12
    5.30675e+00      3.21326e-05      1.00000e+02      8.68790e-12
    5.36089e+00      3.17192e-05      1.00000e+02      8.85690e-12
    5.41558e+00      3.13108e-05      1.00000e+02      9.02908e-12
    5.47083e+00      3.09079e-05      1.00000e+02      9.20446e-12
    5.52664e+00      3.05119e-05      1.00000e+02      9.38367e-12
    5.58302e+00      3.01206e-05      1.00000e+02      9.56582e-12
    5.63998e+00      2.97355e-05      1.00000e+02      9.75084e-12
    5.69752e+00      2.93561e-05      1.00000e+02      9.94008e-12
    5.75564e+00      2.89819e-05      1.00000e+02      1.01333e-11
    5.81436e+00      2.86139e-05      1.00000e+02      1.03299e-11
    5.87368e+00      2.82510e-05      1.00000e+02      1.05301e-11
    5.93360e+00      2.78943e-05      1.00000e+02      1.07343e-11
    5.99413e+00      2.75435e-05      1.00000e+02      1.09422e-11
    6.05528e+00      2.71991e-05      1.00000e+02      1.11542e-11
    6.11706e+00      2.68602e-05      1.00000e+02      1.13700e-11
    6.17946e+00      2.65276e-05      1.00000e+02      1.15896e-11
    6.24251e+00      2.62002e-05      1.00000e+02      1.18138e-11
    6.30619e+00      2.58782e-05      1.00000e+02      1.20424e-11
    6.37053e+00      2.55629e-05      1.00000e+02      1.22758e-11
    6.43552e+00      2.52534e-05      1.00000e+02      1.25134e-11
    6.50117e+00      2.49503e-05      1.00000e+02      1.27553e-11
    6.56750e+00      2.46530e-05      1.00000e+02      1.30017e-11
    6.63450e+00      2.43610e-05      1.00000e+02      1.32526e-11
    6.70218e+00      2.40746e-05      1.00000e+02      1.35078e-11
    6.77056e+00      2.37947e-05      1.00000e+02      1.37683e-11
    6.83963e+00      2.35212e-05      1.00000e+02      1.40337e-11
    6.90941e+00      2.32535e-05      1.00000e+02      1.43043e-11
    6.97990e+00      2.29912e-05      1.00000e+02      1.45799e-11
    7.05110e+00      2.27346e-05      1.00000e+02      1.48607e-11
    7.12304e+00      2.24839e-05      1.00000e+02      1.51468e-11
    7.19571e+00      2.22394e-05      1.00000e+02      1.54386e-11
    7.26912e+00      2.20005e-05      1.00000e+02      1.57350e-11
    7.34328e+00      2.17674e-05      1.00000e+02      1.60375e-11
    7.41819e+00      2.15402e-05      1.00000e+02      1.63460e-11
    7.49387e+00      2.13186e-05      1.00000e+02      1.66601e-11
    7.57032e+00      2.11027e-05      1.00000e+02      1.69801e-11
    7.64755e+00      2.08926e-05      1.00000e+02      1.73061e-11
    7.72557e+00      2.06880e-05      1.00000e+02      1.76381e-11
    7.80439e+00      2.04889e-05      1.00000e+02      1.79759e-11
    7.88401e+00      2.02950e-05      1.00000e+02      1.83205e-11
    7.96444e+00      2.01072e-05      1.00000e+02      1.86716e-11
    8.04569e+00      1.99246e-05      1.00000e+02      1.90295e-11
    8.12777e+00      1.97477e-05      1.00000e+02      1.93947e-11
    8.21069e+00      1.95761e-05      1.00000e+02      1.97662e-11
    8.29446e+00      1.94095e-05      1.00000e+02      2.01446e-11
    8.37908e+00      1.92480e-05      1.00000e+02      2.05299e-11
    8.46456e+00      1.90917e-05      1.00000e+02      2.09216e-11
    8.55092e+00      1.89407e-05      1.00000e+02      2.13213e-11
    8.63815e+00      1.87951e-05      1.00000e+02      2.17284e-11
    8.72628e+00      1.86540e-05      1.00000e+02      2.21432e-11
    8.81530e+00      1.85171e-05      1.00000e+02      2.25658e-11
    8.90523e+00      1.83862e-05      1.00000e+02      2.29962e-11
    8.99608e+00      1.82599e-05      1.00000e+02      2.34349e-11
    9.08786e+00      1.81376e-05      1.00000e+02      2.38815e-11
    9.18058e+00      1.80203e-05      1.00000e+02      2.43359e-11
    9.27424e+00      1.79074e-05      1.00000e+02      2.47990e-11
    9.36885e+00      1.77991e-05      1.00000e+02      2.52707e-11
    9.46443e+00      1.76950e-05      1.00000e+02      2.57514e-11
    9.56099e+00      1.75952e-05      1.00000e+02      2.62409e-11
    9.65853e+00      1.74996e-05      1.00000e+02      2.67394e-11
    9.75706e+00      1.74079e-05      1.00000e+02      2.72469e-11
    9.85660e+00      1.73204e-05      1.00000e+02      2.77636e-11
    9.95716e+00      1.72367e-05      1.00000e+02      2.82907e-11
    1.00587e+01      1.71567e-05      1.00000e+02      2.88280e-11
    1.01614e+01      1.70803e-05      1.00000e+02      2.93746e-11
    1.02650e+01      1.70077e-05      1.00000e+02      2.99310e-11
    1.03697e+01      1.69383e-05      1.00000e+02      3.04976e-11
    1.04755e+01      1.68726e-05      1.00000e+02      3.10746e-11
    1.05824e+01      1.68100e-05      1.00000e+02      3.16621e-11
    1.06904e+01      1.67505e-05      1.00000e+02      3.22600e-11
    1.07994e+01      1.66940e-05      1.00000e+02      3.28702e-11
    1.09096e+01      1.66406e-05      1.00000e+02      3.34912e-11
    1.10209e+01      1.65903e-05      1.00000e+02      3.41231e-11
    1.11333e+01      1.65420e-05      1.00000e+02      3.47666e-11
    1.12469e+01      1.64968e-05      1.00000e+02      3.54206e-11
    1.13617e+01      1.64543e-05      1.00000e+02      3.60883e-11
    1.14776e+01      1.64139e-05      1.00000e+02      3.67678e-11
    1.15947e+01      1.63759e-05      1.00000e+02      3.74597e-11
    1.17130e+01      1.63400e-05      1.00000e+02      3.81643e-11
    1.18325e+01      1.63063e-05      1.00000e+02      3.88815e-11
    1.19532e+01      1.62745e-05      1.00000e+02      3.96118e-11
    1.20751e+01      1.62446e-05      1.00000e+02      4.03560e-11
    1.21983e+01      1.62164e-05      1.00000e+02      4.11126e-11
    1.23228e+01      1.61899e-05      1.00000e+02      4.18841e-11
    1.24485e+01      1.61649e-05      1.00000e+02      4.26694e-11
    1.25755e+01      1.61415e-05      1.00000e+02      4.34695e-11
    1.27038e+01      1.61193e-05      1.00000e+02      4.42833e-11
    1.28334e+01      1.60985e-05      1.00000e+02      4.51111e-11
    1.29643e+01      1.60787e-05      1.00000e+02      4.59552e-11
    1.30966e+01      1.60600e-05      1.00000e+02      4.68146e-11
    1.32302e+01      1.60423e-05      1.00000e+02      4.76888e-11
    1.33651e+01      1.60255e-05      1.00000e+02      4.85779e-11
    1.35015e+01      1.60094e-05      1.00000e+02      4.94833e-11
    1.36392e+01      1.59942e-05      1.00000e+02      5.04059e-11
    1.37784e+01      1.59795e-05      1.00000e+02      5.13449e-11
    1.39189e+01      1.59655e-05      1.00000e+02      5.23003e-11
    1.40609e+01      1.59517e-05      1.00000e+02      5.32732e-11
    1.42044e+01      1.59385e-05      1.00000e+02      5.42627e-11
    1.43493e+01      1.59257e-05      1.00000e+02      5.52716e-11
    1.44957e+01      1.59132e-05      1.00000e+02      5.62977e-11
    1.46436e+01      1.59011e-05      1.00000e+02      5.73416e-11
    1.47930e+01      1.58890e-05      1.00000e+02      5.84054e-11
    1.49439e+01      1.58772e-05      1.00000e+02      5.94874e-11
    1.50963e+01      1.58655e-05      1.00000e+02      6.05890e-11
    1.52504e+01      1.58538e-05      1.00000e+02      6.17099e-11
    1.54059e+01      1.58422e-05      1.00000e+02      6.28511e-11
    1.55631e+01      1.58307e-05      1.00000e+02      6.40124e-11
    1.57219e+01      1.58191e-05      1.00000e+02      6.51941e-11
    1.58823e+01      1.58076e-05      1.00000e+02      6.63965e-11
    1.60443e+01      1.57961e-05      1.00000e+02      6.76199e-11
    1.62080e+01      1.57846e-05      1.00000e+02      6.88656e-11
    1.63733e+01      1.57729e-05      1.00000e+02      7.01336e-11
    1.65404e+01      1.57613e-05      1.00000e+02      7.14238e-11
    1.67091e+01      1.57495e-05      1.00000e+02      7.27366e-11
    1.68796e+01      1.57377e-05      1.00000e+02      7.40726e-11
    1.70518e+01      1.57258e-05      1.00000e+02      7.54317e-11
    1.72258e+01      1.57138e-05      1.00000e+02      7.68149e-11
    1.74015e+01      1.57017e-05      1.00000e+02      7.82224e-11
    1.75790e+01      1.56895e-05      1.00000e+02      7.96545e-11
    1.77584e+01      1.56773e-05      1.00000e+02      8.11118e-11
    1.79395e+01      1.56650e-05      1.00000e+02      8.25947e-11
    1.81226e+01      1.56525e-05      1.00000e+02      8.41031e-11
    1.83075e+01      1.56400e-05      1.00000e+02      8.56378e-11
    1.84942e+01      1.56274e-05      1.00000e+02      8.71996e-11
    1.86829e+01      1.56147e-05      1.00000e+02      8.87889e-11
    1.88735e+01      1.56018e-05      1.00000e+02      9.04056e-11
    1.90661e+01      1.55889e-05      1.00000e+02      9.20508e-11
    1.92606e+01      1.55758e-05      1.00000e+02      9.37241e-11
    1.94571e+01      1.55627e-05      1.00000e+02      9.54263e-11
    1.96556e+01      1.55494e-05      1.00000e+02      9.71577e-11
    1.98561e+01      1.55360e-05      1.00000e+02      9.89188e-11
    2.00587e+01      1.55225e-05      1.00000e+02      1.00710e-10
    2.02633e+01      1.55089e-05      1.00000e+02      1.02533e-10
    2.04700e+01      1.54953e-05      1.00000e+02      1.04387e-10
    2.06789e+01      1.54814e-05      1.00000e+02      1.06272e-10
    2.08898e+01      1.54675e-05      1.00000e+02      1.08190e-10
    2.11029e+01      1.54535e-05      1.00000e+02      1.10141e-10
    2.13182e+01      1.54393e-05      1.00000e+02      1.12126e-10
    2.15357e+01      1.54250e-05      1.00000e+02      1.14144e-10
    2.17554e+01      1.54106e-05      1.00000e+02      1.16197e-10
    2.19774e+01      1.53960e-05      1.00000e+02      1.18286e-10
    2.22016e+01      1.53814e-05      1.00000e+02      1.20409e-10
    2.24281e+01      1.53666e-05      1.00000e+02      1.22569e-10
    2.26569e+01      1.53517e-05      1.00000e+02      1.24765e-10
    2.28880e+01      1.53367e-05      1.00000e+02      1.26997e-10
    2.31215e+01      1.53215e-05      1.00000e+02      1.29267e-10
    2.33574e+01      1.53062e-05      1.00000e+02      1.31576e-10
    2.35957e+01      1.52908e-05      1.00000e+02      1.33924e-10
    2.38364e+01      1.52752e-05      1.00000e+02      1.36310e-10
    2.40796e+01      1.52595e-05      1.00000e+02      1.38737e-10
    2.43253e+01      1.52436e-05      1.00000e+02      1.41205e-10
    2.45735e+01      1.52277e-05      1.00000e+02      1.43715e-10
    2.48242e+01      1.52116e-05      1.00000e+02      1.46267e-10
    2.50774e+01      1.51954e-05      1.00000e+02      1.48861e-10
    2.53332e+01      1.51790e-05      1.00000e+02      1.51500e-10
    2.55917e+01      1.51625e-05      1.00000e+02      1.54181e-10
    2.58528e+01      1.51459e-05      1.00000e+02      1.56906e-10
    2.61165e+01      1.51291e-05      1.00000e+02      1.59677e-10
    2.63830e+01      1.51121e-05      1.00000e+02      1.62492e-10
    2.66521e+01      1.50951e-05      1.00000e+02      1.65355e-10
    2.69240e+01      1.50779e-05      1.00000e+02      1.68265e-10
    2.71987e+01      1.50605e-05      1.00000e+02      1.71222e-10
    2.74762e+01      1.50430e-05      1.00000e+02      1.74228e-10
    2.77565e+01      1.50253e-05      1.00000e+02      1.77284e-10
    2.80397e+01      1.50075e-05      1.00000e+02      1.80390e-10
    2.83257e+01      1.49895e-05      1.00000e+02      1.83546e-10
    2.86147e+01      1.49713e-05      1.00000e+02      1.86755e-10
    2.89067e+01      1.49530e-05      1.00000e+02      1.90015e-10
    2.92016e+01      1.49345e-05      1.00000e+02      1.93328e-10
    2.94995e+01      1.49159e-05      1.00000e+02      1.96694e-10
    2.98004e+01      1.48972e-05      1.00000e+02      2.00115e-10
    3.01045e+01      1.48783e-05      1.00000e+02      2.03590e-10
    3.04116e+01      1.48592e-05      1.00000e+02      2.07121e-10
    3.07218e+01      1.48400e-05      1.00000e+02      2.10709e-10
    3.10353e+01      1.48206e-05      1.00000e+02      2.14354e-10
    3.13519e+01      1.48011e-05      1.00000e+02      2.18059e-10
    3.16717e+01      1.47815e-05      1.00000e+02      2.21824e-10
    3.19948e+01      1.47617e-05      1.00000e+02      2.25649e-10
    3.23213e+01      1.47417e-05      1.00000e+02      2.29536e-10
    3.26510e+01      1.47216e-05      1.00000e+02      2.33483e-10
    3.29841e+01      1.47013e-05      1.00000e+02      2.37493e-10
    3.33206e+01      1.46809e-05      1.00000e+02      2.41565e-10
    3.36605e+01      1.46603e-05      1.00000e+02      2.45701e-10
    3.40040e+01      1.46394e-05      1.00000e+02      2.49902e-10
    3.43509e+01      1.46184e-05      1.00000e+02      2.54168e-10
    3.47013e+01      1.45972e-05      1.00000e+02      2.58501e-10
    3.50553e+01      1.45758e-05      1.00000e+02      2.62901e-10
    3.54130e+01      1.45542e-05      1.00000e+02      2.67370e-10
    3.57743e+01      1.45324e-05      1.00000e+02      2.71910e-10
    3.61392e+01      1.45105e-05      1.00000e+02      2.76520e-10
    3.65079e+01      1.44884e-05      1.00000e+02      2.81201e-10
    3.68804e+01      1.44661e-05      1.00000e+02      2.85953e-10
    3.72566e+01      1.44436e-05      1.00000e+02      2.90778e-10
    3.76367e+01      1.44210e-05      1.00000e+02      2.95677e-10
    3.80207e+01      1.43982e-05      1.00000e+02      3.00651e-10
    3.84086e+01      1.43752e-05      1.00000e+02      3.05701e-10
    3.88004e+01      1.43520e-05      1.00000e+02      3.10827e-10
    3.91963e+01      1.43287e-05      1.00000e+02      3.16032e-10
    3.95961e+01      1.43052e-05      1.00000e+02      3.21318e-10
    4.00001e+01      1.42816e-05      1.00000e+02      3.26683e-10
