    Er (keV)         SM dN/dE         BG dN/dE        BSM dN/dE (events/kg/day/keV)
    1.00100e-01      1.47613e-03      1.00000e+02      3.02618e-15
    1.01247e-01      1.47373e-03      1.00000e+02      3.10519e-15
    1.02408e-01      1.47131e-03      1.00000e+02      3.18512e-15
    1.03582e-01      1.46886e-03      1.00000e+02      3.26596e-15
    1.04769e-01      1.46638e-03      1.00000e+02      3.34773e-15
    1.05970e-01      1.46387e-03      1.00000e+02      3.43043e-15
    1.07184e-01      1.46134e-03      1.00000e+02      3.51409e-15
    1.08413e-01      1.45877e-03      1.00000e+02      3.59870e-15
    1.09655e-01      1.45618e-03      1.00000e+02      3.68429e-15
    1.10912e-01      1.45355e-03      1.00000e+02      3.77085e-15
    1.12184e-01      1.45090e-03      1.00000e+02      3.85841e-15
    1.13470e-01      1.44821e-03      1.00000e+02      3.94698e-15
    1.14770e-01      1.44550e-03      1.00000e+02      4.03656e-15
    1.16086e-01      1.44275e-03      1.00000e+02      4.12717e-15
    1.17417e-01      1.43997e-03      1.00000e+02      4.21882e-15
    1.18763e-01      1.43716e-03      1.00000e+02      4.31152e-15
    1.20124e-01      1.43432e-03      1.00000e+02      4.40528e-15
    1.21501e-01      1.43145e-03      1.00000e+02      4.50012e-15
    1.22894e-01      1.42854e-03      1.00000e+02      4.59605e-15
    1.24303e-01      1.42560e-03      1.00000e+02      4.69308e-15
    1.25728e-01      1.42262e-03      1.00000e+02      4.79122e-15
    1.27169e-01      1.41961e-03      1.00000e+02      4.89049e-15
    1.28627e-01      1.41657e-03      1.00000e+02      4.99089e-15
    1.30101e-01      1.41349e-03      1.00000e+02      5.09245e-15
    1.31593e-01      1.41058e-03      1.00000e+02      5.21983e-15
    1.33101e-01      1.40765e-03      1.00000e+02      5.35047e-15
    1.34627e-01      1.40468e-03      1.00000e+02      5.48261e-15
    1.36171e-01      1.40168e-03      1.00000e+02      5.61627e-15
    1.37732e-01      1.39865e-03      1.00000e+02      5.75146e-15
    1.39311e-01      1.39559e-03      1.00000e+02      5.88821e-15
    1.40908e-01      1.39248e-03      1.00000e+02      6.02652e-15
    1.42523e-01      1.38935e-03      1.00000e+02      6.16642e-15
    1.44157e-01      1.38617e-03      1.00000e+02      6.30792e-15
    1.45810e-01      1.38296e-03      1.00000e+02      6.45105e-15
    1.47482e-01      1.37971e-03      1.00000e+02      6.59582e-15
    1.49173e-01      1.37643e-03      1.00000e+02      6.74225e-15
    1.50883e-01      1.37311e-03      1.00000e+02      6.89036e-15
    1.52613e-01      1.36975e-03      1.00000e+02      7.04017e-15
    1.54363e-01      1.36635e-03      1.00000e+02      7.19169e-15
    1.56133e-01      1.36291e-03      1.00000e+02      7.34496e-15
    1.57923e-01      1.35943e-03      1.00000e+02      7.49999e-15
    1.59733e-01      1.35592e-03      1.00000e+02      7.65679e-15
    1.61565e-01      1.35250e-03      1.00000e+02      7.83577e-15
    1.63417e-01      1.34913e-03      1.00000e+02      8.02870e-15
    1.65291e-01      1.34573e-03      1.00000e+02      8.22385e-15
    1.67186e-01      1.34228e-03      1.00000e+02      8.42124e-15
    1.69103e-01      1.33879e-03      1.00000e+02      8.62089e-15
    1.71042e-01      1.33527e-03      1.00000e+02      8.82283e-15
    1.73003e-01      1.33170e-03      1.00000e+02      9.02709e-15
    1.74987e-01      1.32809e-03      1.00000e+02      9.23370e-15
    1.76994e-01      1.32444e-03      1.00000e+02      9.44267e-15
    1.79023e-01      1.32075e-03      1.00000e+02      9.65404e-15
    1.81076e-01      1.31702e-03      1.00000e+02      9.86784e-15
    1.83152e-01      1.31324e-03      1.00000e+02      1.00841e-14
    1.85252e-01      1.30942e-03      1.00000e+02      1.03028e-14
    1.87377e-01      1.30556e-03      1.00000e+02      1.05241e-14
    1.89525e-01      1.30165e-03      1.00000e+02      1.07478e-14
    1.91698e-01      1.29782e-03      1.00000e+02      1.09933e-14
    1.93897e-01      1.29406e-03      1.00000e+02      1.12606e-14
    1.96120e-01      1.29025e-03      1.00000e+02      1.15311e-14
    1.98369e-01      1.28641e-03      1.00000e+02      1.18046e-14
    2.00644e-01      1.28252e-03      1.00000e+02      1.20813e-14
    2.02944e-01      1.27858e-03      1.00000e+02      1.23611e-14
    2.05272e-01      1.27460e-03      1.00000e+02      1.26442e-14
    2.07626e-01      1.27057e-03      1.00000e+02      1.29305e-14
    2.10006e-01      1.26650e-03      1.00000e+02      1.32200e-14
    2.12415e-01      1.26238e-03      1.00000e+02      1.35130e-14
    2.14851e-01      1.25821e-03      1.00000e+02      1.38092e-14
    2.17314e-01      1.25400e-03      1.00000e+02      1.41089e-14
    2.19806e-01      1.24973e-03      1.00000e+02      1.44120e-14
    2.22327e-01      1.24557e-03      1.00000e+02      1.47455e-14
    2.24877e-01      1.24145e-03      1.00000e+02      1.51009e-14
    2.27455e-01      1.23729e-03      1.00000e+02      1.54603e-14
    2.30064e-01      1.23308e-03      1.00000e+02      1.58239e-14
    2.32702e-01      1.22882e-03      1.00000e+02      1.61916e-14
    2.35371e-01      1.22451e-03      1.00000e+02      1.65636e-14
    2.38070e-01      1.22016e-03      1.00000e+02      1.69398e-14
    2.40800e-01      1.21575e-03      1.00000e+02      1.73203e-14
    2.43562e-01      1.21129e-03      1.00000e+02      1.77052e-14
    2.46355e-01      1.20679e-03      1.00000e+02      1.80945e-14
    2.49180e-01      1.20223e-03      1.00000e+02      1.84883e-14
    2.52038e-01      1.19770e-03      1.00000e+02      1.89037e-14
    2.54928e-01      1.19328e-03      1.00000e+02      1.93546e-14
    2.57852e-01      1.18881e-03      1.00000e+02      1.98107e-14
    2.60809e-01      1.18429e-03      1.00000e+02      2.02721e-14
    2.63800e-01      1.17972e-03      1.00000e+02      2.07387e-14
    2.66826e-01      1.17509e-03      1.00000e+02      2.12107e-14
    2.69886e-01      1.17041e-03      1.00000e+02      2.16881e-14
    2.72981e-01      1.16568e-03      1.00000e+02      2.21709e-14
    2.76112e-01      1.16089e-03      1.00000e+02      2.26594e-14
    2.79278e-01      1.15605e-03      1.00000e+02      2.31534e-14
    2.82481e-01      1.15125e-03      1.00000e+02      2.36754e-14
    2.85721e-01      1.14655e-03      1.00000e+02      2.42380e-14
    2.88998e-01      1.14180e-03      1.00000e+02      2.48070e-14
    2.92313e-01      1.13699e-03      1.00000e+02      2.53825e-14
    2.95665e-01      1.13213e-03      1.00000e+02      2.59646e-14
    2.99056e-01      1.12721e-03      1.00000e+02      2.65534e-14
    3.02486e-01      1.12224e-03      1.00000e+02      2.71490e-14
    3.05955e-01      1.11720e-03      1.00000e+02      2.77514e-14
    3.09464e-01      1.11211e-03      1.00000e+02      2.83607e-14
    3.13013e-01      1.10708e-03      1.00000e+02      2.90045e-14
    3.16603e-01      1.10213e-03      1.00000e+02      2.96895e-14
    3.20235e-01      1.09712e-03      1.00000e+02      3.03824e-14
    3.23908e-01      1.09206e-03      1.00000e+02      3.10832e-14
    3.27623e-01      1.08693e-03      1.00000e+02      3.17921e-14
    3.31380e-01      1.08175e-03      1.00000e+02      3.25091e-14
    3.35181e-01      1.07651e-03      1.00000e+02      3.32344e-14
    3.39025e-01      1.07121e-03      1.00000e+02      3.39679e-14
    3.42914e-01      1.06593e-03      1.00000e+02      3.47322e-14
    3.46847e-01      1.06077e-03      1.00000e+02      3.55502e-14
    3.50825e-01      1.05554e-03      1.00000e+02      3.63776e-14
    3.54849e-01      1.05026e-03      1.00000e+02      3.72145e-14
    3.58919e-01      1.04491e-03      1.00000e+02      3.80610e-14
    3.63035e-01      1.03950e-03      1.00000e+02      3.89172e-14
    3.67199e-01      1.03403e-03      1.00000e+02      3.97832e-14
    3.71411e-01      1.02850e-03      1.00000e+02      4.06592e-14
    3.75671e-01      1.02314e-03      1.00000e+02      4.16112e-14
    3.79980e-01      1.01774e-03      1.00000e+02      4.25812e-14
    3.84338e-01      1.01228e-03      1.00000e+02      4.35624e-14
    3.88747e-01      1.00676e-03      1.00000e+02      4.45548e-14
    3.93205e-01      1.00117e-03      1.00000e+02      4.55586e-14
    3.97716e-01      9.95518e-04      1.00000e+02      4.65739e-14
    4.02277e-01      9.89817e-04      1.00000e+02      4.76053e-14
    4.06891e-01      9.84296e-04      1.00000e+02      4.87245e-14
    4.11559e-01      9.78711e-04      1.00000e+02      4.98565e-14
    4.16279e-01      9.73063e-04      1.00000e+02      5.10015e-14
    4.21054e-01      9.67350e-04      1.00000e+02      5.21596e-14
    4.25883e-01      9.61571e-04      1.00000e+02      5.33310e-14
    4.30768e-01      9.55726e-04      1.00000e+02      5.45159e-14
    4.35709e-01      9.49995e-04      1.00000e+02      5.57699e-14
    4.40707e-01      9.44276e-04      1.00000e+02      5.70617e-14
    4.45762e-01      9.38490e-04      1.00000e+02      5.83683e-14
    4.50875e-01      9.32639e-04      1.00000e+02      5.96900e-14
    4.56047e-01      9.26720e-04      1.00000e+02      6.10268e-14
    4.61278e-01      9.20733e-04      1.00000e+02      6.23789e-14
    4.66569e-01      9.14884e-04      1.00000e+02      6.38184e-14
    4.71921e-01      9.09025e-04      1.00000e+02      6.52945e-14
    4.77334e-01      9.03099e-04      1.00000e+02      6.67875e-14
    4.82809e-01      8.97105e-04      1.00000e+02      6.82977e-14
    4.88347e-01      8.91042e-04      1.00000e+02      6.98251e-14
    4.93949e-01      8.84970e-04      1.00000e+02      7.13924e-14
    4.99615e-01      8.79027e-04      1.00000e+02      7.30502e-14
    5.05345e-01      8.73016e-04      1.00000e+02      7.47271e-14
    5.11142e-01      8.66936e-04      1.00000e+02      7.64233e-14
    5.17005e-01      8.60787e-04      1.00000e+02      7.81389e-14
    5.22936e-01      8.54571e-04      1.00000e+02      7.98759e-14
    5.28934e-01      8.48536e-04      1.00000e+02      8.17314e-14
    5.35001e-01      8.42431e-04      1.00000e+02      8.36082e-14
    5.41138e-01      8.36256e-04      1.00000e+02      8.55065e-14
    5.47345e-01      8.30010e-04      1.00000e+02      8.74266e-14
    5.53624e-01      8.23717e-04      1.00000e+02      8.93787e-14
    5.59974e-01      8.17588e-04      1.00000e+02      9.14491e-14
    5.66398e-01      8.11388e-04      1.00000e+02      9.35432e-14
    5.72895e-01      8.05117e-04      1.00000e+02      9.56614e-14
    5.79466e-01      7.98774e-04      1.00000e+02      9.78039e-14
    5.86113e-01      7.92471e-04      1.00000e+02      1.00023e-13
    5.92837e-01      7.86245e-04      1.00000e+02      1.02335e-13
    5.99637e-01      7.79946e-04      1.00000e+02      1.04674e-13
    6.06516e-01      7.73576e-04      1.00000e+02      1.07040e-13
    6.13473e-01      7.67134e-04      1.00000e+02      1.09433e-13
    6.20510e-01      7.60872e-04      1.00000e+02      1.11962e-13
    6.27628e-01      7.54538e-04      1.00000e+02      1.14520e-13
    6.34827e-01      7.48131e-04      1.00000e+02      1.17107e-13
    6.42110e-01      7.41651e-04      1.00000e+02      1.19724e-13
    6.49475e-01      7.35297e-04      1.00000e+02      1.22468e-13
    6.56926e-01      7.28924e-04      1.00000e+02      1.25268e-13
    6.64461e-01      7.22478e-04      1.00000e+02      1.28100e-13
    6.72083e-01      7.15958e-04      1.00000e+02      1.30965e-13
    6.79793e-01      7.09558e-04      1.00000e+02      1.33951e-13
    6.87591e-01      7.03143e-04      1.00000e+02      1.36999e-13
    6.95478e-01      6.96654e-04      1.00000e+02      1.40081e-13
    7.03456e-01      6.90091e-04      1.00000e+02      1.43199e-13
    7.11526e-01      6.83685e-04      1.00000e+02      1.46487e-13
    7.19688e-01      6.77224e-04      1.00000e+02      1.49823e-13
    7.27944e-01      6.70689e-04      1.00000e+02      1.53198e-13
    7.36294e-01      6.64141e-04      1.00000e+02      1.56645e-13
    7.44741e-01      6.57708e-04      1.00000e+02      1.60236e-13
    7.53284e-01      6.51202e-04      1.00000e+02      1.63869e-13
    7.61925e-01      6.44621e-04      1.00000e+02      1.67543e-13
    7.70665e-01      6.38140e-04      1.00000e+02      1.71357e-13
    7.79506e-01      6.31656e-04      1.00000e+02      1.75255e-13
    7.88448e-01      6.25098e-04      1.00000e+02      1.79197e-13
    7.97492e-01      6.18541e-04      1.00000e+02      1.83233e-13
    8.06641e-01      6.12076e-04      1.00000e+02      1.87421e-13
    8.15894e-01      6.05537e-04      1.00000e+02      1.91658e-13
    8.25254e-01      5.98933e-04      1.00000e+02      1.95950e-13
    8.34721e-01      5.92491e-04      1.00000e+02      2.00446e-13
    8.44296e-01      5.85974e-04      1.00000e+02      2.04995e-13
    8.53981e-01      5.79383e-04      1.00000e+02      2.09595e-13
    8.63778e-01      5.72931e-04      1.00000e+02      2.14372e-13
    8.73687e-01      5.66432e-04      1.00000e+02      2.19220e-13
    8.83709e-01      5.59858e-04      1.00000e+02      2.24123e-13
    8.93847e-01      5.53411e-04      1.00000e+02      2.29245e-13
    9.04101e-01      5.46926e-04      1.00000e+02      2.34454e-13
    9.14472e-01      5.40366e-04      1.00000e+02      2.39724e-13
    9.24963e-01      5.33944e-04      1.00000e+02      2.45210e-13
    9.35574e-01      5.27469e-04      1.00000e+02      2.50776e-13
    9.46306e-01      5.20935e-04      1.00000e+02      2.56414e-13
    9.57162e-01      5.14548e-04      1.00000e+02      2.62245e-13
    9.68142e-01      5.08088e-04      1.00000e+02      2.68143e-13
    9.79248e-01      5.01678e-04      1.00000e+02      2.75251e-13
    9.90482e-01      4.95478e-04      1.00000e+02      2.85069e-13
    1.00184e+00      4.89207e-04      1.00000e+02      2.94999e-13
    1.01334e+00      4.82896e-04      1.00000e+02      3.02977e-13
    1.02496e+00      4.76531e-04      1.00000e+02      3.09835e-13
    1.03672e+00      4.70102e-04      1.00000e+02      3.16779e-13
    1.04861e+00      4.63815e-04      1.00000e+02      3.23994e-13
    1.06064e+00      4.57456e-04      1.00000e+02      3.31293e-13
    1.07281e+00      4.51140e-04      1.00000e+02      3.38778e-13
    1.08512e+00      4.44859e-04      1.00000e+02      3.46443e-13
    1.09757e+00      4.38522e-04      1.00000e+02      3.54212e-13
    1.11016e+00      4.32319e-04      1.00000e+02      3.62261e-13
    1.12289e+00      4.26044e-04      1.00000e+02      3.70403e-13
    1.13577e+00      4.19850e-04      1.00000e+02      3.78786e-13
    1.14880e+00      4.13652e-04      1.00000e+02      3.87331e-13
    1.16198e+00      4.07464e-04      1.00000e+02      3.96054e-13
    1.17531e+00      4.01340e-04      1.00000e+02      4.05013e-13
    1.18880e+00      3.95170e-04      1.00000e+02      4.14101e-13
    1.20243e+00      3.89121e-04      1.00000e+02      4.23490e-13
    1.21623e+00      3.83003e-04      1.00000e+02      4.32987e-13
    1.23018e+00      3.77006e-04      1.00000e+02      4.42799e-13
    1.24429e+00      3.70958e-04      1.00000e+02      4.52743e-13
    1.25857e+00      3.64998e-04      1.00000e+02      4.63011e-13
    1.27301e+00      3.59020e-04      1.00000e+02      4.73463e-13
    1.28761e+00      3.53109e-04      1.00000e+02      4.84137e-13
    1.30238e+00      3.47200e-04      1.00000e+02      4.94985e-13
    1.31732e+00      3.41348e-04      1.00000e+02      5.06134e-13
    1.33243e+00      3.35509e-04      1.00000e+02      5.17520e-13
    1.34772e+00      3.29724e-04      1.00000e+02      5.29189e-13
    1.36318e+00      3.23949e-04      1.00000e+02      5.41087e-13
    1.37882e+00      3.18240e-04      1.00000e+02      5.53289e-13
    1.39464e+00      3.12532e-04      1.00000e+02      5.65719e-13
    1.41064e+00      3.06903e-04      1.00000e+02      5.78481e-13
    1.42682e+00      3.01258e-04      1.00000e+02      5.91455e-13
    1.44319e+00      2.95716e-04      1.00000e+02      6.04810e-13
    1.45974e+00      2.90142e-04      1.00000e+02      6.18363e-13
    1.47649e+00      2.84687e-04      1.00000e+02      6.32315e-13
    1.49343e+00      2.79214e-04      1.00000e+02      6.46501e-13
    1.51056e+00      2.73821e-04      1.00000e+02      6.61077e-13
    1.52789e+00      2.68454e-04      1.00000e+02      6.75938e-13
    1.54542e+00      2.63120e-04      1.00000e+02      6.91094e-13
    1.56315e+00      2.57862e-04      1.00000e+02      7.06679e-13
    1.58108e+00      2.52598e-04      1.00000e+02      7.22545e-13
    1.59922e+00      2.47439e-04      1.00000e+02      7.38896e-13
    1.61757e+00      2.42293e-04      1.00000e+02      7.55526e-13
    1.63612e+00      2.37193e-04      1.00000e+02      7.72480e-13
    1.65489e+00      2.32169e-04      1.00000e+02      7.89805e-13
    1.67388e+00      2.27156e-04      1.00000e+02      8.07445e-13
    1.69308e+00      2.22226e-04      1.00000e+02      8.25596e-13
    1.71250e+00      2.17340e-04      1.00000e+02      8.44141e-13
    1.73215e+00      2.12474e-04      1.00000e+02      8.63040e-13
    1.75202e+00      2.07708e-04      1.00000e+02      8.82447e-13
    1.77212e+00      2.02976e-04      1.00000e+02      9.02246e-13
    1.79245e+00      1.98272e-04      1.00000e+02      9.22433e-13
    1.81302e+00      1.93663e-04      1.00000e+02      9.43166e-13
    1.83382e+00      1.89094e-04      1.00000e+02      9.64327e-13
    1.85485e+00      1.84559e-04      1.00000e+02      9.85913e-13
    1.87613e+00      1.80106e-04      1.00000e+02      1.00803e-12
    1.89766e+00      1.75712e-04      1.00000e+02      1.03066e-12
    1.91943e+00      1.71359e-04      1.00000e+02      1.05374e-12
    1.94145e+00      1.67056e-04      1.00000e+02      1.07728e-12
    1.96372e+00      1.62843e-04      1.00000e+02      1.10145e-12
    1.98625e+00      1.58887e-04      1.00000e+02      1.14289e-12
    2.00903e+00      1.55022e-04      1.00000e+02      1.18846e-12
    2.03208e+00      1.50957e-04      1.00000e+02      1.21504e-12
    2.05540e+00      1.46980e-04      1.00000e+02      1.24213e-12
    2.07898e+00      1.43054e-04      1.00000e+02      1.26998e-12
    2.10283e+00      1.39182e-04      1.00000e+02      1.29847e-12
    2.12695e+00      1.35366e-04      1.00000e+02      1.32749e-12
    2.15135e+00      1.31620e-04      1.00000e+02      1.35717e-12
    2.17603e+00      1.27946e-04      1.00000e+02      1.38754e-12
    2.20100e+00      1.24331e-04      1.00000e+02      1.41857e-12
    2.22625e+00      1.20774e-04      1.00000e+02      1.45028e-12
    2.25179e+00      1.17276e-04      1.00000e+02      1.48268e-12
    2.27762e+00      1.13841e-04      1.00000e+02      1.51577e-12
    2.30375e+00      1.10471e-04      1.00000e+02      1.54961e-12
    2.33018e+00      1.07180e-04      1.00000e+02      1.58424e-12
    2.35691e+00      1.03947e-04      1.00000e+02      1.61958e-12
    2.38395e+00      1.00777e-04      1.00000e+02      1.65575e-12
    2.41130e+00      9.76709e-05      1.00000e+02      1.69276e-12
    2.43897e+00      9.46285e-05      1.00000e+02      1.73055e-12
    2.46695e+00      9.16507e-05      1.00000e+02      1.76915e-12
    2.49525e+00      8.87381e-05      1.00000e+02      1.80861e-12
    2.52387e+00      8.58889e-05      1.00000e+02      1.84894e-12
    2.55283e+00      8.31039e-05      1.00000e+02      1.89021e-12
    2.58212e+00      8.03872e-05      1.00000e+02      1.93250e-12
    2.61174e+00      7.77345e-05      1.00000e+02      1.97555e-12
    2.64170e+00      7.51472e-05      1.00000e+02      2.01952e-12
    2.67201e+00      7.26245e-05      1.00000e+02      2.06433e-12
    2.70266e+00      7.01659e-05      1.00000e+02      2.11030e-12
    2.73367e+00      6.77734e-05      1.00000e+02      2.15727e-12
    2.76503e+00      6.54433e-05      1.00000e+02      2.20531e-12
    2.79675e+00      6.31778e-05      1.00000e+02      2.25438e-12
    2.82884e+00      6.09748e-05      1.00000e+02      2.30454e-12
    2.86129e+00      5.88351e-05      1.00000e+02      2.35580e-12
    2.89412e+00      5.67583e-05      1.00000e+02      2.40823e-12
    2.92732e+00      5.47421e-05      1.00000e+02      2.46180e-12
    2.96091e+00      5.27875e-05      1.00000e+02      2.51644e-12
    2.99488e+00      5.08929e-05      1.00000e+02      2.57231e-12
    3.02923e+00      4.90583e-05      1.00000e+02      2.62919e-12
    3.06399e+00      4.72901e-05      1.00000e+02      2.68782e-12
    3.09914e+00      4.55826e-05      1.00000e+02      2.74752e-12
    3.13469e+00      4.39308e-05      1.00000e+02      2.80853e-12
    3.17066e+00      4.23357e-05      1.00000e+02      2.87084e-12
    3.20703e+00      4.07970e-05      1.00000e+02      2.93451e-12
    3.24382e+00      3.93163e-05      1.00000e+02      2.99959e-12
    3.28104e+00      3.78985e-05      1.00000e+02      3.06616e-12
    3.31868e+00      3.65304e-05      1.00000e+02      3.13414e-12
    3.35675e+00      3.52151e-05      1.00000e+02      3.20359e-12
    3.39527e+00      3.39565e-05      1.00000e+02      3.27457e-12
    3.43422e+00      3.27523e-05      1.00000e+02      3.34705e-12
    3.47362e+00      3.15981e-05      1.00000e+02      3.42110e-12
    3.51347e+00      3.04911e-05      1.00000e+02      3.49687e-12
    3.55378e+00      2.94410e-05      1.00000e+02      3.57440e-12
    3.59455e+00      2.84370e-05      1.00000e+02      3.65370e-12
    3.63579e+00      2.74788e-05      1.00000e+02      3.73461e-12
    3.67750e+00      2.65717e-05      1.00000e+02      3.81726e-12
    3.71969e+00      2.57069e-05      1.00000e+02      3.90163e-12
    3.76236e+00      2.48889e-05      1.00000e+02      3.98756e-12
    3.80553e+00      2.41135e-05      1.00000e+02      4.07569e-12
    3.84919e+00      2.33797e-05      1.00000e+02      4.16570e-12
    3.89335e+00      2.26891e-05      1.00000e+02      4.25769e-12
    3.93801e+00      2.20355e-05      1.00000e+02      4.35167e-12
    3.98319e+00      2.14243e-05      1.00000e+02      4.44774e-12
    4.02889e+00      2.08470e-05      1.00000e+02      4.54583e-12
    4.07511e+00      2.03093e-05      1.00000e+02      4.64613e-12
    4.12186e+00      1.98031e-05      1.00000e+02      4.74857e-12
    4.16915e+00      1.93344e-05      1.00000e+02      4.85337e-12
    4.21698e+00      1.88948e-05      1.00000e+02      4.96007e-12
    4.26536e+00      1.84876e-05      1.00000e+02      5.06904e-12
    4.31430e+00      1.81109e-05      1.00000e+02      5.18093e-12
    4.36379e+00      1.77603e-05      1.00000e+02      5.29513e-12
    4.41386e+00      1.74397e-05      1.00000e+02      5.41166e-12
    4.46450e+00      1.71432e-05      1.00000e+02      5.53076e-12
    4.51572e+00      1.68714e-05      1.00000e+02      5.65239e-12
    4.56752e+00      1.66228e-05      1.00000e+02      5.77666e-12
    4.61992e+00      1.63968e-05      1.00000e+02      5.90364e-12
    4.67293e+00      1.61911e-05      1.00000e+02      6.03337e-12
    4.72654e+00      1.60046e-05      1.00000e+02      6.16589e-12
    4.78076e+00      1.58357e-05      1.00000e+02      6.30122e-12
    4.83561e+00      1.56849e-05      1.00000e+02      6.43991e-12
    4.89109e+00      1.55494e-05      1.00000e+02      6.58132e-12
    4.94720e+00      1.54284e-05      1.00000e+02      6.72575e-12
    5.00396e+00      1.53206e-05      1.00000e+02      6.87288e-12
    5.06137e+00      1.52252e-05      1.00000e+02      7.02350e-12
    5.11944e+00      1.51408e-05      1.00000e+02      7.17741e-12
    5.17817e+00      1.50669e-05      1.00000e+02      7.33464e-12
    5.23758e+00      1.50018e-05      1.00000e+02      7.49524e-12
    5.29767e+00      1.49456e-05      1.00000e+02      7.65928e-12
    5.35844e+00      1.48962e-05      1.00000e+02      7.82690e-12
    5.41992e+00      1.48536e-05      1.00000e+02      7.99811e-12
    5.48210e+00      1.48167e-05      1.00000e+02      8.17298e-12
    5.54500e+00      1.47848e-05      1.00000e+02      8.35191e-12
    5.60861e+00      1.47572e-05      1.00000e+02      8.53411e-12
    5.67296e+00      1.47333e-05      1.00000e+02      8.72013e-12
    5.73804e+00      1.47126e-05      1.00000e+02      8.91074e-12
    5.80387e+00      1.46946e-05      1.00000e+02      9.10536e-12
    5.87046e+00      1.46787e-05      1.00000e+02      9.30399e-12
    5.93781e+00      1.46648e-05      1.00000e+02      9.50692e-12
    6.00593e+00      1.46524e-05      1.00000e+02      9.71418e-12
    6.07483e+00      1.46412e-05      1.00000e+02      9.92579e-12
    6.14453e+00      1.46311e-05      1.00000e+02      1.01415e-11
    6.21502e+00      1.46218e-05      1.00000e+02      1.03624e-11
    6.28633e+00      1.46131e-05      1.00000e+02      1.05880e-11
    6.35845e+00      1.46049e-05      1.00000e+02      1.08186e-11
    6.43140e+00      1.45972e-05      1.00000e+02      1.10545e-11
    6.50518e+00      1.45897e-05      1.00000e+02      1.12948e-11
    6.57981e+00      1.45826e-05      1.00000e+02      1.15403e-11
    6.65530e+00      1.45756e-05      1.00000e+02      1.17904e-11
    6.73166e+00      1.45687e-05      1.00000e+02      1.20464e-11
    6.80889e+00      1.45620e-05      1.00000e+02      1.23077e-11
    6.88700e+00      1.45554e-05      1.00000e+02      1.25748e-11
    6.96602e+00      1.45488e-05      1.00000e+02      1.28474e-11
    7.04593e+00      1.45423e-05      1.00000e+02      1.31258e-11
    7.12677e+00      1.45358e-05      1.00000e+02      1.34104e-11
    7.20853e+00      1.45294e-05      1.00000e+02      1.37008e-11
    7.29124e+00      1.45230e-05      1.00000e+02      1.39967e-11
    7.37489e+00      1.45166e-05      1.00000e+02      1.42995e-11
    7.45950e+00      1.45102e-05      1.00000e+02      1.46090e-11
    7.54508e+00      1.45038e-05      1.00000e+02      1.49248e-11
    7.63164e+00      1.44974e-05      1.00000e+02      1.52472e-11
    7.71920e+00      1.44911e-05      1.00000e+02      1.55764e-11
    7.80776e+00      1.44847e-05      1.00000e+02      1.59121e-11
    7.89733e+00      1.44784e-05      1.00000e+02      1.62553e-11
    7.98794e+00      1.44720e-05      1.00000e+02      1.66058e-11
    8.07958e+00      1.44657e-05      1.00000e+02      1.69640e-11
    8.17227e+00      1.44593e-05      1.00000e+02      1.73301e-11
    8.26603e+00      1.44529e-05      1.00000e+02      1.77035e-11
    8.36087e+00      1.44464e-05      1.00000e+02      1.80846e-11
    8.45679e+00      1.44400e-05      1.00000e+02      1.84730e-11
    8.55381e+00      1.44335e-05      1.00000e+02      1.88701e-11
    8.65195e+00      1.44270e-05      1.00000e+02      1.92755e-11
    8.75121e+00      1.44204e-05      1.00000e+02      1.96895e-11
    8.85161e+00      1.44137e-05      1.00000e+02      2.01122e-11
    8.95316e+00      1.44071e-05      1.00000e+02      2.05437e-11
    9.05588e+00      1.44004e-05      1.00000e+02      2.09847e-11
    9.15977e+00      1.43936e-05      1.00000e+02      2.14341e-11
    9.26486e+00      1.43868e-05      1.00000e+02      2.18929e-11
    9.37116e+00      1.43800e-05      1.00000e+02      2.23615e-11
    9.47867e+00      1.43731e-05      1.00000e+02      2.28401e-11
    9.58742e+00      1.43661e-05      1.00000e+02      2.33286e-11
    9.69741e+00      1.43591e-05      1.00000e+02      2.38269e-11
    9.80867e+00      1.43520e-05      1.00000e+02      2.43357e-11
    9.92120e+00      1.43449e-05      1.00000e+02      2.48551e-11
    1.00350e+01      1.43377e-05      1.00000e+02      2.53865e-11
    1.01502e+01      1.43304e-05      1.00000e+02      2.59281e-11
    1.02666e+01      1.43230e-05      1.00000e+02      2.64807e-11
    1.03844e+01      1.43156e-05      1.00000e+02      2.70449e-11
    1.05035e+01      1.43081e-05      1.00000e+02      2.76205e-11
    1.06240e+01      1.43005e-05      1.00000e+02      2.82077e-11
    1.07459e+01      1.42928e-05      1.00000e+02      2.88076e-11
    1.08692e+01      1.42850e-05      1.00000e+02      2.94200e-11
    1.09939e+01      1.42771e-05      1.00000e+02      3.00450e-11
    1.11200e+01      1.42692e-05      1.00000e+02      3.06826e-11
    1.12476e+01      1.42613e-05      1.00000e+02      3.13328e-11
    1.13767e+01      1.42532e-05      1.00000e+02      3.19965e-11
    1.15072e+01      1.42451e-05      1.00000e+02      3.26744e-11
    1.16392e+01      1.42368e-05      1.00000e+02      3.33662e-11
    1.17727e+01      1.42285e-05      1.00000e+02      3.40717e-11
    1.19078e+01      1.42201e-05      1.00000e+02      3.47923e-11
    1.20444e+01      1.42116e-05      1.00000e+02      3.55278e-11
    1.21826e+01      1.42031e-05      1.00000e+02      3.62773e-11
    1.23224e+01      1.41944e-05      1.00000e+02      3.70433e-11
    1.24637e+01      1.41857e-05      1.00000e+02      3.78248e-11
    1.26067e+01      1.41768e-05      1.00000e+02      3.86226e-11
    1.27514e+01      1.41679e-05      1.00000e+02      3.94356e-11
    1.28977e+01      1.41589e-05      1.00000e+02      4.02655e-11
    1.30456e+01      1.41498e-05      1.00000e+02      4.11127e-11
    1.31953e+01      1.41406e-05      1.00000e+02      4.19773e-11
    1.33467e+01      1.41314e-05      1.00000e+02      4.28580e-11
    1.34998e+01      1.41220e-05      1.00000e+02      4.37569e-11
    1.36547e+01      1.41125e-05      1.00000e+02      4.46748e-11
    1.38113e+01      1.41029e-05      1.00000e+02      4.56105e-11
    1.39698e+01      1.40933e-05      1.00000e+02      4.65658e-11
    1.41301e+01      1.40834e-05      1.00000e+02      4.75395e-11
    1.42922e+01      1.40734e-05      1.00000e+02      4.85333e-11
    1.44562e+01      1.40634e-05      1.00000e+02      4.95482e-11
    1.46220e+01      1.40534e-05      1.00000e+02      5.05820e-11
    1.47898e+01      1.40432e-05      1.00000e+02      5.16379e-11
    1.49594e+01      1.40329e-05      1.00000e+02      5.27143e-11
    1.51311e+01      1.40225e-05      1.00000e+02      5.38124e-11
    1.53047e+01      1.40119e-05      1.00000e+02      5.49324e-11
    1.54803e+01      1.40013e-05      1.00000e+02      5.60750e-11
    1.56579e+01      1.39905e-05      1.00000e+02      5.72402e-11
    1.58375e+01      1.39797e-05      1.00000e+02      5.84284e-11
    1.60192e+01      1.39687e-05      1.00000e+02      5.96398e-11
    1.62030e+01      1.39577e-05      1.00000e+02      6.08761e-11
    1.63889e+01      1.39465e-05      1.00000e+02      6.21372e-11
    1.65769e+01      1.39352e-05      1.00000e+02      6.34231e-11
    1.67671e+01      1.39238e-05      1.00000e+02      6.47346e-11
    1.69594e+01      1.39123e-05      1.00000e+02      6.60718e-11
    1.71540e+01      1.39005e-05      1.00000e+02      6.74353e-11
    1.73508e+01      1.38888e-05      1.00000e+02      6.88260e-11
    1.75499e+01      1.38769e-05      1.00000e+02      7.02439e-11
    1.77512e+01      1.38649e-05      1.00000e+02      7.16900e-11
    1.79549e+01      1.38528e-05      1.00000e+02      7.31645e-11
    1.81609e+01      1.38406e-05      1.00000e+02      7.46677e-11
    1.83692e+01      1.38282e-05      1.00000e+02      7.62005e-11
    1.85800e+01      1.38158e-05      1.00000e+02      7.77637e-11
    1.87932e+01      1.38032e-05      1.00000e+02      7.93575e-11
    1.90088e+01      1.37904e-05      1.00000e+02      8.09827e-11
    1.92268e+01      1.37776e-05      1.00000e+02      8.26395e-11
    1.94474e+01      1.37646e-05      1.00000e+02      8.43283e-11
    1.96705e+01      1.37515e-05      1.00000e+02      8.60497e-11
    1.98962e+01      1.37383e-05      1.00000e+02      8.78044e-11
    2.01245e+01      1.37249e-05      1.00000e+02      8.95934e-11
    2.03554e+01      1.37114e-05      1.00000e+02      9.14170e-11
    2.05889e+01      1.36978e-05      1.00000e+02      9.32756e-11
    2.08251e+01      1.36841e-05      1.00000e+02      9.51704e-11
    2.10640e+01      1.36702e-05      1.00000e+02      9.71016e-11
    2.13057e+01      1.36561e-05      1.00000e+02      9.90701e-11
    2.15501e+01      1.36420e-05      1.00000e+02      1.01077e-10
    2.17974e+01      1.36277e-05      1.00000e+02      1.03122e-10
    2.20475e+01      1.36132e-05      1.00000e+02      1.05207e-10
    2.23004e+01      1.35986e-05      1.00000e+02      1.07331e-10
    2.25563e+01      1.35839e-05      1.00000e+02      1.09496e-10
    2.28150e+01      1.35690e-05      1.00000e+02      1.11701e-10
    2.30768e+01      1.35540e-05      1.00000e+02      1.13948e-10
    2.33416e+01      1.35388e-05      1.00000e+02      1.16238e-10
    2.36093e+01      1.35235e-05      1.00000e+02      1.18572e-10
    2.38802e+01      1.35080e-05      1.00000e+02      1.20948e-10
    2.41542e+01      1.34924e-05      1.00000e+02      1.23371e-10
    2.44313e+01      1.34766e-05      1.00000e+02      1.25839e-10
    2.47116e+01      1.34606e-05      1.00000e+02      1.28354e-10
    2.49951e+01      1.34446e-05      1.00000e+02      1.30917e-10
    2.52819e+01      1.34284e-05      1.00000e+02      1.33528e-10
    2.55719e+01      1.34120e-05      1.00000e+02      1.36188e-10
    2.58653e+01      1.33954e-05      1.00000e+02      1.38896e-10
    2.61621e+01      1.33787e-05      1.00000e+02      1.41655e-10
    2.64622e+01      1.33619e-05      1.00000e+02      1.44464e-10
    2.67658e+01      1.33449e-05      1.00000e+02      1.47327e-10
    2.70729e+01      1.33277e-05      1.00000e+02      1.50242e-10
    2.73835e+01      1.33104e-05      1.00000e+02      1.53210e-10
    2.76977e+01      1.32929e-05      1.00000e+02      1.56235e-10
    2.80154e+01      1.32751e-05      1.00000e+02      1.59314e-10
    2.83369e+01      1.32572e-05      1.00000e+02      1.62451e-10
    2.86620e+01      1.32392e-05      1.00000e+02      1.65646e-10
    2.89908e+01      1.32209e-05      1.00000e+02      1.68898e-10
    2.93234e+01      1.32025e-05      1.00000e+02      1.72210e-10
    2.96598e+01      1.31840e-05      1.00000e+02      1.75581e-10
    3.00001e+01      1.31652e-05      1.00000e+02      1.79013e-10
