    Er (keV)         SM dN/dE         BG dN/dE        BSM dN/dE (events/kg/day/keV)
    1.00100e-01      2.05887e-03      1.00000e+01      3.64989e-15
    1.01306e-01      2.01932e-03      1.00000e+01      3.75436e-15
    1.02526e-01      1.97929e-03      1.00000e+01      3.86008e-15
    1.03760e-01      1.93878e-03      1.00000e+01      3.96709e-15
    1.05010e-01      1.89778e-03      1.00000e+01      4.07538e-15
    1.06275e-01      1.85629e-03      1.00000e+01      4.18498e-15
    1.07555e-01      1.81430e-03      1.00000e+01      4.29590e-15
    1.08850e-01      1.77180e-03      1.00000e+01      4.40816e-15
    1.10161e-01      1.72878e-03      1.00000e+01      4.52177e-15
    1.11488e-01      1.68525e-03      1.00000e+01      4.63675e-15
    1.12830e-01      1.64120e-03      1.00000e+01      4.75311e-15
    1.14189e-01      1.59661e-03      1.00000e+01      4.87088e-15
    1.15565e-01      1.55149e-03      1.00000e+01      4.99007e-15
    1.16957e-01      1.50582e-03      1.00000e+01      5.11069e-15
    1.18365e-01      1.45960e-03      1.00000e+01      5.23277e-15
    1.19791e-01      1.41282e-03      1.00000e+01      5.35632e-15
    1.21234e-01      1.36548e-03      1.00000e+01      5.48136e-15
    1.22694e-01      1.31757e-03      1.00000e+01      5.60791e-15
    1.24172e-01      1.26909e-03      1.00000e+01      5.73599e-15
    1.25668e-01      1.22001e-03      1.00000e+01      5.86560e-15
    1.27182e-01      1.17035e-03      1.00000e+01      5.99678e-15
    1.28713e-01      1.12009e-03      1.00000e+01      6.12954e-15
    1.30264e-01      1.06922e-03      1.00000e+01      6.26390e-15
    1.31833e-01      1.01774e-03      1.00000e+01      6.39989e-15
    1.33421e-01      9.65633e-04      1.00000e+01      6.53751e-15
    1.35028e-01      9.12902e-04      1.00000e+01      6.67679e-15
    1.36655e-01      8.59536e-04      1.00000e+01      6.81774e-15
    1.38301e-01      8.05526e-04      1.00000e+01      6.96040e-15
    1.39967e-01      7.50865e-04      1.00000e+01      7.10478e-15
    1.41653e-01      7.21555e-04      1.00000e+01      7.28923e-15
    1.43360e-01      6.98442e-04      1.00000e+01      7.48555e-15
    1.45087e-01      6.75050e-04      1.00000e+01      7.68425e-15
    1.46834e-01      6.51376e-04      1.00000e+01      7.88534e-15
    1.48603e-01      6.27417e-04      1.00000e+01      8.08885e-15
    1.50393e-01      6.03169e-04      1.00000e+01      8.29481e-15
    1.52205e-01      5.78629e-04      1.00000e+01      8.50326e-15
    1.54039e-01      5.53793e-04      1.00000e+01      8.71422e-15
    1.55895e-01      5.28657e-04      1.00000e+01      8.92773e-15
    1.57773e-01      5.03219e-04      1.00000e+01      9.14381e-15
    1.59673e-01      4.77473e-04      1.00000e+01      9.36249e-15
    1.61597e-01      4.51418e-04      1.00000e+01      9.58381e-15
    1.63544e-01      4.25048e-04      1.00000e+01      9.80779e-15
    1.65514e-01      3.98361e-04      1.00000e+01      1.00345e-14
    1.67508e-01      3.71352e-04      1.00000e+01      1.02639e-14
    1.69526e-01      3.44017e-04      1.00000e+01      1.04961e-14
    1.71569e-01      3.16352e-04      1.00000e+01      1.07311e-14
    1.73636e-01      2.88355e-04      1.00000e+01      1.09689e-14
    1.75728e-01      2.60019e-04      1.00000e+01      1.12096e-14
    1.77845e-01      2.31342e-04      1.00000e+01      1.14532e-14
    1.79988e-01      2.02320e-04      1.00000e+01      1.16997e-14
    1.82156e-01      1.93787e-04      1.00000e+01      1.19929e-14
    1.84351e-01      1.93561e-04      1.00000e+01      1.23072e-14
    1.86572e-01      1.93332e-04      1.00000e+01      1.26254e-14
    1.88820e-01      1.93101e-04      1.00000e+01      1.29473e-14
    1.91095e-01      1.92867e-04      1.00000e+01      1.32732e-14
    1.93398e-01      1.92630e-04      1.00000e+01      1.36030e-14
    1.95728e-01      1.92390e-04      1.00000e+01      1.39367e-14
    1.98086e-01      1.92147e-04      1.00000e+01      1.42745e-14
    2.00473e-01      1.91901e-04      1.00000e+01      1.46164e-14
    2.02888e-01      1.91653e-04      1.00000e+01      1.49623e-14
    2.05333e-01      1.91401e-04      1.00000e+01      1.53125e-14
    2.07807e-01      1.91146e-04      1.00000e+01      1.56668e-14
    2.10311e-01      1.90889e-04      1.00000e+01      1.60255e-14
    2.12845e-01      1.90628e-04      1.00000e+01      1.63884e-14
    2.15410e-01      1.90364e-04      1.00000e+01      1.67558e-14
    2.18005e-01      1.90097e-04      1.00000e+01      1.71275e-14
    2.20632e-01      1.89826e-04      1.00000e+01      1.75038e-14
    2.23291e-01      1.89563e-04      1.00000e+01      1.79520e-14
    2.25981e-01      1.89298e-04      1.00000e+01      1.84135e-14
    2.28704e-01      1.89030e-04      1.00000e+01      1.88806e-14
    2.31460e-01      1.88759e-04      1.00000e+01      1.93533e-14
    2.34249e-01      1.88484e-04      1.00000e+01      1.98317e-14
    2.37072e-01      1.88207e-04      1.00000e+01      2.03159e-14
    2.39928e-01      1.87925e-04      1.00000e+01      2.08059e-14
    2.42820e-01      1.87641e-04      1.00000e+01      2.13018e-14
    2.45746e-01      1.87353e-04      1.00000e+01      2.18037e-14
    2.48707e-01      1.87061e-04      1.00000e+01      2.23116e-14
    2.51704e-01      1.86766e-04      1.00000e+01      2.28257e-14
    2.54737e-01      1.86468e-04      1.00000e+01      2.33460e-14
    2.57807e-01      1.86165e-04      1.00000e+01      2.38725e-14
    2.60913e-01      1.85860e-04      1.00000e+01      2.44054e-14
    2.64057e-01      1.85562e-04      1.00000e+01      2.50223e-14
    2.67239e-01      1.85261e-04      1.00000e+01      2.56549e-14
    2.70460e-01      1.84957e-04      1.00000e+01      2.62950e-14
    2.73719e-01      1.84649e-04      1.00000e+01      2.69429e-14
    2.77017e-01      1.84338e-04      1.00000e+01      2.75986e-14
    2.80356e-01      1.84023e-04      1.00000e+01      2.82623e-14
    2.83734e-01      1.83704e-04      1.00000e+01      2.89339e-14
    2.87153e-01      1.83381e-04      1.00000e+01      2.96136e-14
    2.90614e-01      1.83054e-04      1.00000e+01      3.03015e-14
    2.94116e-01      1.82724e-04      1.00000e+01      3.09977e-14
    2.97660e-01      1.82389e-04      1.00000e+01      3.17023e-14
    3.01247e-01      1.82050e-04      1.00000e+01      3.24153e-14
    3.04878e-01      1.81720e-04      1.00000e+01      3.32312e-14
    3.08552e-01      1.81386e-04      1.00000e+01      3.40646e-14
    3.12270e-01      1.81049e-04      1.00000e+01      3.49079e-14
    3.16033e-01      1.80707e-04      1.00000e+01      3.57614e-14
    3.19842e-01      1.80362e-04      1.00000e+01      3.66253e-14
    3.23696e-01      1.80012e-04      1.00000e+01      3.74995e-14
    3.27597e-01      1.79658e-04      1.00000e+01      3.83843e-14
    3.31545e-01      1.79299e-04      1.00000e+01      3.92797e-14
    3.35541e-01      1.78936e-04      1.00000e+01      4.01859e-14
    3.39585e-01      1.78569e-04      1.00000e+01      4.11031e-14
    3.43677e-01      1.78204e-04      1.00000e+01      4.20826e-14
    3.47819e-01      1.77841e-04      1.00000e+01      4.31364e-14
    3.52011e-01      1.77474e-04      1.00000e+01      4.42028e-14
    3.56253e-01      1.77103e-04      1.00000e+01      4.52821e-14
    3.60547e-01      1.76727e-04      1.00000e+01      4.63745e-14
    3.64892e-01      1.76347e-04      1.00000e+01      4.74800e-14
    3.69289e-01      1.75962e-04      1.00000e+01      4.85988e-14
    3.73740e-01      1.75572e-04      1.00000e+01      4.97311e-14
    3.78244e-01      1.75178e-04      1.00000e+01      5.08770e-14
    3.82803e-01      1.74781e-04      1.00000e+01      5.20555e-14
    3.87416e-01      1.74391e-04      1.00000e+01      5.33560e-14
    3.92085e-01      1.73997e-04      1.00000e+01      5.46722e-14
    3.96811e-01      1.73598e-04      1.00000e+01      5.60042e-14
    4.01593e-01      1.73194e-04      1.00000e+01      5.73523e-14
    4.06433e-01      1.72785e-04      1.00000e+01      5.87167e-14
    4.11331e-01      1.72371e-04      1.00000e+01      6.00974e-14
    4.16289e-01      1.71952e-04      1.00000e+01      6.14949e-14
    4.21306e-01      1.71529e-04      1.00000e+01      6.29092e-14
    4.26383e-01      1.71111e-04      1.00000e+01      6.44483e-14
    4.31522e-01      1.70691e-04      1.00000e+01      6.60369e-14
    4.36723e-01      1.70266e-04      1.00000e+01      6.76446e-14
    4.41987e-01      1.69836e-04      1.00000e+01      6.92717e-14
    4.47314e-01      1.69401e-04      1.00000e+01      7.09184e-14
    4.52705e-01      1.68960e-04      1.00000e+01      7.25850e-14
    4.58161e-01      1.68515e-04      1.00000e+01      7.42716e-14
    4.63683e-01      1.68066e-04      1.00000e+01      7.60045e-14
    4.69271e-01      1.67624e-04      1.00000e+01      7.78834e-14
    4.74927e-01      1.67176e-04      1.00000e+01      7.97850e-14
    4.80651e-01      1.66723e-04      1.00000e+01      8.17096e-14
    4.86444e-01      1.66265e-04      1.00000e+01      8.36573e-14
    4.92307e-01      1.65801e-04      1.00000e+01      8.56285e-14
    4.98241e-01      1.65331e-04      1.00000e+01      8.76235e-14
    5.04246e-01      1.64859e-04      1.00000e+01      8.96753e-14
    5.10323e-01      1.64392e-04      1.00000e+01      9.18827e-14
    5.16474e-01      1.63920e-04      1.00000e+01      9.41168e-14
    5.22699e-01      1.63443e-04      1.00000e+01      9.63778e-14
    5.28999e-01      1.62959e-04      1.00000e+01      9.86660e-14
    5.35375e-01      1.62470e-04      1.00000e+01      1.00982e-13
    5.41828e-01      1.61975e-04      1.00000e+01      1.03326e-13
    5.48358e-01      1.61486e-04      1.00000e+01      1.05833e-13
    5.54967e-01      1.60994e-04      1.00000e+01      1.08411e-13
    5.61656e-01      1.60497e-04      1.00000e+01      1.11020e-13
    5.68426e-01      1.59994e-04      1.00000e+01      1.13661e-13
    5.75277e-01      1.59484e-04      1.00000e+01      1.16333e-13
    5.82211e-01      1.58969e-04      1.00000e+01      1.19038e-13
    5.89228e-01      1.58459e-04      1.00000e+01      1.21931e-13
    5.96330e-01      1.57946e-04      1.00000e+01      1.24900e-13
    6.03518e-01      1.57427e-04      1.00000e+01      1.27905e-13
    6.10792e-01      1.56902e-04      1.00000e+01      1.30945e-13
    6.18154e-01      1.56370e-04      1.00000e+01      1.34023e-13
    6.25604e-01      1.55836e-04      1.00000e+01      1.37180e-13
    6.33145e-01      1.55306e-04      1.00000e+01      1.40526e-13
    6.40776e-01      1.54770e-04      1.00000e+01      1.43911e-13
    6.48500e-01      1.54228e-04      1.00000e+01      1.47338e-13
    6.56316e-01      1.53679e-04      1.00000e+01      1.50806e-13
    6.64227e-01      1.53124e-04      1.00000e+01      1.54316e-13
    6.72233e-01      1.52577e-04      1.00000e+01      1.58069e-13
    6.80335e-01      1.52024e-04      1.00000e+01      1.61867e-13
    6.88536e-01      1.51464e-04      1.00000e+01      1.65711e-13
    6.96835e-01      1.50897e-04      1.00000e+01      1.69601e-13
    7.05234e-01      1.50325e-04      1.00000e+01      1.73557e-13
    7.13734e-01      1.49760e-04      1.00000e+01      1.77778e-13
    7.22337e-01      1.49188e-04      1.00000e+01      1.82050e-13
    7.31044e-01      1.48609e-04      1.00000e+01      1.86374e-13
    7.39855e-01      1.48024e-04      1.00000e+01      1.90750e-13
    7.48773e-01      1.47438e-04      1.00000e+01      1.95282e-13
    7.57798e-01      1.46854e-04      1.00000e+01      2.00002e-13
    7.66932e-01      1.46263e-04      1.00000e+01      2.04779e-13
    7.76176e-01      1.45666e-04      1.00000e+01      2.09614e-13
    7.85532e-01      1.45061e-04      1.00000e+01      2.14517e-13
    7.95000e-01      1.44464e-04      1.00000e+01      2.19712e-13
    8.04583e-01      1.43860e-04      1.00000e+01      2.24970e-13
    8.14281e-01      1.43249e-04      1.00000e+01      2.30291e-13
    8.24096e-01      1.42630e-04      1.00000e+01      2.35676e-13
    8.34029e-01      1.42018e-04      1.00000e+01      2.41363e-13
    8.44082e-01      1.41400e-04      1.00000e+01      2.47156e-13
    8.54257e-01      1.40775e-04      1.00000e+01      2.53019e-13
    8.64553e-01      1.40143e-04      1.00000e+01      2.58953e-13
    8.74974e-01      1.39517e-04      1.00000e+01      2.65194e-13
    8.85521e-01      1.38886e-04      1.00000e+01      2.71541e-13
    8.96195e-01      1.38246e-04      1.00000e+01      2.77965e-13
    9.06997e-01      1.37601e-04      1.00000e+01      2.84492e-13
    9.17930e-01      1.36962e-04      1.00000e+01      2.91371e-13
    9.28994e-01      1.36315e-04      1.00000e+01      2.98334e-13
    9.40192e-01      1.35661e-04      1.00000e+01      3.05380e-13
    9.51525e-01      1.35006e-04      1.00000e+01      3.12629e-13
    9.62994e-01      1.34351e-04      1.00000e+01      3.20107e-13
    9.74602e-01      1.33689e-04      1.00000e+01      3.27676e-13
    9.86350e-01      1.33019e-04      1.00000e+01      3.35336e-13
    9.98239e-01      1.32356e-04      1.00000e+01      3.43406e-13
    1.01027e+00      1.31686e-04      1.00000e+01      3.51581e-13
    1.02245e+00      1.31008e-04      1.00000e+01      3.59855e-13
    1.03477e+00      1.30332e-04      1.00000e+01      3.68430e-13
    1.04725e+00      1.29655e-04      1.00000e+01      3.77226e-13
    1.05987e+00      1.28968e-04      1.00000e+01      3.86128e-13
    1.07265e+00      1.28281e-04      1.00000e+01      3.95275e-13
    1.08558e+00      1.27594e-04      1.00000e+01      4.04722e-13
    1.09866e+00      1.26899e-04      1.00000e+01      4.14283e-13
    1.11190e+00      1.26201e-04      1.00000e+01      4.24072e-13
    1.12531e+00      1.25505e-04      1.00000e+01      4.34215e-13
    1.13887e+00      1.24800e-04      1.00000e+01      4.44480e-13
    1.15260e+00      1.24093e-04      1.00000e+01      4.54985e-13
    1.16649e+00      1.23388e-04      1.00000e+01      4.65841e-13
    1.18055e+00      1.22674e-04      1.00000e+01      4.76828e-13
    1.19478e+00      1.21960e-04      1.00000e+01      4.88119e-13
    1.20919e+00      1.21245e-04      1.00000e+01      4.99749e-13
    1.22376e+00      1.20522e-04      1.00000e+01      5.11518e-13
    1.23851e+00      1.19801e-04      1.00000e+01      5.23703e-13
    1.25344e+00      1.19078e-04      1.00000e+01      5.36165e-13
    1.26855e+00      1.18345e-04      1.00000e+01      5.48778e-13
    1.28384e+00      1.17619e-04      1.00000e+01      5.61854e-13
    1.29932e+00      1.16885e-04      1.00000e+01      5.75092e-13
    1.31498e+00      1.16148e-04      1.00000e+01      5.88653e-13
    1.33083e+00      1.15412e-04      1.00000e+01      6.02651e-13
    1.34687e+00      1.14667e-04      1.00000e+01      6.16817e-13
    1.36311e+00      1.13927e-04      1.00000e+01      6.31500e-13
    1.37954e+00      1.13180e-04      1.00000e+01      6.46423e-13
    1.39617e+00      1.12431e-04      1.00000e+01      6.61689e-13
    1.41300e+00      1.11681e-04      1.00000e+01      6.77396e-13
    1.43003e+00      1.10923e-04      1.00000e+01      6.93293e-13
    1.44727e+00      1.10172e-04      1.00000e+01      7.09814e-13
    1.46471e+00      1.09412e-04      1.00000e+01      7.26534e-13
    1.48237e+00      1.08654e-04      1.00000e+01      7.43757e-13
    1.50024e+00      1.07892e-04      1.00000e+01      7.61329e-13
    1.51832e+00      1.07128e-04      1.00000e+01      7.79296e-13
    1.53662e+00      1.06364e-04      1.00000e+01      7.97729e-13
    1.55515e+00      1.05594e-04      1.00000e+01      8.16502e-13
    1.57389e+00      1.04828e-04      1.00000e+01      8.35898e-13
    1.59287e+00      1.04053e-04      1.00000e+01      8.55571e-13
    1.61207e+00      1.03284e-04      1.00000e+01      8.75943e-13
    1.63150e+00      1.02506e-04      1.00000e+01      8.96561e-13
    1.65116e+00      1.01734e-04      1.00000e+01      9.17783e-13
    1.67107e+00      1.00952e-04      1.00000e+01      9.39262e-13
    1.69121e+00      1.00177e-04      1.00000e+01      9.61541e-13
    1.71160e+00      9.93920e-05      1.00000e+01      9.84109e-13
    1.73223e+00      9.86136e-05      1.00000e+01      1.00744e-12
    1.75311e+00      9.78268e-05      1.00000e+01      1.03108e-12
    1.77424e+00      9.70455e-05      1.00000e+01      1.05550e-12
    1.79563e+00      9.62569e-05      1.00000e+01      1.08030e-12
    1.81728e+00      9.54726e-05      1.00000e+01      1.10585e-12
    1.83918e+00      9.46832e-05      1.00000e+01      1.13186e-12
    1.86135e+00      9.38954e-05      1.00000e+01      1.15857e-12
    1.88379e+00      9.31052e-05      1.00000e+01      1.18586e-12
    1.90650e+00      9.23139e-05      1.00000e+01      1.21379e-12
    1.92948e+00      9.15238e-05      1.00000e+01      1.24240e-12
    1.95274e+00      9.07292e-05      1.00000e+01      1.27153e-12
    1.97628e+00      8.99404e-05      1.00000e+01      1.30156e-12
    2.00010e+00      8.91465e-05      1.00000e+01      1.33212e-12
    2.02421e+00      8.83543e-05      1.00000e+01      1.36351e-12
    2.04861e+00      8.75612e-05      1.00000e+01      1.39553e-12
    2.07331e+00      8.67650e-05      1.00000e+01      1.42812e-12
    2.09830e+00      8.59733e-05      1.00000e+01      1.46191e-12
    2.12359e+00      8.51778e-05      1.00000e+01      1.49633e-12
    2.14919e+00      8.43826e-05      1.00000e+01      1.53149e-12
    2.17510e+00      8.35901e-05      1.00000e+01      1.56753e-12
    2.20132e+00      8.27954e-05      1.00000e+01      1.60430e-12
    2.22785e+00      8.20036e-05      1.00000e+01      1.64202e-12
    2.25471e+00      8.12121e-05      1.00000e+01      1.68062e-12
    2.28189e+00      8.04183e-05      1.00000e+01      1.72001e-12
    2.30940e+00      7.96263e-05      1.00000e+01      1.76040e-12
    2.33723e+00      7.88360e-05      1.00000e+01      1.80171e-12
    2.36541e+00      7.80447e-05      1.00000e+01      1.84391e-12
    2.39392e+00      7.72544e-05      1.00000e+01      1.88718e-12
    2.42278e+00      7.64671e-05      1.00000e+01      1.93157e-12
    2.45198e+00      7.56788e-05      1.00000e+01      1.97689e-12
    2.48154e+00      7.48900e-05      1.00000e+01      2.02317e-12
    2.51146e+00      7.41053e-05      1.00000e+01      2.07061e-12
    2.54173e+00      7.33226e-05      1.00000e+01      2.11933e-12
    2.57237e+00      7.25403e-05      1.00000e+01      2.16907e-12
    2.60338e+00      7.17588e-05      1.00000e+01      2.21980e-12
    2.63476e+00      7.09800e-05      1.00000e+01      2.27176e-12
    2.66652e+00      7.02040e-05      1.00000e+01      2.32485e-12
    2.69867e+00      6.94290e-05      1.00000e+01      2.37919e-12
    2.73120e+00      6.86553e-05      1.00000e+01      2.43483e-12
    2.76412e+00      6.78827e-05      1.00000e+01      2.49175e-12
    2.79744e+00      6.71124e-05      1.00000e+01      2.55001e-12
    2.83116e+00      6.63459e-05      1.00000e+01      2.60969e-12
    2.86529e+00      6.55818e-05      1.00000e+01      2.67072e-12
    2.89983e+00      6.48196e-05      1.00000e+01      2.73318e-12
    2.93479e+00      6.40596e-05      1.00000e+01      2.79704e-12
    2.97017e+00      6.33025e-05      1.00000e+01      2.86228e-12
    3.00597e+00      6.25481e-05      1.00000e+01      2.92905e-12
    3.04220e+00      6.17965e-05      1.00000e+01      2.99715e-12
    3.07888e+00      6.10491e-05      1.00000e+01      3.06737e-12
    3.11599e+00      6.03043e-05      1.00000e+01      3.13900e-12
    3.15355e+00      5.95633e-05      1.00000e+01      3.21223e-12
    3.19157e+00      5.88259e-05      1.00000e+01      3.28716e-12
    3.23004e+00      5.80917e-05      1.00000e+01      3.36380e-12
    3.26898e+00      5.73606e-05      1.00000e+01      3.44222e-12
    3.30839e+00      5.66334e-05      1.00000e+01      3.52245e-12
    3.34827e+00      5.59096e-05      1.00000e+01      3.60451e-12
    3.38863e+00      5.51894e-05      1.00000e+01      3.68844e-12
    3.42948e+00      5.44738e-05      1.00000e+01      3.77433e-12
    3.47082e+00      5.37630e-05      1.00000e+01      3.86209e-12
    3.51266e+00      5.30566e-05      1.00000e+01      3.95199e-12
    3.55500e+00      5.23541e-05      1.00000e+01      4.04396e-12
    3.59786e+00      5.16556e-05      1.00000e+01      4.13827e-12
    3.64123e+00      5.09619e-05      1.00000e+01      4.23457e-12
    3.68512e+00      5.02732e-05      1.00000e+01      4.33297e-12
    3.72955e+00      4.95897e-05      1.00000e+01      4.43363e-12
    3.77450e+00      4.89109e-05      1.00000e+01      4.53632e-12
    3.82000e+00      4.82370e-05      1.00000e+01      4.64170e-12
    3.86605e+00      4.75688e-05      1.00000e+01      4.74946e-12
    3.91266e+00      4.69058e-05      1.00000e+01      4.85967e-12
    3.95982e+00      4.62481e-05      1.00000e+01      4.97239e-12
    4.00756e+00      4.55956e-05      1.00000e+01      5.08764e-12
    4.05587e+00      4.49495e-05      1.00000e+01      5.20563e-12
    4.10476e+00      4.43088e-05      1.00000e+01      5.32640e-12
    4.15424e+00      4.36735e-05      1.00000e+01      5.44989e-12
    4.20432e+00      4.30434e-05      1.00000e+01      5.57594e-12
    4.25500e+00      4.24195e-05      1.00000e+01      5.70457e-12
    4.30629e+00      4.18036e-05      1.00000e+01      5.83687e-12
    4.35821e+00      4.11932e-05      1.00000e+01      5.97218e-12
    4.41074e+00      4.05884e-05      1.00000e+01      6.11024e-12
    4.46391e+00      3.99915e-05      1.00000e+01      6.25161e-12
    4.51772e+00      3.93999e-05      1.00000e+01      6.39615e-12
    4.57218e+00      3.88134e-05      1.00000e+01      6.54384e-12
    4.62730e+00      3.82364e-05      1.00000e+01      6.69509e-12
    4.68308e+00      3.76658e-05      1.00000e+01      6.84970e-12
    4.73954e+00      3.71013e-05      1.00000e+01      7.00780e-12
    4.79667e+00      3.65443e-05      1.00000e+01      7.16971e-12
    4.85449e+00      3.59931e-05      1.00000e+01      7.33524e-12
    4.91301e+00      3.54500e-05      1.00000e+01      7.50457e-12
    4.97224e+00      3.49137e-05      1.00000e+01      7.67756e-12
    5.03218e+00      3.43862e-05      1.00000e+01      7.85407e-12
    5.09284e+00      3.38651e-05      1.00000e+01      8.03494e-12
    5.15423e+00      3.33516e-05      1.00000e+01      8.22003e-12
    5.21636e+00      3.28446e-05      1.00000e+01      8.40917e-12
    5.27925e+00      3.23468e-05      1.00000e+01      8.60271e-12
    5.34289e+00      3.18554e-05      1.00000e+01      8.80052e-12
    5.40729e+00      3.13720e-05      1.00000e+01      9.00291e-12
    5.47248e+00      3.08964e-05      1.00000e+01      9.20980e-12
    5.53845e+00      3.04288e-05      1.00000e+01      9.42160e-12
    5.60521e+00      2.99696e-05      1.00000e+01      9.63800e-12
    5.67278e+00      2.95181e-05      1.00000e+01      9.85854e-12
    5.74117e+00      2.90739e-05      1.00000e+01      1.00851e-11
    5.81037e+00      2.86385e-05      1.00000e+01      1.03165e-11
    5.88042e+00      2.82107e-05      1.00000e+01      1.05531e-11
    5.95131e+00      2.77906e-05      1.00000e+01      1.07949e-11
    6.02305e+00      2.73793e-05      1.00000e+01      1.10422e-11
    6.09565e+00      2.69766e-05      1.00000e+01      1.12950e-11
    6.16914e+00      2.65821e-05      1.00000e+01      1.15531e-11
    6.24350e+00      2.61952e-05      1.00000e+01      1.18174e-11
    6.31877e+00      2.58159e-05      1.00000e+01      1.20879e-11
    6.39494e+00      2.54455e-05      1.00000e+01      1.23650e-11
    6.47203e+00      2.50836e-05      1.00000e+01      1.26477e-11
    6.55005e+00      2.47300e-05      1.00000e+01      1.29366e-11
    6.62901e+00      2.43846e-05      1.00000e+01      1.32320e-11
    6.70892e+00      2.40462e-05      1.00000e+01      1.35333e-11
    6.78979e+00      2.37173e-05      1.00000e+01      1.38419e-11
    6.87164e+00      2.33973e-05      1.00000e+01      1.41575e-11
    6.95448e+00      2.30846e-05      1.00000e+01      1.44802e-11
    7.03832e+00      2.27799e-05      1.00000e+01      1.48101e-11
    7.12316e+00      2.24836e-05      1.00000e+01      1.51474e-11
    7.20903e+00      2.21957e-05      1.00000e+01      1.54924e-11
    7.29593e+00      2.19152e-05      1.00000e+01      1.58443e-11
    7.38389e+00      2.16432e-05      1.00000e+01      1.62042e-11
    7.47290e+00      2.13790e-05      1.00000e+01      1.65727e-11
    7.56298e+00      2.11230e-05      1.00000e+01      1.69492e-11
    7.65415e+00      2.08751e-05      1.00000e+01      1.73341e-11
    7.74642e+00      2.06346e-05      1.00000e+01      1.77270e-11
    7.83980e+00      2.04016e-05      1.00000e+01      1.81288e-11
    7.93431e+00      2.01768e-05      1.00000e+01      1.85398e-11
    8.02996e+00      1.99595e-05      1.00000e+01      1.89599e-11
    8.12676e+00      1.97499e-05      1.00000e+01      1.93902e-11
    8.22473e+00      1.95478e-05      1.00000e+01      1.98294e-11
    8.32387e+00      1.93523e-05      1.00000e+01      2.02781e-11
    8.42422e+00      1.91646e-05      1.00000e+01      2.07364e-11
    8.52577e+00      1.89838e-05      1.00000e+01      2.12046e-11
    8.62855e+00      1.88109e-05      1.00000e+01      2.16834e-11
    8.73256e+00      1.86441e-05      1.00000e+01      2.21730e-11
    8.83783e+00      1.84836e-05      1.00000e+01      2.26733e-11
    8.94437e+00      1.83311e-05      1.00000e+01      2.31846e-11
    9.05220e+00      1.81845e-05      1.00000e+01      2.37076e-11
    9.16132e+00      1.80441e-05      1.00000e+01      2.42413e-11
    9.27176e+00      1.79104e-05      1.00000e+01      2.47867e-11
    9.38353e+00      1.77829e-05      1.00000e+01      2.53443e-11
    9.49664e+00      1.76611e-05      1.00000e+01      2.59143e-11
    9.61113e+00      1.75454e-05      1.00000e+01      2.64967e-11
    9.72699e+00      1.74354e-05      1.00000e+01      2.70914e-11
    9.84424e+00      1.73310e-05      1.00000e+01      2.76992e-11
    9.96292e+00      1.72320e-05      1.00000e+01      2.83212e-11
    1.00830e+01      1.71382e-05      1.00000e+01      2.89569e-11
    1.02046e+01      1.70496e-05      1.00000e+01      2.96059e-11
    1.03276e+01      1.69657e-05      1.00000e+01      3.02689e-11
    1.04521e+01      1.68869e-05      1.00000e+01      3.09462e-11
    1.05781e+01      1.68124e-05      1.00000e+01      3.16383e-11
    1.07056e+01      1.67424e-05      1.00000e+01      3.23448e-11
    1.08347e+01      1.66764e-05      1.00000e+01      3.30681e-11
    1.09653e+01      1.66151e-05      1.00000e+01      3.38066e-11
    1.10974e+01      1.65571e-05      1.00000e+01      3.45606e-11
    1.12312e+01      1.65029e-05      1.00000e+01      3.53303e-11
    1.13666e+01      1.64525e-05      1.00000e+01      3.61172e-11
    1.15036e+01      1.64051e-05      1.00000e+01      3.69212e-11
    1.16423e+01      1.63612e-05      1.00000e+01      3.77428e-11
    1.17827e+01      1.63201e-05      1.00000e+01      3.85818e-11
    1.19247e+01      1.62818e-05      1.00000e+01      3.94389e-11
    1.20685e+01      1.62462e-05      1.00000e+01      4.03151e-11
    1.22139e+01      1.62130e-05      1.00000e+01      4.12092e-11
    1.23612e+01      1.61821e-05      1.00000e+01      4.21234e-11
    1.25102e+01      1.61534e-05      1.00000e+01      4.30577e-11
    1.26610e+01      1.61265e-05      1.00000e+01      4.40115e-11
    1.28136e+01      1.61015e-05      1.00000e+01      4.49847e-11
    1.29681e+01      1.60781e-05      1.00000e+01      4.59798e-11
    1.31244e+01      1.60562e-05      1.00000e+01      4.69964e-11
    1.32826e+01      1.60357e-05      1.00000e+01      4.80338e-11
    1.34428e+01      1.60162e-05      1.00000e+01      4.90926e-11
    1.36048e+01      1.59980e-05      1.00000e+01      5.01748e-11
    1.37688e+01      1.59805e-05      1.00000e+01      5.12800e-11
    1.39348e+01      1.59639e-05      1.00000e+01      5.24086e-11
    1.41028e+01      1.59478e-05      1.00000e+01      5.35610e-11
    1.42728e+01      1.59324e-05      1.00000e+01      5.47375e-11
    1.44448e+01      1.59175e-05      1.00000e+01      5.59404e-11
    1.46190e+01      1.59031e-05      1.00000e+01      5.71671e-11
    1.47952e+01      1.58889e-05      1.00000e+01      5.84213e-11
    1.49736e+01      1.58749e-05      1.00000e+01      5.97012e-11
    1.51541e+01      1.58611e-05      1.00000e+01      6.10081e-11
    1.53367e+01      1.58474e-05      1.00000e+01      6.23425e-11
    1.55216e+01      1.58337e-05      1.00000e+01      6.37051e-11
    1.57087e+01      1.58201e-05      1.00000e+01      6.50960e-11
    1.58981e+01      1.58065e-05      1.00000e+01      6.65156e-11
    1.60898e+01      1.57929e-05      1.00000e+01      6.79648e-11
    1.62837e+01      1.57792e-05      1.00000e+01      6.94452e-11
    1.64800e+01      1.57655e-05      1.00000e+01      7.09564e-11
    1.66787e+01      1.57517e-05      1.00000e+01      7.24990e-11
    1.68797e+01      1.57377e-05      1.00000e+01      7.40737e-11
    1.70832e+01      1.57236e-05      1.00000e+01      7.56808e-11
    1.72892e+01      1.57094e-05      1.00000e+01      7.73216e-11
    1.74976e+01      1.56951e-05      1.00000e+01      7.89961e-11
    1.77085e+01      1.56807e-05      1.00000e+01      8.07055e-11
    1.79220e+01      1.56662e-05      1.00000e+01      8.24506e-11
    1.81380e+01      1.56515e-05      1.00000e+01      8.42312e-11
    1.83567e+01      1.56367e-05      1.00000e+01      8.60485e-11
    1.85780e+01      1.56217e-05      1.00000e+01      8.79038e-11
    1.88019e+01      1.56066e-05      1.00000e+01      8.97972e-11
    1.90286e+01      1.55914e-05      1.00000e+01      9.17299e-11
    1.92580e+01      1.55760e-05      1.00000e+01      9.37019e-11
    1.94901e+01      1.55605e-05      1.00000e+01      9.57140e-11
    1.97251e+01      1.55448e-05      1.00000e+01      9.77670e-11
    1.99629e+01      1.55289e-05      1.00000e+01      9.98616e-11
    2.02035e+01      1.55129e-05      1.00000e+01      1.01999e-10
    2.04471e+01      1.54968e-05      1.00000e+01      1.04180e-10
    2.06936e+01      1.54805e-05      1.00000e+01      1.06406e-10
    2.09430e+01      1.54640e-05      1.00000e+01      1.08676e-10
    2.11955e+01      1.54474e-05      1.00000e+01      1.10993e-10
    2.14510e+01      1.54306e-05      1.00000e+01      1.13356e-10
    2.17096e+01      1.54136e-05      1.00000e+01      1.15768e-10
    2.19713e+01      1.53964e-05      1.00000e+01      1.18228e-10
    2.22362e+01      1.53791e-05      1.00000e+01      1.20738e-10
    2.25042e+01      1.53617e-05      1.00000e+01      1.23298e-10
    2.27755e+01      1.53440e-05      1.00000e+01      1.25909e-10
    2.30501e+01      1.53261e-05      1.00000e+01      1.28571e-10
    2.33279e+01      1.53081e-05      1.00000e+01      1.31287e-10
    2.36092e+01      1.52899e-05      1.00000e+01      1.34057e-10
    2.38938e+01      1.52715e-05      1.00000e+01      1.36881e-10
    2.41818e+01      1.52529e-05      1.00000e+01      1.39762e-10
    2.44733e+01      1.52341e-05      1.00000e+01      1.42700e-10
    2.47683e+01      1.52151e-05      1.00000e+01      1.45697e-10
    2.50669e+01      1.51960e-05      1.00000e+01      1.48754e-10
    2.53691e+01      1.51767e-05      1.00000e+01      1.51871e-10
    2.56749e+01      1.51572e-05      1.00000e+01      1.55048e-10
    2.59844e+01      1.51375e-05      1.00000e+01      1.58287e-10
    2.62977e+01      1.51176e-05      1.00000e+01      1.61589e-10
    2.66147e+01      1.50974e-05      1.00000e+01      1.64956e-10
    2.69355e+01      1.50772e-05      1.00000e+01      1.68388e-10
    2.72602e+01      1.50567e-05      1.00000e+01      1.71887e-10
    2.75889e+01      1.50359e-05      1.00000e+01      1.75454e-10
    2.79214e+01      1.50149e-05      1.00000e+01      1.79090e-10
    2.82580e+01      1.49937e-05      1.00000e+01      1.82798e-10
    2.85987e+01      1.49723e-05      1.00000e+01      1.86576e-10
    2.89434e+01      1.49507e-05      1.00000e+01      1.90428e-10
    2.92924e+01      1.49289e-05      1.00000e+01      1.94352e-10
    2.96455e+01      1.49068e-05      1.00000e+01      1.98351e-10
    3.00029e+01      1.48846e-05      1.00000e+01      2.02426e-10
    3.03645e+01      1.48621e-05      1.00000e+01      2.06579e-10
    3.07306e+01      1.48395e-05      1.00000e+01      2.10810e-10
    3.11010e+01      1.48166e-05      1.00000e+01      2.15122e-10
    3.14760e+01      1.47935e-05      1.00000e+01      2.19517e-10
    3.18554e+01      1.47702e-05      1.00000e+01      2.23996e-10
    3.22394e+01      1.47467e-05      1.00000e+01      2.28559e-10
    3.26281e+01      1.47230e-05      1.00000e+01      2.33208e-10
    3.30214e+01      1.46991e-05      1.00000e+01      2.37943e-10
    3.34195e+01      1.46749e-05      1.00000e+01      2.42766e-10
    3.38223e+01      1.46505e-05      1.00000e+01      2.47678e-10
    3.42301e+01      1.46257e-05      1.00000e+01      2.52680e-10
    3.46427e+01      1.46007e-05      1.00000e+01      2.57775e-10
    3.50603e+01      1.45755e-05      1.00000e+01      2.62963e-10
    3.54830e+01      1.45499e-05      1.00000e+01      2.68248e-10
    3.59107e+01      1.45242e-05      1.00000e+01      2.73631e-10
    3.63436e+01      1.44982e-05      1.00000e+01      2.79113e-10
    3.67817e+01      1.44720e-05      1.00000e+01      2.84693e-10
    3.72251e+01      1.44455e-05      1.00000e+01      2.90374e-10
    3.76739e+01      1.44188e-05      1.00000e+01      2.96157e-10
    3.81281e+01      1.43918e-05      1.00000e+01      3.02046e-10
    3.85877e+01      1.43646e-05      1.00000e+01      3.08041e-10
    3.90529e+01      1.43371e-05      1.00000e+01      3.14143e-10
    3.95236e+01      1.43095e-05      1.00000e+01      3.20357e-10
    4.00001e+01      1.42816e-05      1.00000e+01      3.26683e-10
