    Er (keV)         SM dN/dE         BG dN/dE        BSM dN/dE (events/kg/day/keV)
    2.01000e-02      1.19112e-01      1.00000e+01      1.50028e-08
    2.04064e-02      1.18131e-01      1.00000e+01      1.55197e-08
    2.07174e-02      1.17135e-01      1.00000e+01      1.60445e-08
    2.10332e-02      1.16123e-01      1.00000e+01      1.65773e-08
    2.13539e-02      1.15096e-01      1.00000e+01      1.71183e-08
    2.16794e-02      1.14054e-01      1.00000e+01      1.76676e-08
    2.20100e-02      1.12995e-01      1.00000e+01      1.82253e-08
    2.23456e-02      1.11920e-01      1.00000e+01      1.87916e-08
    2.26864e-02      1.10829e-01      1.00000e+01      1.93665e-08
    2.30323e-02      1.09721e-01      1.00000e+01      1.99502e-08
    2.33836e-02      1.08595e-01      1.00000e+01      2.05429e-08
    2.37403e-02      1.07453e-01      1.00000e+01      2.11446e-08
    2.41024e-02      1.06293e-01      1.00000e+01      2.17556e-08
    2.44701e-02      1.05116e-01      1.00000e+01      2.23759e-08
    2.48434e-02      1.03920e-01      1.00000e+01      2.30058e-08
    2.52224e-02      1.02706e-01      1.00000e+01      2.36452e-08
    2.56072e-02      1.01474e-01      1.00000e+01      2.42945e-08
    2.59979e-02      1.00222e-01      1.00000e+01      2.49537e-08
    2.63946e-02      9.89517e-02      1.00000e+01      2.56230e-08
    2.67974e-02      9.76616e-02      1.00000e+01      2.63026e-08
    2.72064e-02      9.63518e-02      1.00000e+01      2.69926e-08
    2.76216e-02      9.50220e-02      1.00000e+01      2.78705e-08
    2.80431e-02      9.36719e-02      1.00000e+01      2.88374e-08
    2.84712e-02      9.23011e-02      1.00000e+01      2.98192e-08
    2.89058e-02      9.09093e-02      1.00000e+01      3.08160e-08
    2.93470e-02      8.94961e-02      1.00000e+01      3.18281e-08
    2.97950e-02      8.80613e-02      1.00000e+01      3.28557e-08
    3.02499e-02      8.66046e-02      1.00000e+01      3.38991e-08
    3.07117e-02      8.51255e-02      1.00000e+01      3.49584e-08
    3.11806e-02      8.36238e-02      1.00000e+01      3.60340e-08
    3.16567e-02      8.20990e-02      1.00000e+01      3.71260e-08
    3.21401e-02      8.05509e-02      1.00000e+01      3.82347e-08
    3.26309e-02      7.89791e-02      1.00000e+01      3.93605e-08
    3.31292e-02      7.73833e-02      1.00000e+01      4.05034e-08
    3.36351e-02      7.57629e-02      1.00000e+01      4.16639e-08
    3.41488e-02      7.41178e-02      1.00000e+01      4.28422e-08
    3.46704e-02      7.24474e-02      1.00000e+01      4.40385e-08
    3.51999e-02      7.07515e-02      1.00000e+01      4.52531e-08
    3.57376e-02      6.90296e-02      1.00000e+01      4.65345e-08
    3.62835e-02      6.72814e-02      1.00000e+01      4.81178e-08
    3.68377e-02      6.55065e-02      1.00000e+01      4.97254e-08
    3.74005e-02      6.37044e-02      1.00000e+01      5.13576e-08
    3.79718e-02      6.18746e-02      1.00000e+01      5.30149e-08
    3.85520e-02      6.00169e-02      1.00000e+01      5.46975e-08
    3.91410e-02      5.81307e-02      1.00000e+01      5.64059e-08
    3.97390e-02      5.62155e-02      1.00000e+01      5.81404e-08
    4.03462e-02      5.42711e-02      1.00000e+01      5.99016e-08
    4.09627e-02      5.22969e-02      1.00000e+01      6.16897e-08
    4.15886e-02      5.02924e-02      1.00000e+01      6.35052e-08
    4.22241e-02      4.82572e-02      1.00000e+01      6.53485e-08
    4.28694e-02      4.61909e-02      1.00000e+01      6.72200e-08
    4.35245e-02      4.40929e-02      1.00000e+01      6.91202e-08
    4.41897e-02      4.19628e-02      1.00000e+01      7.11721e-08
    4.48651e-02      3.98002e-02      1.00000e+01      7.35404e-08
    4.55508e-02      3.76044e-02      1.00000e+01      7.59450e-08
    4.62470e-02      3.53751e-02      1.00000e+01      7.83865e-08
    4.69539e-02      3.31115e-02      1.00000e+01      8.08653e-08
    4.76716e-02      3.08133e-02      1.00000e+01      8.33821e-08
    4.84003e-02      2.84799e-02      1.00000e+01      8.59374e-08
    4.91401e-02      2.61108e-02      1.00000e+01      8.85319e-08
    4.98913e-02      2.37054e-02      1.00000e+01      9.11661e-08
    5.06540e-02      2.12631e-02      1.00000e+01      9.38407e-08
    5.14284e-02      1.87834e-02      1.00000e+01      9.65563e-08
    5.22146e-02      1.62657e-02      1.00000e+01      9.93134e-08
    5.30129e-02      1.48870e-02      1.00000e+01      1.02535e-07
    5.38235e-02      1.36624e-02      1.00000e+01      1.05869e-07
    5.46464e-02      1.24189e-02      1.00000e+01      1.09254e-07
    5.54819e-02      1.11565e-02      1.00000e+01      1.12691e-07
    5.63303e-02      9.87470e-03      1.00000e+01      1.16180e-07
    5.71916e-02      8.57327e-03      1.00000e+01      1.19723e-07
    5.80661e-02      7.25190e-03      1.00000e+01      1.23320e-07
    5.89540e-02      5.91030e-03      1.00000e+01      1.26973e-07
    5.98556e-02      4.54814e-03      1.00000e+01      1.30681e-07
    6.07709e-02      3.34997e-03      1.00000e+01      1.34522e-07
    6.17002e-02      3.31945e-03      1.00000e+01      1.38908e-07
    6.26438e-02      3.28847e-03      1.00000e+01      1.43361e-07
    6.36019e-02      3.25701e-03      1.00000e+01      1.47883e-07
    6.45746e-02      3.22507e-03      1.00000e+01      1.52473e-07
    6.55622e-02      3.19264e-03      1.00000e+01      1.57134e-07
    6.65650e-02      3.15972e-03      1.00000e+01      1.61867e-07
    6.75831e-02      3.12629e-03      1.00000e+01      1.66672e-07
    6.86168e-02      3.09234e-03      1.00000e+01      1.71550e-07
    6.96663e-02      3.05788e-03      1.00000e+01      1.76923e-07
    7.07319e-02      3.02290e-03      1.00000e+01      1.82599e-07
    7.18138e-02      2.98738e-03      1.00000e+01      1.88362e-07
    7.29124e-02      2.95131e-03      1.00000e+01      1.94213e-07
    7.40277e-02      2.91469e-03      1.00000e+01      2.00153e-07
    7.51601e-02      2.87751e-03      1.00000e+01      2.06185e-07
    7.63099e-02      2.83976e-03      1.00000e+01      2.12309e-07
    7.74773e-02      2.80144e-03      1.00000e+01      2.18631e-07
    7.86625e-02      2.76253e-03      1.00000e+01      2.25663e-07
    7.98659e-02      2.72302e-03      1.00000e+01      2.32803e-07
    8.10878e-02      2.68291e-03      1.00000e+01      2.40051e-07
    8.23283e-02      2.64219e-03      1.00000e+01      2.47411e-07
    8.35879e-02      2.60084e-03      1.00000e+01      2.54884e-07
    8.48668e-02      2.55886e-03      1.00000e+01      2.62471e-07
    8.61652e-02      2.51624e-03      1.00000e+01      2.70497e-07
    8.74836e-02      2.47297e-03      1.00000e+01      2.79117e-07
    8.88221e-02      2.42903e-03      1.00000e+01      2.87870e-07
    9.01812e-02      2.38442e-03      1.00000e+01      2.96757e-07
    9.15610e-02      2.33913e-03      1.00000e+01      3.05780e-07
    9.29620e-02      2.29314e-03      1.00000e+01      3.14941e-07
    9.43845e-02      2.24646e-03      1.00000e+01      3.24488e-07
    9.58287e-02      2.19906e-03      1.00000e+01      3.34769e-07
    9.72951e-02      2.15093e-03      1.00000e+01      3.45209e-07
    9.87839e-02      2.10207e-03      1.00000e+01      3.55808e-07
    1.00296e-01      2.05246e-03      1.00000e+01      3.66569e-07
    1.01830e-01      2.00209e-03      1.00000e+01      3.77496e-07
    1.03389e-01      1.95095e-03      1.00000e+01      3.89220e-07
    1.04971e-01      1.89903e-03      1.00000e+01      4.01393e-07
    1.06577e-01      1.84632e-03      1.00000e+01      4.13753e-07
    1.08208e-01      1.79279e-03      1.00000e+01      4.26301e-07
    1.09864e-01      1.73845e-03      1.00000e+01      4.39042e-07
    1.11546e-01      1.68328e-03      1.00000e+01      4.52500e-07
    1.13253e-01      1.62727e-03      1.00000e+01      4.66598e-07
    1.14986e-01      1.57039e-03      1.00000e+01      4.80912e-07
    1.16746e-01      1.51265e-03      1.00000e+01      4.95445e-07
    1.18533e-01      1.45403e-03      1.00000e+01      5.10200e-07
    1.20347e-01      1.39451e-03      1.00000e+01      5.26063e-07
    1.22189e-01      1.33408e-03      1.00000e+01      5.42435e-07
    1.24059e-01      1.27272e-03      1.00000e+01      5.59059e-07
    1.25958e-01      1.21042e-03      1.00000e+01      5.75937e-07
    1.27885e-01      1.14718e-03      1.00000e+01      5.93426e-07
    1.29843e-01      1.08297e-03      1.00000e+01      6.11963e-07
    1.31830e-01      1.01777e-03      1.00000e+01      6.30785e-07
    1.33848e-01      9.51578e-04      1.00000e+01      6.49894e-07
    1.35897e-01      8.84372e-04      1.00000e+01      6.69462e-07
    1.37977e-01      8.16142e-04      1.00000e+01      6.90358e-07
    1.40089e-01      7.46868e-04      1.00000e+01      7.11574e-07
    1.42233e-01      6.76532e-04      1.00000e+01      7.33114e-07
    1.44410e-01      6.05530e-04      1.00000e+01      7.55263e-07
    1.46621e-01      5.34944e-04      1.00000e+01      7.78770e-07
    1.48865e-01      4.63276e-04      1.00000e+01      8.02637e-07
    1.51144e-01      3.90510e-04      1.00000e+01      8.26870e-07
    1.53458e-01      3.31987e-04      1.00000e+01      8.52168e-07
    1.55807e-01      2.87259e-04      1.00000e+01      8.78519e-07
    1.58192e-01      2.41846e-04      1.00000e+01      9.05273e-07
    1.60614e-01      1.96077e-04      1.00000e+01      9.32447e-07
    1.63072e-01      1.95813e-04      1.00000e+01      9.61461e-07
    1.65569e-01      1.95545e-04      1.00000e+01      9.90919e-07
    1.68104e-01      1.95273e-04      1.00000e+01      1.02083e-06
    1.70677e-01      1.94999e-04      1.00000e+01      1.05221e-06
    1.73290e-01      1.94721e-04      1.00000e+01      1.08457e-06
    1.75943e-01      1.94439e-04      1.00000e+01      1.11741e-06
    1.78636e-01      1.94154e-04      1.00000e+01      1.15157e-06
    1.81371e-01      1.93867e-04      1.00000e+01      1.18703e-06
    1.84148e-01      1.93575e-04      1.00000e+01      1.22303e-06
    1.86967e-01      1.93279e-04      1.00000e+01      1.26038e-06
    1.89830e-01      1.92980e-04      1.00000e+01      1.29916e-06
    1.92736e-01      1.92677e-04      1.00000e+01      1.33853e-06
    1.95687e-01      1.92371e-04      1.00000e+01      1.37953e-06
    1.98683e-01      1.92062e-04      1.00000e+01      1.42185e-06
    2.01724e-01      1.91747e-04      1.00000e+01      1.46482e-06
    2.04813e-01      1.91431e-04      1.00000e+01      1.50994e-06
    2.07949e-01      1.91111e-04      1.00000e+01      1.55605e-06
    2.11132e-01      1.90786e-04      1.00000e+01      1.60321e-06
    2.14365e-01      1.90459e-04      1.00000e+01      1.65270e-06
    2.17647e-01      1.90127e-04      1.00000e+01      1.70294e-06
    2.20980e-01      1.89791e-04      1.00000e+01      1.75476e-06
    2.24363e-01      1.89452e-04      1.00000e+01      1.80788e-06
    2.27798e-01      1.89108e-04      1.00000e+01      1.86231e-06
    2.31286e-01      1.88761e-04      1.00000e+01      1.92013e-06
    2.34827e-01      1.88409e-04      1.00000e+01      1.97884e-06
    2.38423e-01      1.88054e-04      1.00000e+01      2.04012e-06
    2.42074e-01      1.87694e-04      1.00000e+01      2.10276e-06
    2.45780e-01      1.87330e-04      1.00000e+01      2.16717e-06
    2.49543e-01      1.86962e-04      1.00000e+01      2.23335e-06
    2.53364e-01      1.86590e-04      1.00000e+01      2.30105e-06
    2.57244e-01      1.86214e-04      1.00000e+01      2.37100e-06
    2.61183e-01      1.85833e-04      1.00000e+01      2.44248e-06
    2.65182e-01      1.85449e-04      1.00000e+01      2.51742e-06
    2.69242e-01      1.85060e-04      1.00000e+01      2.59373e-06
    2.73365e-01      1.84668e-04      1.00000e+01      2.67337e-06
    2.77551e-01      1.84269e-04      1.00000e+01      2.75443e-06
    2.81801e-01      1.83868e-04      1.00000e+01      2.83896e-06
    2.86116e-01      1.83461e-04      1.00000e+01      2.92512e-06
    2.90497e-01      1.83051e-04      1.00000e+01      3.01477e-06
    2.94946e-01      1.82635e-04      1.00000e+01      3.10641e-06
    2.99462e-01      1.82216e-04      1.00000e+01      3.20141e-06
    3.04048e-01      1.81791e-04      1.00000e+01      3.29892e-06
    3.08703e-01      1.81363e-04      1.00000e+01      3.39952e-06
    3.13431e-01      1.80929e-04      1.00000e+01      3.50333e-06
    3.18230e-01      1.80490e-04      1.00000e+01      3.60978e-06
    3.23103e-01      1.80048e-04      1.00000e+01      3.72028e-06
    3.28051e-01      1.79601e-04      1.00000e+01      3.83316e-06
    3.33075e-01      1.79149e-04      1.00000e+01      3.94933e-06
    3.38175e-01      1.78692e-04      1.00000e+01      4.06983e-06
    3.43354e-01      1.78230e-04      1.00000e+01      4.19453e-06
    3.48612e-01      1.77764e-04      1.00000e+01      4.32295e-06
    3.53950e-01      1.77292e-04      1.00000e+01      4.45454e-06
    3.59370e-01      1.76815e-04      1.00000e+01      4.59018e-06
    3.64874e-01      1.76334e-04      1.00000e+01      4.73040e-06
    3.70461e-01      1.75847e-04      1.00000e+01      4.87400e-06
    3.76134e-01      1.75355e-04      1.00000e+01      5.02121e-06
    3.81894e-01      1.74859e-04      1.00000e+01      5.17539e-06
    3.87743e-01      1.74357e-04      1.00000e+01      5.33384e-06
    3.93681e-01      1.73851e-04      1.00000e+01      5.49609e-06
    3.99710e-01      1.73340e-04      1.00000e+01      5.66378e-06
    4.05831e-01      1.72823e-04      1.00000e+01      5.83706e-06
    4.12046e-01      1.72300e-04      1.00000e+01      6.01520e-06
    4.18356e-01      1.71773e-04      1.00000e+01      6.19675e-06
    4.24763e-01      1.71241e-04      1.00000e+01      6.38570e-06
    4.31268e-01      1.70704e-04      1.00000e+01      6.58020e-06
    4.37872e-01      1.70161e-04      1.00000e+01      6.78036e-06
    4.44578e-01      1.69612e-04      1.00000e+01      6.98641e-06
    4.51386e-01      1.69058e-04      1.00000e+01      7.19898e-06
    4.58299e-01      1.68499e-04      1.00000e+01      7.41828e-06
    4.65318e-01      1.67934e-04      1.00000e+01      7.64406e-06
    4.72444e-01      1.67364e-04      1.00000e+01      7.87656e-06
    4.79679e-01      1.66788e-04      1.00000e+01      8.11602e-06
    4.87026e-01      1.66207e-04      1.00000e+01      8.36270e-06
    4.94484e-01      1.65620e-04      1.00000e+01      8.61670e-06
    5.02057e-01      1.65028e-04      1.00000e+01      8.87849e-06
    5.09746e-01      1.64430e-04      1.00000e+01      9.14854e-06
    5.17553e-01      1.63826e-04      1.00000e+01      9.42667e-06
    5.25479e-01      1.63218e-04      1.00000e+01      9.71317e-06
    5.33527e-01      1.62603e-04      1.00000e+01      1.00083e-05
    5.41698e-01      1.61983e-04      1.00000e+01      1.03124e-05
    5.49994e-01      1.61358e-04      1.00000e+01      1.06257e-05
    5.58417e-01      1.60728e-04      1.00000e+01      1.09483e-05
    5.66970e-01      1.60092e-04      1.00000e+01      1.12841e-05
    5.75653e-01      1.59450e-04      1.00000e+01      1.16275e-05
    5.84469e-01      1.58802e-04      1.00000e+01      1.19803e-05
    5.93421e-01      1.58148e-04      1.00000e+01      1.23436e-05
    6.02509e-01      1.57489e-04      1.00000e+01      1.27184e-05
    6.11737e-01      1.56824e-04      1.00000e+01      1.31046e-05
    6.21106e-01      1.56155e-04      1.00000e+01      1.35023e-05
    6.30618e-01      1.55479e-04      1.00000e+01      1.39120e-05
    6.40276e-01      1.54797e-04      1.00000e+01      1.43338e-05
    6.50083e-01      1.54109e-04      1.00000e+01      1.47682e-05
    6.60039e-01      1.53415e-04      1.00000e+01      1.52110e-05
    6.70148e-01      1.52715e-04      1.00000e+01      1.56723e-05
    6.80412e-01      1.52009e-04      1.00000e+01      1.61478e-05
    6.90833e-01      1.51298e-04      1.00000e+01      1.66372e-05
    7.01413e-01      1.50582e-04      1.00000e+01      1.71411e-05
    7.12156e-01      1.49859e-04      1.00000e+01      1.76608e-05
    7.23063e-01      1.49131e-04      1.00000e+01      1.81963e-05
    7.34137e-01      1.48397e-04      1.00000e+01      1.87473e-05
    7.45381e-01      1.47657e-04      1.00000e+01      1.93149e-05
    7.56798e-01      1.46912e-04      1.00000e+01      1.98997e-05
    7.68389e-01      1.46161e-04      1.00000e+01      2.05029e-05
    7.80157e-01      1.45405e-04      1.00000e+01      2.11220e-05
    7.92106e-01      1.44642e-04      1.00000e+01      2.17634e-05
    8.04238e-01      1.43874e-04      1.00000e+01      2.24229e-05
    8.16556e-01      1.43100e-04      1.00000e+01      2.31017e-05
    8.29062e-01      1.42320e-04      1.00000e+01      2.38000e-05
    8.41760e-01      1.41535e-04      1.00000e+01      2.45173e-05
    8.54653e-01      1.40745e-04      1.00000e+01      2.52610e-05
    8.67743e-01      1.39949e-04      1.00000e+01      2.60277e-05
    8.81033e-01      1.39147e-04      1.00000e+01      2.68211e-05
    8.94527e-01      1.38340e-04      1.00000e+01      2.76307e-05
    9.08228e-01      1.37527e-04      1.00000e+01      2.84611e-05
    9.22139e-01      1.36709e-04      1.00000e+01      2.93217e-05
    9.36262e-01      1.35885e-04      1.00000e+01      3.02076e-05
    9.50602e-01      1.35056e-04      1.00000e+01      3.11204e-05
    9.65162e-01      1.34221e-04      1.00000e+01      3.20606e-05
    9.79945e-01      1.33380e-04      1.00000e+01      3.30291e-05
    9.94954e-01      1.32535e-04      1.00000e+01      3.40267e-05
    1.01019e+00      1.31684e-04      1.00000e+01      3.50540e-05
    1.02567e+00      1.30828e-04      1.00000e+01      3.61120e-05
    1.04138e+00      1.29968e-04      1.00000e+01      3.72018e-05
    1.05733e+00      1.29102e-04      1.00000e+01      3.83255e-05
    1.07352e+00      1.28231e-04      1.00000e+01      3.94822e-05
    1.08996e+00      1.27355e-04      1.00000e+01      4.06714e-05
    1.10666e+00      1.26474e-04      1.00000e+01      4.18979e-05
    1.12361e+00      1.25587e-04      1.00000e+01      4.31610e-05
    1.14082e+00      1.24696e-04      1.00000e+01      4.44625e-05
    1.15829e+00      1.23800e-04      1.00000e+01      4.58020e-05
    1.17603e+00      1.22899e-04      1.00000e+01      4.71701e-05
    1.19404e+00      1.21993e-04      1.00000e+01      4.86109e-05
    1.21233e+00      1.21083e-04      1.00000e+01      5.00670e-05
    1.23090e+00      1.20169e-04      1.00000e+01      5.15747e-05
    1.24976e+00      1.19251e-04      1.00000e+01      5.31274e-05
    1.26890e+00      1.18328e-04      1.00000e+01      5.47263e-05
    1.28833e+00      1.17401e-04      1.00000e+01      5.63735e-05
    1.30807e+00      1.16469e-04      1.00000e+01      5.80697e-05
    1.32810e+00      1.15533e-04      1.00000e+01      5.98163e-05
    1.34844e+00      1.14593e-04      1.00000e+01      6.16156e-05
    1.36910e+00      1.13650e-04      1.00000e+01      6.34677e-05
    1.39007e+00      1.12702e-04      1.00000e+01      6.53756e-05
    1.41136e+00      1.11750e-04      1.00000e+01      6.73412e-05
    1.43298e+00      1.10793e-04      1.00000e+01      6.93621e-05
    1.45493e+00      1.09833e-04      1.00000e+01      7.14461e-05
    1.47721e+00      1.08871e-04      1.00000e+01      7.35971e-05
    1.49984e+00      1.07905e-04      1.00000e+01      7.58183e-05
    1.52281e+00      1.06937e-04      1.00000e+01      7.80944e-05
    1.54613e+00      1.05965e-04      1.00000e+01      8.04265e-05
    1.56982e+00      1.04990e-04      1.00000e+01      8.28397e-05
    1.59386e+00      1.04012e-04      1.00000e+01      8.53247e-05
    1.61827e+00      1.03032e-04      1.00000e+01      8.78829e-05
    1.64306e+00      1.02048e-04      1.00000e+01      9.05170e-05
    1.66823e+00      1.01062e-04      1.00000e+01      9.32310e-05
    1.69378e+00      1.00073e-04      1.00000e+01      9.60250e-05
    1.71972e+00      9.90825e-05      1.00000e+01      9.89021e-05
    1.74607e+00      9.80897e-05      1.00000e+01      1.01867e-04
    1.77281e+00      9.70946e-05      1.00000e+01      1.04915e-04
    1.79996e+00      9.60975e-05      1.00000e+01      1.08053e-04
    1.82753e+00      9.50990e-05      1.00000e+01      1.11286e-04
    1.85553e+00      9.40987e-05      1.00000e+01      1.14616e-04
    1.88395e+00      9.30968e-05      1.00000e+01      1.18028e-04
    1.91280e+00      9.20935e-05      1.00000e+01      1.21572e-04
    1.94210e+00      9.10892e-05      1.00000e+01      1.25205e-04
    1.97185e+00      9.00851e-05      1.00000e+01      1.28947e-04
    2.00205e+00      8.90799e-05      1.00000e+01      1.32798e-04
    2.03272e+00      8.80739e-05      1.00000e+01      1.36764e-04
    2.06386e+00      8.70669e-05      1.00000e+01      1.40848e-04
    2.09547e+00      8.60594e-05      1.00000e+01      1.45051e-04
    2.12756e+00      8.50515e-05      1.00000e+01      1.49378e-04
    2.16015e+00      8.40435e-05      1.00000e+01      1.53827e-04
    2.19324e+00      8.30367e-05      1.00000e+01      1.58426e-04
    2.22684e+00      8.20316e-05      1.00000e+01      1.63145e-04
    2.26094e+00      8.10262e-05      1.00000e+01      1.68009e-04
    2.29558e+00      8.00210e-05      1.00000e+01      1.73013e-04
    2.33074e+00      7.90163e-05      1.00000e+01      1.78186e-04
    2.36644e+00      7.80137e-05      1.00000e+01      1.83489e-04
    2.40269e+00      7.70124e-05      1.00000e+01      1.88947e-04
    2.43949e+00      7.60128e-05      1.00000e+01      1.94550e-04
    2.47685e+00      7.50133e-05      1.00000e+01      2.00333e-04
    2.51479e+00      7.40171e-05      1.00000e+01      2.06290e-04
    2.55331e+00      7.30234e-05      1.00000e+01      2.12420e-04
    2.59242e+00      7.20322e-05      1.00000e+01      2.18730e-04
    2.63213e+00      7.10440e-05      1.00000e+01      2.25234e-04
    2.67245e+00      7.00582e-05      1.00000e+01      2.31911e-04
    2.71338e+00      6.90748e-05      1.00000e+01      2.38782e-04
    2.75495e+00      6.80949e-05      1.00000e+01      2.45863e-04
    2.79715e+00      6.71177e-05      1.00000e+01      2.53165e-04
    2.83999e+00      6.61444e-05      1.00000e+01      2.60668e-04
    2.88349e+00      6.51758e-05      1.00000e+01      2.68391e-04
    2.92766e+00      6.42106e-05      1.00000e+01      2.76340e-04
    2.97250e+00      6.32505e-05      1.00000e+01      2.84525e-04
    3.01803e+00      6.22947e-05      1.00000e+01      2.92944e-04
    3.06426e+00      6.13441e-05      1.00000e+01      3.01609e-04
    3.11120e+00      6.03976e-05      1.00000e+01      3.10515e-04
    3.15886e+00      5.94572e-05      1.00000e+01      3.19707e-04
    3.20724e+00      5.85229e-05      1.00000e+01      3.29155e-04
    3.25637e+00      5.75933e-05      1.00000e+01      3.38906e-04
    3.30625e+00      5.66698e-05      1.00000e+01      3.48912e-04
    3.35689e+00      5.57518e-05      1.00000e+01      3.59179e-04
    3.40831e+00      5.48399e-05      1.00000e+01      3.69772e-04
    3.46052e+00      5.39362e-05      1.00000e+01      3.80673e-04
    3.51352e+00      5.30394e-05      1.00000e+01      3.91894e-04
    3.56734e+00      5.21490e-05      1.00000e+01      4.03436e-04
    3.62198e+00      5.12654e-05      1.00000e+01      4.15314e-04
    3.67746e+00      5.03903e-05      1.00000e+01      4.27547e-04
    3.73379e+00      4.95228e-05      1.00000e+01      4.40111e-04
    3.79099e+00      4.86623e-05      1.00000e+01      4.53017e-04
    3.84905e+00      4.78109e-05      1.00000e+01      4.66364e-04
    3.90801e+00      4.69683e-05      1.00000e+01      4.80062e-04
    3.96787e+00      4.61344e-05      1.00000e+01      4.94157e-04
    4.02865e+00      4.53096e-05      1.00000e+01      5.08657e-04
    4.09036e+00      4.44931e-05      1.00000e+01      5.23574e-04
    4.15302e+00      4.36859e-05      1.00000e+01      5.38925e-04
    4.21663e+00      4.28878e-05      1.00000e+01      5.54733e-04
    4.28122e+00      4.21003e-05      1.00000e+01      5.70991e-04
    4.34680e+00      4.13229e-05      1.00000e+01      5.87712e-04
    4.41338e+00      4.05561e-05      1.00000e+01      6.04870e-04
    4.48098e+00      3.97993e-05      1.00000e+01      6.22557e-04
    4.54962e+00      3.90518e-05      1.00000e+01      6.40751e-04
    4.61931e+00      3.83160e-05      1.00000e+01      6.59462e-04
    4.69006e+00      3.75919e-05      1.00000e+01      6.78714e-04
    4.76190e+00      3.68782e-05      1.00000e+01      6.98514e-04
    4.83485e+00      3.61756e-05      1.00000e+01      7.18903e-04
    4.90890e+00      3.54837e-05      1.00000e+01      7.39796e-04
    4.98410e+00      3.48047e-05      1.00000e+01      7.61372e-04
    5.06044e+00      3.41380e-05      1.00000e+01      7.83536e-04
    5.13796e+00      3.34825e-05      1.00000e+01      8.06328e-04
    5.21666e+00      3.28387e-05      1.00000e+01      8.29772e-04
    5.29656e+00      3.22079e-05      1.00000e+01      8.53876e-04
    5.37769e+00      3.15886e-05      1.00000e+01      8.78629e-04
    5.46007e+00      3.09818e-05      1.00000e+01      9.04141e-04
    5.54370e+00      3.03884e-05      1.00000e+01      9.30426e-04
    5.62862e+00      2.98074e-05      1.00000e+01      9.57403e-04
    5.71484e+00      2.92393e-05      1.00000e+01      9.85135e-04
    5.80238e+00      2.86838e-05      1.00000e+01      1.01360e-03
    5.89125e+00      2.81409e-05      1.00000e+01      1.04291e-03
    5.98150e+00      2.76115e-05      1.00000e+01      1.07306e-03
    6.07312e+00      2.70955e-05      1.00000e+01      1.10405e-03
    6.16614e+00      2.65929e-05      1.00000e+01      1.13595e-03
    6.26059e+00      2.61027e-05      1.00000e+01      1.16866e-03
    6.35649e+00      2.56255e-05      1.00000e+01      1.20237e-03
    6.45386e+00      2.51624e-05      1.00000e+01      1.23700e-03
    6.55272e+00      2.47127e-05      1.00000e+01      1.27261e-03
    6.65309e+00      2.42758e-05      1.00000e+01      1.30917e-03
    6.75500e+00      2.38514e-05      1.00000e+01      1.34679e-03
    6.85847e+00      2.34421e-05      1.00000e+01      1.38549e-03
    6.96353e+00      2.30450e-05      1.00000e+01      1.42532e-03
    7.07019e+00      2.26608e-05      1.00000e+01      1.46621e-03
    7.17849e+00      2.22903e-05      1.00000e+01      1.50817e-03
    7.28845e+00      2.19321e-05      1.00000e+01      1.55134e-03
    7.40009e+00      2.15873e-05      1.00000e+01      1.59572e-03
    7.51345e+00      2.12553e-05      1.00000e+01      1.64133e-03
    7.62854e+00      2.09363e-05      1.00000e+01      1.68825e-03
    7.74539e+00      2.06296e-05      1.00000e+01      1.73637e-03
    7.86403e+00      2.03350e-05      1.00000e+01      1.78588e-03
    7.98449e+00      2.00534e-05      1.00000e+01      1.83676e-03
    8.10679e+00      1.97839e-05      1.00000e+01      1.88900e-03
    8.23097e+00      1.95264e-05      1.00000e+01      1.94271e-03
    8.35705e+00      1.92803e-05      1.00000e+01      1.99797e-03
    8.48506e+00      1.90459e-05      1.00000e+01      2.05473e-03
    8.61503e+00      1.88235e-05      1.00000e+01      2.11301e-03
    8.74700e+00      1.86116e-05      1.00000e+01      2.17287e-03
    8.88098e+00      1.84106e-05      1.00000e+01      2.23433e-03
    9.01702e+00      1.82211e-05      1.00000e+01      2.29758e-03
    9.15514e+00      1.80410e-05      1.00000e+01      2.36250e-03
    9.29537e+00      1.78717e-05      1.00000e+01      2.42910e-03
    9.43776e+00      1.77119e-05      1.00000e+01      2.49761e-03
    9.58232e+00      1.75621e-05      1.00000e+01      2.56797e-03
    9.72910e+00      1.74213e-05      1.00000e+01      2.64022e-03
    9.87813e+00      1.72896e-05      1.00000e+01      2.71446e-03
    1.00294e+01      1.71665e-05      1.00000e+01      2.79065e-03
    1.01831e+01      1.70516e-05      1.00000e+01      2.86898e-03
    1.03391e+01      1.69446e-05      1.00000e+01      2.94945e-03
    1.04974e+01      1.68456e-05      1.00000e+01      3.03195e-03
    1.06582e+01      1.67536e-05      1.00000e+01      3.11679e-03
    1.08215e+01      1.66683e-05      1.00000e+01      3.20388e-03
    1.09872e+01      1.65902e-05      1.00000e+01      3.29316e-03
    1.11555e+01      1.65174e-05      1.00000e+01      3.38497e-03
    1.13264e+01      1.64512e-05      1.00000e+01      3.47917e-03
    1.14999e+01      1.63898e-05      1.00000e+01      3.57584e-03
    1.16761e+01      1.63339e-05      1.00000e+01      3.67519e-03
    1.18549e+01      1.62827e-05      1.00000e+01      3.77708e-03
    1.20365e+01      1.62358e-05      1.00000e+01      3.88174e-03
    1.22209e+01      1.61928e-05      1.00000e+01      3.98914e-03
    1.24081e+01      1.61534e-05      1.00000e+01      4.09938e-03
    1.25982e+01      1.61174e-05      1.00000e+01      4.21249e-03
    1.27911e+01      1.60844e-05      1.00000e+01      4.32851e-03
    1.29871e+01      1.60541e-05      1.00000e+01      4.44765e-03
    1.31860e+01      1.60259e-05      1.00000e+01      4.56990e-03
    1.33880e+01      1.59999e-05      1.00000e+01      4.69534e-03
    1.35931e+01      1.59756e-05      1.00000e+01      4.82400e-03
    1.38013e+01      1.59527e-05      1.00000e+01      4.95602e-03
    1.40127e+01      1.59311e-05      1.00000e+01      5.09146e-03
    1.42273e+01      1.59105e-05      1.00000e+01      5.23041e-03
    1.44452e+01      1.58907e-05      1.00000e+01      5.37291e-03
    1.46665e+01      1.58715e-05      1.00000e+01      5.51913e-03
    1.48912e+01      1.58528e-05      1.00000e+01      5.66910e-03
    1.51193e+01      1.58343e-05      1.00000e+01      5.82293e-03
    1.53509e+01      1.58160e-05      1.00000e+01      5.98064e-03
    1.55860e+01      1.57978e-05      1.00000e+01      6.14233e-03
    1.58248e+01      1.57796e-05      1.00000e+01      6.30816e-03
    1.60672e+01      1.57614e-05      1.00000e+01      6.47815e-03
    1.63133e+01      1.57431e-05      1.00000e+01      6.65247e-03
    1.65632e+01      1.57246e-05      1.00000e+01      6.83118e-03
    1.68169e+01      1.57058e-05      1.00000e+01      7.01441e-03
    1.70745e+01      1.56870e-05      1.00000e+01      7.20227e-03
    1.73360e+01      1.56679e-05      1.00000e+01      7.39480e-03
    1.76016e+01      1.56485e-05      1.00000e+01      7.59205e-03
    1.78712e+01      1.56288e-05      1.00000e+01      7.79417e-03
    1.81449e+01      1.56090e-05      1.00000e+01      8.00129e-03
    1.84229e+01      1.55888e-05      1.00000e+01      8.21348e-03
    1.87051e+01      1.55684e-05      1.00000e+01      8.43095e-03
    1.89916e+01      1.55477e-05      1.00000e+01      8.65380e-03
    1.92825e+01      1.55268e-05      1.00000e+01      8.88214e-03
    1.95779e+01      1.55055e-05      1.00000e+01      9.11595e-03
    1.98778e+01      1.54840e-05      1.00000e+01      9.35536e-03
    2.01822e+01      1.54621e-05      1.00000e+01      9.60056e-03
    2.04914e+01      1.54400e-05      1.00000e+01      9.85163e-03
    2.08053e+01      1.54176e-05      1.00000e+01      1.01088e-02
    2.11240e+01      1.53947e-05      1.00000e+01      1.03720e-02
    2.14475e+01      1.53715e-05      1.00000e+01      1.06417e-02
    2.17761e+01      1.53480e-05      1.00000e+01      1.09176e-02
    2.21096e+01      1.53242e-05      1.00000e+01      1.12000e-02
    2.24483e+01      1.53001e-05      1.00000e+01      1.14890e-02
    2.27922e+01      1.52756e-05      1.00000e+01      1.17847e-02
    2.31413e+01      1.52509e-05      1.00000e+01      1.20873e-02
    2.34958e+01      1.52258e-05      1.00000e+01      1.23971e-02
    2.38557e+01      1.52004e-05      1.00000e+01      1.27141e-02
    2.42211e+01      1.51747e-05      1.00000e+01      1.30384e-02
    2.45921e+01      1.51486e-05      1.00000e+01      1.33700e-02
    2.49688e+01      1.51220e-05      1.00000e+01      1.37090e-02
    2.53513e+01      1.50949e-05      1.00000e+01      1.40556e-02
    2.57396e+01      1.50675e-05      1.00000e+01      1.44101e-02
    2.61339e+01      1.50396e-05      1.00000e+01      1.47726e-02
    2.65342e+01      1.50113e-05      1.00000e+01      1.51432e-02
    2.69406e+01      1.49826e-05      1.00000e+01      1.55219e-02
    2.73533e+01      1.49536e-05      1.00000e+01      1.59089e-02
    2.77723e+01      1.49241e-05      1.00000e+01      1.63044e-02
    2.81977e+01      1.48943e-05      1.00000e+01      1.67085e-02
    2.86297e+01      1.48641e-05      1.00000e+01      1.71216e-02
    2.90682e+01      1.48333e-05      1.00000e+01      1.75435e-02
    2.95135e+01      1.48021e-05      1.00000e+01      1.79742e-02
    2.99656e+01      1.47703e-05      1.00000e+01      1.84140e-02
    3.04246e+01      1.47383e-05      1.00000e+01      1.88631e-02
    3.08906e+01      1.47056e-05      1.00000e+01      1.93216e-02
    3.13638e+01      1.46725e-05      1.00000e+01      1.97897e-02
    3.18442e+01      1.46390e-05      1.00000e+01      2.02674e-02
    3.23320e+01      1.46050e-05      1.00000e+01      2.07549e-02
    3.28273e+01      1.45705e-05      1.00000e+01      2.12523e-02
    3.33301e+01      1.45355e-05      1.00000e+01      2.17598e-02
    3.38406e+01      1.44999e-05      1.00000e+01      2.22774e-02
    3.43590e+01      1.44638e-05      1.00000e+01      2.28051e-02
    3.48853e+01      1.44271e-05      1.00000e+01      2.33432e-02
    3.54197e+01      1.43900e-05      1.00000e+01      2.38913e-02
    3.59622e+01      1.43520e-05      1.00000e+01      2.44503e-02
    3.65131e+01      1.43138e-05      1.00000e+01      2.50202e-02
    3.70724e+01      1.42754e-05      1.00000e+01      2.56008e-02
    3.76403e+01      1.42359e-05      1.00000e+01      2.61924e-02
    3.82169e+01      1.41958e-05      1.00000e+01      2.67949e-02
    3.88023e+01      1.41551e-05      1.00000e+01      2.74083e-02
    3.93966e+01      1.41140e-05      1.00000e+01      2.80325e-02
    4.00001e+01      1.40723e-05      1.00000e+01      2.86680e-02
