    Er (keV)         SM dN/dE         BG dN/dE        BSM dN/dE (events/kg/day/keV)
    1.00100e-01      1.51655e+01      1.00000e+01      3.28435e-14
    1.01306e-01      1.50786e+01      1.00000e+01      3.37502e-14
    1.02526e-01      1.49905e+01      1.00000e+01      3.46678e-14
    1.03760e-01      1.49015e+01      1.00000e+01      3.55965e-14
    1.05010e-01      1.48114e+01      1.00000e+01      3.65363e-14
    1.06275e-01      1.47201e+01      1.00000e+01      3.74875e-14
    1.07555e-01      1.46278e+01      1.00000e+01      3.84502e-14
    1.08850e-01      1.45344e+01      1.00000e+01      3.94244e-14
    1.10161e-01      1.44398e+01      1.00000e+01      4.04104e-14
    1.11488e-01      1.43441e+01      1.00000e+01      4.14083e-14
    1.12830e-01      1.42473e+01      1.00000e+01      4.24182e-14
    1.14189e-01      1.41492e+01      1.00000e+01      4.34403e-14
    1.15565e-01      1.40500e+01      1.00000e+01      4.44747e-14
    1.16957e-01      1.39496e+01      1.00000e+01      4.55216e-14
    1.18365e-01      1.38480e+01      1.00000e+01      4.65811e-14
    1.19791e-01      1.37452e+01      1.00000e+01      4.76534e-14
    1.21234e-01      1.36411e+01      1.00000e+01      4.87386e-14
    1.22694e-01      1.35358e+01      1.00000e+01      4.98368e-14
    1.24172e-01      1.34292e+01      1.00000e+01      5.09484e-14
    1.25668e-01      1.33213e+01      1.00000e+01      5.20733e-14
    1.27182e-01      1.32121e+01      1.00000e+01      5.32118e-14
    1.28713e-01      1.31016e+01      1.00000e+01      5.43640e-14
    1.30264e-01      1.29898e+01      1.00000e+01      5.55301e-14
    1.31833e-01      1.28766e+01      1.00000e+01      5.67102e-14
    1.33421e-01      1.27620e+01      1.00000e+01      5.79046e-14
    1.35028e-01      1.26461e+01      1.00000e+01      5.91134e-14
    1.36655e-01      1.25288e+01      1.00000e+01      6.03367e-14
    1.38301e-01      1.24101e+01      1.00000e+01      6.15748e-14
    1.39967e-01      1.22899e+01      1.00000e+01      6.28278e-14
    1.41653e-01      1.21960e+01      1.00000e+01      6.44129e-14
    1.43360e-01      1.21080e+01      1.00000e+01      6.60970e-14
    1.45087e-01      1.20189e+01      1.00000e+01      6.78013e-14
    1.46834e-01      1.19287e+01      1.00000e+01      6.95262e-14
    1.48603e-01      1.18375e+01      1.00000e+01      7.12719e-14
    1.50393e-01      1.17451e+01      1.00000e+01      7.30387e-14
    1.52205e-01      1.16516e+01      1.00000e+01      7.48267e-14
    1.54039e-01      1.15570e+01      1.00000e+01      7.66363e-14
    1.55895e-01      1.14613e+01      1.00000e+01      7.84677e-14
    1.57773e-01      1.13644e+01      1.00000e+01      8.03212e-14
    1.59673e-01      1.12664e+01      1.00000e+01      8.21970e-14
    1.61597e-01      1.11671e+01      1.00000e+01      8.40955e-14
    1.63544e-01      1.10667e+01      1.00000e+01      8.60168e-14
    1.65514e-01      1.09650e+01      1.00000e+01      8.79613e-14
    1.67508e-01      1.08622e+01      1.00000e+01      8.99292e-14
    1.69526e-01      1.07580e+01      1.00000e+01      9.19209e-14
    1.71569e-01      1.06527e+01      1.00000e+01      9.39365e-14
    1.73636e-01      1.05460e+01      1.00000e+01      9.59765e-14
    1.75728e-01      1.04381e+01      1.00000e+01      9.80411e-14
    1.77845e-01      1.03289e+01      1.00000e+01      1.00130e-13
    1.79988e-01      1.02184e+01      1.00000e+01      1.02245e-13
    1.82156e-01      1.01253e+01      1.00000e+01      1.04744e-13
    1.84351e-01      1.00387e+01      1.00000e+01      1.07418e-13
    1.86572e-01      9.95108e+00      1.00000e+01      1.10125e-13
    1.88820e-01      9.86239e+00      1.00000e+01      1.12864e-13
    1.91095e-01      9.77264e+00      1.00000e+01      1.15636e-13
    1.93398e-01      9.68180e+00      1.00000e+01      1.18441e-13
    1.95728e-01      9.58987e+00      1.00000e+01      1.21280e-13
    1.98086e-01      9.49683e+00      1.00000e+01      1.24154e-13
    2.00473e-01      9.40266e+00      1.00000e+01      1.27062e-13
    2.02888e-01      9.30736e+00      1.00000e+01      1.30005e-13
    2.05333e-01      9.21092e+00      1.00000e+01      1.32983e-13
    2.07807e-01      9.11331e+00      1.00000e+01      1.35998e-13
    2.10311e-01      9.01452e+00      1.00000e+01      1.39049e-13
    2.12845e-01      8.91455e+00      1.00000e+01      1.42136e-13
    2.15410e-01      8.81336e+00      1.00000e+01      1.45261e-13
    2.18005e-01      8.71096e+00      1.00000e+01      1.48424e-13
    2.20632e-01      8.60733e+00      1.00000e+01      1.51624e-13
    2.23291e-01      8.52236e+00      1.00000e+01      1.55409e-13
    2.25981e-01      8.43872e+00      1.00000e+01      1.59304e-13
    2.28704e-01      8.35407e+00      1.00000e+01      1.63246e-13
    2.31460e-01      8.26840e+00      1.00000e+01      1.67235e-13
    2.34249e-01      8.18170e+00      1.00000e+01      1.71273e-13
    2.37072e-01      8.09395e+00      1.00000e+01      1.75359e-13
    2.39928e-01      8.00514e+00      1.00000e+01      1.79494e-13
    2.42820e-01      7.91526e+00      1.00000e+01      1.83680e-13
    2.45746e-01      7.82430e+00      1.00000e+01      1.87915e-13
    2.48707e-01      7.73224e+00      1.00000e+01      1.92202e-13
    2.51704e-01      7.63908e+00      1.00000e+01      1.96541e-13
    2.54737e-01      7.54479e+00      1.00000e+01      2.00931e-13
    2.57807e-01      7.44936e+00      1.00000e+01      2.05375e-13
    2.60913e-01      7.35278e+00      1.00000e+01      2.09872e-13
    2.64057e-01      7.27241e+00      1.00000e+01      2.15068e-13
    2.67239e-01      7.19291e+00      1.00000e+01      2.20395e-13
    2.70460e-01      7.11246e+00      1.00000e+01      2.25786e-13
    2.73719e-01      7.03103e+00      1.00000e+01      2.31242e-13
    2.77017e-01      6.94863e+00      1.00000e+01      2.36764e-13
    2.80356e-01      6.86523e+00      1.00000e+01      2.42352e-13
    2.83734e-01      6.78082e+00      1.00000e+01      2.48008e-13
    2.87153e-01      6.69540e+00      1.00000e+01      2.53732e-13
    2.90614e-01      6.60895e+00      1.00000e+01      2.59525e-13
    2.94116e-01      6.52145e+00      1.00000e+01      2.65388e-13
    2.97660e-01      6.43290e+00      1.00000e+01      2.71321e-13
    3.01247e-01      6.34328e+00      1.00000e+01      2.77326e-13
    3.04878e-01      6.26804e+00      1.00000e+01      2.84161e-13
    3.08552e-01      6.19313e+00      1.00000e+01      2.91139e-13
    3.12270e-01      6.11732e+00      1.00000e+01      2.98201e-13
    3.16033e-01      6.04060e+00      1.00000e+01      3.05349e-13
    3.19842e-01      5.96295e+00      1.00000e+01      3.12582e-13
    3.23696e-01      5.88436e+00      1.00000e+01      3.19903e-13
    3.27597e-01      5.80483e+00      1.00000e+01      3.27312e-13
    3.31545e-01      5.72434e+00      1.00000e+01      3.34811e-13
    3.35541e-01      5.64288e+00      1.00000e+01      3.42399e-13
    3.39585e-01      5.56043e+00      1.00000e+01      3.50080e-13
    3.43677e-01      5.48348e+00      1.00000e+01      3.58268e-13
    3.47819e-01      5.41348e+00      1.00000e+01      3.67060e-13
    3.52011e-01      5.34263e+00      1.00000e+01      3.75959e-13
    3.56253e-01      5.27093e+00      1.00000e+01      3.84964e-13
    3.60547e-01      5.19837e+00      1.00000e+01      3.94079e-13
    3.64892e-01      5.12493e+00      1.00000e+01      4.03303e-13
    3.69289e-01      5.05061e+00      1.00000e+01      4.12638e-13
    3.73740e-01      4.97539e+00      1.00000e+01      4.22086e-13
    3.78244e-01      4.89926e+00      1.00000e+01      4.31648e-13
    3.82803e-01      4.82406e+00      1.00000e+01      4.41474e-13
    3.87416e-01      4.75852e+00      1.00000e+01      4.52279e-13
    3.92085e-01      4.69219e+00      1.00000e+01      4.63214e-13
    3.96811e-01      4.62506e+00      1.00000e+01      4.74281e-13
    4.01593e-01      4.55712e+00      1.00000e+01      4.85481e-13
    4.06433e-01      4.48837e+00      1.00000e+01      4.96816e-13
    4.11331e-01      4.41878e+00      1.00000e+01      5.08288e-13
    4.16289e-01      4.34835e+00      1.00000e+01      5.19898e-13
    4.21306e-01      4.27708e+00      1.00000e+01      5.31648e-13
    4.26383e-01      4.21338e+00      1.00000e+01      5.44382e-13
    4.31522e-01      4.15133e+00      1.00000e+01      5.57510e-13
    4.36723e-01      4.08852e+00      1.00000e+01      5.70796e-13
    4.41987e-01      4.02496e+00      1.00000e+01      5.84242e-13
    4.47314e-01      3.96063e+00      1.00000e+01      5.97850e-13
    4.52705e-01      3.89553e+00      1.00000e+01      6.11622e-13
    4.58161e-01      3.82964e+00      1.00000e+01      6.25561e-13
    4.63683e-01      3.76459e+00      1.00000e+01      6.39867e-13
    4.69271e-01      3.70665e+00      1.00000e+01      6.55309e-13
    4.74927e-01      3.64802e+00      1.00000e+01      6.70938e-13
    4.80651e-01      3.58868e+00      1.00000e+01      6.86755e-13
    4.86444e-01      3.52862e+00      1.00000e+01      7.02763e-13
    4.92307e-01      3.46783e+00      1.00000e+01      7.18964e-13
    4.98241e-01      3.40632e+00      1.00000e+01      7.35360e-13
    5.04246e-01      3.34576e+00      1.00000e+01      7.52204e-13
    5.10323e-01      3.29127e+00      1.00000e+01      7.70250e-13
    5.16474e-01      3.23611e+00      1.00000e+01      7.88514e-13
    5.22699e-01      3.18029e+00      1.00000e+01      8.06998e-13
    5.28999e-01      3.12380e+00      1.00000e+01      8.25705e-13
    5.35375e-01      3.06663e+00      1.00000e+01      8.44637e-13
    5.41828e-01      3.00876e+00      1.00000e+01      8.63798e-13
    5.48358e-01      2.95607e+00      1.00000e+01      8.84212e-13
    5.54967e-01      2.90451e+00      1.00000e+01      9.05182e-13
    5.61656e-01      2.85234e+00      1.00000e+01      9.26406e-13
    5.68426e-01      2.79953e+00      1.00000e+01      9.47885e-13
    5.75277e-01      2.74609e+00      1.00000e+01      9.69623e-13
    5.82211e-01      2.69201e+00      1.00000e+01      9.91623e-13
    5.89228e-01      2.64273e+00      1.00000e+01      1.01501e-12
    5.96330e-01      2.59426e+00      1.00000e+01      1.03898e-12
    6.03518e-01      2.54521e+00      1.00000e+01      1.06323e-12
    6.10792e-01      2.49557e+00      1.00000e+01      1.08777e-12
    6.18154e-01      2.44533e+00      1.00000e+01      1.11262e-12
    6.25604e-01      2.39588e+00      1.00000e+01      1.13809e-12
    6.33145e-01      2.35072e+00      1.00000e+01      1.16503e-12
    6.40776e-01      2.30501e+00      1.00000e+01      1.19229e-12
    6.48500e-01      2.25876e+00      1.00000e+01      1.21989e-12
    6.56316e-01      2.21194e+00      1.00000e+01      1.24782e-12
    6.64227e-01      2.16457e+00      1.00000e+01      1.27608e-12
    6.72233e-01      2.12224e+00      1.00000e+01      1.30626e-12
    6.80335e-01      2.07942e+00      1.00000e+01      1.33681e-12
    6.88536e-01      2.03607e+00      1.00000e+01      1.36772e-12
    6.96835e-01      1.99221e+00      1.00000e+01      1.39901e-12
    7.05234e-01      1.94824e+00      1.00000e+01      1.43080e-12
    7.13734e-01      1.90847e+00      1.00000e+01      1.46452e-12
    7.22337e-01      1.86823e+00      1.00000e+01      1.49864e-12
    7.31044e-01      1.82750e+00      1.00000e+01      1.53318e-12
    7.39855e-01      1.78628e+00      1.00000e+01      1.56813e-12
    7.48773e-01      1.74670e+00      1.00000e+01      1.60424e-12
    7.57798e-01      1.70941e+00      1.00000e+01      1.64175e-12
    7.66932e-01      1.67168e+00      1.00000e+01      1.67971e-12
    7.76176e-01      1.63348e+00      1.00000e+01      1.71813e-12
    7.85532e-01      1.59499e+00      1.00000e+01      1.75709e-12
    7.95000e-01      1.55983e+00      1.00000e+01      1.79826e-12
    8.04583e-01      1.52424e+00      1.00000e+01      1.83994e-12
    8.14281e-01      1.48823e+00      1.00000e+01      1.88211e-12
    8.24096e-01      1.45178e+00      1.00000e+01      1.92479e-12
    8.34029e-01      1.41854e+00      1.00000e+01      1.96962e-12
    8.44082e-01      1.38548e+00      1.00000e+01      2.01524e-12
    8.54257e-01      1.35202e+00      1.00000e+01      2.06141e-12
    8.64553e-01      1.31816e+00      1.00000e+01      2.10814e-12
    8.74974e-01      1.28709e+00      1.00000e+01      2.15716e-12
    8.85521e-01      1.25605e+00      1.00000e+01      2.20701e-12
    8.96195e-01      1.22465e+00      1.00000e+01      2.25745e-12
    9.06997e-01      1.19315e+00      1.00000e+01      2.30868e-12
    9.17930e-01      1.16434e+00      1.00000e+01      2.36237e-12
    9.28994e-01      1.13519e+00      1.00000e+01      2.41672e-12
    9.40192e-01      1.10568e+00      1.00000e+01      2.47171e-12
    9.51525e-01      1.07719e+00      1.00000e+01      2.52833e-12
    9.62994e-01      1.05004e+00      1.00000e+01      2.58678e-12
    9.74602e-01      1.02255e+00      1.00000e+01      2.64595e-12
    9.86350e-01      9.94738e-01      1.00000e+01      2.70582e-12
    9.98239e-01      9.69338e-01      1.00000e+01      2.76853e-12
    1.01027e+00      9.43707e-01      1.00000e+01      2.83204e-12
    1.02245e+00      9.17768e-01      1.00000e+01      2.89633e-12
    1.03477e+00      8.93154e-01      1.00000e+01      2.96280e-12
    1.04725e+00      8.69205e-01      1.00000e+01      3.03091e-12
    1.05987e+00      8.44967e-01      1.00000e+01      3.09983e-12
    1.07265e+00      8.21400e-01      1.00000e+01      3.17056e-12
    1.08558e+00      7.98891e-01      1.00000e+01      3.24351e-12
    1.09866e+00      7.76111e-01      1.00000e+01      3.31733e-12
    1.11190e+00      7.53881e-01      1.00000e+01      3.39282e-12
    1.12531e+00      7.33101e-01      1.00000e+01      3.47083e-12
    1.13887e+00      7.12070e-01      1.00000e+01      3.54978e-12
    1.15260e+00      6.91324e-01      1.00000e+01      3.63052e-12
    1.16649e+00      6.71367e-01      1.00000e+01      3.71386e-12
    1.18055e+00      6.51170e-01      1.00000e+01      3.79821e-12
    1.19478e+00      6.31693e-01      1.00000e+01      3.88472e-12
    1.20919e+00      6.13109e-01      1.00000e+01      3.97363e-12
    1.22376e+00      5.94301e-01      1.00000e+01      4.06360e-12
    1.23851e+00      5.76450e-01      1.00000e+01      4.15643e-12
    1.25344e+00      5.58949e-01      1.00000e+01      4.25121e-12
    1.26855e+00      5.41236e-01      1.00000e+01      4.34714e-12
    1.28384e+00      5.24908e-01      1.00000e+01      4.44685e-12
    1.29932e+00      5.08409e-01      1.00000e+01      4.54779e-12
    1.31498e+00      4.92268e-01      1.00000e+01      4.65098e-12
    1.33083e+00      4.76869e-01      1.00000e+01      4.75713e-12
    1.34687e+00      4.61285e-01      1.00000e+01      4.86455e-12
    1.36311e+00      4.46686e-01      1.00000e+01      4.97559e-12
    1.37954e+00      4.32129e-01      1.00000e+01      5.08839e-12
    1.39617e+00      4.17895e-01      1.00000e+01      5.20361e-12
    1.41300e+00      4.04281e-01      1.00000e+01      5.32190e-12
    1.43003e+00      3.90505e-01      1.00000e+01      5.44162e-12
    1.44727e+00      3.77738e-01      1.00000e+01      5.56606e-12
    1.46471e+00      3.64816e-01      1.00000e+01      5.69201e-12
    1.48237e+00      3.52498e-01      1.00000e+01      5.82136e-12
    1.50024e+00      3.40388e-01      1.00000e+01      5.95315e-12
    1.51832e+00      3.28561e-01      1.00000e+01      6.08784e-12
    1.53662e+00      3.17175e-01      1.00000e+01      6.22593e-12
    1.55515e+00      3.05868e-01      1.00000e+01      6.36637e-12
    1.57389e+00      2.95156e-01      1.00000e+01      6.51086e-12
    1.59287e+00      2.84391e-01      1.00000e+01      6.65736e-12
    1.61207e+00      2.74297e-01      1.00000e+01      6.80844e-12
    1.63150e+00      2.64082e-01      1.00000e+01      6.96134e-12
    1.65116e+00      2.54562e-01      1.00000e+01      7.11916e-12
    1.67107e+00      2.44927e-01      1.00000e+01      7.27889e-12
    1.69121e+00      2.35908e-01      1.00000e+01      7.44361e-12
    1.71160e+00      2.26810e-01      1.00000e+01      7.61043e-12
    1.73223e+00      2.18290e-01      1.00000e+01      7.78233e-12
    1.75311e+00      2.09707e-01      1.00000e+01      7.95649e-12
    1.77424e+00      2.01658e-01      1.00000e+01      8.13590e-12
    1.79563e+00      1.93597e-01      1.00000e+01      8.31793e-12
    1.81728e+00      1.85982e-01      1.00000e+01      8.50501e-12
    1.83918e+00      1.78437e-01      1.00000e+01      8.69519e-12
    1.86135e+00      1.71219e-01      1.00000e+01      8.88982e-12
    1.88379e+00      1.64175e-01      1.00000e+01      9.08867e-12
    1.90650e+00      1.57349e-01      1.00000e+01      9.29209e-12
    1.92948e+00      1.50783e-01      1.00000e+01      9.50011e-12
    1.95274e+00      1.44293e-01      1.00000e+01      9.71160e-12
    1.97628e+00      1.38256e-01      1.00000e+01      9.92893e-12
    2.00010e+00      1.32261e-01      1.00000e+01      1.01499e-11
    2.02421e+00      1.26459e-01      1.00000e+01      1.03763e-11
    2.04861e+00      1.20864e-01      1.00000e+01      1.06073e-11
    2.07331e+00      1.15407e-01      1.00000e+01      1.08427e-11
    2.09830e+00      1.10267e-01      1.00000e+01      1.10843e-11
    2.12359e+00      1.05214e-01      1.00000e+01      1.13303e-11
    2.14919e+00      1.00350e-01      1.00000e+01      1.15817e-11
    2.17510e+00      9.57011e-02      1.00000e+01      1.18389e-11
    2.20132e+00      9.11546e-02      1.00000e+01      1.21009e-11
    2.22785e+00      8.68158e-02      1.00000e+01      1.23690e-11
    2.25471e+00      8.26428e-02      1.00000e+01      1.26429e-11
    2.28189e+00      7.85756e-02      1.00000e+01      1.29221e-11
    2.30940e+00      7.46932e-02      1.00000e+01      1.32076e-11
    2.33723e+00      7.09684e-02      1.00000e+01      1.34995e-11
    2.36541e+00      6.73482e-02      1.00000e+01      1.37971e-11
    2.39392e+00      6.38652e-02      1.00000e+01      1.41011e-11
    2.42278e+00      6.05641e-02      1.00000e+01      1.44121e-11
    2.45198e+00      5.73625e-02      1.00000e+01      1.47293e-11
    2.48154e+00      5.42638e-02      1.00000e+01      1.50528e-11
    2.51146e+00      5.13267e-02      1.00000e+01      1.53838e-11
    2.54173e+00      4.85158e-02      1.00000e+01      1.57219e-11
    2.57237e+00      4.58104e-02      1.00000e+01      1.60668e-11
    2.60338e+00      4.32111e-02      1.00000e+01      1.64187e-11
    2.63476e+00      4.07288e-02      1.00000e+01      1.67783e-11
    2.66652e+00      3.83681e-02      1.00000e+01      1.71459e-11
    2.69867e+00      3.61105e-02      1.00000e+01      1.75210e-11
    2.73120e+00      3.39514e-02      1.00000e+01      1.79039e-11
    2.76412e+00      3.18826e-02      1.00000e+01      1.82946e-11
    2.79744e+00      2.99147e-02      1.00000e+01      1.86937e-11
    2.83116e+00      2.80623e-02      1.00000e+01      1.91016e-11
    2.86529e+00      2.62937e-02      1.00000e+01      1.95179e-11
    2.89983e+00      2.46042e-02      1.00000e+01      1.99429e-11
    2.93479e+00      2.29946e-02      1.00000e+01      2.03764e-11
    2.97017e+00      2.14663e-02      1.00000e+01      2.08188e-11
    3.00597e+00      2.00142e-02      1.00000e+01      2.12712e-11
    3.04220e+00      1.86359e-02      1.00000e+01      2.17324e-11
    3.07888e+00      1.73390e-02      1.00000e+01      2.22040e-11
    3.11599e+00      1.61108e-02      1.00000e+01      2.26849e-11
    3.15355e+00      1.49504e-02      1.00000e+01      2.31762e-11
    3.19157e+00      1.38526e-02      1.00000e+01      2.36775e-11
    3.23004e+00      1.28167e-02      1.00000e+01      2.41892e-11
    3.26898e+00      1.18414e-02      1.00000e+01      2.47114e-11
    3.30839e+00      1.09248e-02      1.00000e+01      2.52439e-11
    3.34827e+00      1.00643e-02      1.00000e+01      2.57883e-11
    3.38863e+00      9.25800e-03      1.00000e+01      2.63440e-11
    3.42948e+00      8.50391e-03      1.00000e+01      2.69108e-11
    3.47082e+00      7.79977e-03      1.00000e+01      2.74894e-11
    3.51266e+00      7.14349e-03      1.00000e+01      2.80799e-11
    3.55500e+00      6.53291e-03      1.00000e+01      2.86827e-11
    3.59786e+00      5.96538e-03      1.00000e+01      2.92975e-11
    3.64123e+00      5.44034e-03      1.00000e+01      2.99251e-11
    3.68512e+00      4.95430e-03      1.00000e+01      3.05656e-11
    3.72955e+00      4.50736e-03      1.00000e+01      3.12192e-11
    3.77450e+00      4.09678e-03      1.00000e+01      3.18866e-11
    3.82000e+00      3.71920e-03      1.00000e+01      3.25676e-11
    3.86605e+00      3.37248e-03      1.00000e+01      3.32624e-11
    3.91266e+00      3.05496e-03      1.00000e+01      3.39713e-11
    3.95982e+00      2.76322e-03      1.00000e+01      3.46945e-11
    4.00756e+00      2.49751e-03      1.00000e+01      3.54323e-11
    4.05587e+00      2.25697e-03      1.00000e+01      3.61854e-11
    4.10476e+00      2.03846e-03      1.00000e+01      3.69541e-11
    4.15424e+00      1.84005e-03      1.00000e+01      3.77379e-11
    4.20432e+00      1.65992e-03      1.00000e+01      3.85377e-11
    4.25500e+00      1.47997e-03      1.00000e+01      3.93535e-11
    4.30629e+00      1.35439e-03      1.00000e+01      4.01859e-11
    4.35821e+00      1.22515e-03      1.00000e+01      4.10359e-11
    4.41074e+00      1.10945e-03      1.00000e+01      4.19018e-11
    4.46391e+00      1.00894e-03      1.00000e+01      4.27865e-11
    4.51772e+00      9.20302e-04      1.00000e+01      4.36886e-11
    4.57218e+00      8.42252e-04      1.00000e+01      4.46078e-11
    4.62730e+00      7.76343e-04      1.00000e+01      4.55463e-11
    4.68308e+00      7.18300e-04      1.00000e+01      4.65034e-11
    4.73954e+00      6.69145e-04      1.00000e+01      4.74806e-11
    4.79667e+00      6.28119e-04      1.00000e+01      4.84756e-11
    4.85449e+00      5.93065e-04      1.00000e+01      4.94936e-11
    4.91301e+00      5.64334e-04      1.00000e+01      5.05388e-11
    4.97224e+00      5.39890e-04      1.00000e+01      5.16086e-11
    5.03218e+00      5.19538e-04      1.00000e+01      5.27064e-11
    5.09284e+00      5.02092e-04      1.00000e+01      5.38311e-11
    5.15423e+00      4.87121e-04      1.00000e+01      5.49854e-11
    5.21636e+00      4.73868e-04      1.00000e+01      5.61683e-11
    5.27925e+00      4.62177e-04      1.00000e+01      5.73829e-11
    5.34289e+00      4.51689e-04      1.00000e+01      5.86275e-11
    5.40729e+00      4.42480e-04      1.00000e+01      5.99052e-11
    5.47248e+00      4.34331e-04      1.00000e+01      6.12151e-11
    5.53845e+00      4.27193e-04      1.00000e+01      6.25577e-11
    5.60521e+00      4.21086e-04      1.00000e+01      6.39385e-11
    5.67278e+00      4.15754e-04      1.00000e+01      6.53517e-11
    5.74117e+00      4.11199e-04      1.00000e+01      6.68047e-11
    5.81037e+00      4.07361e-04      1.00000e+01      6.82948e-11
    5.88042e+00      4.04089e-04      1.00000e+01      6.98239e-11
    5.95131e+00      4.01311e-04      1.00000e+01      7.13927e-11
    6.02305e+00      3.98987e-04      1.00000e+01      7.30034e-11
    6.09565e+00      3.97055e-04      1.00000e+01      7.46571e-11
    6.16914e+00      3.95429e-04      1.00000e+01      7.63542e-11
    6.24350e+00      3.94053e-04      1.00000e+01      7.80970e-11
    6.31877e+00      3.92891e-04      1.00000e+01      7.98846e-11
    6.39494e+00      3.91911e-04      1.00000e+01      8.17093e-11
    6.47203e+00      3.91084e-04      1.00000e+01      8.35766e-11
    6.55005e+00      3.90374e-04      1.00000e+01      8.54847e-11
    6.62901e+00      3.89762e-04      1.00000e+01      8.74360e-11
    6.70892e+00      3.89240e-04      1.00000e+01      8.94306e-11
    6.78979e+00      3.88801e-04      1.00000e+01      9.14698e-11
    6.87164e+00      3.88436e-04      1.00000e+01      9.35529e-11
    6.95448e+00      3.88140e-04      1.00000e+01      9.56841e-11
    7.03832e+00      3.87900e-04      1.00000e+01      9.78621e-11
    7.12316e+00      3.87713e-04      1.00000e+01      1.00088e-10
    7.20903e+00      3.87567e-04      1.00000e+01      1.02363e-10
    7.29593e+00      3.87457e-04      1.00000e+01      1.04689e-10
    7.38389e+00      3.87376e-04      1.00000e+01      1.07066e-10
    7.47290e+00      3.87309e-04      1.00000e+01      1.09494e-10
    7.56298e+00      3.87259e-04      1.00000e+01      1.11978e-10
    7.65415e+00      3.87211e-04      1.00000e+01      1.14515e-10
    7.74642e+00      3.87168e-04      1.00000e+01      1.17110e-10
    7.83980e+00      3.87117e-04      1.00000e+01      1.19760e-10
    7.93431e+00      3.87070e-04      1.00000e+01      1.22469e-10
    8.02996e+00      3.87020e-04      1.00000e+01      1.25238e-10
    8.12676e+00      3.86970e-04      1.00000e+01      1.28068e-10
    8.22473e+00      3.86919e-04      1.00000e+01      1.30960e-10
    8.32387e+00      3.86871e-04      1.00000e+01      1.33918e-10
    8.42422e+00      3.86818e-04      1.00000e+01      1.36936e-10
    8.52577e+00      3.86764e-04      1.00000e+01      1.40022e-10
    8.62855e+00      3.86712e-04      1.00000e+01      1.43177e-10
    8.73256e+00      3.86659e-04      1.00000e+01      1.46400e-10
    8.83783e+00      3.86604e-04      1.00000e+01      1.49694e-10
    8.94437e+00      3.86550e-04      1.00000e+01      1.53060e-10
    9.05220e+00      3.86495e-04      1.00000e+01      1.56500e-10
    9.16132e+00      3.86439e-04      1.00000e+01      1.60014e-10
    9.27176e+00      3.86384e-04      1.00000e+01      1.63606e-10
    9.38353e+00      3.86326e-04      1.00000e+01      1.67277e-10
    9.49664e+00      3.86269e-04      1.00000e+01      1.71024e-10
    9.61113e+00      3.86210e-04      1.00000e+01      1.74857e-10
    9.72699e+00      3.86152e-04      1.00000e+01      1.78772e-10
    9.84424e+00      3.86094e-04      1.00000e+01      1.82772e-10
    9.96292e+00      3.86032e-04      1.00000e+01      1.86856e-10
    1.00830e+01      3.85972e-04      1.00000e+01      1.91034e-10
    1.02046e+01      3.85910e-04      1.00000e+01      1.95300e-10
    1.03276e+01      3.85849e-04      1.00000e+01      1.99660e-10
    1.04521e+01      3.85786e-04      1.00000e+01      2.04112e-10
    1.05781e+01      3.85722e-04      1.00000e+01      2.08663e-10
    1.07056e+01      3.85658e-04      1.00000e+01      2.13310e-10
    1.08347e+01      3.85594e-04      1.00000e+01      2.18059e-10
    1.09653e+01      3.85530e-04      1.00000e+01      2.22910e-10
    1.10974e+01      3.85463e-04      1.00000e+01      2.27865e-10
    1.12312e+01      3.85394e-04      1.00000e+01      2.32927e-10
    1.13666e+01      3.85328e-04      1.00000e+01      2.38100e-10
    1.15036e+01      3.85261e-04      1.00000e+01      2.43384e-10
    1.16423e+01      3.85194e-04      1.00000e+01      2.48780e-10
    1.17827e+01      3.85123e-04      1.00000e+01      2.54295e-10
    1.19247e+01      3.85052e-04      1.00000e+01      2.59925e-10
    1.20685e+01      3.84980e-04      1.00000e+01      2.65677e-10
    1.22139e+01      3.84907e-04      1.00000e+01      2.71547e-10
    1.23612e+01      3.84833e-04      1.00000e+01      2.77554e-10
    1.25102e+01      3.84762e-04      1.00000e+01      2.83684e-10
    1.26610e+01      3.84686e-04      1.00000e+01      2.89946e-10
    1.28136e+01      3.84611e-04      1.00000e+01      2.96338e-10
    1.29681e+01      3.84535e-04      1.00000e+01      3.02874e-10
    1.31244e+01      3.84459e-04      1.00000e+01      3.09545e-10
    1.32826e+01      3.84380e-04      1.00000e+01      3.16369e-10
    1.34428e+01      3.84301e-04      1.00000e+01      3.23316e-10
    1.36048e+01      3.84222e-04      1.00000e+01      3.30422e-10
    1.37688e+01      3.84139e-04      1.00000e+01      3.37680e-10
    1.39348e+01      3.84059e-04      1.00000e+01      3.45096e-10
    1.41028e+01      3.83978e-04      1.00000e+01      3.52664e-10
    1.42728e+01      3.83896e-04      1.00000e+01      3.60396e-10
    1.44448e+01      3.83807e-04      1.00000e+01      3.68281e-10
    1.46190e+01      3.83724e-04      1.00000e+01      3.76349e-10
    1.47952e+01      3.83636e-04      1.00000e+01      3.84579e-10
    1.49736e+01      3.83550e-04      1.00000e+01      3.92987e-10
    1.51541e+01      3.83463e-04      1.00000e+01      4.01569e-10
    1.53367e+01      3.83375e-04      1.00000e+01      4.10334e-10
    1.55216e+01      3.83285e-04      1.00000e+01      4.19283e-10
    1.57087e+01      3.83195e-04      1.00000e+01      4.28425e-10
    1.58981e+01      3.83104e-04      1.00000e+01      4.37752e-10
    1.60898e+01      3.83011e-04      1.00000e+01      4.47278e-10
    1.62837e+01      3.82918e-04      1.00000e+01      4.57009e-10
    1.64800e+01      3.82823e-04      1.00000e+01      4.66935e-10
    1.66787e+01      3.82729e-04      1.00000e+01      4.77075e-10
    1.68797e+01      3.82631e-04      1.00000e+01      4.87425e-10
    1.70832e+01      3.82535e-04      1.00000e+01      4.97992e-10
    1.72892e+01      3.82435e-04      1.00000e+01      5.08780e-10
    1.74976e+01      3.82335e-04      1.00000e+01      5.19794e-10
    1.77085e+01      3.82236e-04      1.00000e+01      5.31038e-10
    1.79220e+01      3.82134e-04      1.00000e+01      5.42513e-10
    1.81380e+01      3.82031e-04      1.00000e+01      5.54249e-10
    1.83567e+01      3.81930e-04      1.00000e+01      5.66194e-10
    1.85780e+01      3.81825e-04      1.00000e+01      5.78400e-10
    1.88019e+01      3.81719e-04      1.00000e+01      5.90861e-10
    1.90286e+01      3.81613e-04      1.00000e+01      6.03584e-10
    1.92580e+01      3.81503e-04      1.00000e+01      6.16565e-10
    1.94901e+01      3.81395e-04      1.00000e+01      6.29809e-10
    1.97251e+01      3.81280e-04      1.00000e+01      6.43336e-10
    1.99629e+01      3.81173e-04      1.00000e+01      6.57128e-10
    2.02035e+01      3.81058e-04      1.00000e+01      6.71201e-10
    2.04471e+01      3.80945e-04      1.00000e+01      6.85562e-10
    2.06936e+01      3.80828e-04      1.00000e+01      7.00210e-10
    2.09430e+01      3.80709e-04      1.00000e+01      7.15161e-10
    2.11955e+01      3.80595e-04      1.00000e+01      7.30404e-10
    2.14510e+01      3.80475e-04      1.00000e+01      7.45961e-10
    2.17096e+01      3.80355e-04      1.00000e+01      7.61834e-10
    2.19713e+01      3.80235e-04      1.00000e+01      7.78030e-10
    2.22362e+01      3.80111e-04      1.00000e+01      7.94541e-10
    2.25042e+01      3.79988e-04      1.00000e+01      8.11377e-10
    2.27755e+01      3.79861e-04      1.00000e+01      8.28565e-10
    2.30501e+01      3.79735e-04      1.00000e+01      8.46084e-10
    2.33279e+01      3.79614e-04      1.00000e+01      8.63957e-10
    2.36092e+01      3.79477e-04      1.00000e+01      8.82178e-10
    2.38938e+01      3.79348e-04      1.00000e+01      9.00787e-10
    2.41818e+01      3.79219e-04      1.00000e+01      9.19747e-10
    2.44733e+01      3.79085e-04      1.00000e+01      9.39084e-10
    2.47683e+01      3.78951e-04      1.00000e+01      9.58801e-10
    2.50669e+01      3.78815e-04      1.00000e+01      9.78912e-10
    2.53691e+01      3.78679e-04      1.00000e+01      9.99412e-10
    2.56749e+01      3.78539e-04      1.00000e+01      1.02032e-09
    2.59844e+01      3.78399e-04      1.00000e+01      1.04165e-09
    2.62977e+01      3.78259e-04      1.00000e+01      1.06338e-09
    2.66147e+01      3.78115e-04      1.00000e+01      1.08556e-09
    2.69355e+01      3.77969e-04      1.00000e+01      1.10813e-09
    2.72602e+01      3.77803e-04      1.00000e+01      1.13116e-09
    2.75889e+01      3.77677e-04      1.00000e+01      1.15464e-09
    2.79214e+01      3.77528e-04      1.00000e+01      1.17859e-09
    2.82580e+01      3.77377e-04      1.00000e+01      1.20300e-09
    2.85987e+01      3.77226e-04      1.00000e+01      1.22788e-09
    2.89434e+01      3.77072e-04      1.00000e+01      1.25323e-09
    2.92924e+01      3.76918e-04      1.00000e+01      1.27908e-09
    2.96455e+01      3.76761e-04      1.00000e+01      1.30541e-09
    3.00029e+01      3.76602e-04      1.00000e+01      1.33227e-09
    3.03645e+01      3.76444e-04      1.00000e+01      1.35963e-09
    3.07306e+01      3.76282e-04      1.00000e+01      1.38750e-09
    3.11010e+01      3.76117e-04      1.00000e+01      1.41589e-09
    3.14760e+01      3.75955e-04      1.00000e+01      1.44490e-09
    3.18554e+01      3.75786e-04      1.00000e+01      1.47441e-09
    3.22394e+01      3.75620e-04      1.00000e+01      1.50448e-09
    3.26281e+01      3.75453e-04      1.00000e+01      1.53511e-09
    3.30214e+01      3.75282e-04      1.00000e+01      1.56633e-09
    3.34195e+01      3.75109e-04      1.00000e+01      1.59814e-09
    3.38223e+01      3.74935e-04      1.00000e+01      1.63055e-09
    3.42301e+01      3.74759e-04      1.00000e+01      1.66356e-09
    3.46427e+01      3.74581e-04      1.00000e+01      1.69718e-09
    3.50603e+01      3.74402e-04      1.00000e+01      1.73145e-09
    3.54830e+01      3.74219e-04      1.00000e+01      1.76633e-09
    3.59107e+01      3.74038e-04      1.00000e+01      1.80189e-09
    3.63436e+01      3.73852e-04      1.00000e+01      1.83810e-09
    3.67817e+01      3.73666e-04      1.00000e+01      1.87497e-09
    3.72251e+01      3.73477e-04      1.00000e+01      1.91251e-09
    3.76739e+01      3.73289e-04      1.00000e+01      1.95078e-09
    3.81281e+01      3.73034e-04      1.00000e+01      1.98966e-09
    3.85877e+01      3.72899e-04      1.00000e+01      2.02936e-09
    3.90529e+01      3.72706e-04      1.00000e+01      2.06976e-09
    3.95236e+01      3.72508e-04      1.00000e+01      2.11087e-09
    4.00001e+01      3.72309e-04      1.00000e+01      2.15272e-09
