    Er (keV)         SM dN/dE         BG dN/dE        BSM dN/dE (events/kg/day/keV)
    5.01000e-02      1.11864e+02      1.00000e+01      6.93129e-15
    5.07438e-02      1.11151e+02      1.00000e+01      7.14996e-15
    5.13959e-02      1.10429e+02      1.00000e+01      7.37145e-15
    5.20564e-02      1.09698e+02      1.00000e+01      7.59580e-15
    5.27254e-02      1.08957e+02      1.00000e+01      7.82302e-15
    5.34030e-02      1.08207e+02      1.00000e+01      8.05318e-15
    5.40893e-02      1.07447e+02      1.00000e+01      8.28630e-15
    5.47845e-02      1.06677e+02      1.00000e+01      8.52242e-15
    5.54886e-02      1.05897e+02      1.00000e+01      8.76158e-15
    5.62018e-02      1.05107e+02      1.00000e+01      9.00382e-15
    5.69242e-02      1.04307e+02      1.00000e+01      9.24918e-15
    5.76558e-02      1.03497e+02      1.00000e+01      9.49770e-15
    5.83969e-02      1.02677e+02      1.00000e+01      9.74942e-15
    5.91476e-02      1.01845e+02      1.00000e+01      1.00044e-14
    5.99079e-02      1.01004e+02      1.00000e+01      1.02626e-14
    6.06779e-02      1.00151e+02      1.00000e+01      1.05242e-14
    6.14580e-02      9.92871e+01      1.00000e+01      1.07891e-14
    6.22480e-02      9.84123e+01      1.00000e+01      1.10575e-14
    6.30482e-02      9.75262e+01      1.00000e+01      1.13293e-14
    6.38587e-02      9.66287e+01      1.00000e+01      1.16046e-14
    6.46797e-02      9.57196e+01      1.00000e+01      1.18834e-14
    6.55112e-02      9.47989e+01      1.00000e+01      1.21659e-14
    6.63535e-02      9.38662e+01      1.00000e+01      1.24519e-14
    6.72066e-02      9.29216e+01      1.00000e+01      1.27417e-14
    6.80706e-02      9.19648e+01      1.00000e+01      1.30352e-14
    6.89458e-02      9.09957e+01      1.00000e+01      1.33324e-14
    6.98323e-02      9.00141e+01      1.00000e+01      1.36335e-14
    7.07302e-02      8.90199e+01      1.00000e+01      1.39385e-14
    7.16396e-02      8.80129e+01      1.00000e+01      1.42474e-14
    7.25607e-02      8.69929e+01      1.00000e+01      1.45603e-14
    7.34938e-02      8.59597e+01      1.00000e+01      1.48772e-14
    7.44388e-02      8.49133e+01      1.00000e+01      1.51982e-14
    7.53960e-02      8.38534e+01      1.00000e+01      1.55233e-14
    7.63655e-02      8.27798e+01      1.00000e+01      1.58526e-14
    7.73475e-02      8.16924e+01      1.00000e+01      1.61861e-14
    7.83421e-02      8.05911e+01      1.00000e+01      1.65240e-14
    7.93496e-02      7.94755e+01      1.00000e+01      1.68662e-14
    8.03700e-02      7.83959e+01      1.00000e+01      1.72342e-14
    8.14035e-02      7.76939e+01      1.00000e+01      1.77735e-14
    8.24504e-02      7.69828e+01      1.00000e+01      1.83197e-14
    8.35108e-02      7.62626e+01      1.00000e+01      1.88730e-14
    8.45848e-02      7.55332e+01      1.00000e+01      1.94335e-14
    8.56726e-02      7.47943e+01      1.00000e+01      2.00011e-14
    8.67744e-02      7.40459e+01      1.00000e+01      2.05760e-14
    8.78905e-02      7.32879e+01      1.00000e+01      2.11584e-14
    8.90209e-02      7.25202e+01      1.00000e+01      2.17482e-14
    9.01658e-02      7.17425e+01      1.00000e+01      2.23457e-14
    9.13255e-02      7.09549e+01      1.00000e+01      2.29508e-14
    9.25001e-02      7.01571e+01      1.00000e+01      2.35637e-14
    9.36899e-02      6.93490e+01      1.00000e+01      2.41845e-14
    9.48949e-02      6.85305e+01      1.00000e+01      2.48134e-14
    9.61155e-02      6.77015e+01      1.00000e+01      2.54503e-14
    9.73518e-02      6.68618e+01      1.00000e+01      2.60954e-14
    9.86040e-02      6.60113e+01      1.00000e+01      2.67488e-14
    9.98724e-02      6.51498e+01      1.00000e+01      2.74106e-14
    1.01157e-01      6.42772e+01      1.00000e+01      2.80810e-14
    1.02458e-01      6.33935e+01      1.00000e+01      2.87599e-14
    1.03776e-01      6.24983e+01      1.00000e+01      2.94477e-14
    1.05111e-01      6.15916e+01      1.00000e+01      3.01442e-14
    1.06463e-01      6.06732e+01      1.00000e+01      3.08498e-14
    1.07833e-01      5.97430e+01      1.00000e+01      3.15644e-14
    1.09220e-01      5.88009e+01      1.00000e+01      3.22883e-14
    1.10625e-01      5.78739e+01      1.00000e+01      3.30368e-14
    1.12048e-01      5.72310e+01      1.00000e+01      3.39624e-14
    1.13490e-01      5.65799e+01      1.00000e+01      3.48999e-14
    1.14950e-01      5.59204e+01      1.00000e+01      3.58495e-14
    1.16428e-01      5.52525e+01      1.00000e+01      3.68113e-14
    1.17926e-01      5.45759e+01      1.00000e+01      3.77855e-14
    1.19443e-01      5.38906e+01      1.00000e+01      3.87722e-14
    1.20980e-01      5.31965e+01      1.00000e+01      3.97716e-14
    1.22537e-01      5.24934e+01      1.00000e+01      4.07839e-14
    1.24113e-01      5.17813e+01      1.00000e+01      4.18093e-14
    1.25710e-01      5.10600e+01      1.00000e+01      4.28478e-14
    1.27327e-01      5.03295e+01      1.00000e+01      4.38997e-14
    1.28965e-01      4.95895e+01      1.00000e+01      4.49652e-14
    1.30625e-01      4.88400e+01      1.00000e+01      4.60444e-14
    1.32305e-01      4.80809e+01      1.00000e+01      4.71374e-14
    1.34008e-01      4.73119e+01      1.00000e+01      4.82446e-14
    1.35732e-01      4.65331e+01      1.00000e+01      4.93660e-14
    1.37478e-01      4.57443e+01      1.00000e+01      5.05018e-14
    1.39247e-01      4.49452e+01      1.00000e+01      5.16523e-14
    1.41039e-01      4.41735e+01      1.00000e+01      5.28586e-14
    1.42854e-01      4.35961e+01      1.00000e+01      5.43040e-14
    1.44692e-01      4.30112e+01      1.00000e+01      5.57679e-14
    1.46553e-01      4.24188e+01      1.00000e+01      5.72507e-14
    1.48439e-01      4.18188e+01      1.00000e+01      5.87526e-14
    1.50349e-01      4.12111e+01      1.00000e+01      6.02738e-14
    1.52284e-01      4.05955e+01      1.00000e+01      6.18147e-14
    1.54243e-01      3.99720e+01      1.00000e+01      6.33753e-14
    1.56228e-01      3.93405e+01      1.00000e+01      6.49561e-14
    1.58238e-01      3.87008e+01      1.00000e+01      6.65572e-14
    1.60275e-01      3.80529e+01      1.00000e+01      6.81789e-14
    1.62337e-01      3.73967e+01      1.00000e+01      6.98215e-14
    1.64426e-01      3.67320e+01      1.00000e+01      7.14853e-14
    1.66542e-01      3.60588e+01      1.00000e+01      7.31705e-14
    1.68685e-01      3.53769e+01      1.00000e+01      7.48773e-14
    1.70856e-01      3.46862e+01      1.00000e+01      7.66062e-14
    1.73054e-01      3.41594e+01      1.00000e+01      7.86528e-14
    1.75281e-01      3.36391e+01      1.00000e+01      8.07483e-14
    1.77537e-01      3.31121e+01      1.00000e+01      8.28708e-14
    1.79822e-01      3.25783e+01      1.00000e+01      8.50207e-14
    1.82136e-01      3.20376e+01      1.00000e+01      8.71982e-14
    1.84480e-01      3.14900e+01      1.00000e+01      8.94038e-14
    1.86854e-01      3.09353e+01      1.00000e+01      9.16378e-14
    1.89258e-01      3.03735e+01      1.00000e+01      9.39005e-14
    1.91694e-01      2.98045e+01      1.00000e+01      9.61924e-14
    1.94161e-01      2.92281e+01      1.00000e+01      9.85138e-14
    1.96660e-01      2.86443e+01      1.00000e+01      1.00865e-13
    1.99191e-01      2.80529e+01      1.00000e+01      1.03247e-13
    2.01754e-01      2.74818e+01      1.00000e+01      1.05729e-13
    2.04351e-01      2.70219e+01      1.00000e+01      1.08544e-13
    2.06981e-01      2.65561e+01      1.00000e+01      1.11396e-13
    2.09644e-01      2.60842e+01      1.00000e+01      1.14284e-13
    2.12342e-01      2.56064e+01      1.00000e+01      1.17210e-13
    2.15075e-01      2.51223e+01      1.00000e+01      1.20173e-13
    2.17843e-01      2.46320e+01      1.00000e+01      1.23174e-13
    2.20647e-01      2.41354e+01      1.00000e+01      1.26214e-13
    2.23487e-01      2.36325e+01      1.00000e+01      1.29293e-13
    2.26363e-01      2.31230e+01      1.00000e+01      1.32411e-13
    2.29276e-01      2.26070e+01      1.00000e+01      1.35570e-13
    2.32227e-01      2.21130e+01      1.00000e+01      1.38871e-13
    2.35216e-01      2.17038e+01      1.00000e+01      1.42536e-13
    2.38244e-01      2.12893e+01      1.00000e+01      1.46249e-13
    2.41310e-01      2.08696e+01      1.00000e+01      1.50010e-13
    2.44416e-01      2.04444e+01      1.00000e+01      1.53818e-13
    2.47562e-01      2.00137e+01      1.00000e+01      1.57676e-13
    2.50748e-01      1.95775e+01      1.00000e+01      1.61584e-13
    2.53975e-01      1.91357e+01      1.00000e+01      1.65542e-13
    2.57244e-01      1.86882e+01      1.00000e+01      1.69551e-13
    2.60555e-01      1.82349e+01      1.00000e+01      1.73611e-13
    2.63909e-01      1.78391e+01      1.00000e+01      1.78026e-13
    2.67306e-01      1.74744e+01      1.00000e+01      1.82672e-13
    2.70746e-01      1.71051e+01      1.00000e+01      1.87377e-13
    2.74231e-01      1.67309e+01      1.00000e+01      1.92142e-13
    2.77761e-01      1.63520e+01      1.00000e+01      1.96969e-13
    2.81336e-01      1.59682e+01      1.00000e+01      2.01858e-13
    2.84957e-01      1.55795e+01      1.00000e+01      2.06810e-13
    2.88625e-01      1.51857e+01      1.00000e+01      2.11826e-13
    2.92340e-01      1.47940e+01      1.00000e+01      2.16951e-13
    2.96103e-01      1.44727e+01      1.00000e+01      2.22625e-13
    2.99914e-01      1.41474e+01      1.00000e+01      2.28372e-13
    3.03775e-01      1.38178e+01      1.00000e+01      2.34193e-13
    3.07685e-01      1.34840e+01      1.00000e+01      2.40089e-13
    3.11645e-01      1.31459e+01      1.00000e+01      2.46061e-13
    3.15657e-01      1.28035e+01      1.00000e+01      2.52109e-13
    3.19720e-01      1.24566e+01      1.00000e+01      2.58236e-13
    3.23835e-01      1.21320e+01      1.00000e+01      2.64659e-13
    3.28004e-01      1.18474e+01      1.00000e+01      2.71526e-13
    3.32226e-01      1.15592e+01      1.00000e+01      2.78482e-13
    3.36502e-01      1.12673e+01      1.00000e+01      2.85527e-13
    3.40834e-01      1.09716e+01      1.00000e+01      2.92662e-13
    3.45221e-01      1.06721e+01      1.00000e+01      2.99890e-13
    3.49665e-01      1.03687e+01      1.00000e+01      3.07211e-13
    3.54166e-01      1.00827e+01      1.00000e+01      3.14853e-13
    3.58725e-01      9.83065e+00      1.00000e+01      3.22997e-13
    3.63343e-01      9.57533e+00      1.00000e+01      3.31246e-13
    3.68020e-01      9.31672e+00      1.00000e+01      3.39600e-13
    3.72757e-01      9.05479e+00      1.00000e+01      3.48063e-13
    3.77556e-01      8.78947e+00      1.00000e+01      3.56634e-13
    3.82416e-01      8.52075e+00      1.00000e+01      3.65316e-13
    3.87338e-01      8.29597e+00      1.00000e+01      3.74733e-13
    3.92324e-01      8.07211e+00      1.00000e+01      3.84321e-13
    3.97375e-01      7.84536e+00      1.00000e+01      3.94033e-13
    4.02490e-01      7.61570e+00      1.00000e+01      4.03871e-13
    4.07671e-01      7.38308e+00      1.00000e+01      4.13834e-13
    4.12919e-01      7.14746e+00      1.00000e+01      4.23926e-13
    4.18235e-01      6.95057e+00      1.00000e+01      4.34838e-13
    4.23619e-01      6.75204e+00      1.00000e+01      4.45905e-13
    4.29072e-01      6.55095e+00      1.00000e+01      4.57114e-13
    4.34595e-01      6.34728e+00      1.00000e+01      4.68468e-13
    4.40190e-01      6.14098e+00      1.00000e+01      4.79968e-13
    4.45857e-01      5.94859e+00      1.00000e+01      4.91953e-13
    4.51596e-01      5.77389e+00      1.00000e+01      5.04502e-13
    4.57410e-01      5.59694e+00      1.00000e+01      5.17213e-13
    4.63298e-01      5.41772e+00      1.00000e+01      5.30087e-13
    4.69262e-01      5.23618e+00      1.00000e+01      5.43128e-13
    4.75303e-01      5.06146e+00      1.00000e+01      5.56565e-13
    4.81422e-01      4.90687e+00      1.00000e+01      5.70736e-13
    4.87619e-01      4.75029e+00      1.00000e+01      5.85089e-13
    4.93897e-01      4.59170e+00      1.00000e+01      5.99627e-13
    5.00255e-01      4.43107e+00      1.00000e+01      6.14352e-13
    5.06695e-01      4.28058e+00      1.00000e+01      6.29640e-13
    5.13218e-01      4.14321e+00      1.00000e+01      6.45583e-13
    5.19825e-01      4.00406e+00      1.00000e+01      6.61732e-13
    5.26517e-01      3.86312e+00      1.00000e+01      6.78089e-13
    5.33295e-01      3.72037e+00      1.00000e+01      6.94656e-13
    5.40160e-01      3.59641e+00      1.00000e+01      7.12214e-13
    5.47114e-01      3.47340e+00      1.00000e+01      7.30094e-13
    5.54158e-01      3.34881e+00      1.00000e+01      7.48204e-13
    5.61292e-01      3.22261e+00      1.00000e+01      7.66548e-13
    5.68518e-01      3.10672e+00      1.00000e+01      7.85660e-13
    5.75837e-01      2.99792e+00      1.00000e+01      8.05400e-13
    5.83250e-01      2.88773e+00      1.00000e+01      8.25395e-13
    5.90758e-01      2.77611e+00      1.00000e+01      8.45648e-13
    5.98364e-01      2.67195e+00      1.00000e+01      8.66638e-13
    6.06067e-01      2.57538e+00      1.00000e+01      8.88378e-13
    6.13869e-01      2.47757e+00      1.00000e+01      9.10398e-13
    6.21772e-01      2.37850e+00      1.00000e+01      9.32701e-13
    6.29777e-01      2.28695e+00      1.00000e+01      9.55908e-13
    6.37885e-01      2.19964e+00      1.00000e+01      9.79792e-13
    6.46097e-01      2.11120e+00      1.00000e+01      1.00398e-12
    6.54415e-01      2.02163e+00      1.00000e+01      1.02849e-12
    6.62840e-01      1.94333e+00      1.00000e+01      1.05426e-12
    6.71373e-01      1.86506e+00      1.00000e+01      1.08044e-12
    6.80017e-01      1.78577e+00      1.00000e+01      1.10696e-12
    6.88771e-01      1.70999e+00      1.00000e+01      1.13425e-12
    6.97639e-01      1.64022e+00      1.00000e+01      1.16254e-12
    7.06620e-01      1.56955e+00      1.00000e+01      1.19120e-12
    7.15717e-01      1.49815e+00      1.00000e+01      1.22024e-12
    7.24932e-01      1.43591e+00      1.00000e+01      1.25076e-12
    7.34265e-01      1.37287e+00      1.00000e+01      1.28166e-12
    7.43718e-01      1.30902e+00      1.00000e+01      1.31297e-12
    7.53293e-01      1.25144e+00      1.00000e+01      1.34557e-12
    7.62991e-01      1.19512e+00      1.00000e+01      1.37885e-12
    7.72814e-01      1.13807e+00      1.00000e+01      1.41256e-12
    7.82763e-01      1.08563e+00      1.00000e+01      1.44750e-12
    7.92841e-01      1.03514e+00      1.00000e+01      1.48328e-12
    8.03048e-01      9.83998e-01      1.00000e+01      1.51952e-12
    8.13387e-01      9.37123e-01      1.00000e+01      1.55707e-12
    8.23859e-01      8.91949e-01      1.00000e+01      1.59549e-12
    8.34466e-01      8.46193e-01      1.00000e+01      1.63441e-12
    8.45209e-01      8.04866e-01      1.00000e+01      1.67484e-12
    8.56091e-01      7.64242e-01      1.00000e+01      1.71605e-12
    8.67113e-01      7.23242e-01      1.00000e+01      1.75781e-12
    8.78276e-01      6.87142e-01      1.00000e+01      1.80139e-12
    8.89584e-01      6.50578e-01      1.00000e+01      1.84553e-12
    9.01037e-01      6.15248e-01      1.00000e+01      1.89069e-12
    9.12637e-01      5.82725e-01      1.00000e+01      1.93732e-12
    9.24387e-01      5.49784e-01      1.00000e+01      1.98455e-12
    9.36288e-01      5.19652e-01      1.00000e+01      2.03347e-12
    9.48343e-01      4.90204e-01      1.00000e+01      2.08338e-12
    9.60552e-01      4.61353e-01      1.00000e+01      2.13424e-12
    9.72919e-01      4.35194e-01      1.00000e+01      2.18672e-12
    9.85445e-01      4.08699e-01      1.00000e+01      2.23987e-12
    9.98133e-01      3.84736e-01      1.00000e+01      2.32199e-12
    1.01098e+00      3.61138e-01      1.00000e+01      2.41179e-12
    1.02400e+00      3.38681e-01      1.00000e+01      2.48876e-12
    1.03718e+00      3.17689e-01      1.00000e+01      2.54974e-12
    1.05054e+00      2.96882e-01      1.00000e+01      2.61176e-12
    1.06406e+00      2.78138e-01      1.00000e+01      2.67590e-12
    1.07776e+00      2.59152e-01      1.00000e+01      2.74086e-12
    1.09164e+00      2.42368e-01      1.00000e+01      2.80817e-12
    1.10569e+00      2.25524e-01      1.00000e+01      2.87645e-12
    1.11993e+00      2.10208e-01      1.00000e+01      2.94687e-12
    1.13435e+00      1.95197e-01      1.00000e+01      3.01857e-12
    1.14895e+00      1.81347e-01      1.00000e+01      3.09232e-12
    1.16374e+00      1.67979e-01      1.00000e+01      3.16757e-12
    1.17873e+00      1.55474e-01      1.00000e+01      3.24486e-12
    1.19390e+00      1.43434e-01      1.00000e+01      3.32379e-12
    1.20928e+00      1.32424e-01      1.00000e+01      3.40483e-12
    1.22484e+00      1.21977e-01      1.00000e+01      3.48756e-12
    1.24061e+00      1.12292e-01      1.00000e+01      3.57264e-12
    1.25659e+00      1.02904e-01      1.00000e+01      3.65942e-12
    1.27277e+00      9.44119e-02      1.00000e+01      3.74858e-12
    1.28915e+00      8.60958e-02      1.00000e+01      3.83924e-12
    1.30575e+00      7.87618e-02      1.00000e+01      3.93288e-12
    1.32256e+00      7.15403e-02      1.00000e+01      4.02808e-12
    1.33959e+00      6.51570e-02      1.00000e+01      4.12610e-12
    1.35684e+00      5.90233e-02      1.00000e+01      4.22609e-12
    1.37431e+00      5.34439e-02      1.00000e+01      4.32872e-12
    1.39200e+00      4.82795e-02      1.00000e+01      4.43384e-12
    1.40992e+00      4.33567e-02      1.00000e+01      4.54106e-12
    1.42808e+00      3.90758e-02      1.00000e+01      4.65147e-12
    1.44646e+00      3.49730e-02      1.00000e+01      4.76399e-12
    1.46509e+00      3.13031e-02      1.00000e+01      4.87944e-12
    1.48395e+00      2.79533e-02      1.00000e+01      4.99768e-12
    1.50306e+00      2.47934e-02      1.00000e+01      5.11828e-12
    1.52241e+00      2.20678e-02      1.00000e+01      5.24245e-12
    1.54201e+00      1.95169e-02      1.00000e+01      5.36925e-12
    1.56186e+00      1.71532e-02      1.00000e+01      5.49877e-12
    1.58197e+00      1.51461e-02      1.00000e+01      5.63198e-12
    1.60234e+00      1.32735e-02      1.00000e+01      5.76795e-12
    1.62297e+00      1.15460e-02      1.00000e+01      5.90680e-12
    1.64387e+00      1.00451e-02      1.00000e+01      6.04956e-12
    1.66503e+00      8.71192e-03      1.00000e+01      6.19533e-12
    1.68647e+00      7.53849e-03      1.00000e+01      6.34423e-12
    1.70819e+00      6.50724e-03      1.00000e+01      6.49696e-12
    1.73018e+00      5.60500e-03      1.00000e+01      6.65324e-12
    1.75246e+00      4.80361e-03      1.00000e+01      6.81294e-12
    1.77502e+00      4.10133e-03      1.00000e+01      6.97616e-12
    1.79787e+00      3.52974e-03      1.00000e+01      7.14368e-12
    1.82102e+00      3.03202e-03      1.00000e+01      7.31496e-12
    1.84447e+00      2.60799e-03      1.00000e+01      7.49003e-12
    1.86822e+00      2.25576e-03      1.00000e+01      7.66902e-12
    1.89227e+00      1.96443e-03      1.00000e+01      7.85236e-12
    1.91663e+00      1.72517e-03      1.00000e+01      8.04009e-12
    1.94131e+00      1.52204e-03      1.00000e+01      8.23202e-12
    1.96631e+00      1.34949e-03      1.00000e+01      8.42830e-12
    1.99162e+00      1.20410e-03      1.00000e+01      8.68044e-12
    2.01727e+00      1.08606e-03      1.00000e+01      9.11924e-12
    2.04324e+00      9.78426e-04      1.00000e+01      9.33638e-12
    2.06955e+00      8.84209e-04      1.00000e+01      9.55757e-12
    2.09619e+00      8.01639e-04      1.00000e+01      9.78511e-12
    2.12318e+00      7.29401e-04      1.00000e+01      1.00177e-11
    2.15052e+00      6.66369e-04      1.00000e+01      1.02553e-11
    2.17821e+00      6.12656e-04      1.00000e+01      1.04983e-11
    2.20625e+00      5.67844e-04      1.00000e+01      1.07469e-11
    2.23466e+00      5.29138e-04      1.00000e+01      1.10010e-11
    2.26343e+00      4.96605e-04      1.00000e+01      1.12610e-11
    2.29257e+00      4.69445e-04      1.00000e+01      1.15270e-11
    2.32209e+00      4.46909e-04      1.00000e+01      1.17989e-11
    2.35199e+00      4.28257e-04      1.00000e+01      1.20772e-11
    2.38227e+00      4.12647e-04      1.00000e+01      1.23615e-11
    2.41295e+00      3.99833e-04      1.00000e+01      1.26501e-11
    2.44401e+00      3.89212e-04      1.00000e+01      1.29504e-11
    2.47548e+00      3.80409e-04      1.00000e+01      1.32549e-11
    2.50736e+00      3.73056e-04      1.00000e+01      1.35662e-11
    2.53964e+00      3.66930e-04      1.00000e+01      1.38846e-11
    2.57234e+00      3.61843e-04      1.00000e+01      1.42102e-11
    2.60546e+00      3.57652e-04      1.00000e+01      1.45431e-11
    2.63901e+00      3.54239e-04      1.00000e+01      1.48834e-11
    2.67298e+00      3.51509e-04      1.00000e+01      1.52314e-11
    2.70740e+00      3.49381e-04      1.00000e+01      1.55872e-11
    2.74226e+00      3.47779e-04      1.00000e+01      1.59513e-11
    2.77757e+00      3.46665e-04      1.00000e+01      1.63233e-11
    2.81333e+00      3.45902e-04      1.00000e+01      1.67038e-11
    2.84955e+00      3.45410e-04      1.00000e+01      1.70929e-11
    2.88624e+00      3.45109e-04      1.00000e+01      1.74905e-11
    2.92341e+00      3.44938e-04      1.00000e+01      1.78969e-11
    2.96105e+00      3.44852e-04      1.00000e+01      1.83127e-11
    2.99917e+00      3.44806e-04      1.00000e+01      1.87379e-11
    3.03779e+00      3.44781e-04      1.00000e+01      1.91722e-11
    3.07690e+00      3.44759e-04      1.00000e+01      1.96166e-11
    3.11652e+00      3.44736e-04      1.00000e+01      2.00701e-11
    3.15665e+00      3.44714e-04      1.00000e+01      2.05343e-11
    3.19729e+00      3.44691e-04      1.00000e+01      2.10088e-11
    3.23846e+00      3.44669e-04      1.00000e+01      2.14940e-11
    3.28015e+00      3.44645e-04      1.00000e+01      2.19896e-11
    3.32239e+00      3.44625e-04      1.00000e+01      2.24951e-11
    3.36517e+00      3.44599e-04      1.00000e+01      2.30125e-11
    3.40849e+00      3.44575e-04      1.00000e+01      2.35435e-11
    3.45238e+00      3.44551e-04      1.00000e+01      2.40847e-11
    3.49683e+00      3.44526e-04      1.00000e+01      2.46373e-11
    3.54186e+00      3.44502e-04      1.00000e+01      2.52030e-11
    3.58746e+00      3.44478e-04      1.00000e+01      2.57804e-11
    3.63365e+00      3.44436e-04      1.00000e+01      2.63708e-11
    3.68044e+00      3.44427e-04      1.00000e+01      2.69738e-11
    3.72783e+00      3.44400e-04      1.00000e+01      2.75904e-11
    3.77582e+00      3.44374e-04      1.00000e+01      2.82202e-11
    3.82444e+00      3.44349e-04      1.00000e+01      2.88641e-11
    3.87368e+00      3.44323e-04      1.00000e+01      2.95219e-11
    3.92356e+00      3.44294e-04      1.00000e+01      3.01938e-11
    3.97408e+00      3.44269e-04      1.00000e+01      3.08807e-11
    4.02525e+00      3.44242e-04      1.00000e+01      3.15822e-11
    4.07708e+00      3.44213e-04      1.00000e+01      3.22990e-11
    4.12957e+00      3.44187e-04      1.00000e+01      3.30317e-11
    4.18274e+00      3.44158e-04      1.00000e+01      3.37799e-11
    4.23660e+00      3.44129e-04      1.00000e+01      3.45447e-11
    4.29115e+00      3.44099e-04      1.00000e+01      3.53254e-11
    4.34640e+00      3.44074e-04      1.00000e+01      3.61235e-11
    4.40236e+00      3.44043e-04      1.00000e+01      3.69387e-11
    4.45905e+00      3.44012e-04      1.00000e+01      3.77714e-11
    4.51646e+00      3.43982e-04      1.00000e+01      3.86222e-11
    4.57461e+00      3.43952e-04      1.00000e+01      3.94911e-11
    4.63351e+00      3.43920e-04      1.00000e+01      4.03785e-11
    4.69317e+00      3.43890e-04      1.00000e+01      4.12846e-11
    4.75360e+00      3.43858e-04      1.00000e+01      4.22107e-11
    4.81481e+00      3.43826e-04      1.00000e+01      4.31567e-11
    4.87680e+00      3.43794e-04      1.00000e+01      4.41272e-11
    4.93960e+00      3.43762e-04      1.00000e+01      4.51235e-11
    5.00320e+00      3.43729e-04      1.00000e+01      4.61463e-11
    5.06762e+00      3.43696e-04      1.00000e+01      4.71968e-11
    5.13287e+00      3.43663e-04      1.00000e+01      4.82775e-11
    5.19896e+00      3.43629e-04      1.00000e+01      4.93980e-11
    5.26590e+00      3.43597e-04      1.00000e+01      5.05244e-11
    5.33370e+00      3.43562e-04      1.00000e+01      5.16949e-11
    5.40238e+00      3.43529e-04      1.00000e+01      5.28974e-11
    5.47194e+00      3.43495e-04      1.00000e+01      5.41349e-11
    5.54239e+00      3.43465e-04      1.00000e+01      5.54035e-11
    5.61375e+00      3.43426e-04      1.00000e+01      5.67088e-11
    5.68604e+00      3.43391e-04      1.00000e+01      5.80517e-11
    5.75925e+00      3.43358e-04      1.00000e+01      5.94298e-11
    5.83340e+00      3.43320e-04      1.00000e+01      6.08473e-11
    5.90851e+00      3.43285e-04      1.00000e+01      6.23050e-11
    5.98459e+00      3.43250e-04      1.00000e+01      6.38039e-11
    6.06165e+00      3.43214e-04      1.00000e+01      6.53447e-11
    6.13970e+00      3.43178e-04      1.00000e+01      6.69293e-11
    6.21875e+00      3.43141e-04      1.00000e+01      6.85589e-11
    6.29882e+00      3.43109e-04      1.00000e+01      7.02345e-11
    6.37992e+00      3.43067e-04      1.00000e+01      7.19503e-11
    6.46207e+00      3.43030e-04      1.00000e+01      7.37070e-11
    6.54527e+00      3.43109e-04      1.00000e+01      7.55058e-11
    6.62955e+00      3.42952e-04      1.00000e+01      7.73473e-11
    6.71491e+00      3.42912e-04      1.00000e+01      7.92326e-11
    6.80137e+00      3.42872e-04      1.00000e+01      8.11625e-11
    6.88895e+00      3.42831e-04      1.00000e+01      8.31381e-11
    6.97765e+00      3.42792e-04      1.00000e+01      8.51608e-11
    7.06749e+00      3.42750e-04      1.00000e+01      8.72311e-11
    7.15849e+00      3.42708e-04      1.00000e+01      8.93505e-11
    7.25066e+00      3.42666e-04      1.00000e+01      9.15205e-11
    7.34402e+00      3.42624e-04      1.00000e+01      9.37421e-11
    7.43858e+00      3.42580e-04      1.00000e+01      9.60141e-11
    7.53436e+00      3.42534e-04      1.00000e+01      9.83415e-11
    7.63137e+00      3.42490e-04      1.00000e+01      1.00723e-10
    7.72963e+00      3.42445e-04      1.00000e+01      1.03162e-10
    7.82916e+00      3.42401e-04      1.00000e+01      1.05656e-10
    7.92997e+00      3.42356e-04      1.00000e+01      1.08211e-10
    8.03207e+00      3.42309e-04      1.00000e+01      1.10824e-10
    8.13549e+00      3.42262e-04      1.00000e+01      1.13500e-10
    8.24024e+00      3.42213e-04      1.00000e+01      1.16238e-10
    8.34634e+00      3.42166e-04      1.00000e+01      1.19042e-10
    8.45381e+00      3.42118e-04      1.00000e+01      1.21910e-10
    8.56266e+00      3.42068e-04      1.00000e+01      1.24845e-10
    8.67291e+00      3.42018e-04      1.00000e+01      1.27849e-10
    8.78458e+00      3.41966e-04      1.00000e+01      1.30924e-10
    8.89769e+00      3.41918e-04      1.00000e+01      1.34071e-10
    9.01226e+00      3.41864e-04      1.00000e+01      1.37291e-10
    9.12830e+00      3.41812e-04      1.00000e+01      1.40585e-10
    9.24583e+00      3.41759e-04      1.00000e+01      1.43957e-10
    9.36488e+00      3.41706e-04      1.00000e+01      1.47408e-10
    9.48546e+00      3.41651e-04      1.00000e+01      1.50938e-10
    9.60760e+00      3.41595e-04      1.00000e+01      1.54552e-10
    9.73131e+00      3.41541e-04      1.00000e+01      1.58249e-10
    9.85660e+00      3.41486e-04      1.00000e+01      1.62032e-10
    9.98352e+00      3.41427e-04      1.00000e+01      1.65901e-10
    1.01121e+01      3.41370e-04      1.00000e+01      1.69863e-10
    1.02423e+01      3.41312e-04      1.00000e+01      1.73915e-10
    1.03741e+01      3.41252e-04      1.00000e+01      1.78062e-10
    1.05077e+01      3.41194e-04      1.00000e+01      1.82305e-10
    1.06430e+01      3.41133e-04      1.00000e+01      1.86645e-10
    1.07801e+01      3.41073e-04      1.00000e+01      1.91085e-10
    1.09189e+01      3.41012e-04      1.00000e+01      1.95629e-10
    1.10595e+01      3.40950e-04      1.00000e+01      2.00277e-10
    1.12019e+01      3.40885e-04      1.00000e+01      2.05031e-10
    1.13461e+01      3.40828e-04      1.00000e+01      2.09897e-10
    1.14922e+01      3.40759e-04      1.00000e+01      2.14875e-10
    1.16402e+01      3.40697e-04      1.00000e+01      2.19965e-10
    1.17900e+01      3.40629e-04      1.00000e+01      2.25176e-10
    1.19418e+01      3.40562e-04      1.00000e+01      2.30501e-10
    1.20956e+01      3.40493e-04      1.00000e+01      2.35950e-10
    1.22513e+01      3.40422e-04      1.00000e+01      2.41522e-10
    1.24091e+01      3.40357e-04      1.00000e+01      2.47228e-10
    1.25689e+01      3.40286e-04      1.00000e+01      2.53061e-10
    1.27307e+01      3.40218e-04      1.00000e+01      2.59028e-10
    1.28946e+01      3.40145e-04      1.00000e+01      2.65130e-10
    1.30607e+01      3.40072e-04      1.00000e+01      2.71371e-10
    1.32288e+01      3.39997e-04      1.00000e+01      2.77755e-10
    1.33992e+01      3.39924e-04      1.00000e+01      2.84284e-10
    1.35717e+01      3.39848e-04      1.00000e+01      2.90962e-10
    1.37464e+01      3.39772e-04      1.00000e+01      2.97791e-10
    1.39234e+01      3.39698e-04      1.00000e+01      3.04778e-10
    1.41027e+01      3.39619e-04      1.00000e+01      3.11920e-10
    1.42843e+01      3.39540e-04      1.00000e+01      3.19227e-10
    1.44682e+01      3.39459e-04      1.00000e+01      3.26693e-10
    1.46545e+01      3.39379e-04      1.00000e+01      3.34335e-10
    1.48432e+01      3.39298e-04      1.00000e+01      3.42146e-10
    1.50343e+01      3.39216e-04      1.00000e+01      3.50136e-10
    1.52279e+01      3.39134e-04      1.00000e+01      3.58307e-10
    1.54240e+01      3.39049e-04      1.00000e+01      3.66660e-10
    1.56226e+01      3.38964e-04      1.00000e+01      3.75199e-10
    1.58237e+01      3.38878e-04      1.00000e+01      3.83931e-10
    1.60275e+01      3.38791e-04      1.00000e+01      3.92861e-10
    1.62338e+01      3.38702e-04      1.00000e+01      4.01988e-10
    1.64429e+01      3.38613e-04      1.00000e+01      4.11325e-10
    1.66546e+01      3.38525e-04      1.00000e+01      4.20870e-10
    1.68690e+01      3.38433e-04      1.00000e+01      4.30625e-10
    1.70862e+01      3.38342e-04      1.00000e+01      4.40600e-10
    1.73062e+01      3.38248e-04      1.00000e+01      4.50799e-10
    1.75291e+01      3.38153e-04      1.00000e+01      4.61224e-10
    1.77548e+01      3.38059e-04      1.00000e+01      4.71883e-10
    1.79834e+01      3.37964e-04      1.00000e+01      4.82777e-10
    1.82149e+01      3.37867e-04      1.00000e+01      4.93919e-10
    1.84495e+01      3.37768e-04      1.00000e+01      5.05302e-10
    1.86870e+01      3.37668e-04      1.00000e+01      5.16934e-10
    1.89276e+01      3.37568e-04      1.00000e+01      5.28832e-10
    1.91714e+01      3.37467e-04      1.00000e+01      5.40990e-10
    1.94182e+01      3.37363e-04      1.00000e+01      5.53415e-10
    1.96682e+01      3.37256e-04      1.00000e+01      5.66106e-10
    1.99215e+01      3.37153e-04      1.00000e+01      5.79082e-10
    2.01780e+01      3.37048e-04      1.00000e+01      5.92335e-10
    2.04378e+01      3.36941e-04      1.00000e+01      6.05878e-10
    2.07010e+01      3.36831e-04      1.00000e+01      6.19710e-10
    2.09675e+01      3.36720e-04      1.00000e+01      6.33846e-10
    2.12375e+01      3.36609e-04      1.00000e+01      6.48277e-10
    2.15109e+01      3.36496e-04      1.00000e+01      6.63030e-10
    2.17879e+01      3.36384e-04      1.00000e+01      6.78087e-10
    2.20685e+01      3.36269e-04      1.00000e+01      6.93494e-10
    2.23526e+01      3.36153e-04      1.00000e+01      7.09206e-10
    2.26404e+01      3.36032e-04      1.00000e+01      7.25261e-10
    2.29319e+01      3.35916e-04      1.00000e+01      7.41657e-10
    2.32272e+01      3.35796e-04      1.00000e+01      7.58406e-10
    2.35263e+01      3.35671e-04      1.00000e+01      7.75508e-10
    2.38292e+01      3.35551e-04      1.00000e+01      7.92977e-10
    2.41360e+01      3.35428e-04      1.00000e+01      8.10819e-10
    2.44468e+01      3.35301e-04      1.00000e+01      8.29037e-10
    2.47616e+01      3.35176e-04      1.00000e+01      8.47633e-10
    2.50804e+01      3.35048e-04      1.00000e+01      8.66632e-10
    2.54034e+01      3.34918e-04      1.00000e+01      8.86009e-10
    2.57304e+01      3.34786e-04      1.00000e+01      9.05820e-10
    2.60618e+01      3.34654e-04      1.00000e+01      9.26037e-10
    2.63973e+01      3.34519e-04      1.00000e+01      9.46676e-10
    2.67372e+01      3.34383e-04      1.00000e+01      9.67744e-10
    2.70815e+01      3.34247e-04      1.00000e+01      9.89253e-10
    2.74302e+01      3.34109e-04      1.00000e+01      1.01121e-09
    2.77834e+01      3.33968e-04      1.00000e+01      1.03363e-09
    2.81411e+01      3.33827e-04      1.00000e+01      1.05651e-09
    2.85035e+01      3.33685e-04      1.00000e+01      1.07986e-09
    2.88705e+01      3.33540e-04      1.00000e+01      1.10369e-09
    2.92422e+01      3.33394e-04      1.00000e+01      1.12802e-09
    2.96187e+01      3.33247e-04      1.00000e+01      1.15284e-09
    3.00001e+01      3.33096e-04      1.00000e+01      1.17817e-09
