    Er (keV)         SM dN/dE         BG dN/dE        BSM dN/dE (events/kg/day/keV)
    1.01000e-02      8.67295e-01      5.00000e+00      3.06599e-17
    1.02614e-02      8.62747e-01      5.00000e+00      3.30295e-17
    1.04254e-02      8.58125e-01      5.00000e+00      3.54375e-17
    1.05921e-02      8.53428e-01      5.00000e+00      3.78843e-17
    1.07615e-02      8.48656e-01      5.00000e+00      4.03706e-17
    1.09336e-02      8.43806e-01      5.00000e+00      4.28970e-17
    1.11084e-02      8.38879e-01      5.00000e+00      4.54642e-17
    1.12861e-02      8.33871e-01      5.00000e+00      4.80729e-17
    1.14667e-02      8.28783e-01      5.00000e+00      5.07236e-17
    1.16502e-02      8.23613e-01      5.00000e+00      5.34172e-17
    1.18366e-02      8.18359e-01      5.00000e+00      5.61542e-17
    1.20261e-02      8.13021e-01      5.00000e+00      5.89354e-17
    1.22186e-02      8.07596e-01      5.00000e+00      6.17615e-17
    1.24142e-02      8.02084e-01      5.00000e+00      6.46332e-17
    1.26129e-02      7.96483e-01      5.00000e+00      6.75513e-17
    1.28149e-02      7.90791e-01      5.00000e+00      7.05164e-17
    1.30202e-02      7.85008e-01      5.00000e+00      7.35295e-17
    1.32287e-02      7.79131e-01      5.00000e+00      7.65911e-17
    1.34406e-02      7.73159e-01      5.00000e+00      7.97022e-17
    1.36560e-02      7.67091e-01      5.00000e+00      8.28635e-17
    1.38748e-02      7.60925e-01      5.00000e+00      8.60758e-17
    1.40971e-02      7.54660e-01      5.00000e+00      8.93400e-17
    1.43231e-02      7.48293e-01      5.00000e+00      9.26569e-17
    1.45527e-02      7.41823e-01      5.00000e+00      9.60273e-17
    1.47859e-02      7.35249e-01      5.00000e+00      9.94521e-17
    1.50230e-02      7.28569e-01      5.00000e+00      1.02932e-16
    1.52639e-02      7.21782e-01      5.00000e+00      1.06469e-16
    1.55086e-02      7.14884e-01      5.00000e+00      1.10062e-16
    1.57574e-02      7.07876e-01      5.00000e+00      1.13713e-16
    1.60101e-02      7.00754e-01      5.00000e+00      1.17424e-16
    1.62669e-02      6.93517e-01      5.00000e+00      1.21194e-16
    1.65279e-02      6.86163e-01      5.00000e+00      1.25025e-16
    1.67931e-02      6.78691e-01      5.00000e+00      1.28918e-16
    1.70625e-02      6.71098e-01      5.00000e+00      1.32873e-16
    1.73363e-02      6.63382e-01      5.00000e+00      1.36893e-16
    1.76145e-02      6.55542e-01      5.00000e+00      1.40977e-16
    1.78972e-02      6.47576e-01      5.00000e+00      1.45128e-16
    1.81845e-02      6.39480e-01      5.00000e+00      1.49345e-16
    1.84764e-02      6.31255e-01      5.00000e+00      1.53631e-16
    1.87731e-02      6.22896e-01      5.00000e+00      1.57985e-16
    1.90745e-02      6.14402e-01      5.00000e+00      1.62410e-16
    1.93808e-02      6.05772e-01      5.00000e+00      1.66907e-16
    1.96920e-02      5.97002e-01      5.00000e+00      1.71475e-16
    2.00082e-02      5.88090e-01      5.00000e+00      1.76118e-16
    2.03296e-02      5.79035e-01      5.00000e+00      1.80836e-16
    2.06561e-02      5.69833e-01      5.00000e+00      1.85630e-16
    2.09879e-02      5.60483e-01      5.00000e+00      1.90501e-16
    2.13251e-02      5.50982e-01      5.00000e+00      1.95450e-16
    2.16677e-02      5.41328e-01      5.00000e+00      2.00480e-16
    2.20158e-02      5.31517e-01      5.00000e+00      2.05591e-16
    2.23696e-02      5.21549e-01      5.00000e+00      2.10784e-16
    2.27291e-02      5.11419e-01      5.00000e+00      2.16062e-16
    2.30943e-02      5.01126e-01      5.00000e+00      2.21424e-16
    2.34655e-02      4.90667e-01      5.00000e+00      2.26873e-16
    2.38426e-02      4.80039e-01      5.00000e+00      2.32410e-16
    2.42259e-02      4.69240e-01      5.00000e+00      2.38036e-16
    2.46153e-02      4.58266e-01      5.00000e+00      2.43753e-16
    2.50110e-02      4.47115e-01      5.00000e+00      2.49562e-16
    2.54131e-02      4.35784e-01      5.00000e+00      2.55465e-16
    2.58217e-02      4.24270e-01      5.00000e+00      2.61464e-16
    2.62369e-02      4.12570e-01      5.00000e+00      2.67559e-16
    2.66588e-02      4.00682e-01      5.00000e+00      2.73753e-16
    2.70875e-02      3.88601e-01      5.00000e+00      2.80046e-16
    2.75231e-02      3.76326e-01      5.00000e+00      2.86442e-16
    2.79658e-02      3.63852e-01      5.00000e+00      2.92940e-16
    2.84156e-02      3.51177e-01      5.00000e+00      2.99543e-16
    2.88727e-02      3.38298e-01      5.00000e+00      3.06253e-16
    2.93371e-02      3.25210e-01      5.00000e+00      3.13071e-16
    2.98090e-02      3.11912e-01      5.00000e+00      3.20000e-16
    3.02886e-02      2.98398e-01      5.00000e+00      3.27040e-16
    3.07759e-02      2.84667e-01      5.00000e+00      3.34193e-16
    3.12710e-02      2.70714e-01      5.00000e+00      3.41463e-16
    3.17742e-02      2.56535e-01      5.00000e+00      3.48849e-16
    3.22855e-02      2.42128e-01      5.00000e+00      3.56355e-16
    3.28050e-02      2.27488e-01      5.00000e+00      3.63982e-16
    3.33329e-02      2.12612e-01      5.00000e+00      3.71732e-16
    3.38693e-02      1.97496e-01      5.00000e+00      3.79607e-16
    3.44144e-02      1.82136e-01      5.00000e+00      3.87609e-16
    3.49683e-02      1.66528e-01      5.00000e+00      3.95741e-16
    3.55311e-02      1.50667e-01      5.00000e+00      4.04003e-16
    3.61031e-02      1.34551e-01      5.00000e+00      4.12400e-16
    3.66842e-02      1.18175e-01      5.00000e+00      4.20931e-16
    3.72747e-02      1.01534e-01      5.00000e+00      4.29600e-16
    3.78748e-02      8.46253e-02      5.00000e+00      4.38410e-16
    3.84845e-02      6.74431e-02      5.00000e+00      4.47361e-16
    3.91041e-02      4.99836e-02      5.00000e+00      4.56457e-16
    3.97337e-02      3.22423e-02      5.00000e+00      4.65700e-16
    4.03735e-02      1.64446e-02      5.00000e+00      4.76516e-16
    4.10236e-02      1.61239e-02      5.00000e+00      4.97554e-16
    4.16841e-02      1.57981e-02      5.00000e+00      5.18931e-16
    4.23554e-02      1.54670e-02      5.00000e+00      5.40653e-16
    4.30374e-02      1.51306e-02      5.00000e+00      5.62726e-16
    4.37305e-02      1.47887e-02      5.00000e+00      5.85156e-16
    4.44348e-02      1.44414e-02      5.00000e+00      6.07947e-16
    4.51504e-02      1.40884e-02      5.00000e+00      6.31106e-16
    4.58776e-02      1.37297e-02      5.00000e+00      6.54639e-16
    4.66165e-02      1.33652e-02      5.00000e+00      6.78552e-16
    4.73674e-02      1.29949e-02      5.00000e+00      7.02851e-16
    4.81304e-02      1.26185e-02      5.00000e+00      7.27543e-16
    4.89056e-02      1.22361e-02      5.00000e+00      7.52632e-16
    4.96934e-02      1.18475e-02      5.00000e+00      7.78127e-16
    5.04940e-02      1.14527e-02      5.00000e+00      8.04033e-16
    5.13074e-02      1.10515e-02      5.00000e+00      8.30358e-16
    5.21340e-02      1.06438e-02      5.00000e+00      8.57107e-16
    5.29739e-02      1.02295e-02      5.00000e+00      8.84288e-16
    5.38274e-02      9.80851e-03      5.00000e+00      9.11908e-16
    5.46946e-02      9.38074e-03      5.00000e+00      9.39974e-16
    5.55758e-02      8.94607e-03      5.00000e+00      9.68493e-16
    5.64713e-02      8.50438e-03      5.00000e+00      9.97472e-16
    5.73812e-02      8.05556e-03      5.00000e+00      1.02692e-15
    5.83059e-02      7.59950e-03      5.00000e+00      1.05684e-15
    5.92454e-02      7.13607e-03      5.00000e+00      1.08725e-15
    6.02001e-02      6.66517e-03      5.00000e+00      1.11814e-15
    6.11702e-02      6.18666e-03      5.00000e+00      1.14954e-15
    6.21560e-02      5.70044e-03      5.00000e+00      1.18144e-15
    6.31577e-02      5.20636e-03      5.00000e+00      1.21385e-15
    6.41755e-02      4.70430e-03      5.00000e+00      1.24679e-15
    6.52098e-02      4.19415e-03      5.00000e+00      1.28027e-15
    6.62608e-02      3.67576e-03      5.00000e+00      1.31428e-15
    6.73287e-02      3.14900e-03      5.00000e+00      1.34884e-15
    6.84139e-02      2.61373e-03      5.00000e+00      1.38396e-15
    6.95166e-02      2.06983e-03      5.00000e+00      1.41964e-15
    7.06371e-02      1.54231e-03      5.00000e+00      1.45698e-15
    7.17757e-02      1.53975e-03      5.00000e+00      1.51779e-15
    7.29326e-02      1.53716e-03      5.00000e+00      1.57958e-15
    7.41083e-02      1.53452e-03      5.00000e+00      1.64236e-15
    7.53029e-02      1.53184e-03      5.00000e+00      1.70616e-15
    7.65168e-02      1.52911e-03      5.00000e+00      1.77099e-15
    7.77503e-02      1.52634e-03      5.00000e+00      1.83686e-15
    7.90037e-02      1.52353e-03      5.00000e+00      1.90380e-15
    8.02773e-02      1.52067e-03      5.00000e+00      1.97182e-15
    8.15715e-02      1.51777e-03      5.00000e+00      2.04094e-15
    8.28866e-02      1.51481e-03      5.00000e+00      2.11117e-15
    8.42229e-02      1.51182e-03      5.00000e+00      2.18254e-15
    8.55808e-02      1.50877e-03      5.00000e+00      2.25506e-15
    8.69606e-02      1.50567e-03      5.00000e+00      2.32875e-15
    8.83627e-02      1.50252e-03      5.00000e+00      2.40362e-15
    8.97874e-02      1.49933e-03      5.00000e+00      2.47971e-15
    9.12351e-02      1.49608e-03      5.00000e+00      2.55703e-15
    9.27061e-02      1.49278e-03      5.00000e+00      2.63559e-15
    9.42009e-02      1.48942e-03      5.00000e+00      2.71542e-15
    9.57199e-02      1.48601e-03      5.00000e+00      2.79654e-15
    9.72633e-02      1.48255e-03      5.00000e+00      2.87897e-15
    9.88317e-02      1.47903e-03      5.00000e+00      2.96273e-15
    1.00425e-01      1.47545e-03      5.00000e+00      3.04784e-15
    1.02045e-01      1.47200e-03      5.00000e+00      3.15301e-15
    1.03690e-01      1.46858e-03      5.00000e+00      3.26726e-15
    1.05362e-01      1.46509e-03      5.00000e+00      3.38335e-15
    1.07062e-01      1.46155e-03      5.00000e+00      3.50131e-15
    1.08788e-01      1.45796e-03      5.00000e+00      3.62118e-15
    1.10543e-01      1.45430e-03      5.00000e+00      3.74298e-15
    1.12325e-01      1.45059e-03      5.00000e+00      3.86675e-15
    1.14137e-01      1.44682e-03      5.00000e+00      3.99252e-15
    1.15977e-01      1.44298e-03      5.00000e+00      4.12032e-15
    1.17848e-01      1.43909e-03      5.00000e+00      4.25017e-15
    1.19749e-01      1.43513e-03      5.00000e+00      4.38213e-15
    1.21680e-01      1.43110e-03      5.00000e+00      4.51622e-15
    1.23642e-01      1.42701e-03      5.00000e+00      4.65247e-15
    1.25637e-01      1.42286e-03      5.00000e+00      4.79092e-15
    1.27663e-01      1.41864e-03      5.00000e+00      4.93160e-15
    1.29722e-01      1.41435e-03      5.00000e+00      5.07456e-15
    1.31814e-01      1.41009e-03      5.00000e+00      5.23124e-15
    1.33940e-01      1.40597e-03      5.00000e+00      5.41661e-15
    1.36101e-01      1.40178e-03      5.00000e+00      5.60498e-15
    1.38296e-01      1.39752e-03      5.00000e+00      5.79639e-15
    1.40527e-01      1.39320e-03      5.00000e+00      5.99089e-15
    1.42794e-01      1.38881e-03      5.00000e+00      6.18853e-15
    1.45097e-01      1.38435e-03      5.00000e+00      6.38936e-15
    1.47437e-01      1.37981e-03      5.00000e+00      6.59343e-15
    1.49816e-01      1.37520e-03      5.00000e+00      6.80079e-15
    1.52232e-01      1.37052e-03      5.00000e+00      7.01150e-15
    1.54688e-01      1.36576e-03      5.00000e+00      7.22562e-15
    1.57183e-01      1.36092e-03      5.00000e+00      7.44319e-15
    1.59719e-01      1.35601e-03      5.00000e+00      7.66427e-15
    1.62295e-01      1.35112e-03      5.00000e+00      7.90353e-15
    1.64913e-01      1.34637e-03      5.00000e+00      8.17788e-15
    1.67574e-01      1.34154e-03      5.00000e+00      8.45665e-15
    1.70277e-01      1.33664e-03      5.00000e+00      8.73992e-15
    1.73024e-01      1.33165e-03      5.00000e+00      9.02776e-15
    1.75815e-01      1.32659e-03      5.00000e+00      9.32025e-15
    1.78652e-01      1.32144e-03      5.00000e+00      9.61747e-15
    1.81534e-01      1.31621e-03      5.00000e+00      9.91947e-15
    1.84462e-01      1.31090e-03      5.00000e+00      1.02264e-14
    1.87438e-01      1.30550e-03      5.00000e+00      1.05382e-14
    1.90462e-01      1.30001e-03      5.00000e+00      1.08551e-14
    1.93535e-01      1.29463e-03      5.00000e+00      1.12082e-14
    1.96657e-01      1.28930e-03      5.00000e+00      1.15901e-14
    1.99830e-01      1.28388e-03      5.00000e+00      1.19782e-14
    2.03054e-01      1.27838e-03      5.00000e+00      1.23726e-14
    2.06330e-01      1.27279e-03      5.00000e+00      1.27733e-14
    2.09659e-01      1.26711e-03      5.00000e+00      1.31805e-14
    2.13042e-01      1.26133e-03      5.00000e+00      1.35942e-14
    2.16479e-01      1.25547e-03      5.00000e+00      1.40147e-14
    2.19971e-01      1.24951e-03      5.00000e+00      1.44419e-14
    2.23521e-01      1.24359e-03      5.00000e+00      1.49022e-14
    2.27127e-01      1.23779e-03      5.00000e+00      1.54075e-14
    2.30791e-01      1.23188e-03      5.00000e+00      1.59209e-14
    2.34515e-01      1.22589e-03      5.00000e+00      1.64427e-14
    2.38299e-01      1.21980e-03      5.00000e+00      1.69729e-14
    2.42144e-01      1.21360e-03      5.00000e+00      1.75116e-14
    2.46051e-01      1.20731e-03      5.00000e+00      1.80590e-14
    2.50021e-01      1.20092e-03      5.00000e+00      1.86153e-14
    2.54055e-01      1.19457e-03      5.00000e+00      1.92091e-14
    2.58154e-01      1.18832e-03      5.00000e+00      1.98519e-14
    2.62320e-01      1.18196e-03      5.00000e+00      2.05050e-14
    2.66552e-01      1.17551e-03      5.00000e+00      2.11686e-14
    2.70853e-01      1.16895e-03      5.00000e+00      2.18430e-14
    2.75224e-01      1.16228e-03      5.00000e+00      2.25283e-14
    2.79665e-01      1.15551e-03      5.00000e+00      2.32246e-14
    2.84177e-01      1.14875e-03      5.00000e+00      2.39594e-14
    2.88763e-01      1.14211e-03      5.00000e+00      2.47594e-14
    2.93422e-01      1.13537e-03      5.00000e+00      2.55723e-14
    2.98157e-01      1.12852e-03      5.00000e+00      2.63983e-14
    3.02968e-01      1.12156e-03      5.00000e+00      2.72377e-14
    3.07857e-01      1.11448e-03      5.00000e+00      2.80906e-14
    3.12825e-01      1.10730e-03      5.00000e+00      2.89572e-14
    3.17873e-01      1.10035e-03      5.00000e+00      2.99232e-14
    3.23002e-01      1.09329e-03      5.00000e+00      3.09066e-14
    3.28214e-01      1.08612e-03      5.00000e+00      3.19059e-14
    3.33510e-01      1.07884e-03      5.00000e+00      3.29213e-14
    3.38892e-01      1.07144e-03      5.00000e+00      3.39531e-14
    3.44361e-01      1.06399e-03      5.00000e+00      3.50212e-14
    3.49918e-01      1.05671e-03      5.00000e+00      3.61821e-14
    3.55564e-01      1.04931e-03      5.00000e+00      3.73618e-14
    3.61302e-01      1.04179e-03      5.00000e+00      3.85606e-14
    3.67133e-01      1.03415e-03      5.00000e+00      3.97787e-14
    3.73057e-01      1.02639e-03      5.00000e+00      4.10165e-14
    3.79077e-01      1.01884e-03      5.00000e+00      4.23698e-14
    3.85194e-01      1.01120e-03      5.00000e+00      4.37529e-14
    3.91411e-01      1.00343e-03      5.00000e+00      4.51584e-14
    3.97727e-01      9.95538e-04      5.00000e+00      4.65865e-14
    4.04145e-01      9.87537e-04      5.00000e+00      4.80436e-14
    4.10667e-01      9.79754e-04      5.00000e+00      4.96322e-14
    4.17294e-01      9.71846e-04      5.00000e+00      5.12464e-14
    4.24029e-01      9.63810e-04      5.00000e+00      5.28866e-14
    4.30872e-01      9.55644e-04      5.00000e+00      5.45533e-14
    4.37825e-01      9.47541e-04      5.00000e+00      5.63065e-14
    4.44890e-01      9.39478e-04      5.00000e+00      5.81405e-14
    4.52070e-01      9.31285e-04      5.00000e+00      6.00041e-14
    4.59366e-01      9.22959e-04      5.00000e+00      6.18978e-14
    4.66779e-01      9.14617e-04      5.00000e+00      6.38635e-14
    4.74312e-01      9.06394e-04      5.00000e+00      6.59496e-14
    4.81966e-01      8.98039e-04      5.00000e+00      6.80695e-14
    4.89745e-01      8.89548e-04      5.00000e+00      7.02235e-14
    4.97648e-01      8.81056e-04      5.00000e+00      7.24622e-14
    5.05679e-01      8.72657e-04      5.00000e+00      7.48216e-14
    5.13840e-01      8.64123e-04      5.00000e+00      7.72191e-14
    5.22133e-01      8.55451e-04      5.00000e+00      7.96553e-14
    5.30559e-01      8.46876e-04      5.00000e+00      8.22243e-14
    5.39122e-01      8.38286e-04      5.00000e+00      8.48834e-14
    5.47823e-01      8.29558e-04      5.00000e+00      8.75853e-14
    5.56664e-01      8.20745e-04      5.00000e+00      9.03542e-14
    5.65648e-01      8.12101e-04      5.00000e+00      9.32945e-14
    5.74776e-01      8.03318e-04      5.00000e+00      9.62822e-14
    5.84053e-01      7.94393e-04      5.00000e+00      9.93182e-14
    5.93479e-01      7.85632e-04      5.00000e+00      1.02545e-13
    6.03057e-01      7.76790e-04      5.00000e+00      1.05852e-13
    6.12789e-01      7.67805e-04      5.00000e+00      1.09212e-13
    6.22679e-01      7.58921e-04      5.00000e+00      1.12732e-13
    6.32729e-01      7.50008e-04      5.00000e+00      1.16357e-13
    6.42940e-01      7.40950e-04      5.00000e+00      1.20041e-13
    6.53317e-01      7.31993e-04      5.00000e+00      1.23902e-13
    6.63861e-01      7.23003e-04      5.00000e+00      1.27880e-13
    6.74575e-01      7.13868e-04      5.00000e+00      1.31921e-13
    6.85462e-01      7.04881e-04      5.00000e+00      1.36164e-13
    6.96525e-01      6.95811e-04      5.00000e+00      1.40504e-13
    7.07766e-01      6.86626e-04      5.00000e+00      1.44932e-13
    7.19189e-01      6.77616e-04      5.00000e+00      1.49618e-13
    7.30796e-01      6.68460e-04      5.00000e+00      1.54379e-13
    7.42591e-01      6.59323e-04      5.00000e+00      1.59310e-13
    7.54576e-01      6.50228e-04      5.00000e+00      1.64424e-13
    7.66755e-01      6.40987e-04      5.00000e+00      1.69622e-13
    7.79130e-01      6.31928e-04      5.00000e+00      1.75089e-13
    7.91704e-01      6.22739e-04      5.00000e+00      1.80653e-13
    8.04482e-01      6.13584e-04      5.00000e+00      1.86423e-13
    8.17466e-01      6.04443e-04      5.00000e+00      1.92388e-13
    8.30660e-01      5.95225e-04      5.00000e+00      1.98496e-13
    8.44066e-01      5.86137e-04      5.00000e+00      2.04887e-13
    8.57689e-01      5.76902e-04      5.00000e+00      2.11381e-13
    8.71532e-01      5.67845e-04      5.00000e+00      2.18170e-13
    8.85599e-01      5.58655e-04      5.00000e+00      2.25077e-13
    8.99892e-01      5.49583e-04      5.00000e+00      2.32309e-13
    9.14416e-01      5.40433e-04      5.00000e+00      2.39713e-13
    9.29175e-01      5.31366e-04      5.00000e+00      2.47408e-13
    9.44171e-01      5.22253e-04      5.00000e+00      2.55301e-13
    9.59410e-01      5.13218e-04      5.00000e+00      2.63453e-13
    9.74895e-01      5.04147e-04      5.00000e+00      2.71800e-13
    9.90630e-01      4.95337e-04      5.00000e+00      2.84088e-13
    1.00662e+00      4.86550e-04      5.00000e+00      2.98112e-13
    1.02287e+00      4.77679e-04      5.00000e+00      3.08599e-13
    1.03937e+00      4.68679e-04      5.00000e+00      3.18371e-13
    1.05615e+00      4.59837e-04      5.00000e+00      3.28573e-13
    1.07320e+00      4.50919e-04      5.00000e+00      3.38998e-13
    1.09052e+00      4.42118e-04      5.00000e+00      3.49823e-13
    1.10812e+00      4.33310e-04      5.00000e+00      3.60952e-13
    1.12600e+00      4.24538e-04      5.00000e+00      3.72434e-13
    1.14418e+00      4.15853e-04      5.00000e+00      3.84308e-13
    1.16265e+00      4.07134e-04      5.00000e+00      3.96474e-13
    1.18141e+00      3.98555e-04      5.00000e+00      4.09129e-13
    1.20048e+00      3.89980e-04      5.00000e+00      4.22138e-13
    1.21986e+00      3.81427e-04      5.00000e+00      4.35526e-13
    1.23954e+00      3.73003e-04      5.00000e+00      4.49412e-13
    1.25955e+00      3.64580e-04      5.00000e+00      4.63678e-13
    1.27988e+00      3.56204e-04      5.00000e+00      4.78384e-13
    1.30054e+00      3.47948e-04      5.00000e+00      4.93624e-13
    1.32153e+00      3.39714e-04      5.00000e+00      5.09294e-13
    1.34286e+00      3.31515e-04      5.00000e+00      5.25417e-13
    1.36453e+00      3.23462e-04      5.00000e+00      5.42150e-13
    1.38656e+00      3.15449e-04      5.00000e+00      5.59372e-13
    1.40894e+00      3.07482e-04      5.00000e+00      5.77101e-13
    1.43168e+00      2.99592e-04      5.00000e+00      5.95392e-13
    1.45479e+00      2.91821e-04      5.00000e+00      6.14320e-13
    1.47827e+00      2.84111e-04      5.00000e+00      6.33807e-13
    1.50213e+00      2.76467e-04      5.00000e+00      6.53884e-13
    1.52637e+00      2.68897e-04      5.00000e+00      6.74587e-13
    1.55101e+00      2.61444e-04      5.00000e+00      6.95966e-13
    1.57604e+00      2.54083e-04      5.00000e+00      7.18087e-13
    1.60148e+00      2.46803e-04      5.00000e+00      7.40928e-13
    1.62733e+00      2.39608e-04      5.00000e+00      7.64446e-13
    1.65360e+00      2.32505e-04      5.00000e+00      7.88613e-13
    1.68029e+00      2.25498e-04      5.00000e+00      8.13478e-13
    1.70741e+00      2.18588e-04      5.00000e+00      8.39210e-13
    1.73497e+00      2.11790e-04      5.00000e+00      8.65775e-13
    1.76297e+00      2.05104e-04      5.00000e+00      8.93181e-13
    1.79143e+00      1.98520e-04      5.00000e+00      9.21438e-13
    1.82034e+00      1.92038e-04      5.00000e+00      9.50585e-13
    1.84972e+00      1.85663e-04      5.00000e+00      9.80644e-13
    1.87958e+00      1.79399e-04      5.00000e+00      1.01166e-12
    1.90992e+00      1.73247e-04      5.00000e+00      1.04364e-12
    1.94074e+00      1.67208e-04      5.00000e+00      1.07657e-12
    1.97207e+00      1.61282e-04      5.00000e+00      1.11055e-12
    2.00390e+00      1.55854e-04      5.00000e+00      1.17609e-12
    2.03624e+00      1.50243e-04      5.00000e+00      1.21989e-12
    2.06911e+00      1.44666e-04      5.00000e+00      1.25817e-12
    2.10251e+00      1.39221e-04      5.00000e+00      1.29806e-12
    2.13644e+00      1.33901e-04      5.00000e+00      1.33901e-12
    2.17093e+00      1.28702e-04      5.00000e+00      1.38125e-12
    2.20597e+00      1.23623e-04      5.00000e+00      1.42479e-12
    2.24158e+00      1.18663e-04      5.00000e+00      1.46969e-12
    2.27776e+00      1.13826e-04      5.00000e+00      1.51595e-12
    2.31452e+00      1.09117e-04      5.00000e+00      1.56367e-12
    2.35188e+00      1.04550e-04      5.00000e+00      1.61285e-12
    2.38984e+00      1.00100e-04      5.00000e+00      1.66372e-12
    2.42842e+00      9.57711e-05      5.00000e+00      1.71609e-12
    2.46761e+00      9.15743e-05      5.00000e+00      1.77005e-12
    2.50744e+00      8.75152e-05      5.00000e+00      1.82575e-12
    2.54792e+00      8.35699e-05      5.00000e+00      1.88313e-12
    2.58904e+00      7.97577e-05      5.00000e+00      1.94252e-12
    2.63083e+00      7.60809e-05      5.00000e+00      2.00356e-12
    2.67329e+00      7.25166e-05      5.00000e+00      2.06625e-12
    2.71644e+00      6.90946e-05      5.00000e+00      2.13113e-12
    2.76029e+00      6.57890e-05      5.00000e+00      2.19801e-12
    2.80484e+00      6.26133e-05      5.00000e+00      2.26697e-12
    2.85012e+00      5.95601e-05      5.00000e+00      2.33808e-12
    2.89612e+00      5.66329e-05      5.00000e+00      2.41141e-12
    2.94287e+00      5.38250e-05      5.00000e+00      2.48697e-12
    2.99037e+00      5.11425e-05      5.00000e+00      2.56488e-12
    3.03864e+00      4.85715e-05      5.00000e+00      2.64494e-12
    3.08768e+00      4.61319e-05      5.00000e+00      2.72802e-12
    3.13752e+00      4.38010e-05      5.00000e+00      2.81339e-12
    3.18817e+00      4.15829e-05      5.00000e+00      2.90138e-12
    3.23963e+00      3.94856e-05      5.00000e+00      2.99216e-12
    3.29192e+00      3.74961e-05      5.00000e+00      3.08573e-12
    3.34505e+00      3.56093e-05      5.00000e+00      3.18215e-12
    3.39905e+00      3.38367e-05      5.00000e+00      3.28156e-12
    3.45391e+00      3.21673e-05      5.00000e+00      3.38397e-12
    3.50966e+00      3.05980e-05      5.00000e+00      3.48968e-12
    3.56631e+00      2.91264e-05      5.00000e+00      3.59863e-12
    3.62388e+00      2.77514e-05      5.00000e+00      3.71121e-12
    3.68237e+00      2.64680e-05      5.00000e+00      3.82695e-12
    3.74181e+00      2.52763e-05      5.00000e+00      3.94616e-12
    3.80220e+00      2.41709e-05      5.00000e+00      4.06885e-12
    3.86358e+00      2.31496e-05      5.00000e+00      4.19558e-12
    3.92594e+00      2.22081e-05      5.00000e+00      4.32618e-12
    3.98931e+00      2.13446e-05      5.00000e+00      4.46082e-12
    4.05370e+00      2.05541e-05      5.00000e+00      4.59956e-12
    4.11913e+00      1.98324e-05      5.00000e+00      4.74267e-12
    4.18562e+00      1.91788e-05      5.00000e+00      4.88994e-12
    4.25318e+00      1.85861e-05      5.00000e+00      5.04141e-12
    4.32183e+00      1.80553e-05      5.00000e+00      5.19836e-12
    4.39159e+00      1.75794e-05      5.00000e+00      5.35971e-12
    4.46248e+00      1.71534e-05      5.00000e+00      5.52593e-12
    4.53451e+00      1.67789e-05      5.00000e+00      5.69735e-12
    4.60770e+00      1.64473e-05      5.00000e+00      5.87390e-12
    4.68208e+00      1.61576e-05      5.00000e+00      6.05588e-12
    4.75765e+00      1.59057e-05      5.00000e+00      6.24340e-12
    4.83444e+00      1.56880e-05      5.00000e+00      6.43696e-12
    4.91248e+00      1.55013e-05      5.00000e+00      6.63619e-12
    4.99177e+00      1.53425e-05      5.00000e+00      6.84128e-12
    5.07235e+00      1.52081e-05      5.00000e+00      7.05246e-12
    5.15422e+00      1.50959e-05      5.00000e+00      7.27034e-12
    5.23742e+00      1.50022e-05      5.00000e+00      7.49481e-12
    5.32196e+00      1.49251e-05      5.00000e+00      7.72611e-12
    5.40786e+00      1.48614e-05      5.00000e+00      7.96439e-12
    5.49515e+00      1.48096e-05      5.00000e+00      8.20990e-12
    5.58385e+00      1.47673e-05      5.00000e+00      8.46307e-12
    5.67398e+00      1.47329e-05      5.00000e+00      8.72307e-12
    5.76556e+00      1.47047e-05      5.00000e+00      8.99193e-12
    5.85863e+00      1.46814e-05      5.00000e+00      9.26856e-12
    5.95319e+00      1.46619e-05      5.00000e+00      9.55355e-12
    6.04929e+00      1.46452e-05      5.00000e+00      9.84711e-12
    6.14693e+00      1.46308e-05      5.00000e+00      1.01491e-11
    6.24615e+00      1.46179e-05      5.00000e+00      1.04605e-11
    6.34697e+00      1.46062e-05      5.00000e+00      1.07818e-11
    6.44942e+00      1.45953e-05      5.00000e+00      1.11130e-11
    6.55352e+00      1.45850e-05      5.00000e+00      1.14536e-11
    6.65931e+00      1.45752e-05      5.00000e+00      1.18041e-11
    6.76680e+00      1.45656e-05      5.00000e+00      1.21650e-11
    6.87602e+00      1.45563e-05      5.00000e+00      1.25371e-11
    6.98701e+00      1.45471e-05      5.00000e+00      1.29203e-11
    7.09979e+00      1.45379e-05      5.00000e+00      1.33149e-11
    7.21439e+00      1.45289e-05      5.00000e+00      1.37217e-11
    7.33084e+00      1.45199e-05      5.00000e+00      1.41397e-11
    7.44917e+00      1.45110e-05      5.00000e+00      1.45711e-11
    7.56941e+00      1.45020e-05      5.00000e+00      1.50151e-11
    7.69159e+00      1.44931e-05      5.00000e+00      1.54723e-11
    7.81575e+00      1.44842e-05      5.00000e+00      1.59426e-11
    7.94190e+00      1.44752e-05      5.00000e+00      1.64273e-11
    8.07010e+00      1.44663e-05      5.00000e+00      1.69267e-11
    8.20036e+00      1.44574e-05      5.00000e+00      1.74416e-11
    8.33273e+00      1.44483e-05      5.00000e+00      1.79711e-11
    8.46723e+00      1.44393e-05      5.00000e+00      1.85155e-11
    8.60390e+00      1.44302e-05      5.00000e+00      1.90765e-11
    8.74278e+00      1.44209e-05      5.00000e+00      1.96542e-11
    8.88390e+00      1.44116e-05      5.00000e+00      2.02489e-11
    9.02730e+00      1.44022e-05      5.00000e+00      2.08616e-11
    9.17301e+00      1.43928e-05      5.00000e+00      2.14915e-11
    9.32108e+00      1.43832e-05      5.00000e+00      2.21401e-11
    9.47154e+00      1.43735e-05      5.00000e+00      2.28082e-11
    9.62442e+00      1.43637e-05      5.00000e+00      2.34959e-11
    9.77977e+00      1.43538e-05      5.00000e+00      2.42032e-11
    9.93763e+00      1.43438e-05      5.00000e+00      2.49314e-11
    1.00980e+01      1.43337e-05      5.00000e+00      2.56823e-11
    1.02610e+01      1.43234e-05      5.00000e+00      2.64542e-11
    1.04267e+01      1.43129e-05      5.00000e+00      2.72486e-11
    1.05950e+01      1.43023e-05      5.00000e+00      2.80653e-11
    1.07660e+01      1.42915e-05      5.00000e+00      2.89071e-11
    1.09398e+01      1.42805e-05      5.00000e+00      2.97731e-11
    1.11163e+01      1.42695e-05      5.00000e+00      3.06639e-11
    1.12958e+01      1.42583e-05      5.00000e+00      3.15797e-11
    1.14781e+01      1.42469e-05      5.00000e+00      3.25230e-11
    1.16634e+01      1.42353e-05      5.00000e+00      3.34936e-11
    1.18517e+01      1.42236e-05      5.00000e+00      3.44921e-11
    1.20430e+01      1.42117e-05      5.00000e+00      3.55199e-11
    1.22373e+01      1.41997e-05      5.00000e+00      3.65766e-11
    1.24349e+01      1.41875e-05      5.00000e+00      3.76647e-11
    1.26356e+01      1.41751e-05      5.00000e+00      3.87845e-11
    1.28395e+01      1.41625e-05      5.00000e+00      3.99348e-11
    1.30468e+01      1.41498e-05      5.00000e+00      4.11195e-11
    1.32574e+01      1.41368e-05      5.00000e+00      4.23379e-11
    1.34714e+01      1.41237e-05      5.00000e+00      4.35896e-11
    1.36888e+01      1.41104e-05      5.00000e+00      4.48781e-11
    1.39098e+01      1.40969e-05      5.00000e+00      4.62032e-11
    1.41343e+01      1.40831e-05      5.00000e+00      4.75655e-11
    1.43625e+01      1.40691e-05      5.00000e+00      4.89678e-11
    1.45943e+01      1.40551e-05      5.00000e+00      5.04085e-11
    1.48299e+01      1.40408e-05      5.00000e+00      5.18915e-11
    1.50693e+01      1.40262e-05      5.00000e+00      5.34159e-11
    1.53125e+01      1.40115e-05      5.00000e+00      5.49830e-11
    1.55597e+01      1.39965e-05      5.00000e+00      5.65948e-11
    1.58108e+01      1.39813e-05      5.00000e+00      5.82514e-11
    1.60660e+01      1.39659e-05      5.00000e+00      5.99538e-11
    1.63254e+01      1.39503e-05      5.00000e+00      6.17052e-11
    1.65889e+01      1.39345e-05      5.00000e+00      6.35054e-11
    1.68566e+01      1.39184e-05      5.00000e+00      6.53558e-11
    1.71287e+01      1.39021e-05      5.00000e+00      6.72574e-11
    1.74052e+01      1.38855e-05      5.00000e+00      6.92123e-11
    1.76862e+01      1.38688e-05      5.00000e+00      7.12213e-11
    1.79716e+01      1.38518e-05      5.00000e+00      7.32864e-11
    1.82617e+01      1.38346e-05      5.00000e+00      7.54089e-11
    1.85565e+01      1.38171e-05      5.00000e+00      7.75889e-11
    1.88560e+01      1.37995e-05      5.00000e+00      7.98301e-11
    1.91604e+01      1.37815e-05      5.00000e+00      8.21335e-11
    1.94697e+01      1.37633e-05      5.00000e+00      8.44994e-11
    1.97840e+01      1.37448e-05      5.00000e+00      8.69298e-11
    2.01033e+01      1.37261e-05      5.00000e+00      8.94267e-11
    2.04278e+01      1.37072e-05      5.00000e+00      9.19918e-11
    2.07575e+01      1.36880e-05      5.00000e+00      9.46267e-11
    2.10926e+01      1.36685e-05      5.00000e+00      9.73333e-11
    2.14331e+01      1.36488e-05      5.00000e+00      1.00114e-10
    2.17790e+01      1.36287e-05      5.00000e+00      1.02969e-10
    2.21306e+01      1.36084e-05      5.00000e+00      1.05903e-10
    2.24878e+01      1.35879e-05      5.00000e+00      1.08915e-10
    2.28508e+01      1.35670e-05      5.00000e+00      1.12007e-10
    2.32196e+01      1.35458e-05      5.00000e+00      1.15182e-10
    2.35944e+01      1.35244e-05      5.00000e+00      1.18441e-10
    2.39753e+01      1.35026e-05      5.00000e+00      1.21787e-10
    2.43623e+01      1.34805e-05      5.00000e+00      1.25223e-10
    2.47555e+01      1.34582e-05      5.00000e+00      1.28750e-10
    2.51551e+01      1.34355e-05      5.00000e+00      1.32372e-10
    2.55612e+01      1.34126e-05      5.00000e+00      1.36088e-10
    2.59738e+01      1.33893e-05      5.00000e+00      1.39902e-10
    2.63930e+01      1.33658e-05      5.00000e+00      1.43815e-10
    2.68190e+01      1.33419e-05      5.00000e+00      1.47830e-10
    2.72519e+01      1.33177e-05      5.00000e+00      1.51950e-10
    2.76918e+01      1.32932e-05      5.00000e+00      1.56178e-10
    2.81388e+01      1.32682e-05      5.00000e+00      1.60516e-10
    2.85930e+01      1.32430e-05      5.00000e+00      1.64967e-10
    2.90546e+01      1.32174e-05      5.00000e+00      1.69531e-10
    2.95235e+01      1.31915e-05      5.00000e+00      1.74213e-10
    3.00001e+01      1.31652e-05      5.00000e+00      1.79013e-10
