    Er (keV)         SM dN/dE         BG dN/dE        BSM dN/dE (events/kg/day/keV)
    5.01000e-02      2.33052e-02      5.00000e+00      9.15501e-16
    5.07729e-02      2.29553e-02      5.00000e+00      9.49891e-16
    5.14550e-02      2.26008e-02      5.00000e+00      9.84745e-16
    5.21461e-02      2.22414e-02      5.00000e+00      1.02007e-15
    5.28466e-02      2.18773e-02      5.00000e+00      1.05587e-15
    5.35565e-02      2.15082e-02      5.00000e+00      1.09215e-15
    5.42760e-02      2.11342e-02      5.00000e+00      1.12891e-15
    5.50052e-02      2.07551e-02      5.00000e+00      1.16618e-15
    5.57441e-02      2.03710e-02      5.00000e+00      1.20394e-15
    5.64931e-02      1.99816e-02      5.00000e+00      1.24222e-15
    5.72520e-02      1.95871e-02      5.00000e+00      1.28100e-15
    5.80213e-02      1.91872e-02      5.00000e+00      1.32031e-15
    5.88008e-02      1.87819e-02      5.00000e+00      1.36015e-15
    5.95909e-02      1.83712e-02      5.00000e+00      1.40053e-15
    6.03916e-02      1.79549e-02      5.00000e+00      1.44145e-15
    6.12030e-02      1.75331e-02      5.00000e+00      1.48292e-15
    6.20254e-02      1.71056e-02      5.00000e+00      1.52494e-15
    6.28589e-02      1.66723e-02      5.00000e+00      1.56754e-15
    6.37035e-02      1.62332e-02      5.00000e+00      1.61070e-15
    6.45596e-02      1.57881e-02      5.00000e+00      1.65445e-15
    6.54271e-02      1.53371e-02      5.00000e+00      1.69879e-15
    6.63064e-02      1.48800e-02      5.00000e+00      1.74372e-15
    6.71974e-02      1.44168e-02      5.00000e+00      1.78926e-15
    6.81005e-02      1.39473e-02      5.00000e+00      1.83541e-15
    6.90157e-02      1.34715e-02      5.00000e+00      1.88218e-15
    6.99433e-02      1.29893e-02      5.00000e+00      1.92958e-15
    7.08833e-02      1.25007e-02      5.00000e+00      1.97762e-15
    7.18360e-02      1.20054e-02      5.00000e+00      2.02631e-15
    7.28014e-02      1.15035e-02      5.00000e+00      2.07565e-15
    7.37799e-02      1.09948e-02      5.00000e+00      2.12566e-15
    7.47716e-02      1.04793e-02      5.00000e+00      2.17633e-15
    7.57766e-02      9.95680e-03      5.00000e+00      2.22770e-15
    7.67951e-02      9.42730e-03      5.00000e+00      2.27975e-15
    7.78274e-02      8.89067e-03      5.00000e+00      2.33250e-15
    7.88735e-02      8.34683e-03      5.00000e+00      2.38596e-15
    7.99337e-02      7.79566e-03      5.00000e+00      2.44014e-15
    8.10082e-02      7.23708e-03      5.00000e+00      2.49505e-15
    8.20971e-02      6.67097e-03      5.00000e+00      2.55070e-15
    8.32007e-02      6.09725e-03      5.00000e+00      2.60710e-15
    8.43192e-02      5.51581e-03      5.00000e+00      2.66426e-15
    8.54527e-02      4.92654e-03      5.00000e+00      2.72219e-15
    8.66014e-02      4.32934e-03      5.00000e+00      2.78090e-15
    8.77657e-02      3.72410e-03      5.00000e+00      2.84039e-15
    8.89456e-02      3.11071e-03      5.00000e+00      2.90069e-15
    9.01413e-02      2.48908e-03      5.00000e+00      2.96180e-15
    9.13532e-02      2.34596e-03      5.00000e+00      3.05253e-15
    9.25814e-02      2.30566e-03      5.00000e+00      3.15067e-15
    9.38261e-02      2.26481e-03      5.00000e+00      3.25014e-15
    9.50875e-02      2.22342e-03      5.00000e+00      3.35094e-15
    9.63660e-02      2.18147e-03      5.00000e+00      3.45310e-15
    9.76616e-02      2.13895e-03      5.00000e+00      3.55664e-15
    9.89747e-02      2.09587e-03      5.00000e+00      3.66157e-15
    1.00305e-01      2.05220e-03      5.00000e+00      3.76791e-15
    1.01654e-01      2.00795e-03      5.00000e+00      3.87568e-15
    1.03021e-01      1.96310e-03      5.00000e+00      3.98491e-15
    1.04406e-01      1.91764e-03      5.00000e+00      4.09560e-15
    1.05810e-01      1.87158e-03      5.00000e+00      4.20779e-15
    1.07233e-01      1.82489e-03      5.00000e+00      4.32148e-15
    1.08675e-01      1.77758e-03      5.00000e+00      4.43670e-15
    1.10136e-01      1.72963e-03      5.00000e+00      4.55348e-15
    1.11617e-01      1.68103e-03      5.00000e+00      4.67182e-15
    1.13118e-01      1.63178e-03      5.00000e+00      4.79176e-15
    1.14639e-01      1.58187e-03      5.00000e+00      4.91331e-15
    1.16181e-01      1.53128e-03      5.00000e+00      5.03650e-15
    1.17743e-01      1.48002e-03      5.00000e+00      5.16135e-15
    1.19326e-01      1.42806e-03      5.00000e+00      5.28788e-15
    1.20931e-01      1.37540e-03      5.00000e+00      5.41611e-15
    1.22557e-01      1.32204e-03      5.00000e+00      5.54606e-15
    1.24205e-01      1.26796e-03      5.00000e+00      5.67777e-15
    1.25876e-01      1.21315e-03      5.00000e+00      5.81125e-15
    1.27568e-01      1.15760e-03      5.00000e+00      5.94652e-15
    1.29284e-01      1.10131e-03      5.00000e+00      6.08361e-15
    1.31023e-01      1.04789e-03      5.00000e+00      6.23153e-15
    1.32785e-01      1.01035e-03      5.00000e+00      6.42245e-15
    1.34571e-01      9.72307e-04      5.00000e+00      6.61594e-15
    1.36380e-01      9.33752e-04      5.00000e+00      6.81204e-15
    1.38215e-01      8.94678e-04      5.00000e+00      7.01077e-15
    1.40074e-01      8.55078e-04      5.00000e+00      7.21218e-15
    1.41957e-01      8.14945e-04      5.00000e+00      7.41631e-15
    1.43867e-01      7.74272e-04      5.00000e+00      7.62317e-15
    1.45802e-01      7.33051e-04      5.00000e+00      7.83283e-15
    1.47763e-01      6.91276e-04      5.00000e+00      8.04530e-15
    1.49750e-01      6.48938e-04      5.00000e+00      8.26063e-15
    1.51764e-01      6.06031e-04      5.00000e+00      8.47886e-15
    1.53805e-01      5.62546e-04      5.00000e+00      8.70003e-15
    1.55874e-01      5.18476e-04      5.00000e+00      8.92418e-15
    1.57971e-01      4.73813e-04      5.00000e+00      9.15134e-15
    1.60095e-01      4.28548e-04      5.00000e+00      9.38156e-15
    1.62249e-01      3.82675e-04      5.00000e+00      9.61488e-15
    1.64431e-01      3.36184e-04      5.00000e+00      9.85134e-15
    1.66643e-01      2.89067e-04      5.00000e+00      1.00910e-14
    1.68884e-01      2.41316e-04      5.00000e+00      1.03338e-14
    1.71156e-01      1.94947e-04      5.00000e+00      1.05827e-14
    1.73458e-01      1.94707e-04      5.00000e+00      1.08971e-14
    1.75792e-01      1.94465e-04      5.00000e+00      1.12159e-14
    1.78156e-01      1.94219e-04      5.00000e+00      1.15388e-14
    1.80553e-01      1.93969e-04      5.00000e+00      1.18662e-14
    1.82981e-01      1.93716e-04      5.00000e+00      1.21979e-14
    1.85443e-01      1.93460e-04      5.00000e+00      1.25341e-14
    1.87937e-01      1.93200e-04      5.00000e+00      1.28749e-14
    1.90465e-01      1.92937e-04      5.00000e+00      1.32202e-14
    1.93028e-01      1.92671e-04      5.00000e+00      1.35702e-14
    1.95624e-01      1.92400e-04      5.00000e+00      1.39249e-14
    1.98256e-01      1.92127e-04      5.00000e+00      1.42843e-14
    2.00923e-01      1.91849e-04      5.00000e+00      1.46486e-14
    2.03626e-01      1.91568e-04      5.00000e+00      1.50178e-14
    2.06365e-01      1.91282e-04      5.00000e+00      1.53920e-14
    2.09141e-01      1.90994e-04      5.00000e+00      1.57712e-14
    2.11954e-01      1.90703e-04      5.00000e+00      1.61708e-14
    2.14806e-01      1.90420e-04      5.00000e+00      1.66412e-14
    2.17695e-01      1.90133e-04      5.00000e+00      1.71180e-14
    2.20624e-01      1.89841e-04      5.00000e+00      1.76011e-14
    2.23592e-01      1.89546e-04      5.00000e+00      1.80908e-14
    2.26600e-01      1.89247e-04      5.00000e+00      1.85871e-14
    2.29649e-01      1.88944e-04      5.00000e+00      1.90900e-14
    2.32738e-01      1.88637e-04      5.00000e+00      1.95997e-14
    2.35869e-01      1.88326e-04      5.00000e+00      2.01163e-14
    2.39042e-01      1.88011e-04      5.00000e+00      2.06398e-14
    2.42258e-01      1.87691e-04      5.00000e+00      2.11704e-14
    2.45517e-01      1.87367e-04      5.00000e+00      2.17081e-14
    2.48821e-01      1.87039e-04      5.00000e+00      2.22531e-14
    2.52168e-01      1.86707e-04      5.00000e+00      2.28163e-14
    2.55561e-01      1.86384e-04      5.00000e+00      2.34686e-14
    2.58999e-01      1.86056e-04      5.00000e+00      2.41297e-14
    2.62483e-01      1.85724e-04      5.00000e+00      2.47997e-14
    2.66015e-01      1.85387e-04      5.00000e+00      2.54787e-14
    2.69594e-01      1.85046e-04      5.00000e+00      2.61668e-14
    2.73221e-01      1.84700e-04      5.00000e+00      2.68642e-14
    2.76897e-01      1.84350e-04      5.00000e+00      2.75710e-14
    2.80622e-01      1.83995e-04      5.00000e+00      2.82873e-14
    2.84398e-01      1.83635e-04      5.00000e+00      2.90132e-14
    2.88224e-01      1.83270e-04      5.00000e+00      2.97490e-14
    2.92102e-01      1.82900e-04      5.00000e+00      3.04946e-14
    2.96032e-01      1.82540e-04      5.00000e+00      3.13601e-14
    3.00015e-01      1.82175e-04      5.00000e+00      3.22379e-14
    3.04052e-01      1.81806e-04      5.00000e+00      3.31275e-14
    3.08142e-01      1.81431e-04      5.00000e+00      3.40291e-14
    3.12288e-01      1.81051e-04      5.00000e+00      3.49427e-14
    3.16490e-01      1.80667e-04      5.00000e+00      3.58687e-14
    3.20748e-01      1.80276e-04      5.00000e+00      3.68072e-14
    3.25064e-01      1.79881e-04      5.00000e+00      3.77583e-14
    3.29438e-01      1.79481e-04      5.00000e+00      3.87221e-14
    3.33870e-01      1.79079e-04      5.00000e+00      3.97376e-14
    3.38362e-01      1.78683e-04      5.00000e+00      4.08518e-14
    3.42915e-01      1.78281e-04      5.00000e+00      4.19811e-14
    3.47529e-01      1.77874e-04      5.00000e+00      4.31255e-14
    3.52205e-01      1.77461e-04      5.00000e+00      4.42853e-14
    3.56944e-01      1.77043e-04      5.00000e+00      4.54608e-14
    3.61747e-01      1.76619e-04      5.00000e+00      4.66521e-14
    3.66614e-01      1.76189e-04      5.00000e+00      4.78594e-14
    3.71547e-01      1.75754e-04      5.00000e+00      4.90829e-14
    3.76546e-01      1.75324e-04      5.00000e+00      5.04254e-14
    3.81613e-01      1.74893e-04      5.00000e+00      5.18217e-14
    3.86748e-01      1.74455e-04      5.00000e+00      5.32369e-14
    3.91952e-01      1.74012e-04      5.00000e+00      5.46710e-14
    3.97226e-01      1.73563e-04      5.00000e+00      5.61245e-14
    4.02571e-01      1.73108e-04      5.00000e+00      5.75976e-14
    4.07987e-01      1.72647e-04      5.00000e+00      5.90904e-14
    4.13477e-01      1.72180e-04      5.00000e+00      6.06114e-14
    4.19041e-01      1.71722e-04      5.00000e+00      6.22967e-14
    4.24679e-01      1.71258e-04      5.00000e+00      6.40047e-14
    4.30394e-01      1.70788e-04      5.00000e+00      6.57356e-14
    4.36185e-01      1.70312e-04      5.00000e+00      6.74899e-14
    4.42054e-01      1.69829e-04      5.00000e+00      6.92677e-14
    4.48003e-01      1.69339e-04      5.00000e+00      7.10695e-14
    4.54031e-01      1.68844e-04      5.00000e+00      7.29090e-14
    4.60140e-01      1.68357e-04      5.00000e+00      7.49255e-14
    4.66332e-01      1.67864e-04      5.00000e+00      7.69692e-14
    4.72607e-01      1.67364e-04      5.00000e+00      7.90404e-14
    4.78966e-01      1.66857e-04      5.00000e+00      8.11394e-14
    4.85412e-01      1.66343e-04      5.00000e+00      8.32667e-14
    4.91943e-01      1.65822e-04      5.00000e+00      8.54227e-14
    4.98563e-01      1.65306e-04      5.00000e+00      8.77340e-14
    5.05272e-01      1.64787e-04      5.00000e+00      9.01299e-14
    5.12071e-01      1.64262e-04      5.00000e+00      9.25580e-14
    5.18962e-01      1.63729e-04      5.00000e+00      9.50187e-14
    5.25945e-01      1.63190e-04      5.00000e+00      9.75126e-14
    5.33022e-01      1.62643e-04      5.00000e+00      1.00040e-13
    5.40195e-01      1.62103e-04      5.00000e+00      1.02762e-13
    5.47464e-01      1.61559e-04      5.00000e+00      1.05554e-13
    5.54831e-01      1.61007e-04      5.00000e+00      1.08383e-13
    5.62297e-01      1.60448e-04      5.00000e+00      1.11250e-13
    5.69864e-01      1.59882e-04      5.00000e+00      1.14156e-13
    5.77532e-01      1.59314e-04      5.00000e+00      1.17184e-13
    5.85304e-01      1.58749e-04      5.00000e+00      1.20386e-13
    5.93180e-01      1.58177e-04      5.00000e+00      1.23631e-13
    6.01162e-01      1.57596e-04      5.00000e+00      1.26920e-13
    6.09252e-01      1.57008e-04      5.00000e+00      1.30253e-13
    6.17451e-01      1.56417e-04      5.00000e+00      1.33695e-13
    6.25759e-01      1.55830e-04      5.00000e+00      1.37333e-13
    6.34180e-01      1.55236e-04      5.00000e+00      1.41019e-13
    6.42714e-01      1.54633e-04      5.00000e+00      1.44754e-13
    6.51363e-01      1.54022e-04      5.00000e+00      1.48540e-13
    6.60129e-01      1.53412e-04      5.00000e+00      1.52499e-13
    6.69012e-01      1.52802e-04      5.00000e+00      1.56611e-13
    6.78015e-01      1.52183e-04      5.00000e+00      1.60778e-13
    6.87139e-01      1.51556e-04      5.00000e+00      1.65002e-13
    6.96386e-01      1.50922e-04      5.00000e+00      1.69303e-13
    7.05757e-01      1.50295e-04      5.00000e+00      1.73902e-13
    7.15254e-01      1.49661e-04      5.00000e+00      1.78563e-13
    7.24880e-01      1.49017e-04      5.00000e+00      1.83286e-13
    7.34634e-01      1.48365e-04      5.00000e+00      1.88074e-13
    7.44521e-01      1.47719e-04      5.00000e+00      1.93151e-13
    7.54540e-01      1.47068e-04      5.00000e+00      1.98333e-13
    7.64694e-01      1.46407e-04      5.00000e+00      2.03585e-13
    7.74984e-01      1.45737e-04      5.00000e+00      2.08908e-13
    7.85414e-01      1.45074e-04      5.00000e+00      2.14536e-13
    7.95983e-01      1.44404e-04      5.00000e+00      2.20276e-13
    8.06695e-01      1.43725e-04      5.00000e+00      2.26094e-13
    8.17551e-01      1.43038e-04      5.00000e+00      2.32012e-13
    8.28553e-01      1.42359e-04      5.00000e+00      2.38289e-13
    8.39703e-01      1.41670e-04      5.00000e+00      2.44649e-13
    8.51003e-01      1.40972e-04      5.00000e+00      2.51096e-13
    8.62456e-01      1.40273e-04      5.00000e+00      2.57762e-13
    8.74062e-01      1.39574e-04      5.00000e+00      2.64668e-13
    8.85825e-01      1.38866e-04      5.00000e+00      2.71668e-13
    8.97746e-01      1.38149e-04      5.00000e+00      2.78771e-13
    9.09827e-01      1.37439e-04      5.00000e+00      2.86321e-13
    9.22071e-01      1.36720e-04      5.00000e+00      2.93973e-13
    9.34480e-01      1.35991e-04      5.00000e+00      3.01727e-13
    9.47056e-01      1.35265e-04      5.00000e+00      3.09786e-13
    9.59801e-01      1.34534e-04      5.00000e+00      3.18026e-13
    9.72717e-01      1.33793e-04      5.00000e+00      3.26377e-13
    9.85808e-01      1.33053e-04      5.00000e+00      3.35051e-13
    9.99074e-01      1.32311e-04      5.00000e+00      3.43992e-13
    1.01252e+00      1.31559e-04      5.00000e+00      3.53054e-13
    1.02615e+00      1.30806e-04      5.00000e+00      3.62435e-13
    1.03996e+00      1.30052e-04      5.00000e+00      3.72099e-13
    1.05395e+00      1.29287e-04      5.00000e+00      3.81893e-13
    1.06813e+00      1.28524e-04      5.00000e+00      3.92057e-13
    1.08251e+00      1.27757e-04      5.00000e+00      4.02484e-13
    1.09708e+00      1.26980e-04      5.00000e+00      4.13052e-13
    1.11184e+00      1.26207e-04      5.00000e+00      4.24092e-13
    1.12680e+00      1.25426e-04      5.00000e+00      4.35336e-13
    1.14197e+00      1.24638e-04      5.00000e+00      4.46791e-13
    1.15734e+00      1.23854e-04      5.00000e+00      4.58719e-13
    1.17291e+00      1.23060e-04      5.00000e+00      4.70807e-13
    1.18870e+00      1.22265e-04      5.00000e+00      4.83287e-13
    1.20469e+00      1.21468e-04      5.00000e+00      4.96121e-13
    1.22091e+00      1.20660e-04      5.00000e+00      5.09141e-13
    1.23734e+00      1.19860e-04      5.00000e+00      5.22675e-13
    1.25399e+00      1.19049e-04      5.00000e+00      5.36390e-13
    1.27087e+00      1.18238e-04      5.00000e+00      5.50626e-13
    1.28797e+00      1.17423e-04      5.00000e+00      5.65272e-13
    1.30530e+00      1.16601e-04      5.00000e+00      5.80209e-13
    1.32287e+00      1.15782e-04      5.00000e+00      5.95633e-13
    1.34067e+00      1.14951e-04      5.00000e+00      6.11264e-13
    1.35872e+00      1.14128e-04      5.00000e+00      6.27545e-13
    1.37700e+00      1.13293e-04      5.00000e+00      6.44060e-13
    1.39553e+00      1.12461e-04      5.00000e+00      6.61147e-13
    1.41431e+00      1.11621e-04      5.00000e+00      6.78583e-13
    1.43335e+00      1.10781e-04      5.00000e+00      6.96538e-13
    1.45264e+00      1.09937e-04      5.00000e+00      7.14931e-13
    1.47219e+00      1.09090e-04      5.00000e+00      7.33816e-13
    1.49200e+00      1.08242e-04      5.00000e+00      7.53202e-13
    1.51208e+00      1.07391e-04      5.00000e+00      7.73074e-13
    1.53243e+00      1.06538e-04      5.00000e+00      7.93476e-13
    1.55305e+00      1.05682e-04      5.00000e+00      8.14422e-13
    1.57395e+00      1.04824e-04      5.00000e+00      8.35942e-13
    1.59514e+00      1.03964e-04      5.00000e+00      8.58064e-13
    1.61660e+00      1.03101e-04      5.00000e+00      8.80740e-13
    1.63836e+00      1.02238e-04      5.00000e+00      9.03985e-13
    1.66041e+00      1.01369e-04      5.00000e+00      9.27676e-13
    1.68276e+00      1.00503e-04      5.00000e+00      9.52206e-13
    1.70540e+00      9.96285e-05      5.00000e+00      9.77193e-13
    1.72835e+00      9.87598e-05      5.00000e+00      1.00306e-12
    1.75162e+00      9.78844e-05      5.00000e+00      1.02943e-12
    1.77519e+00      9.70096e-05      5.00000e+00      1.05657e-12
    1.79908e+00      9.61334e-05      5.00000e+00      1.08441e-12
    1.82329e+00      9.52529e-05      5.00000e+00      1.11289e-12
    1.84783e+00      9.43761e-05      5.00000e+00      1.14229e-12
    1.87270e+00      9.34938e-05      5.00000e+00      1.17231e-12
    1.89790e+00      9.26124e-05      5.00000e+00      1.20319e-12
    1.92344e+00      9.17308e-05      5.00000e+00      1.23487e-12
    1.94933e+00      9.08451e-05      5.00000e+00      1.26723e-12
    1.97557e+00      8.99637e-05      5.00000e+00      1.30062e-12
    2.00215e+00      8.90800e-05      5.00000e+00      1.33484e-12
    2.02910e+00      8.81927e-05      5.00000e+00      1.36983e-12
    2.05641e+00      8.73092e-05      5.00000e+00      1.40575e-12
    2.08408e+00      8.64238e-05      5.00000e+00      1.44273e-12
    2.11213e+00      8.55357e-05      5.00000e+00      1.48068e-12
    2.14056e+00      8.46497e-05      5.00000e+00      1.51959e-12
    2.16937e+00      8.37648e-05      5.00000e+00      1.55954e-12
    2.19856e+00      8.28790e-05      5.00000e+00      1.60044e-12
    2.22815e+00      8.19932e-05      5.00000e+00      1.64236e-12
    2.25814e+00      8.11110e-05      5.00000e+00      1.68555e-12
    2.28853e+00      8.02274e-05      5.00000e+00      1.72978e-12
    2.31933e+00      7.93431e-05      5.00000e+00      1.77508e-12
    2.35054e+00      7.84587e-05      5.00000e+00      1.82145e-12
    2.38218e+00      7.75792e-05      5.00000e+00      1.86934e-12
    2.41424e+00      7.66996e-05      5.00000e+00      1.91842e-12
    2.44673e+00      7.58200e-05      5.00000e+00      1.96871e-12
    2.47966e+00      7.49408e-05      5.00000e+00      2.02024e-12
    2.51303e+00      7.40631e-05      5.00000e+00      2.07307e-12
    2.54685e+00      7.31898e-05      5.00000e+00      2.12739e-12
    2.58113e+00      7.23185e-05      5.00000e+00      2.18328e-12
    2.61587e+00      7.14488e-05      5.00000e+00      2.24048e-12
    2.65107e+00      7.05809e-05      5.00000e+00      2.29897e-12
    2.68675e+00      6.97149e-05      5.00000e+00      2.35896e-12
    2.72291e+00      6.88510e-05      5.00000e+00      2.42060e-12
    2.75956e+00      6.79892e-05      5.00000e+00      2.48384e-12
    2.79670e+00      6.71295e-05      5.00000e+00      2.54871e-12
    2.83434e+00      6.62726e-05      5.00000e+00      2.61525e-12
    2.87248e+00      6.54207e-05      5.00000e+00      2.68357e-12
    2.91114e+00      6.45711e-05      5.00000e+00      2.75375e-12
    2.95032e+00      6.37250e-05      5.00000e+00      2.82554e-12
    2.99003e+00      6.28825e-05      5.00000e+00      2.89925e-12
    3.03027e+00      6.20434e-05      5.00000e+00      2.97465e-12
    3.07105e+00      6.12079e-05      5.00000e+00      3.05239e-12
    3.11239e+00      6.03758e-05      5.00000e+00      3.13199e-12
    3.15428e+00      5.95483e-05      5.00000e+00      3.21360e-12
    3.19673e+00      5.87256e-05      5.00000e+00      3.29730e-12
    3.23975e+00      5.79071e-05      5.00000e+00      3.38319e-12
    3.28335e+00      5.70930e-05      5.00000e+00      3.47133e-12
    3.32754e+00      5.62838e-05      5.00000e+00      3.56170e-12
    3.37233e+00      5.54787e-05      5.00000e+00      3.65442e-12
    3.41771e+00      5.46785e-05      5.00000e+00      3.74950e-12
    3.46371e+00      5.38844e-05      5.00000e+00      3.84692e-12
    3.51033e+00      5.30954e-05      5.00000e+00      3.94695e-12
    3.55757e+00      5.23112e-05      5.00000e+00      4.04951e-12
    3.60545e+00      5.15328e-05      5.00000e+00      4.15509e-12
    3.65398e+00      5.07612e-05      5.00000e+00      4.26309e-12
    3.70315e+00      4.99953e-05      5.00000e+00      4.37380e-12
    3.75299e+00      4.92345e-05      5.00000e+00      4.48701e-12
    3.80350e+00      4.84788e-05      5.00000e+00      4.60328e-12
    3.85469e+00      4.77322e-05      5.00000e+00      4.72275e-12
    3.90657e+00      4.69916e-05      5.00000e+00      4.84522e-12
    3.95915e+00      4.62571e-05      5.00000e+00      4.97074e-12
    4.01243e+00      4.55303e-05      5.00000e+00      5.09954e-12
    4.06644e+00      4.48103e-05      5.00000e+00      5.23166e-12
    4.12116e+00      4.40961e-05      5.00000e+00      5.36704e-12
    4.17663e+00      4.33901e-05      5.00000e+00      5.50608e-12
    4.23284e+00      4.26911e-05      5.00000e+00      5.64818e-12
    4.28981e+00      4.19996e-05      5.00000e+00      5.79408e-12
    4.34755e+00      4.13176e-05      5.00000e+00      5.94434e-12
    4.40606e+00      4.06418e-05      5.00000e+00      6.09786e-12
    4.46536e+00      3.99756e-05      5.00000e+00      6.25549e-12
    4.52546e+00      3.93154e-05      5.00000e+00      6.41697e-12
    4.58636e+00      3.86643e-05      5.00000e+00      6.58268e-12
    4.64809e+00      3.80216e-05      5.00000e+00      6.75245e-12
    4.71065e+00      3.73889e-05      5.00000e+00      6.92673e-12
    4.77404e+00      3.67628e-05      5.00000e+00      7.10524e-12
    4.83830e+00      3.61466e-05      5.00000e+00      7.28879e-12
    4.90341e+00      3.55381e-05      5.00000e+00      7.47668e-12
    4.96941e+00      3.49389e-05      5.00000e+00      7.66925e-12
    5.03629e+00      3.43505e-05      5.00000e+00      7.86628e-12
    5.10407e+00      3.37703e-05      5.00000e+00      8.06869e-12
    5.17277e+00      3.31985e-05      5.00000e+00      8.27620e-12
    5.24239e+00      3.26372e-05      5.00000e+00      8.48902e-12
    5.31294e+00      3.20853e-05      5.00000e+00      8.70723e-12
    5.38445e+00      3.15419e-05      5.00000e+00      8.93087e-12
    5.45691e+00      3.10081e-05      5.00000e+00      9.16013e-12
    5.53036e+00      3.04856e-05      5.00000e+00      9.39554e-12
    5.60479e+00      2.99725e-05      5.00000e+00      9.63662e-12
    5.68022e+00      2.94693e-05      5.00000e+00      9.88306e-12
    5.75667e+00      2.89756e-05      5.00000e+00      1.01368e-11
    5.83415e+00      2.84918e-05      5.00000e+00      1.03965e-11
    5.91267e+00      2.80178e-05      5.00000e+00      1.06628e-11
    5.99225e+00      2.75545e-05      5.00000e+00      1.09357e-11
    6.07289e+00      2.71015e-05      5.00000e+00      1.12155e-11
    6.15463e+00      2.66590e-05      5.00000e+00      1.15018e-11
    6.23746e+00      2.62262e-05      5.00000e+00      1.17958e-11
    6.32141e+00      2.58029e-05      5.00000e+00      1.20974e-11
    6.40649e+00      2.53907e-05      5.00000e+00      1.24072e-11
    6.49271e+00      2.49889e-05      5.00000e+00      1.27240e-11
    6.58010e+00      2.45974e-05      5.00000e+00      1.30487e-11
    6.66866e+00      2.42153e-05      5.00000e+00      1.33808e-11
    6.75841e+00      2.38436e-05      5.00000e+00      1.37219e-11
    6.84937e+00      2.34836e-05      5.00000e+00      1.40714e-11
    6.94155e+00      2.31328e-05      5.00000e+00      1.44297e-11
    7.03498e+00      2.27918e-05      5.00000e+00      1.47969e-11
    7.12966e+00      2.24615e-05      5.00000e+00      1.51734e-11
    7.22562e+00      2.21412e-05      5.00000e+00      1.55593e-11
    7.32287e+00      2.18306e-05      5.00000e+00      1.59539e-11
    7.42142e+00      2.15306e-05      5.00000e+00      1.63593e-11
    7.52131e+00      2.12401e-05      5.00000e+00      1.67746e-11
    7.62253e+00      2.09599e-05      5.00000e+00      1.72002e-11
    7.72512e+00      2.06892e-05      5.00000e+00      1.76362e-11
    7.82910e+00      2.04280e-05      5.00000e+00      1.80825e-11
    7.93447e+00      2.01764e-05      5.00000e+00      1.85404e-11
    8.04125e+00      1.99343e-05      5.00000e+00      1.90098e-11
    8.14948e+00      1.97022e-05      5.00000e+00      1.94917e-11
    8.25916e+00      1.94789e-05      5.00000e+00      1.99848e-11
    8.37032e+00      1.92643e-05      5.00000e+00      2.04899e-11
    8.48298e+00      1.90588e-05      5.00000e+00      2.10065e-11
    8.59715e+00      1.88627e-05      5.00000e+00      2.15366e-11
    8.71285e+00      1.86752e-05      5.00000e+00      2.20798e-11
    8.83012e+00      1.84950e-05      5.00000e+00      2.26365e-11
    8.94896e+00      1.83247e-05      5.00000e+00      2.32067e-11
    9.06941e+00      1.81619e-05      5.00000e+00      2.37915e-11
    9.19147e+00      1.80068e-05      5.00000e+00      2.43895e-11
    9.31518e+00      1.78600e-05      5.00000e+00      2.50025e-11
    9.44055e+00      1.77205e-05      5.00000e+00      2.56309e-11
    9.56761e+00      1.75885e-05      5.00000e+00      2.62747e-11
    9.69637e+00      1.74637e-05      5.00000e+00      2.69334e-11
    9.82688e+00      1.73460e-05      5.00000e+00      2.76088e-11
    9.95914e+00      1.72351e-05      5.00000e+00      2.83013e-11
    1.00932e+01      1.71305e-05      5.00000e+00      2.90109e-11
    1.02290e+01      1.70325e-05      5.00000e+00      2.97371e-11
    1.03667e+01      1.69403e-05      5.00000e+00      3.04810e-11
    1.05062e+01      1.68542e-05      5.00000e+00      3.12427e-11
    1.06476e+01      1.67737e-05      5.00000e+00      3.20228e-11
    1.07909e+01      1.66983e-05      5.00000e+00      3.28225e-11
    1.09362e+01      1.66283e-05      5.00000e+00      3.36414e-11
    1.10833e+01      1.65632e-05      5.00000e+00      3.44798e-11
    1.12325e+01      1.65024e-05      5.00000e+00      3.53378e-11
    1.13837e+01      1.64464e-05      5.00000e+00      3.62169e-11
    1.15369e+01      1.63943e-05      5.00000e+00      3.71176e-11
    1.16922e+01      1.63462e-05      5.00000e+00      3.80401e-11
    1.18495e+01      1.63017e-05      5.00000e+00      3.89845e-11
    1.20090e+01      1.62605e-05      5.00000e+00      3.99521e-11
    1.21706e+01      1.62226e-05      5.00000e+00      4.09420e-11
    1.23344e+01      1.61876e-05      5.00000e+00      4.19569e-11
    1.25005e+01      1.61552e-05      5.00000e+00      4.29963e-11
    1.26687e+01      1.61252e-05      5.00000e+00      4.40604e-11
    1.28392e+01      1.60975e-05      5.00000e+00      4.51488e-11
    1.30120e+01      1.60719e-05      5.00000e+00      4.62642e-11
    1.31871e+01      1.60478e-05      5.00000e+00      4.74066e-11
    1.33646e+01      1.60256e-05      5.00000e+00      4.85744e-11
    1.35445e+01      1.60046e-05      5.00000e+00      4.97702e-11
    1.37268e+01      1.59849e-05      5.00000e+00      5.09958e-11
    1.39115e+01      1.59662e-05      5.00000e+00      5.22498e-11
    1.40988e+01      1.59482e-05      5.00000e+00      5.35335e-11
    1.42885e+01      1.59310e-05      5.00000e+00      5.48469e-11
    1.44808e+01      1.59144e-05      5.00000e+00      5.61932e-11
    1.46757e+01      1.58985e-05      5.00000e+00      5.75698e-11
    1.48732e+01      1.58827e-05      5.00000e+00      5.89799e-11
    1.50734e+01      1.58672e-05      5.00000e+00      6.04228e-11
    1.52763e+01      1.58519e-05      5.00000e+00      6.18995e-11
    1.54819e+01      1.58366e-05      5.00000e+00      6.34112e-11
    1.56903e+01      1.58214e-05      5.00000e+00      6.49581e-11
    1.59014e+01      1.58063e-05      5.00000e+00      6.65407e-11
    1.61155e+01      1.57911e-05      5.00000e+00      6.81601e-11
    1.63323e+01      1.57758e-05      5.00000e+00      6.98183e-11
    1.65522e+01      1.57605e-05      5.00000e+00      7.15150e-11
    1.67749e+01      1.57450e-05      5.00000e+00      7.32512e-11
    1.70007e+01      1.57293e-05      5.00000e+00      7.50274e-11
    1.72295e+01      1.57135e-05      5.00000e+00      7.68449e-11
    1.74614e+01      1.56976e-05      5.00000e+00      7.87045e-11
    1.76964e+01      1.56815e-05      5.00000e+00      8.06071e-11
    1.79346e+01      1.56653e-05      5.00000e+00      8.25540e-11
    1.81760e+01      1.56489e-05      5.00000e+00      8.45456e-11
    1.84206e+01      1.56324e-05      5.00000e+00      8.65826e-11
    1.86685e+01      1.56156e-05      5.00000e+00      8.86674e-11
    1.89198e+01      1.55987e-05      5.00000e+00      9.08000e-11
    1.91744e+01      1.55816e-05      5.00000e+00      9.29817e-11
    1.94325e+01      1.55643e-05      5.00000e+00      9.52129e-11
    1.96940e+01      1.55468e-05      5.00000e+00      9.74946e-11
    1.99591e+01      1.55292e-05      5.00000e+00      9.98282e-11
    2.02277e+01      1.55113e-05      5.00000e+00      1.02215e-10
    2.05000e+01      1.54933e-05      5.00000e+00      1.04656e-10
    2.07759e+01      1.54750e-05      5.00000e+00      1.07153e-10
    2.10555e+01      1.54566e-05      5.00000e+00      1.09706e-10
    2.13389e+01      1.54379e-05      5.00000e+00      1.12317e-10
    2.16261e+01      1.54191e-05      5.00000e+00      1.14987e-10
    2.19171e+01      1.54000e-05      5.00000e+00      1.17717e-10
    2.22121e+01      1.53807e-05      5.00000e+00      1.20509e-10
    2.25111e+01      1.53612e-05      5.00000e+00      1.23364e-10
    2.28140e+01      1.53415e-05      5.00000e+00      1.26281e-10
    2.31211e+01      1.53215e-05      5.00000e+00      1.29263e-10
    2.34323e+01      1.53013e-05      5.00000e+00      1.32312e-10
    2.37477e+01      1.52809e-05      5.00000e+00      1.35428e-10
    2.40673e+01      1.52603e-05      5.00000e+00      1.38613e-10
    2.43912e+01      1.52394e-05      5.00000e+00      1.41870e-10
    2.47195e+01      1.52183e-05      5.00000e+00      1.45199e-10
    2.50522e+01      1.51970e-05      5.00000e+00      1.48602e-10
    2.53894e+01      1.51754e-05      5.00000e+00      1.52080e-10
    2.57311e+01      1.51536e-05      5.00000e+00      1.55634e-10
    2.60774e+01      1.51316e-05      5.00000e+00      1.59264e-10
    2.64284e+01      1.51093e-05      5.00000e+00      1.62974e-10
    2.67840e+01      1.50867e-05      5.00000e+00      1.66764e-10
    2.71445e+01      1.50640e-05      5.00000e+00      1.70637e-10
    2.75099e+01      1.50409e-05      5.00000e+00      1.74594e-10
    2.78801e+01      1.50175e-05      5.00000e+00      1.78637e-10
    2.82554e+01      1.49939e-05      5.00000e+00      1.82768e-10
    2.86356e+01      1.49700e-05      5.00000e+00      1.86988e-10
    2.90211e+01      1.49458e-05      5.00000e+00      1.91298e-10
    2.94116e+01      1.49214e-05      5.00000e+00      1.95700e-10
    2.98075e+01      1.48968e-05      5.00000e+00      2.00195e-10
    3.02087e+01      1.48718e-05      5.00000e+00      2.04786e-10
    3.06153e+01      1.48466e-05      5.00000e+00      2.09474e-10
    3.10273e+01      1.48211e-05      5.00000e+00      2.14261e-10
    3.14449e+01      1.47954e-05      5.00000e+00      2.19151e-10
    3.18681e+01      1.47695e-05      5.00000e+00      2.24146e-10
    3.22970e+01      1.47432e-05      5.00000e+00      2.29246e-10
    3.27317e+01      1.47167e-05      5.00000e+00      2.34453e-10
    3.31722e+01      1.46899e-05      5.00000e+00      2.39767e-10
    3.36187e+01      1.46628e-05      5.00000e+00      2.45191e-10
    3.40712e+01      1.46354e-05      5.00000e+00      2.50727e-10
    3.45297e+01      1.46076e-05      5.00000e+00      2.56377e-10
    3.49945e+01      1.45795e-05      5.00000e+00      2.62143e-10
    3.54655e+01      1.45510e-05      5.00000e+00      2.68028e-10
    3.59428e+01      1.45223e-05      5.00000e+00      2.74036e-10
    3.64265e+01      1.44932e-05      5.00000e+00      2.80166e-10
    3.69168e+01      1.44639e-05      5.00000e+00      2.86420e-10
    3.74137e+01      1.44343e-05      5.00000e+00      2.92799e-10
    3.79172e+01      1.44043e-05      5.00000e+00      2.99308e-10
    3.84275e+01      1.43741e-05      5.00000e+00      3.05948e-10
    3.89447e+01      1.43435e-05      5.00000e+00      3.12722e-10
    3.94689e+01      1.43127e-05      5.00000e+00      3.19633e-10
    4.00001e+01      1.42816e-05      5.00000e+00      3.26683e-10
