    Er (keV)         SM dN/dE         BG dN/dE        BSM dN/dE (events/kg/day/keV)
    1.01000e-02      2.49349e+02      1.00000e+01      3.55881e-08
    1.02859e-02      2.48445e+02      1.00000e+01      3.76843e-08
    1.04753e-02      2.47525e+02      1.00000e+01      3.98196e-08
    1.06682e-02      2.46587e+02      1.00000e+01      4.19945e-08
    1.08647e-02      2.45632e+02      1.00000e+01      4.42099e-08
    1.10648e-02      2.44660e+02      1.00000e+01      4.64664e-08
    1.12686e-02      2.43669e+02      1.00000e+01      4.87649e-08
    1.14763e-02      2.42660e+02      1.00000e+01      5.11062e-08
    1.16878e-02      2.41632e+02      1.00000e+01      5.34909e-08
    1.19032e-02      2.40585e+02      1.00000e+01      5.59200e-08
    1.21226e-02      2.39518e+02      1.00000e+01      5.83943e-08
    1.23462e-02      2.38432e+02      1.00000e+01      6.09145e-08
    1.25738e-02      2.37325e+02      1.00000e+01      6.34817e-08
    1.28057e-02      2.36198e+02      1.00000e+01      6.60965e-08
    1.30420e-02      2.35050e+02      1.00000e+01      6.87600e-08
    1.32826e-02      2.33880e+02      1.00000e+01      7.14729e-08
    1.35276e-02      2.32689e+02      1.00000e+01      7.42364e-08
    1.37773e-02      2.31476e+02      1.00000e+01      7.70511e-08
    1.40316e-02      2.30240e+02      1.00000e+01      7.99183e-08
    1.42906e-02      2.28981e+02      1.00000e+01      8.28387e-08
    1.45544e-02      2.27699e+02      1.00000e+01      8.58134e-08
    1.48231e-02      2.26392e+02      1.00000e+01      8.88434e-08
    1.50968e-02      2.25062e+02      1.00000e+01      9.19298e-08
    1.53757e-02      2.23707e+02      1.00000e+01      9.50735e-08
    1.56597e-02      2.22326e+02      1.00000e+01      9.82757e-08
    1.59489e-02      2.20920e+02      1.00000e+01      1.01537e-07
    1.62436e-02      2.19488e+02      1.00000e+01      1.04860e-07
    1.65437e-02      2.18030e+02      1.00000e+01      1.08244e-07
    1.68494e-02      2.16544e+02      1.00000e+01      1.11691e-07
    1.71608e-02      2.15030e+02      1.00000e+01      1.15202e-07
    1.74780e-02      2.13488e+02      1.00000e+01      1.18778e-07
    1.78011e-02      2.11918e+02      1.00000e+01      1.22421e-07
    1.81302e-02      2.10319e+02      1.00000e+01      1.26132e-07
    1.84654e-02      2.08689e+02      1.00000e+01      1.29912e-07
    1.88068e-02      2.07030e+02      1.00000e+01      1.33761e-07
    1.91546e-02      2.05339e+02      1.00000e+01      1.37683e-07
    1.95089e-02      2.03618e+02      1.00000e+01      1.41677e-07
    1.98697e-02      2.01864e+02      1.00000e+01      1.45746e-07
    2.02372e-02      2.00077e+02      1.00000e+01      1.49890e-07
    2.06116e-02      1.98258e+02      1.00000e+01      1.54111e-07
    2.09930e-02      1.96404e+02      1.00000e+01      1.58411e-07
    2.13814e-02      1.94516e+02      1.00000e+01      1.62791e-07
    2.17770e-02      1.92593e+02      1.00000e+01      1.67252e-07
    2.21800e-02      1.90634e+02      1.00000e+01      1.71796e-07
    2.25905e-02      1.88639e+02      1.00000e+01      1.76425e-07
    2.30087e-02      1.86607e+02      1.00000e+01      1.81139e-07
    2.34346e-02      1.84537e+02      1.00000e+01      1.85941e-07
    2.38684e-02      1.82428e+02      1.00000e+01      1.90833e-07
    2.43103e-02      1.80280e+02      1.00000e+01      1.95815e-07
    2.47604e-02      1.78093e+02      1.00000e+01      2.00891e-07
    2.52189e-02      1.75864e+02      1.00000e+01      2.06060e-07
    2.56859e-02      1.73594e+02      1.00000e+01      2.11326e-07
    2.61615e-02      1.71282e+02      1.00000e+01      2.16689e-07
    2.66461e-02      1.68928e+02      1.00000e+01      2.22152e-07
    2.71396e-02      1.66529e+02      1.00000e+01      2.27717e-07
    2.76423e-02      1.64085e+02      1.00000e+01      2.33385e-07
    2.81543e-02      1.61597e+02      1.00000e+01      2.39159e-07
    2.86759e-02      1.59061e+02      1.00000e+01      2.45040e-07
    2.92072e-02      1.56479e+02      1.00000e+01      2.51030e-07
    2.97483e-02      1.53849e+02      1.00000e+01      2.57132e-07
    3.02995e-02      1.51170e+02      1.00000e+01      2.63347e-07
    3.08610e-02      1.49980e+02      1.00000e+01      2.75312e-07
    3.14329e-02      1.48862e+02      1.00000e+01      2.87843e-07
    3.20154e-02      1.47724e+02      1.00000e+01      3.00608e-07
    3.26087e-02      1.46564e+02      1.00000e+01      3.13610e-07
    3.32131e-02      1.45382e+02      1.00000e+01      3.26853e-07
    3.38287e-02      1.44179e+02      1.00000e+01      3.40343e-07
    3.44558e-02      1.42953e+02      1.00000e+01      3.54083e-07
    3.50945e-02      1.41705e+02      1.00000e+01      3.68079e-07
    3.57451e-02      1.40433e+02      1.00000e+01      3.82336e-07
    3.64078e-02      1.39137e+02      1.00000e+01      3.96857e-07
    3.70828e-02      1.37818e+02      1.00000e+01      4.11648e-07
    3.77704e-02      1.36474e+02      1.00000e+01      4.26714e-07
    3.84707e-02      1.35105e+02      1.00000e+01      4.42060e-07
    3.91841e-02      1.33710e+02      1.00000e+01      4.57692e-07
    3.99107e-02      1.32290e+02      1.00000e+01      4.73614e-07
    4.06509e-02      1.30843e+02      1.00000e+01      4.89832e-07
    4.14048e-02      1.29370e+02      1.00000e+01      5.06352e-07
    4.21727e-02      1.27868e+02      1.00000e+01      5.23179e-07
    4.29549e-02      1.26339e+02      1.00000e+01      5.40319e-07
    4.37516e-02      1.24782e+02      1.00000e+01      5.57777e-07
    4.45631e-02      1.23196e+02      1.00000e+01      5.75560e-07
    4.53898e-02      1.21580e+02      1.00000e+01      5.93673e-07
    4.62318e-02      1.19934e+02      1.00000e+01      6.12124e-07
    4.70894e-02      1.18257e+02      1.00000e+01      6.30917e-07
    4.79630e-02      1.16550e+02      1.00000e+01      6.50060e-07
    4.88528e-02      1.14810e+02      1.00000e+01      6.69558e-07
    4.97592e-02      1.13038e+02      1.00000e+01      6.89419e-07
    5.06825e-02      1.11234e+02      1.00000e+01      7.09650e-07
    5.16229e-02      1.09757e+02      1.00000e+01      7.34992e-07
    5.25807e-02      1.08636e+02      1.00000e+01      7.65836e-07
    5.35564e-02      1.07495e+02      1.00000e+01      7.97253e-07
    5.45503e-02      1.06332e+02      1.00000e+01      8.29254e-07
    5.55626e-02      1.05148e+02      1.00000e+01      8.61850e-07
    5.65937e-02      1.03941e+02      1.00000e+01      8.95052e-07
    5.76440e-02      1.02712e+02      1.00000e+01      9.28872e-07
    5.87138e-02      1.01461e+02      1.00000e+01      9.63320e-07
    5.98035e-02      1.00186e+02      1.00000e+01      9.98408e-07
    6.09135e-02      9.88874e+01      1.00000e+01      1.03415e-06
    6.20441e-02      9.75647e+01      1.00000e+01      1.07055e-06
    6.31957e-02      9.62174e+01      1.00000e+01      1.10764e-06
    6.43688e-02      9.48451e+01      1.00000e+01      1.14541e-06
    6.55636e-02      9.34472e+01      1.00000e+01      1.18388e-06
    6.67807e-02      9.20233e+01      1.00000e+01      1.22307e-06
    6.80204e-02      9.05730e+01      1.00000e+01      1.26299e-06
    6.92831e-02      8.90957e+01      1.00000e+01      1.30365e-06
    7.05693e-02      8.75909e+01      1.00000e+01      1.34506e-06
    7.18794e-02      8.60582e+01      1.00000e+01      1.38725e-06
    7.32139e-02      8.49233e+01      1.00000e+01      1.44252e-06
    7.45732e-02      8.38081e+01      1.00000e+01      1.49999e-06
    7.59578e-02      8.26721e+01      1.00000e+01      1.55853e-06
    7.73681e-02      8.15149e+01      1.00000e+01      1.61816e-06
    7.88046e-02      8.03363e+01      1.00000e+01      1.67889e-06
    8.02678e-02      7.91357e+01      1.00000e+01      1.74076e-06
    8.17582e-02      7.79128e+01      1.00000e+01      1.80377e-06
    8.32764e-02      7.66672e+01      1.00000e+01      1.86796e-06
    8.48227e-02      7.53985e+01      1.00000e+01      1.93334e-06
    8.63979e-02      7.41061e+01      1.00000e+01      1.99994e-06
    8.80023e-02      7.27897e+01      1.00000e+01      2.06777e-06
    8.96365e-02      7.14489e+01      1.00000e+01      2.13686e-06
    9.13011e-02      7.00831e+01      1.00000e+01      2.20724e-06
    9.29966e-02      6.87290e+01      1.00000e+01      2.28159e-06
    9.47237e-02      6.76857e+01      1.00000e+01      2.38137e-06
    9.64829e-02      6.66230e+01      1.00000e+01      2.48301e-06
    9.82748e-02      6.55405e+01      1.00000e+01      2.58654e-06
    1.00100e-01      6.44379e+01      1.00000e+01      2.69199e-06
    1.01959e-01      6.33148e+01      1.00000e+01      2.79940e-06
    1.03853e-01      6.21708e+01      1.00000e+01      2.90881e-06
    1.05782e-01      6.10056e+01      1.00000e+01      3.02025e-06
    1.07747e-01      5.98186e+01      1.00000e+01      3.13376e-06
    1.09748e-01      5.86097e+01      1.00000e+01      3.24939e-06
    1.11786e-01      5.73782e+01      1.00000e+01      3.36716e-06
    1.13863e-01      5.61539e+01      1.00000e+01      3.48845e-06
    1.15978e-01      5.51838e+01      1.00000e+01      3.62418e-06
    1.18132e-01      5.41957e+01      1.00000e+01      3.76243e-06
    1.20326e-01      5.31892e+01      1.00000e+01      3.90326e-06
    1.22562e-01      5.21640e+01      1.00000e+01      4.04670e-06
    1.24838e-01      5.11197e+01      1.00000e+01      4.19281e-06
    1.27157e-01      5.00561e+01      1.00000e+01      4.34164e-06
    1.29520e-01      4.89726e+01      1.00000e+01      4.49323e-06
    1.31926e-01      4.78690e+01      1.00000e+01      4.64765e-06
    1.34376e-01      4.67449e+01      1.00000e+01      4.80493e-06
    1.36873e-01      4.58409e+01      1.00000e+01      4.98911e-06
    1.39416e-01      4.49315e+01      1.00000e+01      5.17785e-06
    1.42006e-01      4.40052e+01      1.00000e+01      5.37009e-06
    1.44644e-01      4.30617e+01      1.00000e+01      5.56592e-06
    1.47331e-01      4.21006e+01      1.00000e+01      5.76538e-06
    1.50068e-01      4.11217e+01      1.00000e+01      5.96855e-06
    1.52857e-01      4.01245e+01      1.00000e+01      6.17550e-06
    1.55697e-01      3.91360e+01      1.00000e+01      6.39007e-06
    1.58589e-01      3.83094e+01      1.00000e+01      6.63367e-06
    1.61536e-01      3.74675e+01      1.00000e+01      6.88180e-06
    1.64537e-01      3.66099e+01      1.00000e+01      7.13455e-06
    1.67594e-01      3.57363e+01      1.00000e+01      7.39200e-06
    1.70708e-01      3.48465e+01      1.00000e+01      7.65423e-06
    1.73880e-01      3.39401e+01      1.00000e+01      7.92133e-06
    1.77111e-01      3.30683e+01      1.00000e+01      8.20292e-06
    1.80402e-01      3.23037e+01      1.00000e+01      8.51264e-06
    1.83754e-01      3.15249e+01      1.00000e+01      8.82812e-06
    1.87168e-01      3.07317e+01      1.00000e+01      9.14947e-06
    1.90646e-01      2.99237e+01      1.00000e+01      9.47679e-06
    1.94189e-01      2.91007e+01      1.00000e+01      9.81019e-06
    1.97797e-01      2.82956e+01      1.00000e+01      1.01578e-05
    2.01472e-01      2.75915e+01      1.00000e+01      1.05399e-05
    2.05216e-01      2.68743e+01      1.00000e+01      1.09291e-05
    2.09030e-01      2.61438e+01      1.00000e+01      1.13256e-05
    2.12914e-01      2.53997e+01      1.00000e+01      1.17294e-05
    2.16870e-01      2.46418e+01      1.00000e+01      1.21407e-05
    2.20900e-01      2.39678e+01      1.00000e+01      1.25899e-05
    2.25005e-01      2.33117e+01      1.00000e+01      1.30569e-05
    2.29187e-01      2.26434e+01      1.00000e+01      1.35325e-05
    2.33446e-01      2.19627e+01      1.00000e+01      1.40169e-05
    2.37784e-01      2.12694e+01      1.00000e+01      1.45104e-05
    2.42203e-01      2.06563e+01      1.00000e+01      1.50477e-05
    2.46704e-01      2.00549e+01      1.00000e+01      1.56035e-05
    2.51289e-01      1.94422e+01      1.00000e+01      1.61697e-05
    2.55959e-01      1.88181e+01      1.00000e+01      1.67464e-05
    2.60715e-01      1.82077e+01      1.00000e+01      1.73458e-05
    2.65561e-01      1.76589e+01      1.00000e+01      1.79911e-05
    2.70496e-01      1.70999e+01      1.00000e+01      1.86484e-05
    2.75523e-01      1.65305e+01      1.00000e+01      1.93179e-05
    2.80643e-01      1.59562e+01      1.00000e+01      2.00031e-05
    2.85859e-01      1.54530e+01      1.00000e+01      2.07480e-05
    2.91172e-01      1.49405e+01      1.00000e+01      2.15068e-05
    2.96583e-01      1.44185e+01      1.00000e+01      2.22797e-05
    3.02095e-01      1.39003e+01      1.00000e+01      2.30762e-05
    3.07710e-01      1.34378e+01      1.00000e+01      2.39321e-05
    3.13429e-01      1.29667e+01      1.00000e+01      2.48040e-05
    3.19254e-01      1.24869e+01      1.00000e+01      2.56920e-05
    3.25187e-01      1.20354e+01      1.00000e+01      2.66273e-05
    3.31231e-01      1.16076e+01      1.00000e+01      2.76064e-05
    3.37387e-01      1.11718e+01      1.00000e+01      2.86037e-05
    3.43658e-01      1.07364e+01      1.00000e+01      2.96277e-05
    3.50045e-01      1.03473e+01      1.00000e+01      3.07235e-05
    3.56551e-01      9.95091e+00      1.00000e+01      3.18397e-05
    3.63178e-01      9.54718e+00      1.00000e+01      3.29766e-05
    3.69928e-01      9.18738e+00      1.00000e+01      3.41942e-05
    3.76804e-01      8.82467e+00      1.00000e+01      3.54388e-05
    3.83807e-01      8.45521e+00      1.00000e+01      3.67066e-05
    3.90941e-01      8.12387e+00      1.00000e+01      3.80571e-05
    3.98207e-01      7.79100e+00      1.00000e+01      3.94389e-05
    4.05609e-01      7.45378e+00      1.00000e+01      4.08492e-05
    4.13148e-01      7.15241e+00      1.00000e+01      4.23518e-05
    4.20827e-01      6.84543e+00      1.00000e+01      4.38823e-05
    4.28649e-01      6.54523e+00      1.00000e+01      4.54637e-05
    4.36616e-01      6.26616e+00      1.00000e+01      4.71226e-05
    4.44731e-01      5.98191e+00      1.00000e+01      4.88124e-05
    4.52998e-01      5.71955e+00      1.00000e+01      5.05875e-05
    4.61418e-01      5.46251e+00      1.00000e+01      5.24160e-05
    4.69994e-01      5.20868e+00      1.00000e+01      5.42978e-05
    4.78730e-01      4.97359e+00      1.00000e+01      5.62717e-05
    4.87628e-01      4.73413e+00      1.00000e+01      5.82824e-05
    4.96692e-01      4.51577e+00      1.00000e+01      6.04015e-05
    5.05925e-01      4.29654e+00      1.00000e+01      6.25689e-05
    5.15329e-01      4.08999e+00      1.00000e+01      6.48277e-05
    5.24907e-01      3.88985e+00      1.00000e+01      6.71597e-05
    5.34664e-01      3.69641e+00      1.00000e+01      6.95755e-05
    5.44603e-01      3.51242e+00      1.00000e+01      7.20867e-05
    5.54726e-01      3.33250e+00      1.00000e+01      7.46723e-05
    5.65037e-01      3.16303e+00      1.00000e+01      7.73566e-05
    5.75540e-01      2.99690e+00      1.00000e+01      8.01223e-05
    5.86238e-01      2.84041e+00      1.00000e+01      8.30008e-05
    5.97135e-01      2.68793e+00      1.00000e+01      8.59708e-05
    6.08235e-01      2.54318e+00      1.00000e+01      8.90540e-05
    6.19541e-01      2.40391e+00      1.00000e+01      9.22442e-05
    6.31057e-01      2.26957e+00      1.00000e+01      9.55395e-05
    6.42788e-01      2.14294e+00      1.00000e+01      9.89663e-05
    6.54736e-01      2.01818e+00      1.00000e+01      1.02486e-04
    6.66907e-01      1.90345e+00      1.00000e+01      1.06168e-04
    6.79304e-01      1.79019e+00      1.00000e+01      1.09949e-04
    6.91931e-01      1.68364e+00      1.00000e+01      1.13878e-04
    7.04793e-01      1.58176e+00      1.00000e+01      1.17945e-04
    7.17894e-01      1.48238e+00      1.00000e+01      1.22131e-04
    7.31239e-01      1.39111e+00      1.00000e+01      1.26503e-04
    7.44832e-01      1.30239e+00      1.00000e+01      1.31007e-04
    7.58678e-01      1.21711e+00      1.00000e+01      1.35655e-04
    7.72781e-01      1.13823e+00      1.00000e+01      1.40499e-04
    7.87146e-01      1.06209e+00      1.00000e+01      1.45494e-04
    8.01778e-01      9.89001e-01      1.00000e+01      1.50649e-04
    8.16682e-01      9.21628e-01      1.00000e+01      1.56013e-04
    8.31864e-01      8.57231e-01      1.00000e+01      1.61556e-04
    8.47327e-01      7.95696e-01      1.00000e+01      1.67281e-04
    8.63079e-01      7.37357e-01      1.00000e+01      1.73202e-04
    8.79123e-01      6.83365e-01      1.00000e+01      1.79357e-04
    8.95465e-01      6.31987e-01      1.00000e+01      1.85715e-04
    9.12111e-01      5.83274e-01      1.00000e+01      1.92287e-04
    9.29066e-01      5.37237e-01      1.00000e+01      1.99085e-04
    9.46337e-01      4.93973e-01      1.00000e+01      2.06116e-04
    9.63929e-01      4.53847e-01      1.00000e+01      2.13411e-04
    9.81848e-01      4.16089e-01      1.00000e+01      2.20955e-04
    1.00010e+00      3.80655e-01      1.00000e+01      2.33053e-04
    1.01869e+00      3.47496e-01      1.00000e+01      2.44725e-04
    1.03763e+00      3.16534e-01      1.00000e+01      2.53355e-04
    1.05692e+00      2.87676e-01      1.00000e+01      2.62283e-04
    1.07657e+00      2.60868e-01      1.00000e+01      2.71521e-04
    1.09658e+00      2.36022e-01      1.00000e+01      2.81080e-04
    1.11696e+00      2.12908e-01      1.00000e+01      2.90972e-04
    1.13773e+00      1.91250e-01      1.00000e+01      3.01204e-04
    1.15888e+00      1.72124e-01      1.00000e+01      3.11793e-04
    1.18042e+00      1.53975e-01      1.00000e+01      3.22749e-04
    1.20236e+00      1.37334e-01      1.00000e+01      3.34083e-04
    1.22472e+00      1.22062e-01      1.00000e+01      3.45810e-04
    1.24748e+00      1.08092e-01      1.00000e+01      3.57935e-04
    1.27067e+00      9.53501e-02      1.00000e+01      3.70481e-04
    1.29430e+00      8.37630e-02      1.00000e+01      3.83462e-04
    1.31836e+00      7.32528e-02      1.00000e+01      3.96885e-04
    1.34286e+00      6.37639e-02      1.00000e+01      4.10763e-04
    1.36783e+00      5.53612e-02      1.00000e+01      4.25143e-04
    1.39326e+00      4.78278e-02      1.00000e+01      4.40010e-04
    1.41916e+00      4.11021e-02      1.00000e+01      4.55379e-04
    1.44554e+00      3.51158e-02      1.00000e+01      4.71267e-04
    1.47241e+00      2.98897e-02      1.00000e+01      4.87717e-04
    1.49978e+00      2.53321e-02      1.00000e+01      5.04717e-04
    1.52767e+00      2.12976e-02      1.00000e+01      5.22273e-04
    1.55607e+00      1.78291e-02      1.00000e+01      5.40430e-04
    1.58499e+00      1.48274e-02      1.00000e+01      5.59197e-04
    1.61446e+00      1.22120e-02      1.00000e+01      5.78571e-04
    1.64447e+00      1.00007e-02      1.00000e+01      5.98623e-04
    1.67504e+00      8.11578e-03      1.00000e+01      6.19281e-04
    1.70618e+00      6.59161e-03      1.00000e+01      6.40717e-04
    1.73790e+00      5.28765e-03      1.00000e+01      6.62807e-04
    1.77021e+00      4.25265e-03      1.00000e+01      6.85660e-04
    1.80312e+00      3.39773e-03      1.00000e+01      7.09243e-04
    1.83664e+00      2.74096e-03      1.00000e+01      7.33622e-04
    1.87078e+00      2.22481e-03      1.00000e+01      7.58816e-04
    1.90556e+00      1.82256e-03      1.00000e+01      7.84719e-04
    1.94099e+00      1.52051e-03      1.00000e+01      8.11684e-04
    1.97707e+00      1.28252e-03      1.00000e+01      8.39292e-04
    2.01382e+00      1.10239e-03      1.00000e+01      8.96108e-04
    2.05126e+00      9.46927e-04      1.00000e+01      9.26652e-04
    2.08940e+00      8.20282e-04      1.00000e+01      9.58223e-04
    2.12824e+00      7.16347e-04      1.00000e+01      9.90819e-04
    2.16780e+00      6.31903e-04      1.00000e+01      1.02448e-03
    2.20810e+00      5.64768e-04      1.00000e+01      1.05912e-03
    2.24915e+00      5.11865e-04      1.00000e+01      1.09511e-03
    2.29097e+00      4.70820e-04      1.00000e+01      1.13216e-03
    2.33356e+00      4.39287e-04      1.00000e+01      1.17041e-03
    2.37694e+00      4.15189e-04      1.00000e+01      1.20989e-03
    2.42113e+00      3.96807e-04      1.00000e+01      1.25066e-03
    2.46614e+00      3.82763e-04      1.00000e+01      1.29273e-03
    2.51199e+00      3.72025e-04      1.00000e+01      1.33617e-03
    2.55869e+00      3.63779e-04      1.00000e+01      1.38100e-03
    2.60625e+00      3.57500e-04      1.00000e+01      1.42729e-03
    2.65471e+00      3.52813e-04      1.00000e+01      1.47501e-03
    2.70406e+00      3.49534e-04      1.00000e+01      1.52431e-03
    2.75433e+00      3.47338e-04      1.00000e+01      1.57516e-03
    2.80553e+00      3.46007e-04      1.00000e+01      1.62761e-03
    2.85769e+00      3.45297e-04      1.00000e+01      1.68176e-03
    2.91082e+00      3.44964e-04      1.00000e+01      1.73763e-03
    2.96493e+00      3.44824e-04      1.00000e+01      1.79525e-03
    3.02005e+00      3.44768e-04      1.00000e+01      1.85471e-03
    3.07620e+00      3.44735e-04      1.00000e+01      1.91603e-03
    3.13339e+00      3.44703e-04      1.00000e+01      1.97926e-03
    3.19164e+00      3.44671e-04      1.00000e+01      2.04454e-03
    3.25097e+00      3.44637e-04      1.00000e+01      2.11183e-03
    3.31141e+00      3.44603e-04      1.00000e+01      2.18122e-03
    3.37297e+00      3.44567e-04      1.00000e+01      2.25280e-03
    3.43568e+00      3.44533e-04      1.00000e+01      2.32659e-03
    3.49955e+00      3.44496e-04      1.00000e+01      2.40268e-03
    3.56461e+00      3.44461e-04      1.00000e+01      2.48114e-03
    3.63088e+00      3.44424e-04      1.00000e+01      2.56199e-03
    3.69838e+00      3.44385e-04      1.00000e+01      2.64534e-03
    3.76714e+00      3.44348e-04      1.00000e+01      2.73131e-03
    3.83717e+00      3.44311e-04      1.00000e+01      2.81990e-03
    3.90851e+00      3.44271e-04      1.00000e+01      2.91120e-03
    3.98117e+00      3.44230e-04      1.00000e+01      3.00530e-03
    4.05519e+00      3.44189e-04      1.00000e+01      3.10227e-03
    4.13058e+00      3.44148e-04      1.00000e+01      3.20217e-03
    4.20737e+00      3.44105e-04      1.00000e+01      3.30512e-03
    4.28559e+00      3.44062e-04      1.00000e+01      3.41157e-03
    4.36526e+00      3.44020e-04      1.00000e+01      3.52222e-03
    4.44641e+00      3.43976e-04      1.00000e+01      3.63720e-03
    4.52908e+00      3.43932e-04      1.00000e+01      3.75716e-03
    4.61328e+00      3.43889e-04      1.00000e+01      3.88129e-03
    4.69904e+00      3.43845e-04      1.00000e+01      4.01086e-03
    4.78640e+00      3.43799e-04      1.00000e+01      4.14550e-03
    4.87538e+00      3.43754e-04      1.00000e+01      4.28577e-03
    4.96602e+00      3.43709e-04      1.00000e+01      4.43168e-03
    5.05835e+00      3.43664e-04      1.00000e+01      4.58375e-03
    5.15239e+00      3.43617e-04      1.00000e+01      4.74203e-03
    5.24817e+00      3.43572e-04      1.00000e+01      4.90693e-03
    5.34574e+00      3.43525e-04      1.00000e+01      5.07869e-03
    5.44513e+00      3.43478e-04      1.00000e+01      5.25774e-03
    5.54636e+00      3.43430e-04      1.00000e+01      5.44296e-03
    5.64947e+00      3.43382e-04      1.00000e+01      5.63467e-03
    5.75450e+00      3.43332e-04      1.00000e+01      5.83290e-03
    5.86148e+00      3.43280e-04      1.00000e+01      6.03791e-03
    5.97045e+00      3.43230e-04      1.00000e+01      6.24988e-03
    6.08145e+00      3.43177e-04      1.00000e+01      6.46910e-03
    6.19451e+00      3.43124e-04      1.00000e+01      6.69574e-03
    6.30967e+00      3.43070e-04      1.00000e+01      6.93011e-03
    6.42698e+00      3.43012e-04      1.00000e+01      7.17232e-03
    6.54646e+00      3.42955e-04      1.00000e+01      7.42277e-03
    6.66817e+00      3.42899e-04      1.00000e+01      7.68170e-03
    6.79214e+00      3.42841e-04      1.00000e+01      7.94934e-03
    6.91841e+00      3.42782e-04      1.00000e+01      8.22609e-03
    7.04703e+00      3.42724e-04      1.00000e+01      8.51230e-03
    7.17804e+00      3.42659e-04      1.00000e+01      8.80765e-03
    7.31149e+00      3.42597e-04      1.00000e+01      9.11328e-03
    7.44742e+00      3.42532e-04      1.00000e+01      9.42909e-03
    7.58588e+00      3.42469e-04      1.00000e+01      9.75557e-03
    7.72691e+00      3.42401e-04      1.00000e+01      1.00927e-02
    7.87056e+00      3.42327e-04      1.00000e+01      1.04415e-02
    8.01688e+00      3.42269e-04      1.00000e+01      1.08016e-02
    8.16592e+00      3.42197e-04      1.00000e+01      1.11738e-02
    8.31774e+00      3.42125e-04      1.00000e+01      1.15585e-02
    8.47237e+00      3.42053e-04      1.00000e+01      1.19558e-02
    8.62989e+00      3.41979e-04      1.00000e+01      1.23664e-02
    8.79033e+00      3.41905e-04      1.00000e+01      1.27907e-02
    8.95375e+00      3.41829e-04      1.00000e+01      1.32288e-02
    9.12021e+00      3.41754e-04      1.00000e+01      1.36816e-02
    9.28976e+00      3.41673e-04      1.00000e+01      1.41491e-02
    9.46247e+00      3.41594e-04      1.00000e+01      1.46322e-02
    9.63839e+00      3.41514e-04      1.00000e+01      1.51312e-02
    9.81758e+00      3.41431e-04      1.00000e+01      1.56464e-02
    1.00001e+01      3.41346e-04      1.00000e+01      1.61785e-02
    1.01860e+01      3.41261e-04      1.00000e+01      1.67283e-02
    1.03754e+01      3.41173e-04      1.00000e+01      1.72958e-02
    1.05683e+01      3.41085e-04      1.00000e+01      1.78820e-02
    1.07648e+01      3.40993e-04      1.00000e+01      1.84872e-02
    1.09649e+01      3.40903e-04      1.00000e+01      1.91121e-02
    1.11687e+01      3.40808e-04      1.00000e+01      1.97572e-02
    1.13764e+01      3.40712e-04      1.00000e+01      2.04234e-02
    1.15879e+01      3.40615e-04      1.00000e+01      2.11112e-02
    1.18033e+01      3.40515e-04      1.00000e+01      2.18210e-02
    1.20227e+01      3.40414e-04      1.00000e+01      2.25538e-02
    1.22463e+01      3.40313e-04      1.00000e+01      2.33103e-02
    1.24739e+01      3.40207e-04      1.00000e+01      2.40908e-02
    1.27058e+01      3.40103e-04      1.00000e+01      2.48967e-02
    1.29421e+01      3.39995e-04      1.00000e+01      2.57284e-02
    1.31827e+01      3.39885e-04      1.00000e+01      2.65863e-02
    1.34277e+01      3.39774e-04      1.00000e+01      2.74719e-02
    1.36774e+01      3.39657e-04      1.00000e+01      2.83857e-02
    1.39317e+01      3.39544e-04      1.00000e+01      2.93283e-02
    1.41907e+01      3.39427e-04      1.00000e+01      3.03009e-02
    1.44545e+01      3.39311e-04      1.00000e+01      3.13048e-02
    1.47232e+01      3.39519e-04      1.00000e+01      3.23397e-02
    1.49969e+01      3.39065e-04      1.00000e+01      3.34076e-02
    1.52758e+01      3.38939e-04      1.00000e+01      3.45086e-02
    1.55598e+01      3.38811e-04      1.00000e+01      3.56440e-02
    1.58490e+01      3.38680e-04      1.00000e+01      3.68137e-02
    1.61437e+01      3.38544e-04      1.00000e+01      3.80198e-02
    1.64438e+01      3.38412e-04      1.00000e+01      3.92625e-02
    1.67495e+01      3.38274e-04      1.00000e+01      4.05431e-02
    1.70609e+01      3.38135e-04      1.00000e+01      4.18632e-02
    1.73781e+01      3.37992e-04      1.00000e+01      4.32221e-02
    1.77012e+01      3.37846e-04      1.00000e+01      4.46225e-02
    1.80303e+01      3.37699e-04      1.00000e+01      4.60651e-02
    1.83655e+01      3.37550e-04      1.00000e+01      4.75510e-02
    1.87069e+01      3.37398e-04      1.00000e+01      4.90816e-02
    1.90547e+01      3.37243e-04      1.00000e+01      5.06570e-02
    1.94090e+01      3.37084e-04      1.00000e+01      5.22794e-02
    1.97698e+01      3.36924e-04      1.00000e+01      5.39497e-02
    2.01373e+01      3.36761e-04      1.00000e+01      5.56703e-02
    2.05117e+01      3.36593e-04      1.00000e+01      5.74384e-02
    2.08931e+01      3.36424e-04      1.00000e+01      5.92611e-02
    2.12815e+01      3.36250e-04      1.00000e+01      6.11360e-02
    2.16771e+01      3.36076e-04      1.00000e+01      6.30647e-02
    2.20801e+01      3.35899e-04      1.00000e+01      6.50496e-02
    2.24906e+01      3.35722e-04      1.00000e+01      6.70915e-02
    2.29088e+01      3.35527e-04      1.00000e+01      6.91917e-02
    2.33347e+01      3.35345e-04      1.00000e+01      7.13510e-02
    2.37685e+01      3.35152e-04      1.00000e+01      7.35733e-02
    2.42104e+01      3.34957e-04      1.00000e+01      7.58572e-02
    2.46605e+01      3.34761e-04      1.00000e+01      7.82061e-02
    2.51190e+01      3.34560e-04      1.00000e+01      8.06204e-02
    2.55860e+01      3.34355e-04      1.00000e+01      8.31021e-02
    2.60616e+01      3.34146e-04      1.00000e+01      8.56519e-02
    2.65462e+01      3.33934e-04      1.00000e+01      8.82726e-02
    2.70397e+01      3.33721e-04      1.00000e+01      9.09661e-02
    2.75424e+01      3.33499e-04      1.00000e+01      9.37309e-02
    2.80544e+01      3.33276e-04      1.00000e+01      9.65721e-02
    2.85760e+01      3.33049e-04      1.00000e+01      9.94892e-02
    2.91073e+01      3.32818e-04      1.00000e+01      1.02483e-01
    2.96484e+01      3.32576e-04      1.00000e+01      1.05553e-01
    3.01996e+01      3.32343e-04      1.00000e+01      1.08708e-01
    3.07611e+01      3.32099e-04      1.00000e+01      1.11942e-01
    3.13330e+01      3.31850e-04      1.00000e+01      1.15258e-01
    3.19155e+01      3.31598e-04      1.00000e+01      1.18659e-01
    3.25088e+01      3.31340e-04      1.00000e+01      1.22146e-01
    3.31132e+01      3.31079e-04      1.00000e+01      1.25720e-01
    3.37288e+01      3.30816e-04      1.00000e+01      1.29382e-01
    3.43559e+01      3.30543e-04      1.00000e+01      1.33135e-01
    3.49946e+01      3.30269e-04      1.00000e+01      1.36979e-01
    3.56452e+01      3.29988e-04      1.00000e+01      1.40917e-01
    3.63079e+01      3.29701e-04      1.00000e+01      1.44946e-01
    3.69829e+01      3.29410e-04      1.00000e+01      1.49073e-01
    3.76705e+01      3.29119e-04      1.00000e+01      1.53297e-01
    3.83708e+01      3.28817e-04      1.00000e+01      1.57618e-01
    3.90842e+01      3.28511e-04      1.00000e+01      1.62041e-01
    3.98108e+01      3.28199e-04      1.00000e+01      1.66556e-01
    4.05510e+01      3.27882e-04      1.00000e+01      1.71181e-01
    4.13049e+01      3.27560e-04      1.00000e+01      1.75905e-01
    4.20728e+01      3.27231e-04      1.00000e+01      1.80732e-01
    4.28550e+01      3.26896e-04      1.00000e+01      1.85660e-01
    4.36517e+01      3.26556e-04      1.00000e+01      1.90698e-01
    4.44632e+01      3.26209e-04      1.00000e+01      1.95837e-01
    4.52899e+01      3.25855e-04      1.00000e+01      2.01078e-01
    4.61319e+01      3.25494e-04      1.00000e+01      2.06417e-01
    4.69895e+01      3.25130e-04      1.00000e+01      2.11859e-01
    4.78631e+01      3.24757e-04      1.00000e+01      2.17399e-01
    4.87529e+01      3.24379e-04      1.00000e+01      2.23047e-01
    4.96593e+01      3.23991e-04      1.00000e+01      2.28777e-01
    5.05826e+01      3.23595e-04      1.00000e+01      2.34611e-01
    5.15230e+01      3.23192e-04      1.00000e+01      2.40542e-01
    5.24808e+01      3.22782e-04      1.00000e+01      2.46585e-01
    5.34565e+01      3.22365e-04      1.00000e+01      2.52682e-01
    5.44504e+01      3.21942e-04      1.00000e+01      2.58896e-01
    5.54627e+01      3.21510e-04      1.00000e+01      2.65195e-01
    5.64938e+01      3.21067e-04      1.00000e+01      2.71579e-01
    5.75441e+01      3.20620e-04      1.00000e+01      2.78048e-01
    5.86139e+01      3.20170e-04      1.00000e+01      2.84598e-01
    5.97036e+01      3.19693e-04      1.00000e+01      2.91225e-01
    6.08136e+01      3.19221e-04      1.00000e+01      2.97927e-01
    6.19442e+01      3.18736e-04      1.00000e+01      3.04708e-01
    6.30958e+01      3.18255e-04      1.00000e+01      3.11766e-01
    6.42689e+01      3.17782e-04      1.00000e+01      3.19193e-01
    6.54637e+01      3.17312e-04      1.00000e+01      3.26959e-01
    6.66808e+01      3.16834e-04      1.00000e+01      3.34862e-01
    6.79205e+01      3.16348e-04      1.00000e+01      3.42863e-01
    6.91832e+01      3.15853e-04      1.00000e+01      3.50969e-01
    7.04694e+01      3.15347e-04      1.00000e+01      3.59172e-01
    7.17795e+01      3.14833e-04      1.00000e+01      3.67472e-01
    7.31140e+01      3.14308e-04      1.00000e+01      3.75858e-01
    7.44733e+01      3.13770e-04      1.00000e+01      3.84317e-01
    7.58579e+01      3.13230e-04      1.00000e+01      3.92886e-01
    7.72682e+01      3.12670e-04      1.00000e+01      4.01529e-01
    7.87047e+01      3.12105e-04      1.00000e+01      4.10254e-01
    8.01679e+01      3.11528e-04      1.00000e+01      4.19050e-01
    8.16583e+01      3.10944e-04      1.00000e+01      4.27935e-01
    8.31765e+01      3.10347e-04      1.00000e+01      4.36867e-01
    8.47228e+01      3.09741e-04      1.00000e+01      4.45862e-01
    8.62980e+01      3.09123e-04      1.00000e+01      4.54903e-01
    8.79024e+01      3.08491e-04      1.00000e+01      4.63985e-01
    8.95366e+01      3.07850e-04      1.00000e+01      4.73098e-01
    9.12012e+01      3.07196e-04      1.00000e+01      4.82231e-01
    9.28967e+01      3.06532e-04      1.00000e+01      4.91380e-01
    9.46238e+01      3.05853e-04      1.00000e+01      5.00518e-01
    9.63830e+01      3.05163e-04      1.00000e+01      5.09646e-01
    9.81749e+01      3.04458e-04      1.00000e+01      5.18750e-01
    1.00000e+02      3.03748e-04      1.00000e+01      5.27958e-01
