    Er (keV)         SM dN/dE         BG dN/dE        BSM dN/dE (events/kg/day/keV)
    1.00100e-01      6.40280e+01      1.00000e+02      2.72313e-14
    1.01247e-01      6.34347e+01      1.00000e+02      2.79186e-14
    1.02408e-01      6.28346e+01      1.00000e+02      2.86138e-14
    1.03582e-01      6.22277e+01      1.00000e+02      2.93169e-14
    1.04769e-01      6.16138e+01      1.00000e+02      3.00281e-14
    1.05970e-01      6.09928e+01      1.00000e+02      3.07475e-14
    1.07184e-01      6.03647e+01      1.00000e+02      3.14751e-14
    1.08413e-01      5.97294e+01      1.00000e+02      3.22111e-14
    1.09655e-01      5.90868e+01      1.00000e+02      3.29555e-14
    1.10912e-01      5.84368e+01      1.00000e+02      3.37084e-14
    1.12184e-01      5.77794e+01      1.00000e+02      3.44700e-14
    1.13470e-01      5.71145e+01      1.00000e+02      3.52404e-14
    1.14770e-01      5.64419e+01      1.00000e+02      3.60195e-14
    1.16086e-01      5.57616e+01      1.00000e+02      3.68076e-14
    1.17417e-01      5.50734e+01      1.00000e+02      3.76048e-14
    1.18763e-01      5.43774e+01      1.00000e+02      3.84111e-14
    1.20124e-01      5.36735e+01      1.00000e+02      3.92266e-14
    1.21501e-01      5.29614e+01      1.00000e+02      4.00515e-14
    1.22894e-01      5.22411e+01      1.00000e+02      4.08859e-14
    1.24303e-01      5.15126e+01      1.00000e+02      4.17298e-14
    1.25728e-01      5.07758e+01      1.00000e+02      4.25834e-14
    1.27169e-01      5.00305e+01      1.00000e+02      4.34469e-14
    1.28627e-01      4.92766e+01      1.00000e+02      4.43202e-14
    1.30101e-01      4.85141e+01      1.00000e+02      4.52035e-14
    1.31593e-01      4.79650e+01      1.00000e+02      4.63008e-14
    1.33101e-01      4.74260e+01      1.00000e+02      4.74255e-14
    1.34627e-01      4.68807e+01      1.00000e+02      4.85632e-14
    1.36171e-01      4.63292e+01      1.00000e+02      4.97139e-14
    1.37732e-01      4.57714e+01      1.00000e+02      5.08778e-14
    1.39311e-01      4.52072e+01      1.00000e+02      5.20550e-14
    1.40908e-01      4.46365e+01      1.00000e+02      5.32458e-14
    1.42523e-01      4.40592e+01      1.00000e+02      5.44502e-14
    1.44157e-01      4.34753e+01      1.00000e+02      5.56685e-14
    1.45810e-01      4.28848e+01      1.00000e+02      5.69007e-14
    1.47482e-01      4.22874e+01      1.00000e+02      5.81471e-14
    1.49173e-01      4.16832e+01      1.00000e+02      5.94077e-14
    1.50883e-01      4.10721e+01      1.00000e+02      6.06829e-14
    1.52613e-01      4.04539e+01      1.00000e+02      6.19726e-14
    1.54363e-01      3.98287e+01      1.00000e+02      6.32772e-14
    1.56133e-01      3.91963e+01      1.00000e+02      6.45967e-14
    1.57923e-01      3.85566e+01      1.00000e+02      6.59314e-14
    1.59733e-01      3.79096e+01      1.00000e+02      6.72813e-14
    1.61565e-01      3.73693e+01      1.00000e+02      6.88149e-14
    1.63417e-01      3.68895e+01      1.00000e+02      7.04644e-14
    1.65291e-01      3.64041e+01      1.00000e+02      7.21328e-14
    1.67186e-01      3.59132e+01      1.00000e+02      7.38203e-14
    1.69103e-01      3.54167e+01      1.00000e+02      7.55272e-14
    1.71042e-01      3.49145e+01      1.00000e+02      7.72537e-14
    1.73003e-01      3.44065e+01      1.00000e+02      7.90000e-14
    1.74987e-01      3.38927e+01      1.00000e+02      8.07663e-14
    1.76994e-01      3.33729e+01      1.00000e+02      8.25529e-14
    1.79023e-01      3.28473e+01      1.00000e+02      8.43600e-14
    1.81076e-01      3.23156e+01      1.00000e+02      8.61878e-14
    1.83152e-01      3.17777e+01      1.00000e+02      8.80366e-14
    1.85252e-01      3.12338e+01      1.00000e+02      8.99066e-14
    1.87377e-01      3.06835e+01      1.00000e+02      9.17980e-14
    1.89525e-01      3.01270e+01      1.00000e+02      9.37112e-14
    1.91698e-01      2.96336e+01      1.00000e+02      9.58028e-14
    1.93897e-01      2.92042e+01      1.00000e+02      9.80752e-14
    1.96120e-01      2.87699e+01      1.00000e+02      1.00374e-13
    1.98369e-01      2.83305e+01      1.00000e+02      1.02698e-13
    2.00644e-01      2.78861e+01      1.00000e+02      1.05050e-13
    2.02944e-01      2.74367e+01      1.00000e+02      1.07428e-13
    2.05272e-01      2.69820e+01      1.00000e+02      1.09834e-13
    2.07626e-01      2.65222e+01      1.00000e+02      1.12267e-13
    2.10006e-01      2.60571e+01      1.00000e+02      1.14729e-13
    2.12415e-01      2.55866e+01      1.00000e+02      1.17218e-13
    2.14851e-01      2.51108e+01      1.00000e+02      1.19736e-13
    2.17314e-01      2.46294e+01      1.00000e+02      1.22283e-13
    2.19806e-01      2.41426e+01      1.00000e+02      1.24859e-13
    2.22327e-01      2.37195e+01      1.00000e+02      1.27681e-13
    2.24877e-01      2.33378e+01      1.00000e+02      1.30680e-13
    2.27455e-01      2.29517e+01      1.00000e+02      1.33713e-13
    2.30064e-01      2.25611e+01      1.00000e+02      1.36780e-13
    2.32702e-01      2.21661e+01      1.00000e+02      1.39883e-13
    2.35371e-01      2.17666e+01      1.00000e+02      1.43022e-13
    2.38070e-01      2.13625e+01      1.00000e+02      1.46196e-13
    2.40800e-01      2.09537e+01      1.00000e+02      1.49407e-13
    2.43562e-01      2.05403e+01      1.00000e+02      1.52655e-13
    2.46355e-01      2.01221e+01      1.00000e+02      1.55940e-13
    2.49180e-01      1.96991e+01      1.00000e+02      1.59263e-13
    2.52038e-01      1.93049e+01      1.00000e+02      1.62769e-13
    2.54928e-01      1.89669e+01      1.00000e+02      1.66577e-13
    2.57852e-01      1.86250e+01      1.00000e+02      1.70428e-13
    2.60809e-01      1.82791e+01      1.00000e+02      1.74324e-13
    2.63800e-01      1.79293e+01      1.00000e+02      1.78264e-13
    2.66826e-01      1.75755e+01      1.00000e+02      1.82250e-13
    2.69886e-01      1.72176e+01      1.00000e+02      1.86281e-13
    2.72981e-01      1.68556e+01      1.00000e+02      1.90359e-13
    2.76112e-01      1.64895e+01      1.00000e+02      1.94483e-13
    2.79278e-01      1.61192e+01      1.00000e+02      1.98655e-13
    2.82481e-01      1.57756e+01      1.00000e+02      2.03052e-13
    2.85721e-01      1.54758e+01      1.00000e+02      2.07774e-13
    2.88998e-01      1.51726e+01      1.00000e+02      2.12551e-13
    2.92313e-01      1.48658e+01      1.00000e+02      2.17382e-13
    2.95665e-01      1.45556e+01      1.00000e+02      2.22269e-13
    2.99056e-01      1.42418e+01      1.00000e+02      2.27212e-13
    3.02486e-01      1.39245e+01      1.00000e+02      2.32211e-13
    3.05955e-01      1.36034e+01      1.00000e+02      2.37268e-13
    3.09464e-01      1.32787e+01      1.00000e+02      2.42383e-13
    3.13013e-01      1.29801e+01      1.00000e+02      2.47780e-13
    3.16603e-01      1.27147e+01      1.00000e+02      2.53514e-13
    3.20235e-01      1.24463e+01      1.00000e+02      2.59314e-13
    3.23908e-01      1.21748e+01      1.00000e+02      2.65181e-13
    3.27623e-01      1.19003e+01      1.00000e+02      2.71114e-13
    3.31380e-01      1.16225e+01      1.00000e+02      2.77116e-13
    3.35181e-01      1.13416e+01      1.00000e+02      2.83187e-13
    3.39025e-01      1.10574e+01      1.00000e+02      2.89327e-13
    3.42914e-01      1.07887e+01      1.00000e+02      2.95718e-13
    3.46847e-01      1.05547e+01      1.00000e+02      3.02547e-13
    3.50825e-01      1.03180e+01      1.00000e+02      3.09453e-13
    3.54849e-01      1.00786e+01      1.00000e+02      3.16439e-13
    3.58919e-01      9.83647e+00      1.00000e+02      3.23505e-13
    3.63035e-01      9.59154e+00      1.00000e+02      3.30653e-13
    3.67199e-01      9.34380e+00      1.00000e+02      3.37882e-13
    3.71411e-01      9.09321e+00      1.00000e+02      3.45194e-13
    3.75671e-01      8.88253e+00      1.00000e+02      3.53121e-13
    3.79980e-01      8.67401e+00      1.00000e+02      3.61196e-13
    3.84338e-01      8.46309e+00      1.00000e+02      3.69363e-13
    3.88747e-01      8.24976e+00      1.00000e+02      3.77625e-13
    3.93205e-01      8.03397e+00      1.00000e+02      3.85981e-13
    3.97716e-01      7.81571e+00      1.00000e+02      3.94432e-13
    4.02277e-01      7.59719e+00      1.00000e+02      4.03015e-13
    4.06891e-01      7.41418e+00      1.00000e+02      4.12278e-13
    4.11559e-01      7.22906e+00      1.00000e+02      4.21647e-13
    4.16279e-01      7.04182e+00      1.00000e+02      4.31124e-13
    4.21054e-01      6.85243e+00      1.00000e+02      4.40709e-13
    4.25883e-01      6.66087e+00      1.00000e+02      4.50404e-13
    4.30768e-01      6.46711e+00      1.00000e+02      4.60211e-13
    4.35709e-01      6.29567e+00      1.00000e+02      4.70587e-13
    4.40707e-01      6.13260e+00      1.00000e+02      4.81275e-13
    4.45762e-01      5.96766e+00      1.00000e+02      4.92085e-13
    4.50875e-01      5.80083e+00      1.00000e+02      5.03020e-13
    4.56047e-01      5.63209e+00      1.00000e+02      5.14080e-13
    4.61278e-01      5.46141e+00      1.00000e+02      5.25266e-13
    4.66569e-01      5.31196e+00      1.00000e+02      5.37120e-13
    4.71921e-01      5.16729e+00      1.00000e+02      5.49260e-13
    4.77334e-01      5.02095e+00      1.00000e+02      5.61540e-13
    4.82809e-01      4.87294e+00      1.00000e+02      5.73960e-13
    4.88347e-01      4.72323e+00      1.00000e+02      5.86523e-13
    4.93949e-01      4.57779e+00      1.00000e+02      5.99399e-13
    4.99615e-01      4.45026e+00      1.00000e+02      6.12979e-13
    5.05345e-01      4.32127e+00      1.00000e+02      6.26715e-13
    5.11142e-01      4.19081e+00      1.00000e+02      6.40609e-13
    5.17005e-01      4.05884e+00      1.00000e+02      6.54662e-13
    5.22936e-01      3.92576e+00      1.00000e+02      6.68890e-13
    5.28934e-01      3.81273e+00      1.00000e+02      6.84031e-13
    5.35001e-01      3.69840e+00      1.00000e+02      6.99347e-13
    5.41138e-01      3.58276e+00      1.00000e+02      7.14838e-13
    5.47345e-01      3.46579e+00      1.00000e+02      7.30507e-13
    5.53624e-01      3.34926e+00      1.00000e+02      7.46430e-13
    5.59974e-01      3.24862e+00      1.00000e+02      7.63262e-13
    5.66398e-01      3.14683e+00      1.00000e+02      7.80286e-13
    5.72895e-01      3.04388e+00      1.00000e+02      7.97507e-13
    5.79466e-01      2.93974e+00      1.00000e+02      8.14924e-13
    5.86113e-01      2.84134e+00      1.00000e+02      8.32901e-13
    5.92837e-01      2.75098e+00      1.00000e+02      8.51561e-13
    5.99637e-01      2.65958e+00      1.00000e+02      8.70434e-13
    6.06516e-01      2.56713e+00      1.00000e+02      8.89524e-13
    6.13473e-01      2.47370e+00      1.00000e+02      9.08838e-13
    6.20510e-01      2.39382e+00      1.00000e+02      9.29243e-13
    6.27628e-01      2.31303e+00      1.00000e+02      9.49881e-13
    6.34827e-01      2.23130e+00      1.00000e+02      9.70757e-13
    6.42110e-01      2.14864e+00      1.00000e+02      9.91872e-13
    6.49475e-01      2.07421e+00      1.00000e+02      1.01395e-12
    6.56926e-01      2.00134e+00      1.00000e+02      1.03646e-12
    6.64461e-01      1.92764e+00      1.00000e+02      1.05923e-12
    6.72083e-01      1.85310e+00      1.00000e+02      1.08227e-12
    6.79793e-01      1.78656e+00      1.00000e+02      1.10630e-12
    6.87591e-01      1.72190e+00      1.00000e+02      1.13082e-12
    6.95478e-01      1.65650e+00      1.00000e+02      1.15562e-12
    7.03456e-01      1.59034e+00      1.00000e+02      1.18070e-12
    7.11526e-01      1.53197e+00      1.00000e+02      1.20698e-12
    7.19688e-01      1.47360e+00      1.00000e+02      1.23363e-12
    7.27944e-01      1.41456e+00      1.00000e+02      1.26059e-12
    7.36294e-01      1.35688e+00      1.00000e+02      1.28810e-12
    7.44741e-01      1.30489e+00      1.00000e+02      1.31670e-12
    7.53284e-01      1.25231e+00      1.00000e+02      1.34562e-12
    7.61925e-01      1.19912e+00      1.00000e+02      1.37488e-12
    7.70665e-01      1.15052e+00      1.00000e+02      1.40540e-12
    7.79506e-01      1.10351e+00      1.00000e+02      1.43665e-12
    7.88448e-01      1.05595e+00      1.00000e+02      1.46827e-12
    7.97492e-01      1.01002e+00      1.00000e+02      1.50041e-12
    8.06641e-01      9.68345e-01      1.00000e+02      1.53328e-12
    8.15894e-01      9.26189e-01      1.00000e+02      1.56653e-12
    8.25254e-01      8.83796e-01      1.00000e+02      1.60022e-12
    8.34721e-01      8.46424e-01      1.00000e+02      1.63563e-12
    8.44296e-01      8.08623e-01      1.00000e+02      1.67145e-12
    8.53981e-01      7.70388e-01      1.00000e+02      1.70768e-12
    8.63778e-01      7.36391e-01      1.00000e+02      1.74535e-12
    8.73687e-01      7.02583e-01      1.00000e+02      1.78358e-12
    8.83709e-01      6.68387e-01      1.00000e+02      1.82224e-12
    8.93847e-01      6.37584e-01      1.00000e+02      1.86235e-12
    9.04101e-01      6.07115e-01      1.00000e+02      1.90310e-12
    9.14472e-01      5.76296e-01      1.00000e+02      1.94432e-12
    9.24963e-01      5.48857e-01      1.00000e+02      1.98711e-12
    9.35574e-01      5.21493e-01      1.00000e+02      2.03050e-12
    9.46306e-01      4.94038e-01      1.00000e+02      2.07447e-12
    9.57162e-01      4.69757e-01      1.00000e+02      2.12011e-12
    9.68142e-01      4.45197e-01      1.00000e+02      2.16628e-12
    9.79248e-01      4.21349e-01      1.00000e+02      2.22207e-12
    9.90482e-01      3.99516e-01      1.00000e+02      2.29946e-12
    1.00184e+00      3.77431e-01      1.00000e+02      2.37773e-12
    1.01334e+00      3.56960e-01      1.00000e+02      2.44008e-12
    1.02496e+00      3.37347e-01      1.00000e+02      2.49330e-12
    1.03672e+00      3.17612e-01      1.00000e+02      2.54718e-12
    1.04861e+00      3.00207e-01      1.00000e+02      2.60302e-12
    1.06064e+00      2.82603e-01      1.00000e+02      2.65950e-12
    1.07281e+00      2.66032e-01      1.00000e+02      2.71738e-12
    1.08512e+00      2.50417e-01      1.00000e+02      2.77660e-12
    1.09757e+00      2.34772e-01      1.00000e+02      2.83661e-12
    1.11016e+00      2.20886e-01      1.00000e+02      2.89864e-12
    1.12289e+00      2.06841e-01      1.00000e+02      2.96138e-12
    1.13577e+00      1.93942e-01      1.00000e+02      3.02586e-12
    1.14880e+00      1.81485e-01      1.00000e+02      3.09153e-12
    1.16198e+00      1.69494e-01      1.00000e+02      3.15854e-12
    1.17531e+00      1.58400e-01      1.00000e+02      3.22730e-12
    1.18880e+00      1.47349e-01      1.00000e+02      3.29701e-12
    1.20243e+00      1.37523e-01      1.00000e+02      3.36880e-12
    1.21623e+00      1.27583e-01      1.00000e+02      3.44142e-12
    1.23018e+00      1.18753e-01      1.00000e+02      3.51636e-12
    1.24429e+00      1.09944e-01      1.00000e+02      3.59231e-12
    1.25857e+00      1.01958e-01      1.00000e+02      3.67032e-12
    1.27301e+00      9.41705e-02      1.00000e+02      3.74961e-12
    1.28761e+00      8.70185e-02      1.00000e+02      3.83090e-12
    1.30238e+00      8.01517e-02      1.00000e+02      3.91368e-12
    1.31732e+00      7.38105e-02      1.00000e+02      3.99842e-12
    1.33243e+00      6.77738e-02      1.00000e+02      4.08478e-12
    1.34772e+00      6.22059e-02      1.00000e+02      4.17319e-12
    1.36318e+00      5.69114e-02      1.00000e+02      4.26328e-12
    1.37882e+00      5.20741e-02      1.00000e+02      4.35552e-12
    1.39464e+00      4.74502e-02      1.00000e+02      4.44939e-12
    1.41064e+00      4.32919e-02      1.00000e+02      4.54566e-12
    1.42682e+00      3.92638e-02      1.00000e+02      4.64350e-12
    1.44319e+00      3.57264e-02      1.00000e+02      4.74402e-12
    1.45974e+00      3.22482e-02      1.00000e+02      4.84599e-12
    1.47649e+00      2.92508e-02      1.00000e+02      4.95084e-12
    1.49343e+00      2.63332e-02      1.00000e+02      5.05735e-12
    1.51056e+00      2.37402e-02      1.00000e+02      5.16647e-12
    1.52789e+00      2.13166e-02      1.00000e+02      5.27776e-12
    1.54542e+00      1.90797e-02      1.00000e+02      5.39132e-12
    1.56315e+00      1.70815e-02      1.00000e+02      5.50759e-12
    1.58108e+00      1.51692e-02      1.00000e+02      5.62576e-12
    1.59922e+00      1.35772e-02      1.00000e+02      5.74704e-12
    1.61757e+00      1.20444e-02      1.00000e+02      5.87047e-12
    1.63612e+00      1.06081e-02      1.00000e+02      5.99644e-12
    1.65489e+00      9.36978e-03      1.00000e+02      6.12532e-12
    1.67388e+00      8.21230e-03      1.00000e+02      6.25644e-12
    1.69308e+00      7.19569e-03      1.00000e+02      6.39068e-12
    1.71250e+00      6.30529e-03      1.00000e+02      6.52762e-12
    1.73215e+00      5.50379e-03      1.00000e+02      6.66701e-12
    1.75202e+00      4.82737e-03      1.00000e+02      6.80983e-12
    1.77212e+00      4.20970e-03      1.00000e+02      6.95539e-12
    1.79245e+00      3.64734e-03      1.00000e+02      7.10364e-12
    1.81302e+00      3.19576e-03      1.00000e+02      7.25549e-12
    1.83382e+00      2.79634e-03      1.00000e+02      7.41023e-12
    1.85485e+00      2.44433e-03      1.00000e+02      7.56789e-12
    1.87613e+00      2.15693e-03      1.00000e+02      7.72923e-12
    1.89766e+00      1.92415e-03      1.00000e+02      7.89388e-12
    1.91943e+00      1.71637e-03      1.00000e+02      8.06164e-12
    1.94145e+00      1.51854e-03      1.00000e+02      8.23270e-12
    1.96372e+00      1.36691e-03      1.00000e+02      8.40780e-12
    1.98625e+00      1.23802e-03      1.00000e+02      8.71409e-12
    2.00903e+00      1.12589e-03      1.00000e+02      9.05118e-12
    2.03208e+00      1.02215e-03      1.00000e+02      9.24283e-12
    2.05540e+00      9.33591e-04      1.00000e+02      9.43878e-12
    2.07898e+00      8.53949e-04      1.00000e+02      9.63864e-12
    2.10283e+00      7.82858e-04      1.00000e+02      9.84240e-12
    2.12695e+00      7.19794e-04      1.00000e+02      1.00501e-11
    2.15135e+00      6.64567e-04      1.00000e+02      1.02624e-11
    2.17603e+00      6.17350e-04      1.00000e+02      1.04791e-11
    2.20100e+00      5.76100e-04      1.00000e+02      1.07002e-11
    2.22625e+00      5.39607e-04      1.00000e+02      1.09256e-11
    2.25179e+00      5.08063e-04      1.00000e+02      1.11555e-11
    2.27762e+00      4.82705e-04      1.00000e+02      1.13902e-11
    2.30375e+00      4.60202e-04      1.00000e+02      1.16296e-11
    2.33018e+00      4.42147e-04      1.00000e+02      1.18740e-11
    2.35691e+00      4.25815e-04      1.00000e+02      1.21234e-11
    2.38395e+00      4.12095e-04      1.00000e+02      1.23778e-11
    2.41130e+00      4.00630e-04      1.00000e+02      1.26372e-11
    2.43897e+00      3.90926e-04      1.00000e+02      1.29020e-11
    2.46695e+00      3.82704e-04      1.00000e+02      1.31721e-11
    2.49525e+00      3.75699e-04      1.00000e+02      1.34476e-11
    2.52387e+00      3.69742e-04      1.00000e+02      1.37287e-11
    2.55283e+00      3.64730e-04      1.00000e+02      1.40155e-11
    2.58212e+00      3.60477e-04      1.00000e+02      1.43080e-11
    2.61174e+00      3.56915e-04      1.00000e+02      1.46064e-11
    2.64170e+00      3.53962e-04      1.00000e+02      1.49108e-11
    2.67201e+00      3.51558e-04      1.00000e+02      1.52214e-11
    2.70266e+00      3.49637e-04      1.00000e+02      1.55381e-11
    2.73367e+00      3.48147e-04      1.00000e+02      1.58612e-11
    2.76503e+00      3.47027e-04      1.00000e+02      1.61908e-11
    2.79675e+00      3.46217e-04      1.00000e+02      1.65270e-11
    2.82884e+00      3.45658e-04      1.00000e+02      1.68699e-11
    2.86129e+00      3.45294e-04      1.00000e+02      1.72197e-11
    2.89412e+00      3.45066e-04      1.00000e+02      1.75764e-11
    2.92732e+00      3.44930e-04      1.00000e+02      1.79401e-11
    2.96091e+00      3.44853e-04      1.00000e+02      1.83112e-11
    2.99488e+00      3.44810e-04      1.00000e+02      1.86896e-11
    3.02923e+00      3.44784e-04      1.00000e+02      1.90752e-11
    3.06399e+00      3.44766e-04      1.00000e+02      1.94693e-11
    3.09914e+00      3.44745e-04      1.00000e+02      1.98707e-11
    3.13469e+00      3.44726e-04      1.00000e+02      2.02802e-11
    3.17066e+00      3.44705e-04      1.00000e+02      2.06976e-11
    3.20703e+00      3.44686e-04      1.00000e+02      2.11232e-11
    3.24382e+00      3.44666e-04      1.00000e+02      2.15575e-11
    3.28104e+00      3.44644e-04      1.00000e+02      2.20003e-11
    3.31868e+00      3.44617e-04      1.00000e+02      2.24518e-11
    3.35675e+00      3.44601e-04      1.00000e+02      2.29121e-11
    3.39527e+00      3.44582e-04      1.00000e+02      2.33815e-11
    3.43422e+00      3.44561e-04      1.00000e+02      2.38603e-11
    3.47362e+00      3.44539e-04      1.00000e+02      2.43483e-11
    3.51347e+00      3.44517e-04      1.00000e+02      2.48456e-11
    3.55378e+00      3.44497e-04      1.00000e+02      2.53535e-11
    3.59455e+00      3.44474e-04      1.00000e+02      2.58708e-11
    3.63579e+00      3.44451e-04      1.00000e+02      2.63980e-11
    3.67750e+00      3.44429e-04      1.00000e+02      2.69360e-11
    3.71969e+00      3.44428e-04      1.00000e+02      2.70586e-11
    3.76236e+00      3.44393e-04      1.00000e+02      2.80430e-11
    3.80553e+00      3.44360e-04      1.00000e+02      2.86130e-11
    3.84919e+00      3.44336e-04      1.00000e+02      2.91937e-11
    3.89335e+00      3.44313e-04      1.00000e+02      2.97862e-11
    3.93801e+00      3.44289e-04      1.00000e+02      3.03898e-11
    3.98319e+00      3.44265e-04      1.00000e+02      3.10055e-11
    4.02889e+00      3.44241e-04      1.00000e+02      3.16325e-11
    4.07511e+00      3.44215e-04      1.00000e+02      3.22720e-11
    4.12186e+00      3.44191e-04      1.00000e+02      3.29238e-11
    4.16915e+00      3.44165e-04      1.00000e+02      3.35883e-11
    4.21698e+00      3.44139e-04      1.00000e+02      3.42793e-11
    4.26536e+00      3.44114e-04      1.00000e+02      3.49555e-11
    4.31430e+00      3.44089e-04      1.00000e+02      3.56592e-11
    4.36379e+00      3.44065e-04      1.00000e+02      3.63762e-11
    4.41386e+00      3.44037e-04      1.00000e+02      3.71071e-11
    4.46450e+00      3.44009e-04      1.00000e+02      3.78519e-11
    4.51572e+00      3.43983e-04      1.00000e+02      3.86110e-11
    4.56752e+00      3.43955e-04      1.00000e+02      3.93846e-11
    4.61992e+00      3.43927e-04      1.00000e+02      4.01730e-11
    4.67293e+00      3.43900e-04      1.00000e+02      4.09766e-11
    4.72654e+00      3.43872e-04      1.00000e+02      4.17951e-11
    4.78076e+00      3.43844e-04      1.00000e+02      4.26291e-11
    4.83561e+00      3.43815e-04      1.00000e+02      4.34806e-11
    4.89109e+00      3.43787e-04      1.00000e+02      4.43524e-11
    4.94720e+00      3.43758e-04      1.00000e+02      4.52459e-11
    5.00396e+00      3.43729e-04      1.00000e+02      4.61585e-11
    5.06137e+00      3.43699e-04      1.00000e+02      4.70947e-11
    5.11944e+00      3.43669e-04      1.00000e+02      4.80526e-11
    5.17817e+00      3.43640e-04      1.00000e+02      4.90345e-11
    5.23758e+00      3.43611e-04      1.00000e+02      5.00402e-11
    5.29767e+00      3.43581e-04      1.00000e+02      5.10704e-11
    5.35844e+00      3.43547e-04      1.00000e+02      5.21256e-11
    5.41992e+00      3.43520e-04      1.00000e+02      5.32075e-11
    5.48210e+00      3.43490e-04      1.00000e+02      5.43151e-11
    5.54500e+00      3.43460e-04      1.00000e+02      5.54507e-11
    5.60861e+00      3.43428e-04      1.00000e+02      5.66142e-11
    5.67296e+00      3.43398e-04      1.00000e+02      5.78060e-11
    5.73804e+00      3.43368e-04      1.00000e+02      5.90281e-11
    5.80387e+00      3.43336e-04      1.00000e+02      6.02801e-11
    5.87046e+00      3.43303e-04      1.00000e+02      6.15644e-11
    5.93781e+00      3.43271e-04      1.00000e+02      6.28793e-11
    6.00593e+00      3.43240e-04      1.00000e+02      6.42281e-11
    6.07483e+00      3.43208e-04      1.00000e+02      6.56107e-11
    6.14453e+00      3.43175e-04      1.00000e+02      6.70278e-11
    6.21502e+00      3.43142e-04      1.00000e+02      6.84817e-11
    6.28633e+00      3.43109e-04      1.00000e+02      6.99716e-11
    6.35845e+00      3.43076e-04      1.00000e+02      7.14942e-11
    6.43140e+00      3.43044e-04      1.00000e+02      7.30488e-11
    6.50518e+00      3.43010e-04      1.00000e+02      7.46373e-11
    6.57981e+00      3.42975e-04      1.00000e+02      7.62581e-11
    6.65530e+00      3.42941e-04      1.00000e+02      7.79148e-11
    6.73166e+00      3.42903e-04      1.00000e+02      7.96048e-11
    6.80889e+00      3.42868e-04      1.00000e+02      8.13312e-11
    6.88700e+00      3.42832e-04      1.00000e+02      8.30938e-11
    6.96602e+00      3.42797e-04      1.00000e+02      8.48945e-11
    7.04593e+00      3.42760e-04      1.00000e+02      8.67323e-11
    7.12677e+00      3.42723e-04      1.00000e+02      8.86097e-11
    7.20853e+00      3.42685e-04      1.00000e+02      9.05261e-11
    7.29124e+00      3.42646e-04      1.00000e+02      9.24831e-11
    7.37489e+00      3.42610e-04      1.00000e+02      9.44813e-11
    7.45950e+00      3.42568e-04      1.00000e+02      9.65203e-11
    7.54508e+00      3.42529e-04      1.00000e+02      9.86034e-11
    7.63164e+00      3.42490e-04      1.00000e+02      1.00730e-10
    7.71920e+00      3.42449e-04      1.00000e+02      1.02901e-10
    7.80776e+00      3.42411e-04      1.00000e+02      1.05119e-10
    7.89733e+00      3.42370e-04      1.00000e+02      1.07381e-10
    7.98794e+00      3.42328e-04      1.00000e+02      1.09690e-10
    8.07958e+00      3.42287e-04      1.00000e+02      1.12050e-10
    8.17227e+00      3.42245e-04      1.00000e+02      1.14459e-10
    8.26603e+00      3.42202e-04      1.00000e+02      1.16917e-10
    8.36087e+00      3.42159e-04      1.00000e+02      1.19428e-10
    8.45679e+00      3.42116e-04      1.00000e+02      1.21989e-10
    8.55381e+00      3.42072e-04      1.00000e+02      1.24605e-10
    8.65195e+00      3.42027e-04      1.00000e+02      1.27276e-10
    8.75121e+00      3.41982e-04      1.00000e+02      1.30001e-10
    8.85161e+00      3.41937e-04      1.00000e+02      1.32784e-10
    8.95316e+00      3.41891e-04      1.00000e+02      1.35625e-10
    9.05588e+00      3.41844e-04      1.00000e+02      1.38525e-10
    9.15977e+00      3.41798e-04      1.00000e+02      1.41485e-10
    9.26486e+00      3.41750e-04      1.00000e+02      1.44507e-10
    9.37116e+00      3.41703e-04      1.00000e+02      1.47591e-10
    9.47867e+00      3.41654e-04      1.00000e+02      1.50738e-10
    9.58742e+00      3.41607e-04      1.00000e+02      1.53952e-10
    9.69741e+00      3.41557e-04      1.00000e+02      1.57233e-10
    9.80867e+00      3.41506e-04      1.00000e+02      1.60580e-10
    9.92120e+00      3.41457e-04      1.00000e+02      1.63998e-10
    1.00350e+01      3.41405e-04      1.00000e+02      1.67485e-10
    1.01502e+01      3.41353e-04      1.00000e+02      1.71044e-10
    1.02666e+01      3.41301e-04      1.00000e+02      1.74677e-10
    1.03844e+01      3.41248e-04      1.00000e+02      1.78386e-10
    1.05035e+01      3.41196e-04      1.00000e+02      1.82171e-10
    1.06240e+01      3.41142e-04      1.00000e+02      1.86034e-10
    1.07459e+01      3.41089e-04      1.00000e+02      1.89975e-10
    1.08692e+01      3.41035e-04      1.00000e+02      1.93999e-10
    1.09939e+01      3.40980e-04      1.00000e+02      1.98105e-10
    1.11200e+01      3.40924e-04      1.00000e+02      2.02295e-10
    1.12476e+01      3.40867e-04      1.00000e+02      2.06570e-10
    1.13767e+01      3.40812e-04      1.00000e+02      2.10936e-10
    1.15072e+01      3.40753e-04      1.00000e+02      2.15394e-10
    1.16392e+01      3.40698e-04      1.00000e+02      2.19932e-10
    1.17727e+01      3.40636e-04      1.00000e+02      2.24571e-10
    1.19078e+01      3.40577e-04      1.00000e+02      2.29302e-10
    1.20444e+01      3.40517e-04      1.00000e+02      2.34131e-10
    1.21826e+01      3.40455e-04      1.00000e+02      2.39058e-10
    1.23224e+01      3.40392e-04      1.00000e+02      2.44086e-10
    1.24637e+01      3.40108e-04      1.00000e+02      2.49216e-10
    1.26067e+01      3.40270e-04      1.00000e+02      2.54452e-10
    1.27514e+01      3.40209e-04      1.00000e+02      2.59796e-10
    1.28977e+01      3.40144e-04      1.00000e+02      2.65243e-10
    1.30456e+01      3.40079e-04      1.00000e+02      2.70805e-10
    1.31953e+01      3.40013e-04      1.00000e+02      2.76477e-10
    1.33467e+01      3.39947e-04      1.00000e+02      2.82266e-10
    1.34998e+01      3.39882e-04      1.00000e+02      2.88172e-10
    1.36547e+01      3.39812e-04      1.00000e+02      2.94196e-10
    1.38113e+01      3.39746e-04      1.00000e+02      3.00346e-10
    1.39698e+01      3.39677e-04      1.00000e+02      3.06617e-10
    1.41301e+01      3.39607e-04      1.00000e+02      3.13016e-10
    1.42922e+01      3.39536e-04      1.00000e+02      3.19545e-10
    1.44562e+01      3.39462e-04      1.00000e+02      3.26199e-10
    1.46220e+01      3.39393e-04      1.00000e+02      3.32996e-10
    1.47898e+01      3.39320e-04      1.00000e+02      3.39925e-10
    1.49594e+01      3.39249e-04      1.00000e+02      3.46997e-10
    1.51311e+01      3.39174e-04      1.00000e+02      3.54208e-10
    1.53047e+01      3.39100e-04      1.00000e+02      3.61566e-10
    1.54803e+01      3.39025e-04      1.00000e+02      3.69068e-10
    1.56579e+01      3.38949e-04      1.00000e+02      3.76724e-10
    1.58375e+01      3.38872e-04      1.00000e+02      3.84532e-10
    1.60192e+01      3.38794e-04      1.00000e+02      3.92496e-10
    1.62030e+01      3.38716e-04      1.00000e+02      4.00619e-10
    1.63889e+01      3.38638e-04      1.00000e+02      4.08906e-10
    1.65769e+01      3.38557e-04      1.00000e+02      4.17357e-10
    1.67671e+01      3.38476e-04      1.00000e+02      4.25977e-10
    1.69594e+01      3.38395e-04      1.00000e+02      4.34766e-10
    1.71540e+01      3.38313e-04      1.00000e+02      4.43733e-10
    1.73508e+01      3.38229e-04      1.00000e+02      4.52880e-10
    1.75499e+01      3.38144e-04      1.00000e+02      4.62200e-10
    1.77512e+01      3.38060e-04      1.00000e+02      4.71714e-10
    1.79549e+01      3.37975e-04      1.00000e+02      4.81414e-10
    1.81609e+01      3.37888e-04      1.00000e+02      4.91331e-10
    1.83692e+01      3.37803e-04      1.00000e+02      5.01395e-10
    1.85800e+01      3.37715e-04      1.00000e+02      5.11681e-10
    1.87932e+01      3.37625e-04      1.00000e+02      5.22168e-10
    1.90088e+01      3.37536e-04      1.00000e+02      5.32867e-10
    1.92268e+01      3.37444e-04      1.00000e+02      5.43773e-10
    1.94474e+01      3.37351e-04      1.00000e+02      5.54892e-10
    1.96705e+01      3.37255e-04      1.00000e+02      5.66223e-10
    1.98962e+01      3.37166e-04      1.00000e+02      5.77787e-10
    2.01245e+01      3.37071e-04      1.00000e+02      5.89563e-10
    2.03554e+01      3.36974e-04      1.00000e+02      6.01561e-10
    2.05889e+01      3.36878e-04      1.00000e+02      6.13806e-10
    2.08251e+01      3.36779e-04      1.00000e+02      6.26280e-10
    2.10640e+01      3.36681e-04      1.00000e+02      6.38998e-10
    2.13057e+01      3.36581e-04      1.00000e+02      6.51949e-10
    2.15501e+01      3.36481e-04      1.00000e+02      6.65155e-10
    2.17974e+01      3.36378e-04      1.00000e+02      6.78609e-10
    2.20475e+01      3.36277e-04      1.00000e+02      6.92339e-10
    2.23004e+01      3.36172e-04      1.00000e+02      7.06309e-10
    2.25563e+01      3.36068e-04      1.00000e+02      7.20552e-10
    2.28150e+01      3.35964e-04      1.00000e+02      7.35068e-10
    2.30768e+01      3.35855e-04      1.00000e+02      7.49856e-10
    2.33416e+01      3.35757e-04      1.00000e+02      7.64927e-10
    2.36093e+01      3.35637e-04      1.00000e+02      7.80273e-10
    2.38802e+01      3.35530e-04      1.00000e+02      7.95935e-10
    2.41542e+01      3.35421e-04      1.00000e+02      8.11880e-10
    2.44313e+01      3.35308e-04      1.00000e+02      8.28126e-10
    2.47116e+01      3.35195e-04      1.00000e+02      8.44669e-10
    2.49951e+01      3.35082e-04      1.00000e+02      8.61530e-10
    2.52819e+01      3.34967e-04      1.00000e+02      8.78707e-10
    2.55719e+01      3.34850e-04      1.00000e+02      8.96206e-10
    2.58653e+01      3.34732e-04      1.00000e+02      9.14028e-10
    2.61621e+01      3.34618e-04      1.00000e+02      9.31430e-10
    2.64622e+01      3.34494e-04      1.00000e+02      9.50686e-10
    2.67658e+01      3.34372e-04      1.00000e+02      9.69530e-10
    2.70729e+01      3.34250e-04      1.00000e+02      9.88714e-10
    2.73835e+01      3.34127e-04      1.00000e+02      1.00826e-09
    2.76977e+01      3.34002e-04      1.00000e+02      1.02816e-09
    2.80154e+01      3.33877e-04      1.00000e+02      1.04845e-09
    2.83369e+01      3.33751e-04      1.00000e+02      1.06910e-09
    2.86620e+01      3.33623e-04      1.00000e+02      1.09012e-09
    2.89908e+01      3.33491e-04      1.00000e+02      1.11154e-09
    2.93234e+01      3.33362e-04      1.00000e+02      1.13336e-09
    2.96598e+01      3.33230e-04      1.00000e+02      1.15556e-09
    3.00001e+01      3.33096e-04      1.00000e+02      1.17817e-09
