    Er (keV)         SM dN/dE         BG dN/dE        BSM dN/dE (events/kg/day/keV)
    5.01000e-02      2.20460e+01      5.00000e+00      8.65034e-15
    5.07729e-02      2.19467e+01      5.00000e+00      8.95603e-15
    5.14550e-02      2.18460e+01      5.00000e+00      9.26584e-15
    5.21461e-02      2.17440e+01      5.00000e+00      9.57982e-15
    5.28466e-02      2.16407e+01      5.00000e+00      9.89802e-15
    5.35565e-02      2.15359e+01      5.00000e+00      1.02205e-14
    5.42760e-02      2.14297e+01      5.00000e+00      1.05473e-14
    5.50052e-02      2.13221e+01      5.00000e+00      1.08786e-14
    5.57441e-02      2.12131e+01      5.00000e+00      1.12143e-14
    5.64931e-02      2.11026e+01      5.00000e+00      1.15545e-14
    5.72520e-02      2.09906e+01      5.00000e+00      1.18992e-14
    5.80213e-02      2.08771e+01      5.00000e+00      1.22487e-14
    5.88008e-02      2.07620e+01      5.00000e+00      1.26028e-14
    5.95909e-02      2.06454e+01      5.00000e+00      1.29617e-14
    6.03916e-02      2.05273e+01      5.00000e+00      1.33254e-14
    6.12030e-02      2.04075e+01      5.00000e+00      1.36940e-14
    6.20254e-02      2.02862e+01      5.00000e+00      1.40676e-14
    6.28589e-02      2.01632e+01      5.00000e+00      1.44462e-14
    6.37035e-02      2.00385e+01      5.00000e+00      1.48299e-14
    6.45596e-02      1.99122e+01      5.00000e+00      1.52188e-14
    6.54271e-02      1.97842e+01      5.00000e+00      1.56129e-14
    6.63064e-02      1.96544e+01      5.00000e+00      1.60123e-14
    6.71974e-02      1.95230e+01      5.00000e+00      1.64170e-14
    6.81005e-02      1.93897e+01      5.00000e+00      1.68273e-14
    6.90157e-02      1.92546e+01      5.00000e+00      1.72430e-14
    6.99433e-02      1.91178e+01      5.00000e+00      1.76644e-14
    7.08833e-02      1.89790e+01      5.00000e+00      1.80914e-14
    7.18360e-02      1.88385e+01      5.00000e+00      1.85241e-14
    7.28014e-02      1.86960e+01      5.00000e+00      1.89627e-14
    7.37799e-02      1.85516e+01      5.00000e+00      1.94072e-14
    7.47716e-02      1.84053e+01      5.00000e+00      1.98577e-14
    7.57766e-02      1.82569e+01      5.00000e+00      2.03142e-14
    7.67951e-02      1.81066e+01      5.00000e+00      2.07769e-14
    7.78274e-02      1.79543e+01      5.00000e+00      2.12458e-14
    7.88735e-02      1.77999e+01      5.00000e+00      2.17210e-14
    7.99337e-02      1.76435e+01      5.00000e+00      2.22026e-14
    8.10082e-02      1.74849e+01      5.00000e+00      2.26907e-14
    8.20971e-02      1.73242e+01      5.00000e+00      2.31854e-14
    8.32007e-02      1.71614e+01      5.00000e+00      2.36867e-14
    8.43192e-02      1.69963e+01      5.00000e+00      2.41948e-14
    8.54527e-02      1.68291e+01      5.00000e+00      2.47097e-14
    8.66014e-02      1.66595e+01      5.00000e+00      2.52315e-14
    8.77657e-02      1.64877e+01      5.00000e+00      2.57604e-14
    8.89456e-02      1.63136e+01      5.00000e+00      2.62964e-14
    9.01413e-02      1.61372e+01      5.00000e+00      2.68396e-14
    9.13532e-02      1.60255e+01      5.00000e+00      2.76311e-14
    9.25814e-02      1.59267e+01      5.00000e+00      2.84852e-14
    9.38261e-02      1.58266e+01      5.00000e+00      2.93508e-14
    9.50875e-02      1.57252e+01      5.00000e+00      3.02280e-14
    9.63660e-02      1.56224e+01      5.00000e+00      3.11170e-14
    9.76616e-02      1.55182e+01      5.00000e+00      3.20180e-14
    9.89747e-02      1.54126e+01      5.00000e+00      3.29312e-14
    1.00305e-01      1.53056e+01      5.00000e+00      3.38566e-14
    1.01654e-01      1.51972e+01      5.00000e+00      3.47944e-14
    1.03021e-01      1.50873e+01      5.00000e+00      3.57449e-14
    1.04406e-01      1.49759e+01      5.00000e+00      3.67082e-14
    1.05810e-01      1.48630e+01      5.00000e+00      3.76845e-14
    1.07233e-01      1.47486e+01      5.00000e+00      3.86738e-14
    1.08675e-01      1.46327e+01      5.00000e+00      3.96766e-14
    1.10136e-01      1.45152e+01      5.00000e+00      4.06927e-14
    1.11617e-01      1.43961e+01      5.00000e+00      4.17226e-14
    1.13118e-01      1.42754e+01      5.00000e+00      4.27664e-14
    1.14639e-01      1.41531e+01      5.00000e+00      4.38241e-14
    1.16181e-01      1.40291e+01      5.00000e+00      4.48962e-14
    1.17743e-01      1.39035e+01      5.00000e+00      4.59826e-14
    1.19326e-01      1.37762e+01      5.00000e+00      4.70837e-14
    1.20931e-01      1.36471e+01      5.00000e+00      4.81996e-14
    1.22557e-01      1.35164e+01      5.00000e+00      4.93305e-14
    1.24205e-01      1.33839e+01      5.00000e+00      5.04766e-14
    1.25876e-01      1.32495e+01      5.00000e+00      5.16382e-14
    1.27568e-01      1.31134e+01      5.00000e+00      5.28154e-14
    1.29284e-01      1.29755e+01      5.00000e+00      5.40084e-14
    1.31023e-01      1.28436e+01      5.00000e+00      5.52920e-14
    1.32785e-01      1.27459e+01      5.00000e+00      5.69334e-14
    1.34571e-01      1.26469e+01      5.00000e+00      5.85969e-14
    1.36380e-01      1.25466e+01      5.00000e+00      6.02827e-14
    1.38215e-01      1.24450e+01      5.00000e+00      6.19913e-14
    1.40074e-01      1.23420e+01      5.00000e+00      6.37228e-14
    1.41957e-01      1.22376e+01      5.00000e+00      6.54777e-14
    1.43867e-01      1.21318e+01      5.00000e+00      6.72562e-14
    1.45802e-01      1.20246e+01      5.00000e+00      6.90586e-14
    1.47763e-01      1.19159e+01      5.00000e+00      7.08852e-14
    1.49750e-01      1.18057e+01      5.00000e+00      7.27365e-14
    1.51764e-01      1.16941e+01      5.00000e+00      7.46127e-14
    1.53805e-01      1.15810e+01      5.00000e+00      7.65141e-14
    1.55874e-01      1.14664e+01      5.00000e+00      7.84411e-14
    1.57971e-01      1.13502e+01      5.00000e+00      8.03940e-14
    1.60095e-01      1.12324e+01      5.00000e+00      8.23733e-14
    1.62249e-01      1.11131e+01      5.00000e+00      8.43791e-14
    1.64431e-01      1.09922e+01      5.00000e+00      8.64120e-14
    1.66643e-01      1.08696e+01      5.00000e+00      8.84722e-14
    1.68884e-01      1.07454e+01      5.00000e+00      9.05602e-14
    1.71156e-01      1.06208e+01      5.00000e+00      9.26984e-14
    1.73458e-01      1.05244e+01      5.00000e+00      9.53783e-14
    1.75792e-01      1.04268e+01      5.00000e+00      9.80942e-14
    1.78156e-01      1.03279e+01      5.00000e+00      1.00847e-13
    1.80553e-01      1.02276e+01      5.00000e+00      1.03636e-13
    1.82981e-01      1.01259e+01      5.00000e+00      1.06463e-13
    1.85443e-01      1.00229e+01      5.00000e+00      1.09328e-13
    1.87937e-01      9.91856e+00      5.00000e+00      1.12232e-13
    1.90465e-01      9.81277e+00      5.00000e+00      1.15175e-13
    1.93028e-01      9.70555e+00      5.00000e+00      1.18157e-13
    1.95624e-01      9.59689e+00      5.00000e+00      1.21180e-13
    1.98256e-01      9.48677e+00      5.00000e+00      1.24243e-13
    2.00923e-01      9.37517e+00      5.00000e+00      1.27347e-13
    2.03626e-01      9.26207e+00      5.00000e+00      1.30493e-13
    2.06365e-01      9.14744e+00      5.00000e+00      1.33682e-13
    2.09141e-01      9.03127e+00      5.00000e+00      1.36913e-13
    2.11954e-01      8.91842e+00      5.00000e+00      1.40312e-13
    2.14806e-01      8.82491e+00      5.00000e+00      1.44287e-13
    2.17695e-01      8.73013e+00      5.00000e+00      1.48314e-13
    2.20624e-01      8.63408e+00      5.00000e+00      1.52396e-13
    2.23592e-01      8.53673e+00      5.00000e+00      1.56533e-13
    2.26600e-01      8.43807e+00      5.00000e+00      1.60726e-13
    2.29649e-01      8.33809e+00      5.00000e+00      1.64975e-13
    2.32738e-01      8.23676e+00      5.00000e+00      1.69281e-13
    2.35869e-01      8.13407e+00      5.00000e+00      1.73645e-13
    2.39042e-01      8.02999e+00      5.00000e+00      1.78068e-13
    2.42258e-01      7.92452e+00      5.00000e+00      1.82550e-13
    2.45517e-01      7.81762e+00      5.00000e+00      1.87093e-13
    2.48821e-01      7.70928e+00      5.00000e+00      1.91697e-13
    2.52168e-01      7.60211e+00      5.00000e+00      1.96454e-13
    2.55561e-01      7.51300e+00      5.00000e+00      2.01955e-13
    2.58999e-01      7.42270e+00      5.00000e+00      2.07529e-13
    2.62483e-01      7.33118e+00      5.00000e+00      2.13179e-13
    2.66015e-01      7.23843e+00      5.00000e+00      2.18905e-13
    2.69594e-01      7.14443e+00      5.00000e+00      2.24708e-13
    2.73221e-01      7.04916e+00      5.00000e+00      2.30589e-13
    2.76897e-01      6.95261e+00      5.00000e+00      2.36549e-13
    2.80622e-01      6.85477e+00      5.00000e+00      2.42590e-13
    2.84398e-01      6.75560e+00      5.00000e+00      2.48711e-13
    2.88224e-01      6.65511e+00      5.00000e+00      2.54915e-13
    2.92102e-01      6.55325e+00      5.00000e+00      2.61203e-13
    2.96032e-01      6.46928e+00      5.00000e+00      2.68458e-13
    3.00015e-01      6.38426e+00      5.00000e+00      2.75815e-13
    3.04052e-01      6.29810e+00      5.00000e+00      2.83271e-13
    3.08142e-01      6.21079e+00      5.00000e+00      2.90828e-13
    3.12288e-01      6.12230e+00      5.00000e+00      2.98486e-13
    3.16490e-01      6.03261e+00      5.00000e+00      3.06247e-13
    3.20748e-01      5.94172e+00      5.00000e+00      3.14113e-13
    3.25064e-01      5.84961e+00      5.00000e+00      3.22085e-13
    3.29438e-01      5.75626e+00      5.00000e+00      3.30164e-13
    3.33870e-01      5.66684e+00      5.00000e+00      3.38664e-13
    3.38362e-01      5.58768e+00      5.00000e+00      3.47968e-13
    3.42915e-01      5.50745e+00      5.00000e+00      3.57398e-13
    3.47529e-01      5.42614e+00      5.00000e+00      3.66954e-13
    3.52205e-01      5.34374e+00      5.00000e+00      3.76639e-13
    3.56944e-01      5.26023e+00      5.00000e+00      3.86454e-13
    3.61747e-01      5.17560e+00      5.00000e+00      3.96402e-13
    3.66614e-01      5.08983e+00      5.00000e+00      4.06483e-13
    3.71547e-01      5.00290e+00      5.00000e+00      4.16700e-13
    3.76546e-01      4.92541e+00      5.00000e+00      4.27878e-13
    3.81613e-01      4.85058e+00      5.00000e+00      4.39494e-13
    3.86748e-01      4.77475e+00      5.00000e+00      4.51266e-13
    3.91952e-01      4.69790e+00      5.00000e+00      4.63197e-13
    3.97226e-01      4.62001e+00      5.00000e+00      4.75288e-13
    4.02571e-01      4.54107e+00      5.00000e+00      4.87542e-13
    4.07987e-01      4.46107e+00      5.00000e+00      4.99961e-13
    4.13477e-01      4.38066e+00      5.00000e+00      5.12610e-13
    4.19041e-01      4.31097e+00      5.00000e+00      5.26554e-13
    4.24679e-01      4.24035e+00      5.00000e+00      5.40685e-13
    4.30394e-01      4.16878e+00      5.00000e+00      5.55007e-13
    4.36185e-01      4.09624e+00      5.00000e+00      5.69521e-13
    4.42054e-01      4.02273e+00      5.00000e+00      5.84230e-13
    4.48003e-01      3.94823e+00      5.00000e+00      5.99138e-13
    4.54031e-01      3.87362e+00      5.00000e+00      6.14350e-13
    4.60140e-01      3.80811e+00      5.00000e+00      6.30943e-13
    4.66332e-01      3.74172e+00      5.00000e+00      6.47759e-13
    4.72607e-01      3.67444e+00      5.00000e+00      6.64802e-13
    4.78966e-01      3.60625e+00      5.00000e+00      6.82074e-13
    4.85412e-01      3.53714e+00      5.00000e+00      6.99578e-13
    4.91943e-01      3.46711e+00      5.00000e+00      7.17318e-13
    4.98563e-01      3.40294e+00      5.00000e+00      7.36265e-13
    5.05272e-01      3.34078e+00      5.00000e+00      7.55874e-13
    5.12071e-01      3.27779e+00      5.00000e+00      7.75748e-13
    5.18962e-01      3.21394e+00      5.00000e+00      7.95889e-13
    5.25945e-01      3.14924e+00      5.00000e+00      8.16301e-13
    5.33022e-01      3.08367e+00      5.00000e+00      8.36988e-13
    5.40195e-01      3.02446e+00      5.00000e+00      8.59169e-13
    5.47464e-01      2.96597e+00      5.00000e+00      8.81902e-13
    5.54831e-01      2.90668e+00      5.00000e+00      9.04940e-13
    5.62297e-01      2.84660e+00      5.00000e+00      9.28288e-13
    5.69864e-01      2.78570e+00      5.00000e+00      9.51951e-13
    5.77532e-01      2.72682e+00      5.00000e+00      9.76526e-13
    5.85304e-01      2.67175e+00      5.00000e+00      1.00240e-12
    5.93180e-01      2.61593e+00      5.00000e+00      1.02862e-12
    6.01162e-01      2.55937e+00      5.00000e+00      1.05520e-12
    6.09252e-01      2.50205e+00      5.00000e+00      1.08213e-12
    6.17451e-01      2.44641e+00      5.00000e+00      1.10993e-12
    6.25759e-01      2.39571e+00      5.00000e+00      1.13925e-12
    6.34180e-01      2.34433e+00      5.00000e+00      1.16897e-12
    6.42714e-01      2.29226e+00      5.00000e+00      1.19909e-12
    6.51363e-01      2.23948e+00      5.00000e+00      1.22961e-12
    6.60129e-01      2.18923e+00      5.00000e+00      1.26150e-12
    6.69012e-01      2.14097e+00      5.00000e+00      1.29460e-12
    6.78015e-01      2.09207e+00      5.00000e+00      1.32815e-12
    6.87139e-01      2.04250e+00      5.00000e+00      1.36214e-12
    6.96386e-01      1.99274e+00      5.00000e+00      1.39674e-12
    7.05757e-01      1.94777e+00      5.00000e+00      1.43350e-12
    7.15254e-01      1.90219e+00      5.00000e+00      1.47075e-12
    7.24880e-01      1.85601e+00      5.00000e+00      1.50850e-12
    7.34634e-01      1.80920e+00      5.00000e+00      1.54676e-12
    7.44521e-01      1.76629e+00      5.00000e+00      1.58718e-12
    7.54540e-01      1.72354e+00      5.00000e+00      1.62842e-12
    7.64694e-01      1.68022e+00      5.00000e+00      1.67021e-12
    7.74984e-01      1.63631e+00      5.00000e+00      1.71257e-12
    7.85414e-01      1.59618e+00      5.00000e+00      1.75723e-12
    7.95983e-01      1.55617e+00      5.00000e+00      1.80275e-12
    8.06695e-01      1.51563e+00      5.00000e+00      1.84889e-12
    8.17551e-01      1.47488e+00      5.00000e+00      1.89580e-12
    8.28553e-01      1.43766e+00      5.00000e+00      1.94528e-12
    8.39703e-01      1.39994e+00      5.00000e+00      1.99543e-12
    8.51003e-01      1.36172e+00      5.00000e+00      2.04625e-12
    8.62456e-01      1.32502e+00      5.00000e+00      2.09877e-12
    8.74062e-01      1.29015e+00      5.00000e+00      2.15315e-12
    8.85825e-01      1.25482e+00      5.00000e+00      2.20826e-12
    8.97746e-01      1.21910e+00      5.00000e+00      2.26418e-12
    9.09827e-01      1.18650e+00      5.00000e+00      2.32305e-12
    9.22071e-01      1.15346e+00      5.00000e+00      2.38272e-12
    9.34480e-01      1.11997e+00      5.00000e+00      2.44318e-12
    9.47056e-01      1.08861e+00      5.00000e+00      2.50617e-12
    9.59801e-01      1.05774e+00      5.00000e+00      2.57062e-12
    9.72717e-01      1.02647e+00      5.00000e+00      2.63594e-12
    9.85808e-01      9.96642e-01      5.00000e+00      2.70355e-12
    9.99074e-01      9.67750e-01      5.00000e+00      2.77307e-12
    1.01252e+00      9.38470e-01      5.00000e+00      2.84353e-12
    1.02615e+00      9.10442e-01      5.00000e+00      2.91633e-12
    1.03996e+00      8.83337e-01      5.00000e+00      2.99120e-12
    1.05395e+00      8.55867e-01      5.00000e+00      3.06708e-12
    1.06813e+00      8.29803e-01      5.00000e+00      3.14568e-12
    1.08251e+00      8.04335e-01      5.00000e+00      3.22625e-12
    1.09708e+00      7.78524e-01      5.00000e+00      3.30791e-12
    1.11184e+00      7.54497e-01      5.00000e+00      3.39291e-12
    1.12680e+00      7.30508e-01      5.00000e+00      3.47944e-12
    1.14197e+00      7.06565e-01      5.00000e+00      3.56756e-12
    1.15734e+00      6.84267e-01      5.00000e+00      3.65919e-12
    1.17291e+00      6.61668e-01      5.00000e+00      3.75205e-12
    1.18870e+00      6.39950e-01      5.00000e+00      3.84770e-12
    1.20469e+00      6.18893e-01      5.00000e+00      3.94588e-12
    1.22091e+00      5.97633e-01      5.00000e+00      4.04549e-12
    1.23734e+00      5.77996e-01      5.00000e+00      4.14923e-12
    1.25399e+00      5.58095e-01      5.00000e+00      4.25437e-12
    1.27087e+00      5.39033e-01      5.00000e+00      4.36271e-12
    1.28797e+00      5.20439e-01      5.00000e+00      4.47368e-12
    1.30530e+00      5.02020e-01      5.00000e+00      4.58690e-12
    1.32287e+00      4.84641e-01      5.00000e+00      4.70390e-12
    1.34067e+00      4.67028e-01      5.00000e+00      4.82248e-12
    1.35872e+00      4.50705e-01      5.00000e+00      4.94565e-12
    1.37700e+00      4.34218e-01      5.00000e+00      5.07060e-12
    1.39553e+00      4.18583e-01      5.00000e+00      5.19961e-12
    1.41431e+00      4.03104e-01      5.00000e+00      5.33117e-12
    1.43335e+00      3.88216e-01      5.00000e+00      5.46642e-12
    1.45264e+00      3.73679e-01      5.00000e+00      5.60481e-12
    1.47219e+00      3.59575e-01      5.00000e+00      5.74672e-12
    1.49200e+00      3.45914e-01      5.00000e+00      5.89221e-12
    1.51208e+00      3.32600e-01      5.00000e+00      6.04124e-12
    1.53243e+00      3.19723e-01      5.00000e+00      6.19413e-12
    1.55305e+00      3.07227e-01      5.00000e+00      6.35069e-12
    1.57395e+00      2.95165e-01      5.00000e+00      6.51113e-12
    1.59514e+00      2.83524e-01      5.00000e+00      6.67562e-12
    1.61660e+00      2.72204e-01      5.00000e+00      6.84388e-12
    1.63836e+00      2.61104e-01      5.00000e+00      7.01670e-12
    1.66041e+00      2.50039e-01      5.00000e+00      7.19301e-12
    1.68276e+00      2.39726e-01      5.00000e+00      7.37460e-12
    1.70540e+00      2.29489e-01      5.00000e+00      7.55936e-12
    1.72835e+00      2.19887e-01      5.00000e+00      7.75002e-12
    1.75162e+00      2.10306e-01      5.00000e+00      7.94430e-12
    1.77519e+00      2.00972e-01      5.00000e+00      8.14379e-12
    1.79908e+00      1.92185e-01      5.00000e+00      8.34802e-12
    1.82329e+00      1.83772e-01      5.00000e+00      8.55652e-12
    1.84783e+00      1.75625e-01      5.00000e+00      8.77131e-12
    1.87270e+00      1.67580e-01      5.00000e+00      8.99034e-12
    1.89790e+00      1.59895e-01      5.00000e+00      9.21499e-12
    1.92344e+00      1.52493e-01      5.00000e+00      9.44535e-12
    1.94933e+00      1.45224e-01      5.00000e+00      9.68051e-12
    1.97557e+00      1.38221e-01      5.00000e+00      9.92226e-12
    2.00215e+00      1.31591e-01      5.00000e+00      1.01695e-11
    2.02910e+00      1.25282e-01      5.00000e+00      1.04220e-11
    2.05641e+00      1.19680e-01      5.00000e+00      1.06815e-11
    2.08408e+00      1.13648e-01      5.00000e+00      1.09470e-11
    2.11213e+00      1.07430e-01      5.00000e+00      1.12183e-11
    2.14056e+00      1.01967e-01      5.00000e+00      1.14967e-11
    2.16937e+00      9.67158e-02      5.00000e+00      1.17818e-11
    2.19856e+00      9.16309e-02      5.00000e+00      1.20734e-11
    2.22815e+00      8.67340e-02      5.00000e+00      1.23716e-11
    2.25814e+00      8.21296e-02      5.00000e+00      1.26779e-11
    2.28853e+00      7.76593e-02      5.00000e+00      1.29912e-11
    2.31933e+00      7.33387e-02      5.00000e+00      1.33115e-11
    2.35054e+00      6.91882e-02      5.00000e+00      1.36392e-11
    2.38218e+00      6.52850e-02      5.00000e+00      1.39757e-11
    2.41424e+00      6.15305e-02      5.00000e+00      1.43199e-11
    2.44673e+00      5.79239e-02      5.00000e+00      1.46720e-11
    2.47966e+00      5.44660e-02      5.00000e+00      1.50323e-11
    2.51303e+00      5.11562e-02      5.00000e+00      1.54009e-11
    2.54685e+00      4.80395e-02      5.00000e+00      1.57791e-11
    2.58113e+00      4.50646e-02      5.00000e+00      1.61660e-11
    2.61587e+00      4.22215e-02      5.00000e+00      1.65618e-11
    2.65107e+00      3.95109e-02      5.00000e+00      1.69670e-11
    2.68675e+00      3.69325e-02      5.00000e+00      1.73817e-11
    2.72291e+00      3.44847e-02      5.00000e+00      1.78061e-11
    2.75956e+00      3.21637e-02      5.00000e+00      1.82404e-11
    2.79670e+00      2.99630e-02      5.00000e+00      1.86848e-11
    2.83434e+00      2.78794e-02      5.00000e+00      1.91398e-11
    2.87248e+00      2.55928e-02      5.00000e+00      1.96057e-11
    2.91114e+00      2.40281e-02      5.00000e+00      2.00823e-11
    2.95032e+00      2.23067e-02      5.00000e+00      2.05702e-11
    2.99003e+00      2.06491e-02      5.00000e+00      2.10696e-11
    3.03027e+00      1.90851e-02      5.00000e+00      2.15805e-11
    3.07105e+00      1.76122e-02      5.00000e+00      2.21036e-11
    3.11239e+00      1.62248e-02      5.00000e+00      2.26382e-11
    3.15428e+00      1.49227e-02      5.00000e+00      2.31854e-11
    3.19673e+00      1.37004e-02      5.00000e+00      2.37454e-11
    3.23975e+00      1.25597e-02      5.00000e+00      2.43186e-11
    3.28335e+00      1.14945e-02      5.00000e+00      2.49050e-11
    3.32754e+00      1.05007e-02      5.00000e+00      2.55052e-11
    3.37233e+00      9.57834e-03      5.00000e+00      2.61191e-11
    3.41771e+00      8.72073e-03      5.00000e+00      2.67471e-11
    3.46371e+00      7.91771e-03      5.00000e+00      2.73896e-11
    3.51033e+00      7.17788e-03      5.00000e+00      2.80468e-11
    3.55757e+00      6.49468e-03      5.00000e+00      2.87191e-11
    3.60545e+00      5.86911e-03      5.00000e+00      2.94069e-11
    3.65398e+00      5.29674e-03      5.00000e+00      3.01109e-11
    3.70315e+00      4.77147e-03      5.00000e+00      3.08307e-11
    3.75299e+00      4.28971e-03      5.00000e+00      3.15668e-11
    3.80350e+00      3.84967e-03      5.00000e+00      3.23201e-11
    3.85469e+00      3.45469e-03      5.00000e+00      3.30902e-11
    3.90657e+00      3.09469e-03      5.00000e+00      3.38784e-11
    3.95915e+00      2.76709e-03      5.00000e+00      3.46839e-11
    4.01243e+00      2.47308e-03      5.00000e+00      3.55083e-11
    4.06644e+00      2.20855e-03      5.00000e+00      3.63513e-11
    4.12116e+00      1.96907e-03      5.00000e+00      3.72130e-11
    4.17663e+00      1.75708e-03      5.00000e+00      3.81006e-11
    4.23284e+00      1.56723e-03      5.00000e+00      3.90042e-11
    4.28981e+00      1.39807e-03      5.00000e+00      3.99175e-11
    4.34755e+00      1.25030e-03      5.00000e+00      4.08609e-11
    4.40606e+00      1.11921e-03      5.00000e+00      4.18243e-11
    4.46536e+00      1.00668e-03      5.00000e+00      4.28103e-11
    4.52546e+00      9.08044e-04      5.00000e+00      4.38181e-11
    4.58636e+00      8.24621e-04      5.00000e+00      4.48487e-11
    4.64809e+00      7.52907e-04      5.00000e+00      4.59019e-11
    4.71065e+00      6.93425e-04      5.00000e+00      4.69791e-11
    4.77404e+00      6.43324e-04      5.00000e+00      4.80799e-11
    4.83830e+00      6.02965e-04      5.00000e+00      4.92076e-11
    4.90341e+00      5.68715e-04      5.00000e+00      5.03671e-11
    4.96941e+00      5.40947e-04      5.00000e+00      5.15575e-11
    5.03629e+00      5.18275e-04      5.00000e+00      5.27823e-11
    5.10407e+00      4.99220e-04      5.00000e+00      5.40418e-11
    5.17277e+00      4.82986e-04      5.00000e+00      5.53409e-11
    5.24239e+00      4.68873e-04      5.00000e+00      5.66693e-11
    5.31294e+00      4.56475e-04      5.00000e+00      5.80400e-11
    5.38445e+00      4.45592e-04      5.00000e+00      5.94502e-11
    5.45691e+00      4.36128e-04      5.00000e+00      6.09001e-11
    5.53036e+00      4.28042e-04      5.00000e+00      6.23931e-11
    5.60479e+00      4.21118e-04      5.00000e+00      6.39298e-11
    5.68022e+00      4.15232e-04      5.00000e+00      6.55099e-11
    5.75667e+00      4.10301e-04      5.00000e+00      6.71372e-11
    5.83415e+00      4.06181e-04      5.00000e+00      6.88115e-11
    5.91267e+00      4.02760e-04      5.00000e+00      7.05350e-11
    5.99225e+00      3.99939e-04      5.00000e+00      7.23097e-11
    6.07289e+00      3.97625e-04      5.00000e+00      7.41363e-11
    6.15463e+00      3.95726e-04      5.00000e+00      7.60170e-11
    6.23746e+00      3.94155e-04      5.00000e+00      7.79544e-11
    6.32141e+00      3.92855e-04      5.00000e+00      7.99476e-11
    6.40649e+00      3.91779e-04      5.00000e+00      8.19880e-11
    6.49271e+00      3.90886e-04      5.00000e+00      8.40815e-11
    6.58010e+00      3.90130e-04      5.00000e+00      8.62254e-11
    6.66866e+00      3.89493e-04      5.00000e+00      8.84230e-11
    6.75841e+00      3.88962e-04      5.00000e+00      9.06765e-11
    6.84937e+00      3.88530e-04      5.00000e+00      9.29847e-11
    6.94155e+00      3.88183e-04      5.00000e+00      9.53505e-11
    7.03498e+00      3.87909e-04      5.00000e+00      9.77749e-11
    7.12966e+00      3.87700e-04      5.00000e+00      1.00260e-10
    7.22562e+00      3.87543e-04      5.00000e+00      1.02805e-10
    7.32287e+00      3.87430e-04      5.00000e+00      1.05414e-10
    7.42142e+00      3.87346e-04      5.00000e+00      1.08087e-10
    7.52131e+00      3.87281e-04      5.00000e+00      1.10826e-10
    7.62253e+00      3.87228e-04      5.00000e+00      1.13632e-10
    7.72512e+00      3.87175e-04      5.00000e+00      1.16508e-10
    7.82910e+00      3.87123e-04      5.00000e+00      1.19455e-10
    7.93447e+00      3.87069e-04      5.00000e+00      1.22474e-10
    8.04125e+00      3.87014e-04      5.00000e+00      1.25567e-10
    8.14948e+00      3.86958e-04      5.00000e+00      1.28737e-10
    8.25916e+00      3.86901e-04      5.00000e+00      1.31983e-10
    8.37032e+00      3.86844e-04      5.00000e+00      1.35310e-10
    8.48298e+00      3.86786e-04      5.00000e+00      1.38717e-10
    8.59715e+00      3.86728e-04      5.00000e+00      1.42210e-10
    8.71285e+00      3.86669e-04      5.00000e+00      1.45787e-10
    8.83012e+00      3.86609e-04      5.00000e+00      1.49452e-10
    8.94896e+00      3.86548e-04      5.00000e+00      1.53206e-10
    9.06941e+00      3.86486e-04      5.00000e+00      1.57052e-10
    9.19147e+00      3.86423e-04      5.00000e+00      1.60992e-10
    9.31518e+00      3.86361e-04      5.00000e+00      1.65028e-10
    9.44055e+00      3.86297e-04      5.00000e+00      1.69162e-10
    9.56761e+00      3.86236e-04      5.00000e+00      1.73395e-10
    9.69637e+00      3.86168e-04      5.00000e+00      1.77733e-10
    9.82688e+00      3.86102e-04      5.00000e+00      1.82177e-10
    9.95914e+00      3.86035e-04      5.00000e+00      1.86728e-10
    1.00932e+01      3.85967e-04      5.00000e+00      1.91389e-10
    1.02290e+01      3.85895e-04      5.00000e+00      1.96154e-10
    1.03667e+01      3.85829e-04      5.00000e+00      2.01053e-10
    1.05062e+01      3.85759e-04      5.00000e+00      2.06062e-10
    1.06476e+01      3.85687e-04      5.00000e+00      2.11191e-10
    1.07909e+01      3.85616e-04      5.00000e+00      2.16443e-10
    1.09362e+01      3.85544e-04      5.00000e+00      2.21824e-10
    1.10833e+01      3.85470e-04      5.00000e+00      2.27334e-10
    1.12325e+01      3.85395e-04      5.00000e+00      2.32976e-10
    1.13837e+01      3.85324e-04      5.00000e+00      2.38755e-10
    1.15369e+01      3.85243e-04      5.00000e+00      2.44673e-10
    1.16922e+01      3.85167e-04      5.00000e+00      2.50734e-10
    1.18495e+01      3.85089e-04      5.00000e+00      2.56938e-10
    1.20090e+01      3.85009e-04      5.00000e+00      2.63293e-10
    1.21706e+01      3.84929e-04      5.00000e+00      2.69798e-10
    1.23344e+01      3.84847e-04      5.00000e+00      2.76461e-10
    1.25005e+01      3.84766e-04      5.00000e+00      2.83282e-10
    1.26687e+01      3.84683e-04      5.00000e+00      2.90267e-10
    1.28392e+01      3.84599e-04      5.00000e+00      2.97413e-10
    1.30120e+01      3.84514e-04      5.00000e+00      3.04744e-10
    1.31871e+01      3.84428e-04      5.00000e+00      3.12239e-10
    1.33646e+01      3.84339e-04      5.00000e+00      3.19911e-10
    1.35445e+01      3.84250e-04      5.00000e+00      3.27770e-10
    1.37268e+01      3.84159e-04      5.00000e+00      3.35821e-10
    1.39115e+01      3.84073e-04      5.00000e+00      3.44054e-10
    1.40988e+01      3.83978e-04      5.00000e+00      3.52480e-10
    1.42885e+01      3.83885e-04      5.00000e+00      3.61114e-10
    1.44808e+01      3.83796e-04      5.00000e+00      3.69947e-10
    1.46757e+01      3.83696e-04      5.00000e+00      3.78992e-10
    1.48732e+01      3.83600e-04      5.00000e+00      3.88248e-10
    1.50734e+01      3.83502e-04      5.00000e+00      3.97726e-10
    1.52763e+01      3.83405e-04      5.00000e+00      4.07428e-10
    1.54819e+01      3.83305e-04      5.00000e+00      4.17352e-10
    1.56903e+01      3.83202e-04      5.00000e+00      4.27512e-10
    1.59014e+01      3.83102e-04      5.00000e+00      4.37918e-10
    1.61155e+01      3.82999e-04      5.00000e+00      4.48561e-10
    1.63323e+01      3.82895e-04      5.00000e+00      4.59460e-10
    1.65522e+01      3.82788e-04      5.00000e+00      4.70605e-10
    1.67749e+01      3.82680e-04      5.00000e+00      4.82014e-10
    1.70007e+01      3.82573e-04      5.00000e+00      4.93690e-10
    1.72295e+01      3.82464e-04      5.00000e+00      5.05648e-10
    1.74614e+01      3.82352e-04      5.00000e+00      5.17874e-10
    1.76964e+01      3.82241e-04      5.00000e+00      5.30390e-10
    1.79346e+01      3.82129e-04      5.00000e+00      5.43194e-10
    1.81760e+01      3.82014e-04      5.00000e+00      5.56299e-10
    1.84206e+01      3.81898e-04      5.00000e+00      5.69707e-10
    1.86685e+01      3.81781e-04      5.00000e+00      5.83423e-10
    1.89198e+01      3.81662e-04      5.00000e+00      5.97460e-10
    1.91744e+01      3.81543e-04      5.00000e+00      6.11823e-10
    1.94325e+01      3.81420e-04      5.00000e+00      6.26514e-10
    1.96940e+01      3.81295e-04      5.00000e+00      6.41535e-10
    1.99591e+01      3.81174e-04      5.00000e+00      6.56907e-10
    2.02277e+01      3.81047e-04      5.00000e+00      6.72622e-10
    2.05000e+01      3.80919e-04      5.00000e+00      6.88688e-10
    2.07759e+01      3.80788e-04      5.00000e+00      7.05131e-10
    2.10555e+01      3.80658e-04      5.00000e+00      7.21944e-10
    2.13389e+01      3.80527e-04      5.00000e+00      7.39119e-10
    2.16261e+01      3.80394e-04      5.00000e+00      7.56693e-10
    2.19171e+01      3.80260e-04      5.00000e+00      7.74671e-10
    2.22121e+01      3.80122e-04      5.00000e+00      7.93035e-10
    2.25111e+01      3.79984e-04      5.00000e+00      8.11811e-10
    2.28140e+01      3.79845e-04      5.00000e+00      8.31014e-10
    2.31211e+01      3.79703e-04      5.00000e+00      8.50638e-10
    2.34323e+01      3.79559e-04      5.00000e+00      8.70705e-10
    2.37477e+01      3.79415e-04      5.00000e+00      8.91221e-10
    2.40673e+01      3.79270e-04      5.00000e+00      9.12189e-10
    2.43912e+01      3.79121e-04      5.00000e+00      9.33624e-10
    2.47195e+01      3.78972e-04      5.00000e+00      9.55522e-10
    2.50522e+01      3.78822e-04      5.00000e+00      9.77915e-10
    2.53894e+01      3.78669e-04      5.00000e+00      1.00079e-09
    2.57311e+01      3.78513e-04      5.00000e+00      1.02417e-09
    2.60774e+01      3.78356e-04      5.00000e+00      1.04807e-09
    2.64284e+01      3.78199e-04      5.00000e+00      1.07249e-09
    2.67840e+01      3.78037e-04      5.00000e+00      1.09744e-09
    2.71445e+01      3.77875e-04      5.00000e+00      1.12294e-09
    2.75099e+01      3.77712e-04      5.00000e+00      1.14899e-09
    2.78801e+01      3.77546e-04      5.00000e+00      1.17560e-09
    2.82554e+01      3.77379e-04      5.00000e+00      1.20280e-09
    2.86356e+01      3.77209e-04      5.00000e+00      1.23058e-09
    2.90211e+01      3.77036e-04      5.00000e+00      1.25896e-09
    2.94116e+01      3.76865e-04      5.00000e+00      1.28796e-09
    2.98075e+01      3.76689e-04      5.00000e+00      1.31756e-09
    3.02087e+01      3.76657e-04      5.00000e+00      1.32549e-09
    3.06153e+01      3.76333e-04      5.00000e+00      1.37871e-09
    3.10273e+01      3.76150e-04      5.00000e+00      1.41026e-09
    3.14449e+01      3.75968e-04      5.00000e+00      1.44246e-09
    3.18681e+01      3.75781e-04      5.00000e+00      1.47540e-09
    3.22970e+01      3.75595e-04      5.00000e+00      1.50901e-09
    3.27317e+01      3.75406e-04      5.00000e+00      1.54332e-09
    3.31722e+01      3.75217e-04      5.00000e+00      1.57837e-09
    3.36187e+01      3.75022e-04      5.00000e+00      1.61414e-09
    3.40712e+01      3.74822e-04      5.00000e+00      1.65067e-09
    3.45297e+01      3.74630e-04      5.00000e+00      1.68796e-09
    3.49945e+01      3.74429e-04      5.00000e+00      1.72603e-09
    3.54655e+01      3.74226e-04      5.00000e+00      1.76488e-09
    3.59428e+01      3.74023e-04      5.00000e+00      1.80456e-09
    3.64265e+01      3.73818e-04      5.00000e+00      1.84507e-09
    3.69168e+01      3.73609e-04      5.00000e+00      1.88638e-09
    3.74137e+01      3.73401e-04      5.00000e+00      1.92858e-09
    3.79172e+01      3.73185e-04      5.00000e+00      1.97160e-09
    3.84275e+01      3.72969e-04      5.00000e+00      2.01551e-09
    3.89447e+01      3.72753e-04      5.00000e+00      2.06035e-09
    3.94689e+01      3.72531e-04      5.00000e+00      2.10608e-09
    4.00001e+01      3.72309e-04      5.00000e+00      2.15272e-09
