    Er (keV)         SM dN/dE         BG dN/dE        BSM dN/dE (events/kg/day/keV)
    1.01000e-02      8.80575e-01      1.00000e+01      3.33215e-09
    1.02859e-02      8.72702e-01      1.00000e+01      3.54831e-09
    1.04753e-02      8.64682e-01      1.00000e+01      3.76849e-09
    1.06682e-02      8.56514e-01      1.00000e+01      3.99276e-09
    1.08647e-02      8.48193e-01      1.00000e+01      4.22120e-09
    1.10648e-02      8.39718e-01      1.00000e+01      4.45389e-09
    1.12686e-02      8.31085e-01      1.00000e+01      4.69090e-09
    1.14763e-02      8.22292e-01      1.00000e+01      4.93232e-09
    1.16878e-02      8.13335e-01      1.00000e+01      5.17823e-09
    1.19032e-02      8.04212e-01      1.00000e+01      5.42871e-09
    1.21226e-02      7.94919e-01      1.00000e+01      5.68385e-09
    1.23462e-02      7.85453e-01      1.00000e+01      5.94373e-09
    1.25738e-02      7.75811e-01      1.00000e+01      6.20844e-09
    1.28057e-02      7.65990e-01      1.00000e+01      6.47808e-09
    1.30420e-02      7.55987e-01      1.00000e+01      6.75273e-09
    1.32826e-02      7.45797e-01      1.00000e+01      7.03248e-09
    1.35276e-02      7.35419e-01      1.00000e+01      7.31743e-09
    1.37773e-02      7.24847e-01      1.00000e+01      7.60768e-09
    1.40316e-02      7.14078e-01      1.00000e+01      7.90333e-09
    1.42906e-02      7.03110e-01      1.00000e+01      8.20448e-09
    1.45544e-02      6.91937e-01      1.00000e+01      8.51122e-09
    1.48231e-02      6.80557e-01      1.00000e+01      8.82366e-09
    1.50968e-02      6.68965e-01      1.00000e+01      9.14192e-09
    1.53757e-02      6.57158e-01      1.00000e+01      9.46609e-09
    1.56597e-02      6.45131e-01      1.00000e+01      9.79629e-09
    1.59489e-02      6.32880e-01      1.00000e+01      1.01326e-08
    1.62436e-02      6.20402e-01      1.00000e+01      1.04752e-08
    1.65437e-02      6.07692e-01      1.00000e+01      1.08242e-08
    1.68494e-02      5.94745e-01      1.00000e+01      1.11796e-08
    1.71608e-02      5.81558e-01      1.00000e+01      1.15417e-08
    1.74780e-02      5.68126e-01      1.00000e+01      1.19105e-08
    1.78011e-02      5.54444e-01      1.00000e+01      1.22861e-08
    1.81302e-02      5.40507e-01      1.00000e+01      1.26687e-08
    1.84654e-02      5.26312e-01      1.00000e+01      1.30585e-08
    1.88068e-02      5.11852e-01      1.00000e+01      1.34555e-08
    1.91546e-02      4.97124e-01      1.00000e+01      1.38598e-08
    1.95089e-02      4.82122e-01      1.00000e+01      1.42717e-08
    1.98697e-02      4.66841e-01      1.00000e+01      1.46912e-08
    2.02372e-02      4.51276e-01      1.00000e+01      1.51186e-08
    2.06116e-02      4.35421e-01      1.00000e+01      1.55539e-08
    2.09930e-02      4.19272e-01      1.00000e+01      1.59973e-08
    2.13814e-02      4.02823e-01      1.00000e+01      1.64489e-08
    2.17770e-02      3.86067e-01      1.00000e+01      1.69089e-08
    2.21800e-02      3.69001e-01      1.00000e+01      1.73775e-08
    2.25905e-02      3.51617e-01      1.00000e+01      1.78547e-08
    2.30087e-02      3.33909e-01      1.00000e+01      1.83409e-08
    2.34346e-02      3.15873e-01      1.00000e+01      1.88361e-08
    2.38684e-02      2.97501e-01      1.00000e+01      1.93405e-08
    2.43103e-02      2.78788e-01      1.00000e+01      1.98543e-08
    2.47604e-02      2.59726e-01      1.00000e+01      2.03776e-08
    2.52189e-02      2.40311e-01      1.00000e+01      2.09107e-08
    2.56859e-02      2.20534e-01      1.00000e+01      2.14536e-08
    2.61615e-02      2.00390e-01      1.00000e+01      2.20067e-08
    2.66461e-02      1.79871e-01      1.00000e+01      2.25700e-08
    2.71396e-02      1.58971e-01      1.00000e+01      2.31439e-08
    2.76423e-02      1.37682e-01      1.00000e+01      2.37283e-08
    2.81543e-02      1.15997e-01      1.00000e+01      2.43237e-08
    2.86759e-02      9.39093e-02      1.00000e+01      2.49301e-08
    2.92072e-02      7.14109e-02      1.00000e+01      2.55478e-08
    2.97483e-02      4.84942e-02      1.00000e+01      2.61770e-08
    3.02995e-02      2.51514e-02      1.00000e+01      2.68179e-08
    3.08610e-02      2.34183e-02      1.00000e+01      2.81148e-08
    3.14329e-02      2.29980e-02      1.00000e+01      2.94751e-08
    3.20154e-02      2.25699e-02      1.00000e+01      3.08607e-08
    3.26087e-02      2.21338e-02      1.00000e+01      3.22721e-08
    3.32131e-02      2.16896e-02      1.00000e+01      3.37097e-08
    3.38287e-02      2.12372e-02      1.00000e+01      3.51741e-08
    3.44558e-02      2.07763e-02      1.00000e+01      3.66657e-08
    3.50945e-02      2.03069e-02      1.00000e+01      3.81850e-08
    3.57451e-02      1.98287e-02      1.00000e+01      3.97325e-08
    3.64078e-02      1.93417e-02      1.00000e+01      4.13089e-08
    3.70828e-02      1.88456e-02      1.00000e+01      4.29145e-08
    3.77704e-02      1.83403e-02      1.00000e+01      4.45500e-08
    3.84707e-02      1.78256e-02      1.00000e+01      4.62158e-08
    3.91841e-02      1.73013e-02      1.00000e+01      4.79127e-08
    3.99107e-02      1.67673e-02      1.00000e+01      4.96411e-08
    4.06509e-02      1.62233e-02      1.00000e+01      5.14016e-08
    4.14048e-02      1.56693e-02      1.00000e+01      5.31949e-08
    4.21727e-02      1.51049e-02      1.00000e+01      5.50215e-08
    4.29549e-02      1.45300e-02      1.00000e+01      5.68821e-08
    4.37516e-02      1.39445e-02      1.00000e+01      5.87772e-08
    4.45631e-02      1.33481e-02      1.00000e+01      6.07076e-08
    4.53898e-02      1.27405e-02      1.00000e+01      6.26739e-08
    4.62318e-02      1.21217e-02      1.00000e+01      6.46767e-08
    4.70894e-02      1.14914e-02      1.00000e+01      6.67168e-08
    4.79630e-02      1.08494e-02      1.00000e+01      6.87948e-08
    4.88528e-02      1.01954e-02      1.00000e+01      7.09114e-08
    4.97592e-02      9.52924e-03      1.00000e+01      7.30674e-08
    5.06825e-02      8.85072e-03      1.00000e+01      7.52635e-08
    5.16229e-02      8.34414e-03      1.00000e+01      7.80665e-08
    5.25807e-02      8.02415e-03      1.00000e+01      8.15228e-08
    5.35564e-02      7.69822e-03      1.00000e+01      8.50435e-08
    5.45503e-02      7.36622e-03      1.00000e+01      8.86296e-08
    5.55626e-02      7.02805e-03      1.00000e+01      9.22823e-08
    5.65937e-02      6.68360e-03      1.00000e+01      9.60030e-08
    5.76440e-02      6.33274e-03      1.00000e+01      9.97928e-08
    5.87138e-02      5.97536e-03      1.00000e+01      1.03653e-07
    5.98035e-02      5.61133e-03      1.00000e+01      1.07585e-07
    6.09135e-02      5.24054e-03      1.00000e+01      1.11590e-07
    6.20441e-02      4.86285e-03      1.00000e+01      1.15670e-07
    6.31957e-02      4.47814e-03      1.00000e+01      1.19825e-07
    6.43688e-02      4.08628e-03      1.00000e+01      1.24058e-07
    6.55636e-02      3.68713e-03      1.00000e+01      1.28370e-07
    6.67807e-02      3.28057e-03      1.00000e+01      1.32761e-07
    6.80204e-02      2.86644e-03      1.00000e+01      1.37234e-07
    6.92831e-02      2.44462e-03      1.00000e+01      1.41791e-07
    7.05693e-02      2.01495e-03      1.00000e+01      1.46432e-07
    7.18794e-02      1.57729e-03      1.00000e+01      1.51159e-07
    7.32139e-02      1.53632e-03      1.00000e+01      1.57424e-07
    7.45732e-02      1.53322e-03      1.00000e+01      1.63944e-07
    7.59578e-02      1.53006e-03      1.00000e+01      1.70585e-07
    7.73681e-02      1.52685e-03      1.00000e+01      1.77350e-07
    7.88046e-02      1.52357e-03      1.00000e+01      1.84240e-07
    8.02678e-02      1.52023e-03      1.00000e+01      1.91258e-07
    8.17582e-02      1.51683e-03      1.00000e+01      1.98407e-07
    8.32764e-02      1.51337e-03      1.00000e+01      2.05689e-07
    8.48227e-02      1.50984e-03      1.00000e+01      2.13106e-07
    8.63979e-02      1.50625e-03      1.00000e+01      2.20661e-07
    8.80023e-02      1.50259e-03      1.00000e+01      2.28357e-07
    8.96365e-02      1.49886e-03      1.00000e+01      2.36195e-07
    9.13011e-02      1.49507e-03      1.00000e+01      2.44180e-07
    9.29966e-02      1.49123e-03      1.00000e+01      2.52624e-07
    9.47237e-02      1.48755e-03      1.00000e+01      2.64046e-07
    9.64829e-02      1.48380e-03      1.00000e+01      2.75680e-07
    9.82748e-02      1.47998e-03      1.00000e+01      2.87530e-07
    1.00100e-01      1.47610e-03      1.00000e+01      2.99601e-07
    1.01959e-01      1.47214e-03      1.00000e+01      3.11896e-07
    1.03853e-01      1.46810e-03      1.00000e+01      3.24419e-07
    1.05782e-01      1.46400e-03      1.00000e+01      3.37176e-07
    1.07747e-01      1.45981e-03      1.00000e+01      3.50169e-07
    1.09748e-01      1.45555e-03      1.00000e+01      3.63404e-07
    1.11786e-01      1.45121e-03      1.00000e+01      3.76886e-07
    1.13863e-01      1.44680e-03      1.00000e+01      3.90783e-07
    1.15978e-01      1.44249e-03      1.00000e+01      4.06462e-07
    1.18132e-01      1.43809e-03      1.00000e+01      4.22433e-07
    1.20326e-01      1.43361e-03      1.00000e+01      4.38701e-07
    1.22562e-01      1.42905e-03      1.00000e+01      4.55271e-07
    1.24838e-01      1.42440e-03      1.00000e+01      4.72150e-07
    1.27157e-01      1.41967e-03      1.00000e+01      4.89342e-07
    1.29520e-01      1.41485e-03      1.00000e+01      5.06854e-07
    1.31926e-01      1.40993e-03      1.00000e+01      5.24691e-07
    1.34376e-01      1.40493e-03      1.00000e+01      5.42860e-07
    1.36873e-01      1.40007e-03      1.00000e+01      5.64271e-07
    1.39416e-01      1.39513e-03      1.00000e+01      5.86216e-07
    1.42006e-01      1.39009e-03      1.00000e+01      6.08570e-07
    1.44644e-01      1.38496e-03      1.00000e+01      6.31340e-07
    1.47331e-01      1.37974e-03      1.00000e+01      6.54532e-07
    1.50068e-01      1.37442e-03      1.00000e+01      6.78156e-07
    1.52857e-01      1.36900e-03      1.00000e+01      7.02219e-07
    1.55697e-01      1.36351e-03      1.00000e+01      7.27187e-07
    1.58589e-01      1.35814e-03      1.00000e+01      7.55652e-07
    1.61536e-01      1.35267e-03      1.00000e+01      7.84646e-07
    1.64537e-01      1.34710e-03      1.00000e+01      8.14179e-07
    1.67594e-01      1.34143e-03      1.00000e+01      8.44262e-07
    1.70708e-01      1.33565e-03      1.00000e+01      8.74903e-07
    1.73880e-01      1.32977e-03      1.00000e+01      9.06114e-07
    1.77111e-01      1.32385e-03      1.00000e+01      9.39067e-07
    1.80402e-01      1.31799e-03      1.00000e+01      9.75425e-07
    1.83754e-01      1.31203e-03      1.00000e+01      1.01246e-06
    1.87168e-01      1.30596e-03      1.00000e+01      1.05018e-06
    1.90646e-01      1.29978e-03      1.00000e+01      1.08861e-06
    1.94189e-01      1.29348e-03      1.00000e+01      1.12775e-06
    1.97797e-01      1.28713e-03      1.00000e+01      1.16859e-06
    2.01472e-01      1.28086e-03      1.00000e+01      1.21362e-06
    2.05216e-01      1.27448e-03      1.00000e+01      1.25948e-06
    2.09030e-01      1.26798e-03      1.00000e+01      1.30620e-06
    2.12914e-01      1.26136e-03      1.00000e+01      1.35379e-06
    2.16870e-01      1.25461e-03      1.00000e+01      1.40226e-06
    2.20900e-01      1.24795e-03      1.00000e+01      1.45533e-06
    2.25005e-01      1.24123e-03      1.00000e+01      1.51054e-06
    2.29187e-01      1.23439e-03      1.00000e+01      1.56678e-06
    2.33446e-01      1.22741e-03      1.00000e+01      1.62406e-06
    2.37784e-01      1.22031e-03      1.00000e+01      1.68241e-06
    2.42203e-01      1.21329e-03      1.00000e+01      1.74624e-06
    2.46704e-01      1.20620e-03      1.00000e+01      1.81234e-06
    2.51289e-01      1.19898e-03      1.00000e+01      1.87968e-06
    2.55959e-01      1.19162e-03      1.00000e+01      1.94826e-06
    2.60715e-01      1.18419e-03      1.00000e+01      2.01950e-06
    2.65561e-01      1.17683e-03      1.00000e+01      2.09603e-06
    2.70496e-01      1.16934e-03      1.00000e+01      2.17398e-06
    2.75523e-01      1.16171e-03      1.00000e+01      2.25339e-06
    2.80643e-01      1.15395e-03      1.00000e+01      2.33468e-06
    2.85859e-01      1.14631e-03      1.00000e+01      2.42349e-06
    2.91172e-01      1.13853e-03      1.00000e+01      2.51396e-06
    2.96583e-01      1.13061e-03      1.00000e+01      2.60610e-06
    3.02095e-01      1.12259e-03      1.00000e+01      2.70109e-06
    3.07710e-01      1.11465e-03      1.00000e+01      2.80333e-06
    3.13429e-01      1.10657e-03      1.00000e+01      2.90747e-06
    3.19254e-01      1.09833e-03      1.00000e+01      3.01355e-06
    3.25187e-01      1.09010e-03      1.00000e+01      3.12548e-06
    3.31231e-01      1.08184e-03      1.00000e+01      3.24281e-06
    3.37387e-01      1.07344e-03      1.00000e+01      3.36233e-06
    3.43658e-01      1.06491e-03      1.00000e+01      3.48504e-06
    3.50045e-01      1.05648e-03      1.00000e+01      3.61634e-06
    3.56551e-01      1.04789e-03      1.00000e+01      3.75007e-06
    3.63178e-01      1.03913e-03      1.00000e+01      3.88629e-06
    3.69928e-01      1.03049e-03      1.00000e+01      4.03259e-06
    3.76804e-01      1.02170e-03      1.00000e+01      4.18216e-06
    3.83807e-01      1.01274e-03      1.00000e+01      4.33451e-06
    3.90941e-01      1.00389e-03      1.00000e+01      4.49729e-06
    3.98207e-01      9.94897e-04      1.00000e+01      4.66387e-06
    4.05609e-01      9.85750e-04      1.00000e+01      4.83391e-06
    4.13148e-01      9.76712e-04      1.00000e+01      5.01553e-06
    4.20827e-01      9.67505e-04      1.00000e+01      5.20053e-06
    4.28649e-01      9.58218e-04      1.00000e+01      5.39190e-06
    4.36616e-01      9.48955e-04      1.00000e+01      5.59310e-06
    4.44731e-01      9.39519e-04      1.00000e+01      5.79804e-06
    4.52998e-01      9.30120e-04      1.00000e+01      6.01380e-06
    4.61418e-01      9.20626e-04      1.00000e+01      6.23620e-06
    4.69994e-01      9.11030e-04      1.00000e+01      6.46530e-06
    4.78730e-01      9.01477e-04      1.00000e+01      6.70618e-06
    4.87628e-01      8.91746e-04      1.00000e+01      6.95154e-06
    4.96692e-01      8.82091e-04      1.00000e+01      7.21071e-06
    5.05925e-01      8.72288e-04      1.00000e+01      7.47587e-06
    5.15329e-01      8.62483e-04      1.00000e+01      7.75273e-06
    5.24907e-01      8.52605e-04      1.00000e+01      8.03888e-06
    5.34664e-01      8.42670e-04      1.00000e+01      8.33540e-06
    5.44603e-01      8.32708e-04      1.00000e+01      8.64374e-06
    5.54726e-01      8.22663e-04      1.00000e+01      8.96257e-06
    5.65037e-01      8.12619e-04      1.00000e+01      9.29603e-06
    5.75540e-01      8.02489e-04      1.00000e+01      9.63918e-06
    5.86238e-01      7.92365e-04      1.00000e+01      9.99556e-06
    5.97135e-01      7.82167e-04      1.00000e+01      1.03636e-05
    6.08235e-01      7.71954e-04      1.00000e+01      1.07463e-05
    6.19541e-01      7.61700e-04      1.00000e+01      1.11427e-05
    6.31057e-01      7.51392e-04      1.00000e+01      1.15527e-05
    6.42788e-01      7.41093e-04      1.00000e+01      1.19797e-05
    6.54736e-01      7.30685e-04      1.00000e+01      1.24185e-05
    6.66907e-01      7.20356e-04      1.00000e+01      1.28766e-05
    6.79304e-01      7.09919e-04      1.00000e+01      1.33479e-05
    6.91931e-01      6.99499e-04      1.00000e+01      1.38404e-05
    7.04793e-01      6.89056e-04      1.00000e+01      1.43509e-05
    7.17894e-01      6.78531e-04      1.00000e+01      1.48768e-05
    7.31239e-01      6.68089e-04      1.00000e+01      1.54274e-05
    7.44832e-01      6.57582e-04      1.00000e+01      1.59953e-05
    7.58678e-01      6.47034e-04      1.00000e+01      1.65821e-05
    7.72781e-01      6.36552e-04      1.00000e+01      1.71936e-05
    7.87146e-01      6.26019e-04      1.00000e+01      1.78264e-05
    8.01778e-01      6.15447e-04      1.00000e+01      1.84816e-05
    8.16682e-01      6.04937e-04      1.00000e+01      1.91636e-05
    8.31864e-01      5.94413e-04      1.00000e+01      1.98677e-05
    8.47327e-01      5.83870e-04      1.00000e+01      2.05967e-05
    8.63079e-01      5.73324e-04      1.00000e+01      2.13552e-05
    8.79123e-01      5.62841e-04      1.00000e+01      2.21460e-05
    8.95465e-01      5.52351e-04      1.00000e+01      2.29592e-05
    9.12111e-01      5.41861e-04      1.00000e+01      2.38002e-05
    9.29066e-01      5.31377e-04      1.00000e+01      2.46736e-05
    9.46337e-01      5.20913e-04      1.00000e+01      2.55787e-05
    9.63929e-01      5.10513e-04      1.00000e+01      2.65192e-05
    9.81848e-01      5.00134e-04      1.00000e+01      2.74940e-05
    1.00010e+00      4.90041e-04      1.00000e+01      2.90392e-05
    1.01869e+00      4.79928e-04      1.00000e+01      3.05346e-05
    1.03763e+00      4.69640e-04      1.00000e+01      3.16543e-05
    1.05692e+00      4.59391e-04      1.00000e+01      3.28153e-05
    1.07657e+00      4.49184e-04      1.00000e+01      3.40190e-05
    1.09658e+00      4.39028e-04      1.00000e+01      3.52647e-05
    1.11696e+00      4.28924e-04      1.00000e+01      3.65570e-05
    1.13773e+00      4.18878e-04      1.00000e+01      3.78967e-05
    1.15888e+00      4.08893e-04      1.00000e+01      3.92837e-05
    1.18042e+00      3.98970e-04      1.00000e+01      4.07153e-05
    1.20236e+00      3.89115e-04      1.00000e+01      4.22153e-05
    1.22472e+00      3.79330e-04      1.00000e+01      4.37609e-05
    1.24748e+00      3.69615e-04      1.00000e+01      4.53626e-05
    1.27067e+00      3.59971e-04      1.00000e+01      4.70223e-05
    1.29430e+00      3.50404e-04      1.00000e+01      4.87421e-05
    1.31836e+00      3.40916e-04      1.00000e+01      5.05236e-05
    1.34286e+00      3.31513e-04      1.00000e+01      5.23693e-05
    1.36783e+00      3.22225e-04      1.00000e+01      5.42849e-05
    1.39326e+00      3.13024e-04      1.00000e+01      5.62690e-05
    1.41916e+00      3.03911e-04      1.00000e+01      5.83242e-05
    1.44554e+00      2.94884e-04      1.00000e+01      6.04507e-05
    1.47241e+00      2.85987e-04      1.00000e+01      6.26644e-05
    1.49978e+00      2.77196e-04      1.00000e+01      6.49579e-05
    1.52767e+00      2.68499e-04      1.00000e+01      6.73306e-05
    1.55607e+00      2.59933e-04      1.00000e+01      6.97777e-05
    1.58499e+00      2.51481e-04      1.00000e+01      7.23230e-05
    1.61446e+00      2.43132e-04      1.00000e+01      7.49573e-05
    1.64447e+00      2.34937e-04      1.00000e+01      7.76910e-05
    1.67504e+00      2.26843e-04      1.00000e+01      8.05193e-05
    1.70618e+00      2.18905e-04      1.00000e+01      8.34544e-05
    1.73790e+00      2.11073e-04      1.00000e+01      8.64928e-05
    1.77021e+00      2.03408e-04      1.00000e+01      8.96418e-05
    1.80312e+00      1.95859e-04      1.00000e+01      9.28998e-05
    1.83664e+00      1.88466e-04      1.00000e+01      9.62794e-05
    1.87078e+00      1.81212e-04      1.00000e+01      9.97758e-05
    1.90556e+00      1.74096e-04      1.00000e+01      1.03389e-04
    1.94099e+00      1.67151e-04      1.00000e+01      1.07163e-04
    1.97707e+00      1.60349e-04      1.00000e+01      1.11056e-04
    2.01382e+00      1.54163e-04      1.00000e+01      1.18799e-04
    2.05126e+00      1.47663e-04      1.00000e+01      1.23110e-04
    2.08940e+00      1.41334e-04      1.00000e+01      1.27577e-04
    2.12824e+00      1.35165e-04      1.00000e+01      1.32204e-04
    2.16780e+00      1.29156e-04      1.00000e+01      1.36994e-04
    2.20810e+00      1.23309e-04      1.00000e+01      1.41966e-04
    2.24915e+00      1.17626e-04      1.00000e+01      1.47109e-04
    2.29097e+00      1.12111e-04      1.00000e+01      1.52436e-04
    2.33356e+00      1.06763e-04      1.00000e+01      1.57964e-04
    2.37694e+00      1.01581e-04      1.00000e+01      1.63686e-04
    2.42113e+00      9.65685e-05      1.00000e+01      1.69592e-04
    2.46614e+00      9.17238e-05      1.00000e+01      1.75716e-04
    2.51199e+00      8.70534e-05      1.00000e+01      1.82067e-04
    2.55869e+00      8.25502e-05      1.00000e+01      1.88645e-04
    2.60625e+00      7.82172e-05      1.00000e+01      1.95456e-04
    2.65471e+00      7.40485e-05      1.00000e+01      2.02514e-04
    2.70406e+00      7.00539e-05      1.00000e+01      2.09808e-04
    2.75433e+00      6.62236e-05      1.00000e+01      2.17373e-04
    2.80553e+00      6.25603e-05      1.00000e+01      2.25212e-04
    2.85769e+00      5.90620e-05      1.00000e+01      2.33324e-04
    2.91082e+00      5.57275e-05      1.00000e+01      2.41726e-04
    2.96493e+00      5.25531e-05      1.00000e+01      2.50426e-04
    3.02005e+00      4.95420e-05      1.00000e+01      2.59437e-04
    3.07620e+00      4.66847e-05      1.00000e+01      2.68760e-04
    3.13339e+00      4.39829e-05      1.00000e+01      2.78413e-04
    3.19164e+00      4.14362e-05      1.00000e+01      2.88424e-04
    3.25097e+00      3.90377e-05      1.00000e+01      2.98806e-04
    3.31141e+00      3.67857e-05      1.00000e+01      3.09530e-04
    3.37297e+00      3.46758e-05      1.00000e+01      3.20605e-04
    3.43568e+00      3.27044e-05      1.00000e+01      3.32098e-04
    3.49955e+00      3.08700e-05      1.00000e+01      3.43995e-04
    3.56461e+00      2.91649e-05      1.00000e+01      3.56311e-04
    3.63088e+00      2.75881e-05      1.00000e+01      3.69060e-04
    3.69838e+00      2.61327e-05      1.00000e+01      3.82267e-04
    3.76714e+00      2.47978e-05      1.00000e+01      3.95895e-04
    3.83717e+00      2.35743e-05      1.00000e+01      4.10067e-04
    3.90851e+00      2.24589e-05      1.00000e+01      4.24707e-04
    3.98117e+00      2.14477e-05      1.00000e+01      4.39864e-04
    4.05519e+00      2.05335e-05      1.00000e+01      4.55547e-04
    4.13058e+00      1.97114e-05      1.00000e+01      4.71784e-04
    4.20737e+00      1.89777e-05      1.00000e+01      4.88597e-04
    4.28559e+00      1.83260e-05      1.00000e+01      5.06009e-04
    4.36526e+00      1.77479e-05      1.00000e+01      5.24013e-04
    4.44641e+00      1.72427e-05      1.00000e+01      5.42612e-04
    4.52908e+00      1.68023e-05      1.00000e+01      5.61891e-04
    4.61328e+00      1.64211e-05      1.00000e+01      5.81837e-04
    4.69904e+00      1.60946e-05      1.00000e+01      6.02483e-04
    4.78640e+00      1.58170e-05      1.00000e+01      6.23844e-04
    4.87538e+00      1.55831e-05      1.00000e+01      6.45965e-04
    4.96602e+00      1.53876e-05      1.00000e+01      6.68785e-04
    5.05835e+00      1.52268e-05      1.00000e+01      6.92480e-04
    5.15239e+00      1.50951e-05      1.00000e+01      7.16962e-04
    5.24817e+00      1.49882e-05      1.00000e+01      7.42292e-04
    5.34574e+00      1.49028e-05      1.00000e+01      7.68460e-04
    5.44513e+00      1.48348e-05      1.00000e+01      7.95576e-04
    5.54636e+00      1.47808e-05      1.00000e+01      8.23682e-04
    5.64947e+00      1.47382e-05      1.00000e+01      8.52706e-04
    5.75450e+00      1.47044e-05      1.00000e+01      8.82674e-04
    5.86148e+00      1.46771e-05      1.00000e+01      9.13708e-04
    5.97045e+00      1.46549e-05      1.00000e+01      9.45819e-04
    6.08145e+00      1.46363e-05      1.00000e+01      9.79021e-04
    6.19451e+00      1.46202e-05      1.00000e+01      1.01338e-03
    6.30967e+00      1.46060e-05      1.00000e+01      1.04886e-03
    6.42698e+00      1.45930e-05      1.00000e+01      1.08560e-03
    6.54646e+00      1.45809e-05      1.00000e+01      1.12359e-03
    6.66817e+00      1.45694e-05      1.00000e+01      1.16283e-03
    6.79214e+00      1.45583e-05      1.00000e+01      1.20344e-03
    6.91841e+00      1.45474e-05      1.00000e+01      1.24549e-03
    7.04703e+00      1.45367e-05      1.00000e+01      1.28894e-03
    7.17804e+00      1.45261e-05      1.00000e+01      1.33379e-03
    7.31149e+00      1.45156e-05      1.00000e+01      1.38018e-03
    7.44742e+00      1.45050e-05      1.00000e+01      1.42816e-03
    7.58588e+00      1.44945e-05      1.00000e+01      1.47778e-03
    7.72691e+00      1.44839e-05      1.00000e+01      1.52900e-03
    7.87056e+00      1.44734e-05      1.00000e+01      1.58200e-03
    8.01688e+00      1.44628e-05      1.00000e+01      1.63677e-03
    8.16592e+00      1.44522e-05      1.00000e+01      1.69335e-03
    8.31774e+00      1.44416e-05      1.00000e+01      1.75184e-03
    8.47237e+00      1.44308e-05      1.00000e+01      1.81236e-03
    8.62989e+00      1.44200e-05      1.00000e+01      1.87484e-03
    8.79033e+00      1.44090e-05      1.00000e+01      1.93936e-03
    8.95375e+00      1.43979e-05      1.00000e+01      2.00608e-03
    9.12021e+00      1.43867e-05      1.00000e+01      2.07500e-03
    9.28976e+00      1.43754e-05      1.00000e+01      2.14612e-03
    9.46247e+00      1.43640e-05      1.00000e+01      2.21966e-03
    9.63839e+00      1.43524e-05      1.00000e+01      2.29563e-03
    9.81758e+00      1.43406e-05      1.00000e+01      2.37406e-03
    1.00001e+01      1.43286e-05      1.00000e+01      2.45513e-03
    1.01860e+01      1.43165e-05      1.00000e+01      2.53888e-03
    1.03754e+01      1.43041e-05      1.00000e+01      2.62541e-03
    1.05683e+01      1.42915e-05      1.00000e+01      2.71467e-03
    1.07648e+01      1.42788e-05      1.00000e+01      2.80691e-03
    1.09649e+01      1.42658e-05      1.00000e+01      2.90202e-03
    1.11687e+01      1.42525e-05      1.00000e+01      3.00033e-03
    1.13764e+01      1.42389e-05      1.00000e+01      3.10178e-03
    1.15879e+01      1.42252e-05      1.00000e+01      3.20652e-03
    1.18033e+01      1.42113e-05      1.00000e+01      3.31461e-03
    1.20227e+01      1.41970e-05      1.00000e+01      3.42626e-03
    1.22463e+01      1.41825e-05      1.00000e+01      3.54145e-03
    1.24739e+01      1.41677e-05      1.00000e+01      3.66035e-03
    1.27058e+01      1.41527e-05      1.00000e+01      3.78299e-03
    1.29421e+01      1.41374e-05      1.00000e+01      3.90953e-03
    1.31827e+01      1.41219e-05      1.00000e+01      4.04016e-03
    1.34277e+01      1.41061e-05      1.00000e+01      4.17490e-03
    1.36774e+01      1.40899e-05      1.00000e+01      4.31387e-03
    1.39317e+01      1.40735e-05      1.00000e+01      4.45723e-03
    1.41907e+01      1.40568e-05      1.00000e+01      4.60511e-03
    1.44545e+01      1.40399e-05      1.00000e+01      4.75760e-03
    1.47232e+01      1.40226e-05      1.00000e+01      4.91490e-03
    1.49969e+01      1.40051e-05      1.00000e+01      5.07712e-03
    1.52758e+01      1.39872e-05      1.00000e+01      5.24435e-03
    1.55598e+01      1.39690e-05      1.00000e+01      5.41671e-03
    1.58490e+01      1.39505e-05      1.00000e+01      5.59441e-03
    1.61437e+01      1.39317e-05      1.00000e+01      5.77756e-03
    1.64438e+01      1.39125e-05      1.00000e+01      5.96635e-03
    1.67495e+01      1.38931e-05      1.00000e+01      6.16092e-03
    1.70609e+01      1.38732e-05      1.00000e+01      6.36147e-03
    1.73781e+01      1.38531e-05      1.00000e+01      6.56809e-03
    1.77012e+01      1.38325e-05      1.00000e+01      6.78084e-03
    1.80303e+01      1.38116e-05      1.00000e+01      7.00003e-03
    1.83655e+01      1.37903e-05      1.00000e+01      7.22573e-03
    1.87069e+01      1.37686e-05      1.00000e+01      7.45825e-03
    1.90547e+01      1.37466e-05      1.00000e+01      7.69776e-03
    1.94090e+01      1.37242e-05      1.00000e+01      7.94437e-03
    1.97698e+01      1.37014e-05      1.00000e+01      8.19816e-03
    2.01373e+01      1.36782e-05      1.00000e+01      8.45937e-03
    2.05117e+01      1.36546e-05      1.00000e+01      8.72820e-03
    2.08931e+01      1.36306e-05      1.00000e+01      9.00490e-03
    2.12815e+01      1.36060e-05      1.00000e+01      9.28967e-03
    2.16771e+01      1.35810e-05      1.00000e+01      9.58265e-03
    2.20801e+01      1.35556e-05      1.00000e+01      9.88396e-03
    2.24906e+01      1.35298e-05      1.00000e+01      1.01938e-02
    2.29088e+01      1.35035e-05      1.00000e+01      1.05124e-02
    2.33347e+01      1.34769e-05      1.00000e+01      1.08401e-02
    2.37685e+01      1.34498e-05      1.00000e+01      1.11772e-02
    2.42104e+01      1.34223e-05      1.00000e+01      1.15237e-02
    2.46605e+01      1.33943e-05      1.00000e+01      1.18797e-02
    2.51190e+01      1.33656e-05      1.00000e+01      1.22454e-02
    2.55860e+01      1.33364e-05      1.00000e+01      1.26211e-02
    2.60616e+01      1.33067e-05      1.00000e+01      1.30071e-02
    2.65462e+01      1.32764e-05      1.00000e+01      1.34036e-02
    2.70397e+01      1.32456e-05      1.00000e+01      1.38107e-02
    2.75424e+01      1.32143e-05      1.00000e+01      1.42286e-02
    2.80544e+01      1.31825e-05      1.00000e+01      1.46576e-02
    2.85760e+01      1.31502e-05      1.00000e+01      1.50982e-02
    2.91073e+01      1.31173e-05      1.00000e+01      1.55501e-02
    2.96484e+01      1.30838e-05      1.00000e+01      1.60137e-02
    3.01996e+01      1.30495e-05      1.00000e+01      1.64890e-02
    3.07611e+01      1.30148e-05      1.00000e+01      1.69766e-02
    3.13330e+01      1.29794e-05      1.00000e+01      1.74765e-02
    3.19155e+01      1.29434e-05      1.00000e+01      1.79889e-02
    3.25088e+01      1.29069e-05      1.00000e+01      1.85141e-02
    3.31132e+01      1.28696e-05      1.00000e+01      1.90522e-02
    3.37288e+01      1.28317e-05      1.00000e+01      1.96034e-02
    3.43559e+01      1.27931e-05      1.00000e+01      2.01678e-02
    3.49946e+01      1.27538e-05      1.00000e+01      2.07452e-02
    3.56452e+01      1.27135e-05      1.00000e+01      2.13366e-02
    3.63079e+01      1.26728e-05      1.00000e+01      2.19418e-02
    3.69829e+01      1.26318e-05      1.00000e+01      2.25610e-02
    3.76705e+01      1.25894e-05      1.00000e+01      2.31944e-02
    3.83708e+01      1.25463e-05      1.00000e+01      2.38420e-02
    3.90842e+01      1.25026e-05      1.00000e+01      2.45037e-02
    3.98108e+01      1.24582e-05      1.00000e+01      2.51797e-02
    4.05510e+01      1.24130e-05      1.00000e+01      2.58703e-02
    4.13049e+01      1.23671e-05      1.00000e+01      2.65753e-02
    4.20728e+01      1.23206e-05      1.00000e+01      2.72952e-02
    4.28550e+01      1.22727e-05      1.00000e+01      2.80297e-02
    4.36517e+01      1.22239e-05      1.00000e+01      2.87787e-02
    4.44632e+01      1.21742e-05      1.00000e+01      2.95428e-02
    4.52899e+01      1.21239e-05      1.00000e+01      3.03219e-02
    4.61319e+01      1.20724e-05      1.00000e+01      3.11161e-02
    4.69895e+01      1.20201e-05      1.00000e+01      3.19247e-02
    4.78631e+01      1.19670e-05      1.00000e+01      3.27474e-02
    4.87529e+01      1.19130e-05      1.00000e+01      3.35853e-02
    4.96593e+01      1.18581e-05      1.00000e+01      3.44375e-02
    5.05826e+01      1.18020e-05      1.00000e+01      3.53037e-02
    5.15230e+01      1.17448e-05      1.00000e+01      3.61832e-02
    5.24808e+01      1.16865e-05      1.00000e+01      3.70772e-02
    5.34565e+01      1.16273e-05      1.00000e+01      3.79854e-02
    5.44504e+01      1.15671e-05      1.00000e+01      3.89070e-02
    5.54627e+01      1.15057e-05      1.00000e+01      3.98409e-02
    5.64938e+01      1.14433e-05      1.00000e+01      4.07880e-02
    5.75441e+01      1.13798e-05      1.00000e+01      4.17477e-02
    5.86139e+01      1.13150e-05      1.00000e+01      4.27191e-02
    5.97036e+01      1.12489e-05      1.00000e+01      4.37008e-02
    6.08136e+01      1.11817e-05      1.00000e+01      4.46938e-02
    6.19442e+01      1.11133e-05      1.00000e+01      4.56975e-02
    6.30958e+01      1.10436e-05      1.00000e+01      4.67103e-02
    6.42689e+01      1.09727e-05      1.00000e+01      4.77316e-02
    6.54637e+01      1.09004e-05      1.00000e+01      4.87619e-02
    6.66808e+01      1.08270e-05      1.00000e+01      4.97997e-02
    6.79205e+01      1.07521e-05      1.00000e+01      5.08429e-02
    6.91832e+01      1.06758e-05      1.00000e+01      5.18919e-02
    7.04694e+01      1.05980e-05      1.00000e+01      5.29450e-02
    7.17795e+01      1.05189e-05      1.00000e+01      5.40017e-02
    7.31140e+01      1.04385e-05      1.00000e+01      5.50612e-02
    7.44733e+01      1.03564e-05      1.00000e+01      5.61212e-02
    7.58579e+01      1.02728e-05      1.00000e+01      5.71803e-02
    7.72682e+01      1.01877e-05      1.00000e+01      5.82377e-02
    7.87047e+01      1.01011e-05      1.00000e+01      5.92923e-02
    8.01679e+01      1.00129e-05      1.00000e+01      6.03426e-02
    8.16583e+01      9.92261e-06      1.00000e+01      6.13838e-02
    8.31765e+01      9.83110e-06      1.00000e+01      6.24189e-02
    8.47228e+01      9.73835e-06      1.00000e+01      6.34437e-02
    8.62980e+01      9.64347e-06      1.00000e+01      6.44568e-02
    8.79024e+01      9.54671e-06      1.00000e+01      6.54552e-02
    8.95366e+01      9.44819e-06      1.00000e+01      6.64381e-02
    9.12012e+01      9.34806e-06      1.00000e+01      6.74028e-02
    9.28967e+01      9.24509e-06      1.00000e+01      6.83425e-02
    9.46238e+01      9.14210e-06      1.00000e+01      6.92659e-02
    9.63830e+01      9.03643e-06      1.00000e+01      7.01599e-02
    9.81749e+01      8.92887e-06      1.00000e+01      7.10272e-02
    1.00000e+02      8.81826e-06      1.00000e+01      7.18574e-02
