    Er (keV)         SM dN/dE         BG dN/dE        BSM dN/dE (events/kg/day/keV)
    1.01000e-02      2.47699e+02      5.00000e+00      3.31837e-16
    1.02614e-02      2.47060e+02      5.00000e+00      3.54407e-16
    1.04254e-02      2.46409e+02      5.00000e+00      3.77341e-16
    1.05921e-02      2.45749e+02      5.00000e+00      4.00645e-16
    1.07615e-02      2.45077e+02      5.00000e+00      4.24325e-16
    1.09336e-02      2.44395e+02      5.00000e+00      4.48387e-16
    1.11084e-02      2.43702e+02      5.00000e+00      4.72838e-16
    1.12861e-02      2.42998e+02      5.00000e+00      4.97684e-16
    1.14667e-02      2.42282e+02      5.00000e+00      5.22930e-16
    1.16502e-02      2.41555e+02      5.00000e+00      5.48584e-16
    1.18366e-02      2.40816e+02      5.00000e+00      5.74653e-16
    1.20261e-02      2.40065e+02      5.00000e+00      6.01141e-16
    1.22186e-02      2.39302e+02      5.00000e+00      6.28058e-16
    1.24142e-02      2.38526e+02      5.00000e+00      6.55409e-16
    1.26129e-02      2.37738e+02      5.00000e+00      6.83201e-16
    1.28149e-02      2.36938e+02      5.00000e+00      7.11443e-16
    1.30202e-02      2.36124e+02      5.00000e+00      7.40139e-16
    1.32287e-02      2.35298e+02      5.00000e+00      7.69300e-16
    1.34406e-02      2.34458e+02      5.00000e+00      7.98931e-16
    1.36560e-02      2.33604e+02      5.00000e+00      8.29040e-16
    1.38748e-02      2.32737e+02      5.00000e+00      8.59635e-16
    1.40971e-02      2.31855e+02      5.00000e+00      8.90724e-16
    1.43231e-02      2.30960e+02      5.00000e+00      9.22315e-16
    1.45527e-02      2.30050e+02      5.00000e+00      9.54415e-16
    1.47859e-02      2.29125e+02      5.00000e+00      9.87034e-16
    1.50230e-02      2.28185e+02      5.00000e+00      1.02018e-15
    1.52639e-02      2.27230e+02      5.00000e+00      1.05386e-15
    1.55086e-02      2.26260e+02      5.00000e+00      1.08808e-15
    1.57574e-02      2.25274e+02      5.00000e+00      1.12286e-15
    1.60101e-02      2.24273e+02      5.00000e+00      1.15820e-15
    1.62669e-02      2.23255e+02      5.00000e+00      1.19411e-15
    1.65279e-02      2.22220e+02      5.00000e+00      1.23060e-15
    1.67931e-02      2.21169e+02      5.00000e+00      1.26767e-15
    1.70625e-02      2.20101e+02      5.00000e+00      1.30535e-15
    1.73363e-02      2.19016e+02      5.00000e+00      1.34363e-15
    1.76145e-02      2.17913e+02      5.00000e+00      1.38253e-15
    1.78972e-02      2.16792e+02      5.00000e+00      1.42206e-15
    1.81845e-02      2.15653e+02      5.00000e+00      1.46223e-15
    1.84764e-02      2.14496e+02      5.00000e+00      1.50305e-15
    1.87731e-02      2.13321e+02      5.00000e+00      1.54452e-15
    1.90745e-02      2.12126e+02      5.00000e+00      1.58666e-15
    1.93808e-02      2.10912e+02      5.00000e+00      1.62949e-15
    1.96920e-02      2.09678e+02      5.00000e+00      1.67300e-15
    2.00082e-02      2.08425e+02      5.00000e+00      1.71722e-15
    2.03296e-02      2.07151e+02      5.00000e+00      1.76215e-15
    2.06561e-02      2.05856e+02      5.00000e+00      1.80781e-15
    2.09879e-02      2.04541e+02      5.00000e+00      1.85421e-15
    2.13251e-02      2.03205e+02      5.00000e+00      1.90135e-15
    2.16677e-02      2.01847e+02      5.00000e+00      1.94925e-15
    2.20158e-02      2.00467e+02      5.00000e+00      1.99793e-15
    2.23696e-02      1.99064e+02      5.00000e+00      2.04739e-15
    2.27291e-02      1.97640e+02      5.00000e+00      2.09765e-15
    2.30943e-02      1.96192e+02      5.00000e+00      2.14873e-15
    2.34655e-02      1.94720e+02      5.00000e+00      2.20062e-15
    2.38426e-02      1.93225e+02      5.00000e+00      2.25336e-15
    2.42259e-02      1.91706e+02      5.00000e+00      2.30694e-15
    2.46153e-02      1.90163e+02      5.00000e+00      2.36140e-15
    2.50110e-02      1.88594e+02      5.00000e+00      2.41673e-15
    2.54131e-02      1.87000e+02      5.00000e+00      2.47295e-15
    2.58217e-02      1.85381e+02      5.00000e+00      2.53008e-15
    2.62369e-02      1.83735e+02      5.00000e+00      2.58813e-15
    2.66588e-02      1.82062e+02      5.00000e+00      2.64712e-15
    2.70875e-02      1.80363e+02      5.00000e+00      2.70706e-15
    2.75231e-02      1.78636e+02      5.00000e+00      2.76797e-15
    2.79658e-02      1.76882e+02      5.00000e+00      2.82987e-15
    2.84156e-02      1.75099e+02      5.00000e+00      2.89276e-15
    2.88727e-02      1.73287e+02      5.00000e+00      2.95666e-15
    2.93371e-02      1.71446e+02      5.00000e+00      3.02160e-15
    2.98090e-02      1.69575e+02      5.00000e+00      3.08759e-15
    3.02886e-02      1.67675e+02      5.00000e+00      3.15464e-15
    3.07759e-02      1.65743e+02      5.00000e+00      3.22278e-15
    3.12710e-02      1.63780e+02      5.00000e+00      3.29201e-15
    3.17742e-02      1.61786e+02      5.00000e+00      3.36236e-15
    3.22855e-02      1.59759e+02      5.00000e+00      3.43385e-15
    3.28050e-02      1.57700e+02      5.00000e+00      3.50649e-15
    3.33329e-02      1.55607e+02      5.00000e+00      3.58030e-15
    3.38693e-02      1.53481e+02      5.00000e+00      3.65531e-15
    3.44144e-02      1.51320e+02      5.00000e+00      3.73152e-15
    3.49683e-02      1.49125e+02      5.00000e+00      3.80897e-15
    3.55311e-02      1.46894e+02      5.00000e+00      3.88767e-15
    3.61031e-02      1.44627e+02      5.00000e+00      3.96763e-15
    3.66842e-02      1.42323e+02      5.00000e+00      4.04889e-15
    3.72747e-02      1.39982e+02      5.00000e+00      4.13146e-15
    3.78748e-02      1.37604e+02      5.00000e+00      4.21536e-15
    3.84845e-02      1.35187e+02      5.00000e+00      4.30062e-15
    3.91041e-02      1.32731e+02      5.00000e+00      4.38725e-15
    3.97337e-02      1.30235e+02      5.00000e+00      4.47528e-15
    4.03735e-02      1.27910e+02      5.00000e+00      4.57700e-15
    4.10236e-02      1.27037e+02      5.00000e+00      4.76696e-15
    4.16841e-02      1.26149e+02      5.00000e+00      4.95999e-15
    4.23554e-02      1.25246e+02      5.00000e+00      5.15613e-15
    4.30374e-02      1.24329e+02      5.00000e+00      5.35543e-15
    4.37305e-02      1.23398e+02      5.00000e+00      5.55796e-15
    4.44348e-02      1.22451e+02      5.00000e+00      5.76375e-15
    4.51504e-02      1.21489e+02      5.00000e+00      5.97286e-15
    4.58776e-02      1.20512e+02      5.00000e+00      6.18535e-15
    4.66165e-02      1.19518e+02      5.00000e+00      6.40127e-15
    4.73674e-02      1.18509e+02      5.00000e+00      6.62068e-15
    4.81304e-02      1.17484e+02      5.00000e+00      6.84362e-15
    4.89056e-02      1.16441e+02      5.00000e+00      7.07017e-15
    4.96934e-02      1.15382e+02      5.00000e+00      7.30037e-15
    5.04940e-02      1.14306e+02      5.00000e+00      7.53429e-15
    5.13074e-02      1.13213e+02      5.00000e+00      7.77198e-15
    5.21340e-02      1.12102e+02      5.00000e+00      8.01351e-15
    5.29739e-02      1.10973e+02      5.00000e+00      8.25894e-15
    5.38274e-02      1.09826e+02      5.00000e+00      8.50833e-15
    5.46946e-02      1.08660e+02      5.00000e+00      8.76175e-15
    5.55758e-02      1.07475e+02      5.00000e+00      9.01925e-15
    5.64713e-02      1.06272e+02      5.00000e+00      9.28092e-15
    5.73812e-02      1.05049e+02      5.00000e+00      9.54680e-15
    5.83059e-02      1.03806e+02      5.00000e+00      9.81698e-15
    5.92454e-02      1.02543e+02      5.00000e+00      1.00915e-14
    6.02001e-02      1.01259e+02      5.00000e+00      1.03705e-14
    6.11702e-02      9.99554e+01      5.00000e+00      1.06540e-14
    6.21560e-02      9.86304e+01      5.00000e+00      1.09420e-14
    6.31577e-02      9.72839e+01      5.00000e+00      1.12347e-14
    6.41755e-02      9.59157e+01      5.00000e+00      1.15321e-14
    6.52098e-02      9.45254e+01      5.00000e+00      1.18344e-14
    6.62608e-02      9.31127e+01      5.00000e+00      1.21415e-14
    6.73287e-02      9.16772e+01      5.00000e+00      1.24535e-14
    6.84139e-02      9.02185e+01      5.00000e+00      1.27706e-14
    6.95166e-02      8.87362e+01      5.00000e+00      1.30928e-14
    7.06371e-02      8.72587e+01      5.00000e+00      1.34294e-14
    7.17757e-02      8.63653e+01      5.00000e+00      1.39642e-14
    7.29326e-02      8.54575e+01      5.00000e+00      1.45076e-14
    7.41083e-02      8.45350e+01      5.00000e+00      1.50599e-14
    7.53029e-02      8.35976e+01      5.00000e+00      1.56210e-14
    7.65168e-02      8.26451e+01      5.00000e+00      1.61912e-14
    7.77503e-02      8.16772e+01      5.00000e+00      1.67706e-14
    7.90037e-02      8.06937e+01      5.00000e+00      1.73594e-14
    8.02773e-02      7.96943e+01      5.00000e+00      1.79576e-14
    8.15715e-02      7.86788e+01      5.00000e+00      1.85655e-14
    8.28866e-02      7.76469e+01      5.00000e+00      1.91833e-14
    8.42229e-02      7.65983e+01      5.00000e+00      1.98110e-14
    8.55808e-02      7.55328e+01      5.00000e+00      2.04488e-14
    8.69606e-02      7.44501e+01      5.00000e+00      2.10969e-14
    8.83627e-02      7.33499e+01      5.00000e+00      2.17555e-14
    8.97874e-02      7.22320e+01      5.00000e+00      2.24247e-14
    9.12351e-02      7.10960e+01      5.00000e+00      2.31048e-14
    9.27061e-02      6.99417e+01      5.00000e+00      2.37958e-14
    9.42009e-02      6.87688e+01      5.00000e+00      2.44979e-14
    9.57199e-02      6.75769e+01      5.00000e+00      2.52114e-14
    9.72633e-02      6.63658e+01      5.00000e+00      2.59364e-14
    9.88317e-02      6.51351e+01      5.00000e+00      2.66731e-14
    1.00425e-01      6.38846e+01      5.00000e+00      2.74217e-14
    1.02045e-01      6.29332e+01      5.00000e+00      2.83384e-14
    1.03690e-01      6.20926e+01      5.00000e+00      2.93316e-14
    1.05362e-01      6.12384e+01      5.00000e+00      3.03409e-14
    1.07062e-01      6.03705e+01      5.00000e+00      3.13664e-14
    1.08788e-01      5.94885e+01      5.00000e+00      3.24085e-14
    1.10543e-01      5.85923e+01      5.00000e+00      3.34673e-14
    1.12325e-01      5.76816e+01      5.00000e+00      3.45433e-14
    1.14137e-01      5.67562e+01      5.00000e+00      3.56367e-14
    1.15977e-01      5.58159e+01      5.00000e+00      3.67477e-14
    1.17848e-01      5.48604e+01      5.00000e+00      3.78766e-14
    1.19749e-01      5.38895e+01      5.00000e+00      3.90238e-14
    1.21680e-01      5.29029e+01      5.00000e+00      4.01895e-14
    1.23642e-01      5.19004e+01      5.00000e+00      4.13740e-14
    1.25637e-01      5.08817e+01      5.00000e+00      4.25776e-14
    1.27663e-01      4.98466e+01      5.00000e+00      4.38006e-14
    1.29722e-01      4.87947e+01      5.00000e+00      4.50434e-14
    1.31814e-01      4.78267e+01      5.00000e+00      4.64006e-14
    1.33940e-01      4.70743e+01      5.00000e+00      4.79961e-14
    1.36101e-01      4.63098e+01      5.00000e+00      4.96174e-14
    1.38296e-01      4.55329e+01      5.00000e+00      5.12648e-14
    1.40527e-01      4.47435e+01      5.00000e+00      5.29389e-14
    1.42794e-01      4.39413e+01      5.00000e+00      5.46399e-14
    1.45097e-01      4.31262e+01      5.00000e+00      5.63684e-14
    1.47437e-01      4.22979e+01      5.00000e+00      5.81248e-14
    1.49816e-01      4.14563e+01      5.00000e+00      5.99096e-14
    1.52232e-01      4.06011e+01      5.00000e+00      6.17231e-14
    1.54688e-01      3.97320e+01      5.00000e+00      6.35660e-14
    1.57183e-01      3.88490e+01      5.00000e+00      6.54386e-14
    1.59719e-01      3.79517e+01      5.00000e+00      6.73414e-14
    1.62295e-01      3.71211e+01      5.00000e+00      6.93955e-14
    1.64913e-01      3.64508e+01      5.00000e+00      7.17403e-14
    1.67574e-01      3.57696e+01      5.00000e+00      7.41230e-14
    1.70277e-01      3.50774e+01      5.00000e+00      7.65442e-14
    1.73024e-01      3.43741e+01      5.00000e+00      7.90044e-14
    1.75815e-01      3.36594e+01      5.00000e+00      8.15044e-14
    1.78652e-01      3.29331e+01      5.00000e+00      8.40447e-14
    1.81534e-01      3.21952e+01      5.00000e+00      8.66259e-14
    1.84462e-01      3.14453e+01      5.00000e+00      8.92489e-14
    1.87438e-01      3.06833e+01      5.00000e+00      9.19142e-14
    1.90462e-01      2.99090e+01      5.00000e+00      9.46225e-14
    1.93535e-01      2.92342e+01      5.00000e+00      9.76301e-14
    1.96657e-01      2.86313e+01      5.00000e+00      1.00875e-13
    1.99830e-01      2.80187e+01      5.00000e+00      1.04173e-13
    2.03054e-01      2.73963e+01      5.00000e+00      1.07524e-13
    2.06330e-01      2.67638e+01      5.00000e+00      1.10929e-13
    2.09659e-01      2.61210e+01      5.00000e+00      1.14389e-13
    2.13042e-01      2.54679e+01      5.00000e+00      1.17905e-13
    2.16479e-01      2.48043e+01      5.00000e+00      1.21478e-13
    2.19971e-01      2.41299e+01      5.00000e+00      1.25108e-13
    2.23521e-01      2.35112e+01      5.00000e+00      1.29007e-13
    2.27127e-01      2.29782e+01      5.00000e+00      1.33270e-13
    2.30791e-01      2.24365e+01      5.00000e+00      1.37603e-13
    2.34515e-01      2.18861e+01      5.00000e+00      1.42005e-13
    2.38299e-01      2.13268e+01      5.00000e+00      1.46478e-13
    2.42144e-01      2.07585e+01      5.00000e+00      1.51024e-13
    2.46051e-01      2.01810e+01      5.00000e+00      1.55642e-13
    2.50021e-01      1.95942e+01      5.00000e+00      1.60336e-13
    2.54055e-01      1.90529e+01      5.00000e+00      1.65347e-13
    2.58154e-01      1.85786e+01      5.00000e+00      1.70774e-13
    2.62320e-01      1.80967e+01      5.00000e+00      1.76288e-13
    2.66552e-01      1.76070e+01      5.00000e+00      1.81891e-13
    2.70853e-01      1.71093e+01      5.00000e+00      1.87584e-13
    2.75224e-01      1.66037e+01      5.00000e+00      1.93369e-13
    2.79665e-01      1.60898e+01      5.00000e+00      1.99248e-13
    2.84177e-01      1.56050e+01      5.00000e+00      2.05438e-13
    2.88763e-01      1.51854e+01      5.00000e+00      2.12153e-13
    2.93422e-01      1.47591e+01      5.00000e+00      2.18976e-13
    2.98157e-01      1.43258e+01      5.00000e+00      2.25909e-13
    3.02968e-01      1.38856e+01      5.00000e+00      2.32954e-13
    3.07857e-01      1.34383e+01      5.00000e+00      2.40113e-13
    3.12825e-01      1.29837e+01      5.00000e+00      2.47388e-13
    3.17873e-01      1.26131e+01      5.00000e+00      2.55473e-13
    3.23002e-01      1.22384e+01      5.00000e+00      2.63703e-13
    3.28214e-01      1.18578e+01      5.00000e+00      2.72066e-13
    3.33510e-01      1.14709e+01      5.00000e+00      2.80564e-13
    3.38892e-01      1.10778e+01      5.00000e+00      2.89200e-13
    3.44361e-01      1.06945e+01      5.00000e+00      2.98133e-13
    3.49918e-01      1.03675e+01      5.00000e+00      3.07823e-13
    3.55564e-01      1.00352e+01      5.00000e+00      3.17669e-13
    3.61302e-01      9.69749e+00      5.00000e+00      3.27675e-13
    3.67133e-01      9.35435e+00      5.00000e+00      3.37842e-13
    3.73057e-01      9.00567e+00      5.00000e+00      3.48173e-13
    3.79077e-01      8.71266e+00      5.00000e+00      3.59438e-13
    3.85194e-01      8.42005e+00      5.00000e+00      3.70950e-13
    3.91411e-01      8.12272e+00      5.00000e+00      3.82647e-13
    3.97727e-01      7.82059e+00      5.00000e+00      3.94533e-13
    4.04145e-01      7.51653e+00      5.00000e+00      4.06656e-13
    4.10667e-01      7.26156e+00      5.00000e+00      4.19801e-13
    4.17294e-01      7.00248e+00      5.00000e+00      4.33158e-13
    4.24029e-01      6.73922e+00      5.00000e+00      4.46731e-13
    4.30872e-01      6.47170e+00      5.00000e+00      4.60522e-13
    4.37825e-01      6.22512e+00      5.00000e+00      4.75026e-13
    4.44890e-01      5.99681e+00      5.00000e+00      4.90195e-13
    4.52070e-01      5.76481e+00      5.00000e+00      5.05609e-13
    4.59366e-01      5.52906e+00      5.00000e+00      5.21271e-13
    4.66779e-01      5.30288e+00      5.00000e+00      5.37497e-13
    4.74312e-01      5.10169e+00      5.00000e+00      5.54651e-13
    4.81966e-01      4.89726e+00      5.00000e+00      5.72081e-13
    4.89745e-01      4.68952e+00      5.00000e+00      5.89793e-13
    4.97648e-01      4.49165e+00      5.00000e+00      6.08171e-13
    5.05679e-01      4.31300e+00      5.00000e+00      6.27492e-13
    5.13840e-01      4.13147e+00      5.00000e+00      6.47125e-13
    5.22133e-01      3.94701e+00      5.00000e+00      6.67075e-13
    5.30559e-01      3.77984e+00      5.00000e+00      6.88059e-13
    5.39122e-01      3.62048e+00      5.00000e+00      7.09752e-13
    5.47823e-01      3.45855e+00      5.00000e+00      7.31795e-13
    5.56664e-01      3.29815e+00      5.00000e+00      7.54369e-13
    5.65648e-01      3.15773e+00      5.00000e+00      7.78267e-13
    5.74776e-01      3.01504e+00      5.00000e+00      8.02550e-13
    5.84053e-01      2.87005e+00      5.00000e+00      8.27225e-13
    5.93479e-01      2.74172e+00      5.00000e+00      8.53287e-13
    6.03057e-01      2.61502e+00      5.00000e+00      8.79962e-13
    6.12789e-01      2.48627e+00      5.00000e+00      9.07068e-13
    6.22679e-01      2.36896e+00      5.00000e+00      9.35462e-13
    6.32729e-01      2.25594e+00      5.00000e+00      9.64703e-13
    6.42940e-01      2.14110e+00      5.00000e+00      9.94417e-13
    6.53317e-01      2.03619e+00      5.00000e+00      1.02549e-12
    6.63861e-01      1.93495e+00      5.00000e+00      1.05746e-12
    6.74575e-01      1.83208e+00      5.00000e+00      1.08995e-12
    6.85462e-01      1.73994e+00      5.00000e+00      1.12407e-12
    6.96525e-01      1.64893e+00      5.00000e+00      1.15897e-12
    7.07766e-01      1.55765e+00      5.00000e+00      1.19456e-12
    7.19189e-01      1.47700e+00      5.00000e+00      1.23199e-12
    7.30796e-01      1.39505e+00      5.00000e+00      1.27003e-12
    7.42591e-01      1.31730e+00      5.00000e+00      1.30934e-12
    7.54576e-01      1.24457e+00      5.00000e+00      1.35005e-12
    7.66755e-01      1.17067e+00      5.00000e+00      1.39141e-12
    7.79130e-01      1.10558e+00      5.00000e+00      1.43486e-12
    7.91704e-01      1.03992e+00      5.00000e+00      1.47908e-12
    8.04482e-01      9.78105e-01      5.00000e+00      1.52482e-12
    8.17466e-01      9.19578e-01      5.00000e+00      1.57202e-12
    8.30660e-01      8.61956e-01      5.00000e+00      1.62031e-12
    8.44066e-01      8.10542e-01      5.00000e+00      1.67063e-12
    8.57689e-01      7.58298e-01      5.00000e+00      1.72176e-12
    8.71532e-01      7.10727e-01      5.00000e+00      1.77527e-12
    8.85599e-01      6.62604e-01      5.00000e+00      1.82971e-12
    8.99892e-01      6.19403e-01      5.00000e+00      1.88636e-12
    9.14416e-01      5.76978e-01      5.00000e+00      1.94426e-12
    9.29175e-01      5.37868e-01      5.00000e+00      2.00430e-12
    9.44171e-01      4.99838e-01      5.00000e+00      2.06581e-12
    9.59410e-01      4.64637e-01      5.00000e+00      2.12952e-12
    9.74895e-01      4.30530e-01      5.00000e+00      2.19483e-12
    9.90630e-01      3.99158e-01      5.00000e+00      2.29152e-12
    1.00662e+00      3.68606e-01      5.00000e+00      2.40202e-12
    1.02287e+00      3.40881e-01      5.00000e+00      2.48371e-12
    1.03937e+00      3.13487e-01      5.00000e+00      2.55954e-12
    1.05615e+00      2.89233e-01      5.00000e+00      2.63847e-12
    1.07320e+00      2.65282e-01      5.00000e+00      2.71909e-12
    1.09052e+00      2.43691e-01      5.00000e+00      2.80269e-12
    1.10812e+00      2.23157e-01      5.00000e+00      2.88851e-12
    1.12600e+00      2.04182e-01      5.00000e+00      2.97688e-12
    1.14418e+00      1.86243e-01      5.00000e+00      3.06822e-12
    1.16265e+00      1.68729e-01      5.00000e+00      3.16177e-12
    1.18141e+00      1.53436e-01      5.00000e+00      3.25880e-12
    1.20048e+00      1.38876e-01      5.00000e+00      3.35842e-12
    1.21986e+00      1.25183e-01      5.00000e+00      3.46077e-12
    1.23954e+00      1.12968e-01      5.00000e+00      3.56684e-12
    1.25955e+00      1.01366e-01      5.00000e+00      3.67567e-12
    1.27988e+00      9.06322e-02      5.00000e+00      3.78763e-12
    1.30054e+00      8.10614e-02      5.00000e+00      3.90345e-12
    1.32153e+00      7.20910e-02      5.00000e+00      4.02242e-12
    1.34286e+00      6.37635e-02      5.00000e+00      4.14468e-12
    1.36453e+00      5.65210e-02      5.00000e+00      4.27130e-12
    1.38656e+00      4.97767e-02      5.00000e+00      4.40144e-12
    1.40894e+00      4.35922e-02      5.00000e+00      4.53526e-12
    1.43168e+00      3.81443e-02      5.00000e+00      4.67314e-12
    1.45479e+00      3.33212e-02      5.00000e+00      4.81552e-12
    1.47827e+00      2.89400e-02      5.00000e+00      4.96197e-12
    1.50213e+00      2.49956e-02      5.00000e+00      5.11264e-12
    1.52637e+00      2.14703e-02      5.00000e+00      5.26770e-12
    1.55101e+00      1.84181e-02      5.00000e+00      5.42776e-12
    1.57604e+00      1.57291e-02      5.00000e+00      5.59262e-12
    1.60148e+00      1.33478e-02      5.00000e+00      5.76224e-12
    1.62733e+00      1.12540e-02      5.00000e+00      5.93675e-12
    1.65360e+00      9.43215e-03      5.00000e+00      6.11631e-12
    1.68029e+00      7.86939e-03      5.00000e+00      6.30108e-12
    1.70741e+00      6.52471e-03      5.00000e+00      6.49128e-12
    1.73497e+00      5.40059e-03      5.00000e+00      6.68717e-12
    1.76297e+00      4.46119e-03      5.00000e+00      6.88883e-12
    1.79143e+00      3.68325e-03      5.00000e+00      7.09628e-12
    1.82034e+00      3.01329e-03      5.00000e+00      7.30978e-12
    1.84972e+00      2.51822e-03      5.00000e+00      7.52942e-12
    1.87958e+00      2.11659e-03      5.00000e+00      7.75553e-12
    1.90992e+00      1.78765e-03      5.00000e+00      7.98817e-12
    1.94074e+00      1.52520e-03      5.00000e+00      8.22752e-12
    1.97207e+00      1.31188e-03      5.00000e+00      8.47378e-12
    2.00390e+00      1.14841e-03      5.00000e+00      8.95929e-12
    2.03624e+00      1.00694e-03      5.00000e+00      9.27776e-12
    2.06911e+00      8.84259e-04      5.00000e+00      9.55440e-12
    2.10251e+00      7.82542e-04      5.00000e+00      9.83944e-12
    2.13644e+00      6.97501e-04      5.00000e+00      1.01325e-11
    2.17093e+00      6.26770e-04      5.00000e+00      1.04342e-11
    2.20597e+00      5.68502e-04      5.00000e+00      1.07444e-11
    2.24158e+00      5.20989e-04      5.00000e+00      1.10634e-11
    2.27776e+00      4.82605e-04      5.00000e+00      1.13915e-11
    2.31452e+00      4.52171e-04      5.00000e+00      1.17289e-11
    2.35188e+00      4.28547e-04      5.00000e+00      1.20764e-11
    2.38984e+00      4.09555e-04      5.00000e+00      1.24336e-11
    2.42842e+00      3.94382e-04      5.00000e+00      1.28007e-11
    2.46761e+00      3.82421e-04      5.00000e+00      1.31785e-11
    2.50744e+00      3.73080e-04      5.00000e+00      1.35671e-11
    2.54792e+00      3.65527e-04      5.00000e+00      1.39667e-11
    2.58904e+00      3.59572e-04      5.00000e+00      1.43775e-11
    2.63083e+00      3.55002e-04      5.00000e+00      1.48002e-11
    2.67329e+00      3.51454e-04      5.00000e+00      1.52345e-11
    2.71644e+00      3.48938e-04      5.00000e+00      1.56815e-11
    2.76029e+00      3.47175e-04      5.00000e+00      1.61408e-11
    2.80484e+00      3.46052e-04      5.00000e+00      1.66132e-11
    2.85012e+00      3.45398e-04      5.00000e+00      1.70989e-11
    2.89612e+00      3.45053e-04      5.00000e+00      1.75982e-11
    2.94287e+00      3.44887e-04      5.00000e+00      1.81114e-11
    2.99037e+00      3.44814e-04      5.00000e+00      1.86393e-11
    3.03864e+00      3.44780e-04      5.00000e+00      1.91817e-11
    3.08768e+00      3.44752e-04      5.00000e+00      1.97397e-11
    3.13752e+00      3.44724e-04      5.00000e+00      2.03122e-11
    3.18817e+00      3.44695e-04      5.00000e+00      2.09020e-11
    3.23963e+00      3.44668e-04      5.00000e+00      2.15079e-11
    3.29192e+00      3.44639e-04      5.00000e+00      2.21304e-11
    3.34505e+00      3.44610e-04      5.00000e+00      2.27700e-11
    3.39905e+00      3.44581e-04      5.00000e+00      2.34277e-11
    3.45391e+00      3.44549e-04      5.00000e+00      2.41036e-11
    3.50966e+00      3.44519e-04      5.00000e+00      2.47982e-11
    3.56631e+00      3.44490e-04      5.00000e+00      2.55121e-11
    3.62388e+00      3.44458e-04      5.00000e+00      2.62454e-11
    3.68237e+00      3.44426e-04      5.00000e+00      2.69990e-11
    3.74181e+00      3.44392e-04      5.00000e+00      2.77731e-11
    3.80220e+00      3.44361e-04      5.00000e+00      2.85689e-11
    3.86358e+00      3.44328e-04      5.00000e+00      2.93864e-11
    3.92594e+00      3.44294e-04      5.00000e+00      3.02262e-11
    3.98931e+00      3.44262e-04      5.00000e+00      3.10890e-11
    4.05370e+00      3.44226e-04      5.00000e+00      3.19752e-11
    4.11913e+00      3.44192e-04      5.00000e+00      3.28857e-11
    4.18562e+00      3.44156e-04      5.00000e+00      3.38207e-11
    4.25318e+00      3.44121e-04      5.00000e+00      3.47812e-11
    4.32183e+00      3.44084e-04      5.00000e+00      3.57677e-11
    4.39159e+00      3.44049e-04      5.00000e+00      3.67815e-11
    4.46248e+00      3.44010e-04      5.00000e+00      3.78219e-11
    4.53451e+00      3.43973e-04      5.00000e+00      3.88912e-11
    4.60770e+00      3.43934e-04      5.00000e+00      3.99886e-11
    4.68208e+00      3.43895e-04      5.00000e+00      4.11155e-11
    4.75765e+00      3.43856e-04      5.00000e+00      4.22730e-11
    4.83444e+00      3.43815e-04      5.00000e+00      4.34625e-11
    4.91248e+00      3.43775e-04      5.00000e+00      4.46913e-11
    4.99177e+00      3.43735e-04      5.00000e+00      4.59616e-11
    5.07235e+00      3.43693e-04      5.00000e+00      4.72744e-11
    5.15422e+00      3.43652e-04      5.00000e+00      4.86327e-11
    5.23742e+00      3.43610e-04      5.00000e+00      5.00378e-11
    5.32196e+00      3.43568e-04      5.00000e+00      5.14909e-11
    5.40786e+00      3.43526e-04      5.00000e+00      5.29996e-11
    5.49515e+00      3.43483e-04      5.00000e+00      5.45563e-11
    5.58385e+00      3.43440e-04      5.00000e+00      5.61592e-11
    5.67398e+00      3.43391e-04      5.00000e+00      5.78244e-11
    5.76556e+00      3.43355e-04      5.00000e+00      5.95493e-11
    5.85863e+00      3.43309e-04      5.00000e+00      6.13344e-11
    5.95319e+00      3.43264e-04      5.00000e+00      6.31823e-11
    6.04929e+00      3.43220e-04      5.00000e+00      6.50960e-11
    6.14693e+00      3.43174e-04      5.00000e+00      6.70774e-11
    6.24615e+00      3.43128e-04      5.00000e+00      6.91294e-11
    6.34697e+00      3.43082e-04      5.00000e+00      7.12509e-11
    6.44942e+00      3.43035e-04      5.00000e+00      7.34353e-11
    6.55352e+00      3.42988e-04      5.00000e+00      7.56848e-11
    6.65931e+00      3.42938e-04      5.00000e+00      7.80022e-11
    6.76680e+00      3.42888e-04      5.00000e+00      8.03886e-11
    6.87602e+00      3.42837e-04      5.00000e+00      8.28447e-11
    6.98701e+00      3.42787e-04      5.00000e+00      8.53759e-11
    7.09979e+00      3.42735e-04      5.00000e+00      8.79811e-11
    7.21439e+00      3.42683e-04      5.00000e+00      9.06640e-11
    7.33084e+00      3.42630e-04      5.00000e+00      9.34271e-11
    7.44917e+00      3.42574e-04      5.00000e+00      9.62702e-11
    7.56941e+00      3.42519e-04      5.00000e+00      9.91993e-11
    7.69159e+00      3.42462e-04      5.00000e+00      1.02214e-10
    7.81575e+00      3.42407e-04      5.00000e+00      1.05319e-10
    7.94190e+00      3.42351e-04      5.00000e+00      1.08516e-10
    8.07010e+00      3.42292e-04      5.00000e+00      1.11805e-10
    8.20036e+00      3.42232e-04      5.00000e+00      1.15193e-10
    8.33273e+00      3.42173e-04      5.00000e+00      1.18681e-10
    8.46723e+00      3.42111e-04      5.00000e+00      1.22270e-10
    8.60390e+00      3.42049e-04      5.00000e+00      1.25965e-10
    8.74278e+00      3.41986e-04      5.00000e+00      1.29769e-10
    8.88390e+00      3.41925e-04      5.00000e+00      1.33685e-10
    9.02730e+00      3.41858e-04      5.00000e+00      1.37716e-10
    9.17301e+00      3.41792e-04      5.00000e+00      1.41864e-10
    9.32108e+00      3.41725e-04      5.00000e+00      1.46135e-10
    9.47154e+00      3.41658e-04      5.00000e+00      1.50529e-10
    9.62442e+00      3.41588e-04      5.00000e+00      1.55053e-10
    9.77977e+00      3.41519e-04      5.00000e+00      1.59707e-10
    9.93763e+00      3.41449e-04      5.00000e+00      1.64499e-10
    1.00980e+01      3.41377e-04      5.00000e+00      1.69429e-10
    1.02610e+01      3.41303e-04      5.00000e+00      1.74503e-10
    1.04267e+01      3.41230e-04      5.00000e+00      1.79725e-10
    1.05950e+01      3.41154e-04      5.00000e+00      1.85100e-10
    1.07660e+01      3.41080e-04      5.00000e+00      1.90627e-10
    1.09398e+01      3.41003e-04      5.00000e+00      1.96317e-10
    1.11163e+01      3.40925e-04      5.00000e+00      2.02172e-10
    1.12958e+01      3.40845e-04      5.00000e+00      2.08196e-10
    1.14781e+01      3.40765e-04      5.00000e+00      2.14393e-10
    1.16634e+01      3.40685e-04      5.00000e+00      2.20769e-10
    1.18517e+01      3.40601e-04      5.00000e+00      2.27329e-10
    1.20430e+01      3.40517e-04      5.00000e+00      2.34079e-10
    1.22373e+01      3.40430e-04      5.00000e+00      2.41020e-10
    1.24349e+01      3.40345e-04      5.00000e+00      2.48166e-10
    1.26356e+01      3.40257e-04      5.00000e+00      2.55514e-10
    1.28395e+01      3.40168e-04      5.00000e+00      2.63072e-10
    1.30468e+01      3.40078e-04      5.00000e+00      2.70849e-10
    1.32574e+01      3.39984e-04      5.00000e+00      2.78846e-10
    1.34714e+01      3.39892e-04      5.00000e+00      2.87072e-10
    1.36888e+01      3.39797e-04      5.00000e+00      2.95536e-10
    1.39098e+01      3.39702e-04      5.00000e+00      3.04239e-10
    1.41343e+01      3.39605e-04      5.00000e+00      3.13187e-10
    1.43625e+01      3.39507e-04      5.00000e+00      3.22391e-10
    1.45943e+01      3.39405e-04      5.00000e+00      3.31858e-10
    1.48299e+01      3.39304e-04      5.00000e+00      3.41592e-10
    1.50693e+01      3.39201e-04      5.00000e+00      3.51604e-10
    1.53125e+01      3.39096e-04      5.00000e+00      3.61898e-10
    1.55597e+01      3.38990e-04      5.00000e+00      3.72481e-10
    1.58108e+01      3.38883e-04      5.00000e+00      3.83368e-10
    1.60660e+01      3.38774e-04      5.00000e+00      3.94560e-10
    1.63254e+01      3.38665e-04      5.00000e+00      4.06072e-10
    1.65889e+01      3.38553e-04      5.00000e+00      4.17899e-10
    1.68566e+01      3.38439e-04      5.00000e+00      4.30059e-10
    1.71287e+01      3.38324e-04      5.00000e+00      4.42564e-10
    1.74052e+01      3.38206e-04      5.00000e+00      4.55419e-10
    1.76862e+01      3.38087e-04      5.00000e+00      4.68632e-10
    1.79716e+01      3.37967e-04      5.00000e+00      4.82213e-10
    1.82617e+01      3.37849e-04      5.00000e+00      4.96186e-10
    1.85565e+01      3.37724e-04      5.00000e+00      5.10529e-10
    1.88560e+01      3.37598e-04      5.00000e+00      5.25274e-10
    1.91604e+01      3.37472e-04      5.00000e+00      5.40441e-10
    1.94697e+01      3.37343e-04      5.00000e+00      5.56016e-10
    1.97840e+01      3.37213e-04      5.00000e+00      5.72025e-10
    2.01033e+01      3.37079e-04      5.00000e+00      5.88467e-10
    2.04278e+01      3.36945e-04      5.00000e+00      6.05354e-10
    2.07575e+01      3.36805e-04      5.00000e+00      6.22701e-10
    2.10926e+01      3.36659e-04      5.00000e+00      6.40523e-10
    2.14331e+01      3.36528e-04      5.00000e+00      6.58817e-10
    2.17790e+01      3.36388e-04      5.00000e+00      6.77611e-10
    2.21306e+01      3.36242e-04      5.00000e+00      6.96911e-10
    2.24878e+01      3.36095e-04      5.00000e+00      7.16728e-10
    2.28508e+01      3.35949e-04      5.00000e+00      7.37080e-10
    2.32196e+01      3.35797e-04      5.00000e+00      7.58115e-10
    2.35944e+01      3.35645e-04      5.00000e+00      7.79414e-10
    2.39753e+01      3.35492e-04      5.00000e+00      8.01455e-10
    2.43623e+01      3.35336e-04      5.00000e+00      8.24067e-10
    2.47555e+01      3.35178e-04      5.00000e+00      8.47277e-10
    2.51551e+01      3.35017e-04      5.00000e+00      8.71099e-10
    2.55612e+01      3.34854e-04      5.00000e+00      8.95554e-10
    2.59738e+01      3.34688e-04      5.00000e+00      9.20660e-10
    2.63930e+01      3.34521e-04      5.00000e+00      9.46411e-10
    2.68190e+01      3.34351e-04      5.00000e+00      9.72842e-10
    2.72519e+01      3.34179e-04      5.00000e+00      9.99956e-10
    2.76918e+01      3.34005e-04      5.00000e+00      1.02780e-09
    2.81388e+01      3.33828e-04      5.00000e+00      1.05636e-09
    2.85930e+01      3.33650e-04      5.00000e+00      1.08566e-09
    2.90546e+01      3.33467e-04      5.00000e+00      1.11571e-09
    2.95235e+01      3.33284e-04      5.00000e+00      1.14655e-09
    3.00001e+01      3.33096e-04      5.00000e+00      1.17817e-09
