    Er (keV)         SM dN/dE         BG dN/dE        BSM dN/dE (events/kg/day/keV)
    1.00100e-01      1.47613e-03      1.00000e+02      5.14033e-08
    1.01247e-01      1.47373e-03      1.00000e+02      5.08847e-08
    1.02408e-01      1.47131e-03      1.00000e+02      5.03601e-08
    1.03582e-01      1.46886e-03      1.00000e+02      4.98295e-08
    1.04769e-01      1.46638e-03      1.00000e+02      4.92928e-08
    1.05970e-01      1.46387e-03      1.00000e+02      4.87499e-08
    1.07184e-01      1.46134e-03      1.00000e+02      4.82008e-08
    1.08413e-01      1.45877e-03      1.00000e+02      4.76455e-08
    1.09655e-01      1.45618e-03      1.00000e+02      4.70837e-08
    1.10912e-01      1.45355e-03      1.00000e+02      4.65155e-08
    1.12184e-01      1.45090e-03      1.00000e+02      4.59408e-08
    1.13470e-01      1.44821e-03      1.00000e+02      4.53595e-08
    1.14770e-01      1.44550e-03      1.00000e+02      4.47715e-08
    1.16086e-01      1.44275e-03      1.00000e+02      4.41768e-08
    1.17417e-01      1.43997e-03      1.00000e+02      4.35752e-08
    1.18763e-01      1.43716e-03      1.00000e+02      4.29668e-08
    1.20124e-01      1.43432e-03      1.00000e+02      4.23514e-08
    1.21501e-01      1.43145e-03      1.00000e+02      4.17289e-08
    1.22894e-01      1.42854e-03      1.00000e+02      4.10992e-08
    1.24303e-01      1.42560e-03      1.00000e+02      4.04624e-08
    1.25728e-01      1.42262e-03      1.00000e+02      3.98182e-08
    1.27169e-01      1.41961e-03      1.00000e+02      3.91667e-08
    1.28627e-01      1.41657e-03      1.00000e+02      3.85076e-08
    1.30101e-01      1.41349e-03      1.00000e+02      3.78410e-08
    1.31593e-01      1.41058e-03      1.00000e+02      3.74006e-08
    1.33101e-01      1.40765e-03      1.00000e+02      3.69722e-08
    1.34627e-01      1.40468e-03      1.00000e+02      3.65388e-08
    1.36171e-01      1.40168e-03      1.00000e+02      3.61005e-08
    1.37732e-01      1.39865e-03      1.00000e+02      3.56572e-08
    1.39311e-01      1.39559e-03      1.00000e+02      3.52088e-08
    1.40908e-01      1.39248e-03      1.00000e+02      3.47552e-08
    1.42523e-01      1.38935e-03      1.00000e+02      3.42965e-08
    1.44157e-01      1.38617e-03      1.00000e+02      3.38325e-08
    1.45810e-01      1.38296e-03      1.00000e+02      3.33631e-08
    1.47482e-01      1.37971e-03      1.00000e+02      3.28884e-08
    1.49173e-01      1.37643e-03      1.00000e+02      3.24082e-08
    1.50883e-01      1.37311e-03      1.00000e+02      3.19225e-08
    1.52613e-01      1.36975e-03      1.00000e+02      3.14313e-08
    1.54363e-01      1.36635e-03      1.00000e+02      3.09344e-08
    1.56133e-01      1.36291e-03      1.00000e+02      3.04318e-08
    1.57923e-01      1.35943e-03      1.00000e+02      2.99234e-08
    1.59733e-01      1.35592e-03      1.00000e+02      2.94092e-08
    1.61565e-01      1.35250e-03      1.00000e+02      2.89950e-08
    1.63417e-01      1.34913e-03      1.00000e+02      2.86380e-08
    1.65291e-01      1.34573e-03      1.00000e+02      2.82768e-08
    1.67186e-01      1.34228e-03      1.00000e+02      2.79115e-08
    1.69103e-01      1.33879e-03      1.00000e+02      2.75420e-08
    1.71042e-01      1.33527e-03      1.00000e+02      2.71683e-08
    1.73003e-01      1.33170e-03      1.00000e+02      2.67903e-08
    1.74987e-01      1.32809e-03      1.00000e+02      2.64079e-08
    1.76994e-01      1.32444e-03      1.00000e+02      2.60212e-08
    1.79023e-01      1.32075e-03      1.00000e+02      2.56300e-08
    1.81076e-01      1.31702e-03      1.00000e+02      2.52343e-08
    1.83152e-01      1.31324e-03      1.00000e+02      2.48341e-08
    1.85252e-01      1.30942e-03      1.00000e+02      2.44293e-08
    1.87377e-01      1.30556e-03      1.00000e+02      2.40199e-08
    1.89525e-01      1.30165e-03      1.00000e+02      2.36058e-08
    1.91698e-01      1.29782e-03      1.00000e+02      2.32465e-08
    1.93897e-01      1.29406e-03      1.00000e+02      2.29428e-08
    1.96120e-01      1.29025e-03      1.00000e+02      2.26356e-08
    1.98369e-01      1.28641e-03      1.00000e+02      2.23249e-08
    2.00644e-01      1.28252e-03      1.00000e+02      2.20106e-08
    2.02944e-01      1.27858e-03      1.00000e+02      2.16928e-08
    2.05272e-01      1.27460e-03      1.00000e+02      2.13712e-08
    2.07626e-01      1.27057e-03      1.00000e+02      2.10460e-08
    2.10006e-01      1.26650e-03      1.00000e+02      2.07171e-08
    2.12415e-01      1.26238e-03      1.00000e+02      2.03844e-08
    2.14851e-01      1.25821e-03      1.00000e+02      2.00478e-08
    2.17314e-01      1.25400e-03      1.00000e+02      1.97074e-08
    2.19806e-01      1.24973e-03      1.00000e+02      1.93631e-08
    2.22327e-01      1.24557e-03      1.00000e+02      1.90681e-08
    2.24877e-01      1.24145e-03      1.00000e+02      1.88052e-08
    2.27455e-01      1.23729e-03      1.00000e+02      1.85393e-08
    2.30064e-01      1.23308e-03      1.00000e+02      1.82704e-08
    2.32702e-01      1.22882e-03      1.00000e+02      1.79983e-08
    2.35371e-01      1.22451e-03      1.00000e+02      1.77232e-08
    2.38070e-01      1.22016e-03      1.00000e+02      1.74448e-08
    2.40800e-01      1.21575e-03      1.00000e+02      1.71633e-08
    2.43562e-01      1.21129e-03      1.00000e+02      1.68786e-08
    2.46355e-01      1.20679e-03      1.00000e+02      1.65906e-08
    2.49180e-01      1.20223e-03      1.00000e+02      1.62992e-08
    2.52038e-01      1.19770e-03      1.00000e+02      1.60290e-08
    2.54928e-01      1.19328e-03      1.00000e+02      1.57995e-08
    2.57852e-01      1.18881e-03      1.00000e+02      1.55673e-08
    2.60809e-01      1.18429e-03      1.00000e+02      1.53325e-08
    2.63800e-01      1.17972e-03      1.00000e+02      1.50950e-08
    2.66826e-01      1.17509e-03      1.00000e+02      1.48548e-08
    2.69886e-01      1.17041e-03      1.00000e+02      1.46119e-08
    2.72981e-01      1.16568e-03      1.00000e+02      1.43661e-08
    2.76112e-01      1.16089e-03      1.00000e+02      1.41175e-08
    2.79278e-01      1.15605e-03      1.00000e+02      1.38661e-08
    2.82481e-01      1.15125e-03      1.00000e+02      1.36330e-08
    2.85721e-01      1.14655e-03      1.00000e+02      1.34300e-08
    2.88998e-01      1.14180e-03      1.00000e+02      1.32246e-08
    2.92313e-01      1.13699e-03      1.00000e+02      1.30169e-08
    2.95665e-01      1.13213e-03      1.00000e+02      1.28067e-08
    2.99056e-01      1.12721e-03      1.00000e+02      1.25942e-08
    3.02486e-01      1.12224e-03      1.00000e+02      1.23793e-08
    3.05955e-01      1.11720e-03      1.00000e+02      1.21618e-08
    3.09464e-01      1.11211e-03      1.00000e+02      1.19419e-08
    3.13013e-01      1.10708e-03      1.00000e+02      1.17390e-08
    3.16603e-01      1.10213e-03      1.00000e+02      1.15577e-08
    3.20235e-01      1.09712e-03      1.00000e+02      1.13744e-08
    3.23908e-01      1.09206e-03      1.00000e+02      1.11890e-08
    3.27623e-01      1.08693e-03      1.00000e+02      1.10015e-08
    3.31380e-01      1.08175e-03      1.00000e+02      1.08118e-08
    3.35181e-01      1.07651e-03      1.00000e+02      1.06199e-08
    3.39025e-01      1.07121e-03      1.00000e+02      1.04258e-08
    3.42914e-01      1.06593e-03      1.00000e+02      1.02414e-08
    3.46847e-01      1.06077e-03      1.00000e+02      1.00787e-08
    3.50825e-01      1.05554e-03      1.00000e+02      9.91424e-09
    3.54849e-01      1.05026e-03      1.00000e+02      9.74785e-09
    3.58919e-01      1.04491e-03      1.00000e+02      9.57955e-09
    3.63035e-01      1.03950e-03      1.00000e+02      9.40932e-09
    3.67199e-01      1.03403e-03      1.00000e+02      9.23713e-09
    3.71411e-01      1.02850e-03      1.00000e+02      9.06297e-09
    3.75671e-01      1.02314e-03      1.00000e+02      8.91377e-09
    3.79980e-01      1.01774e-03      1.00000e+02      8.76573e-09
    3.84338e-01      1.01228e-03      1.00000e+02      8.61600e-09
    3.88747e-01      1.00676e-03      1.00000e+02      8.46455e-09
    3.93205e-01      1.00117e-03      1.00000e+02      8.31136e-09
    3.97716e-01      9.95518e-04      1.00000e+02      8.15642e-09
    4.02277e-01      9.89817e-04      1.00000e+02      8.00110e-09
    4.06891e-01      9.84296e-04      1.00000e+02      7.86779e-09
    4.11559e-01      9.78711e-04      1.00000e+02      7.73296e-09
    4.16279e-01      9.73063e-04      1.00000e+02      7.59658e-09
    4.21054e-01      9.67350e-04      1.00000e+02      7.45863e-09
    4.25883e-01      9.61571e-04      1.00000e+02      7.31910e-09
    4.30768e-01      9.55726e-04      1.00000e+02      7.17797e-09
    4.35709e-01      9.49995e-04      1.00000e+02      7.05035e-09
    4.40707e-01      9.44276e-04      1.00000e+02      6.92765e-09
    4.45762e-01      9.38490e-04      1.00000e+02      6.80353e-09
    4.50875e-01      9.32639e-04      1.00000e+02      6.67800e-09
    4.56047e-01      9.26720e-04      1.00000e+02      6.55102e-09
    4.61278e-01      9.20733e-04      1.00000e+02      6.42259e-09
    4.66569e-01      9.14884e-04      1.00000e+02      6.30717e-09
    4.71921e-01      9.09025e-04      1.00000e+02      6.19449e-09
    4.77334e-01      9.03099e-04      1.00000e+02      6.08051e-09
    4.82809e-01      8.97105e-04      1.00000e+02      5.96522e-09
    4.88347e-01      8.91042e-04      1.00000e+02      5.84862e-09
    4.93949e-01      8.84970e-04      1.00000e+02      5.73444e-09
    4.99615e-01      8.79027e-04      1.00000e+02      5.63130e-09
    5.05345e-01      8.73016e-04      1.00000e+02      5.52697e-09
    5.11142e-01      8.66936e-04      1.00000e+02      5.42145e-09
    5.17005e-01      8.60787e-04      1.00000e+02      5.31472e-09
    5.22936e-01      8.54571e-04      1.00000e+02      5.20701e-09
    5.28934e-01      8.48536e-04      1.00000e+02      5.11192e-09
    5.35001e-01      8.42431e-04      1.00000e+02      5.01574e-09
    5.41138e-01      8.36256e-04      1.00000e+02      4.91845e-09
    5.47345e-01      8.30010e-04      1.00000e+02      4.82005e-09
    5.53624e-01      8.23717e-04      1.00000e+02      4.72169e-09
    5.59974e-01      8.17588e-04      1.00000e+02      4.63346e-09
    5.66398e-01      8.11388e-04      1.00000e+02      4.54422e-09
    5.72895e-01      8.05117e-04      1.00000e+02      4.45396e-09
    5.79466e-01      7.98774e-04      1.00000e+02      4.36267e-09
    5.86113e-01      7.92471e-04      1.00000e+02      4.27507e-09
    5.92837e-01      7.86245e-04      1.00000e+02      4.19275e-09
    5.99637e-01      7.79946e-04      1.00000e+02      4.10948e-09
    6.06516e-01      7.73576e-04      1.00000e+02      4.02525e-09
    6.13473e-01      7.67134e-04      1.00000e+02      3.94011e-09
    6.20510e-01      7.60872e-04      1.00000e+02      3.86377e-09
    6.27628e-01      7.54538e-04      1.00000e+02      3.78655e-09
    6.34827e-01      7.48131e-04      1.00000e+02      3.70844e-09
    6.42110e-01      7.41651e-04      1.00000e+02      3.62943e-09
    6.49475e-01      7.35297e-04      1.00000e+02      3.55647e-09
    6.56926e-01      7.28924e-04      1.00000e+02      3.48452e-09
    6.64461e-01      7.22478e-04      1.00000e+02      3.41174e-09
    6.72083e-01      7.15958e-04      1.00000e+02      3.33812e-09
    6.79793e-01      7.09558e-04      1.00000e+02      3.26976e-09
    6.87591e-01      7.03143e-04      1.00000e+02      3.20243e-09
    6.95478e-01      6.96654e-04      1.00000e+02      3.13432e-09
    7.03456e-01      6.90091e-04      1.00000e+02      3.06543e-09
    7.11526e-01      6.83685e-04      1.00000e+02      3.00238e-09
    7.19688e-01      6.77224e-04      1.00000e+02      2.93912e-09
    7.27944e-01      6.70689e-04      1.00000e+02      2.87513e-09
    7.36294e-01      6.64141e-04      1.00000e+02      2.81199e-09
    7.44741e-01      6.57708e-04      1.00000e+02      2.75303e-09
    7.53284e-01      6.51202e-04      1.00000e+02      2.69338e-09
    7.61925e-01      6.44621e-04      1.00000e+02      2.63306e-09
    7.70665e-01      6.38140e-04      1.00000e+02      2.57621e-09
    7.79506e-01      6.31656e-04      1.00000e+02      2.52043e-09
    7.88448e-01      6.25098e-04      1.00000e+02      2.46400e-09
    7.97492e-01      6.18541e-04      1.00000e+02      2.40861e-09
    8.06641e-01      6.12076e-04      1.00000e+02      2.35627e-09
    8.15894e-01      6.05537e-04      1.00000e+02      2.30333e-09
    8.25254e-01      5.98933e-04      1.00000e+02      2.25000e-09
    8.34721e-01      5.92491e-04      1.00000e+02      2.20076e-09
    8.44296e-01      5.85974e-04      1.00000e+02      2.15095e-09
    8.53981e-01      5.79383e-04      1.00000e+02      2.10057e-09
    8.63778e-01      5.72931e-04      1.00000e+02      2.05363e-09
    8.73687e-01      5.66432e-04      1.00000e+02      2.00665e-09
    8.83709e-01      5.59858e-04      1.00000e+02      1.95913e-09
    8.93847e-01      5.53411e-04      1.00000e+02      1.91457e-09
    9.04101e-01      5.46926e-04      1.00000e+02      1.87013e-09
    9.14472e-01      5.40366e-04      1.00000e+02      1.82519e-09
    9.24963e-01      5.33944e-04      1.00000e+02      1.78319e-09
    9.35574e-01      5.27469e-04      1.00000e+02      1.74107e-09
    9.46306e-01      5.20935e-04      1.00000e+02      1.69868e-09
    9.57162e-01      5.14548e-04      1.00000e+02      1.65913e-09
    9.68142e-01      5.08088e-04      1.00000e+02      1.61912e-09
    9.79248e-01      5.01678e-04      1.00000e+02      1.57965e-09
    9.90482e-01      4.95478e-04      1.00000e+02      1.54200e-09
    1.00184e+00      4.89207e-04      1.00000e+02      1.50392e-09
    1.01334e+00      4.82896e-04      1.00000e+02      1.46731e-09
    1.02496e+00      4.76531e-04      1.00000e+02      1.43141e-09
    1.03672e+00      4.70102e-04      1.00000e+02      1.39520e-09
    1.04861e+00      4.63815e-04      1.00000e+02      1.36129e-09
    1.06064e+00      4.57456e-04      1.00000e+02      1.32698e-09
    1.07281e+00      4.51140e-04      1.00000e+02      1.29365e-09
    1.08512e+00      4.44859e-04      1.00000e+02      1.26119e-09
    1.09757e+00      4.38522e-04      1.00000e+02      1.22854e-09
    1.11016e+00      4.32319e-04      1.00000e+02      1.19779e-09
    1.12289e+00      4.26044e-04      1.00000e+02      1.16668e-09
    1.13577e+00      4.19850e-04      1.00000e+02      1.13679e-09
    1.14880e+00      4.13652e-04      1.00000e+02      1.10727e-09
    1.16198e+00      4.07464e-04      1.00000e+02      1.07820e-09
    1.17531e+00      4.01340e-04      1.00000e+02      1.05014e-09
    1.18880e+00      3.95170e-04      1.00000e+02      1.02198e-09
    1.20243e+00      3.89121e-04      1.00000e+02      9.95282e-10
    1.21623e+00      3.83003e-04      1.00000e+02      9.68275e-10
    1.23018e+00      3.77006e-04      1.00000e+02      9.42665e-10
    1.24429e+00      3.70958e-04      1.00000e+02      9.16930e-10
    1.25857e+00      3.64998e-04      1.00000e+02      8.92239e-10
    1.27301e+00      3.59020e-04      1.00000e+02      8.67686e-10
    1.28761e+00      3.53109e-04      1.00000e+02      8.43950e-10
    1.30238e+00      3.47200e-04      1.00000e+02      8.20498e-10
    1.31732e+00      3.41348e-04      1.00000e+02      7.97739e-10
    1.33243e+00      3.35509e-04      1.00000e+02      7.75318e-10
    1.34772e+00      3.29724e-04      1.00000e+02      7.53540e-10
    1.36318e+00      3.23949e-04      1.00000e+02      7.32077e-10
    1.37882e+00      3.18240e-04      1.00000e+02      7.11279e-10
    1.39464e+00      3.12532e-04      1.00000e+02      6.90715e-10
    1.41064e+00      3.06903e-04      1.00000e+02      6.70889e-10
    1.42682e+00      3.01258e-04      1.00000e+02      6.51169e-10
    1.44319e+00      2.95716e-04      1.00000e+02      6.32299e-10
    1.45974e+00      2.90142e-04      1.00000e+02      6.13415e-10
    1.47649e+00      2.84687e-04      1.00000e+02      5.95435e-10
    1.49343e+00      2.79214e-04      1.00000e+02      5.77517e-10
    1.51056e+00      2.73821e-04      1.00000e+02      5.60230e-10
    1.52789e+00      2.68454e-04      1.00000e+02      5.43250e-10
    1.54542e+00      2.63120e-04      1.00000e+02      5.26617e-10
    1.56315e+00      2.57862e-04      1.00000e+02      5.10542e-10
    1.58108e+00      2.52598e-04      1.00000e+02      4.94586e-10
    1.59922e+00      2.47439e-04      1.00000e+02      4.79324e-10
    1.61757e+00      2.42293e-04      1.00000e+02      4.64249e-10
    1.63612e+00      2.37193e-04      1.00000e+02      4.49534e-10
    1.65489e+00      2.32169e-04      1.00000e+02      4.35307e-10
    1.67388e+00      2.27156e-04      1.00000e+02      4.21249e-10
    1.69308e+00      2.22226e-04      1.00000e+02      4.07694e-10
    1.71250e+00      2.17340e-04      1.00000e+02      3.94447e-10
    1.73215e+00      2.12474e-04      1.00000e+02      3.81398e-10
    1.75202e+00      2.07708e-04      1.00000e+02      3.68882e-10
    1.77212e+00      2.02976e-04      1.00000e+02      3.56602e-10
    1.79245e+00      1.98272e-04      1.00000e+02      3.44534e-10
    1.81302e+00      1.93663e-04      1.00000e+02      3.32952e-10
    1.83382e+00      1.89094e-04      1.00000e+02      3.21609e-10
    1.85485e+00      1.84559e-04      1.00000e+02      3.10485e-10
    1.87613e+00      1.80106e-04      1.00000e+02      2.99746e-10
    1.89766e+00      1.75712e-04      1.00000e+02      2.89303e-10
    1.91943e+00      1.71359e-04      1.00000e+02      2.79079e-10
    1.94145e+00      1.67056e-04      1.00000e+02      2.69104e-10
    1.96372e+00      1.62843e-04      1.00000e+02      2.59516e-10
    1.98625e+00      1.58887e-04      1.00000e+02      2.50143e-10
    2.00903e+00      1.55022e-04      1.00000e+02      2.40993e-10
    2.03208e+00      1.50957e-04      1.00000e+02      2.32083e-10
    2.05540e+00      1.46980e-04      1.00000e+02      2.23513e-10
    2.07898e+00      1.43054e-04      1.00000e+02      2.15154e-10
    2.10283e+00      1.39182e-04      1.00000e+02      2.07010e-10
    2.12695e+00      1.35366e-04      1.00000e+02      1.99083e-10
    2.15135e+00      1.31620e-04      1.00000e+02      1.91411e-10
    2.17603e+00      1.27946e-04      1.00000e+02      1.83997e-10
    2.20100e+00      1.24331e-04      1.00000e+02      1.76787e-10
    2.22625e+00      1.20774e-04      1.00000e+02      1.69780e-10
    2.25179e+00      1.17276e-04      1.00000e+02      1.62975e-10
    2.27762e+00      1.13841e-04      1.00000e+02      1.56373e-10
    2.30375e+00      1.10471e-04      1.00000e+02      1.49979e-10
    2.33018e+00      1.07180e-04      1.00000e+02      1.43815e-10
    2.35691e+00      1.03947e-04      1.00000e+02      1.37835e-10
    2.38395e+00      1.00777e-04      1.00000e+02      1.32040e-10
    2.41130e+00      9.76709e-05      1.00000e+02      1.26427e-10
    2.43897e+00      9.46285e-05      1.00000e+02      1.20994e-10
    2.46695e+00      9.16507e-05      1.00000e+02      1.15736e-10
    2.49525e+00      8.87381e-05      1.00000e+02      1.10651e-10
    2.52387e+00      8.58889e-05      1.00000e+02      1.05736e-10
    2.55283e+00      8.31039e-05      1.00000e+02      1.00985e-10
    2.58212e+00      8.03872e-05      1.00000e+02      9.63990e-11
    2.61174e+00      7.77345e-05      1.00000e+02      9.19706e-11
    2.64170e+00      7.51472e-05      1.00000e+02      8.76971e-11
    2.67201e+00      7.26245e-05      1.00000e+02      8.35753e-11
    2.70266e+00      7.01659e-05      1.00000e+02      7.95996e-11
    2.73367e+00      6.77734e-05      1.00000e+02      7.57694e-11
    2.76503e+00      6.54433e-05      1.00000e+02      7.20778e-11
    2.79675e+00      6.31778e-05      1.00000e+02      6.85231e-11
    2.82884e+00      6.09748e-05      1.00000e+02      6.51003e-11
    2.86129e+00      5.88351e-05      1.00000e+02      6.18067e-11
    2.89412e+00      5.67583e-05      1.00000e+02      5.86385e-11
    2.92732e+00      5.47421e-05      1.00000e+02      5.55916e-11
    2.96091e+00      5.27875e-05      1.00000e+02      5.26631e-11
    2.99488e+00      5.08929e-05      1.00000e+02      4.98489e-11
    3.02923e+00      4.90583e-05      1.00000e+02      4.71464e-11
    3.06399e+00      4.72901e-05      1.00000e+02      4.45653e-11
    3.09914e+00      4.55826e-05      1.00000e+02      4.20910e-11
    3.13469e+00      4.39308e-05      1.00000e+02      3.97171e-11
    3.17066e+00      4.23357e-05      1.00000e+02      3.74415e-11
    3.20703e+00      4.07970e-05      1.00000e+02      3.52611e-11
    3.24382e+00      3.93163e-05      1.00000e+02      3.31790e-11
    3.28104e+00      3.78985e-05      1.00000e+02      3.11973e-11
    3.31868e+00      3.65304e-05      1.00000e+02      2.92994e-11
    3.35675e+00      3.52151e-05      1.00000e+02      2.74849e-11
    3.39527e+00      3.39565e-05      1.00000e+02      2.57577e-11
    3.43422e+00      3.27523e-05      1.00000e+02      2.41167e-11
    3.47362e+00      3.15981e-05      1.00000e+02      2.25508e-11
    3.51347e+00      3.04911e-05      1.00000e+02      2.10569e-11
    3.55378e+00      2.94410e-05      1.00000e+02      1.96472e-11
    3.59455e+00      2.84370e-05      1.00000e+02      1.83041e-11
    3.63579e+00      2.74788e-05      1.00000e+02      1.70274e-11
    3.67750e+00      2.65717e-05      1.00000e+02      1.58243e-11
    3.71969e+00      2.57069e-05      1.00000e+02      1.46801e-11
    3.76236e+00      2.48889e-05      1.00000e+02      1.36014e-11
    3.80553e+00      2.41135e-05      1.00000e+02      1.25819e-11
    3.84919e+00      2.33797e-05      1.00000e+02      1.16185e-11
    3.89335e+00      2.26891e-05      1.00000e+02      1.07140e-11
    3.93801e+00      2.20355e-05      1.00000e+02      9.85889e-12
    3.98319e+00      2.14243e-05      1.00000e+02      9.06006e-12
    4.02889e+00      2.08470e-05      1.00000e+02      8.30591e-12
    4.07511e+00      2.03093e-05      1.00000e+02      7.60356e-12
    4.12186e+00      1.98031e-05      1.00000e+02      6.94282e-12
    4.16915e+00      1.93344e-05      1.00000e+02      6.32868e-12
    4.21698e+00      1.88948e-05      1.00000e+02      5.75406e-12
    4.26536e+00      1.84876e-05      1.00000e+02      5.21913e-12
    4.31430e+00      1.81109e-05      1.00000e+02      4.72405e-12
    4.36379e+00      1.77603e-05      1.00000e+02      4.26256e-12
    4.41386e+00      1.74397e-05      1.00000e+02      3.83745e-12
    4.46450e+00      1.71432e-05      1.00000e+02      3.44451e-12
    4.51572e+00      1.68714e-05      1.00000e+02      3.08215e-12
    4.56752e+00      1.66228e-05      1.00000e+02      2.74904e-12
    4.61992e+00      1.63968e-05      1.00000e+02      2.44492e-12
    4.67293e+00      1.61911e-05      1.00000e+02      2.16644e-12
    4.72654e+00      1.60046e-05      1.00000e+02      1.91239e-12
    4.78076e+00      1.58357e-05      1.00000e+02      1.68122e-12
    4.83561e+00      1.56849e-05      1.00000e+02      1.47330e-12
    4.89109e+00      1.55494e-05      1.00000e+02      1.28545e-12
    4.94720e+00      1.54284e-05      1.00000e+02      1.11646e-12
    5.00396e+00      1.53206e-05      1.00000e+02      9.65157e-13
    5.06137e+00      1.52252e-05      1.00000e+02      8.30413e-13
    5.11944e+00      1.51408e-05      1.00000e+02      7.10887e-13
    5.17817e+00      1.50669e-05      1.00000e+02      6.05546e-13
    5.23758e+00      1.50018e-05      1.00000e+02      5.12969e-13
    5.29767e+00      1.49456e-05      1.00000e+02      4.32646e-13
    5.35844e+00      1.48962e-05      1.00000e+02      3.62695e-13
    5.41992e+00      1.48536e-05      1.00000e+02      3.02579e-13
    5.48210e+00      1.48167e-05      1.00000e+02      2.51134e-13
    5.54500e+00      1.47848e-05      1.00000e+02      2.07513e-13
    5.60861e+00      1.47572e-05      1.00000e+02      1.70661e-13
    5.67296e+00      1.47333e-05      1.00000e+02      1.39797e-13
    5.73804e+00      1.47126e-05      1.00000e+02      1.14156e-13
    5.80387e+00      1.46946e-05      1.00000e+02      9.30499e-14
    5.87046e+00      1.46787e-05      1.00000e+02      7.57579e-14
    5.93781e+00      1.46648e-05      1.00000e+02      6.17021e-14
    6.00593e+00      1.46524e-05      1.00000e+02      5.03847e-14
    6.07483e+00      1.46412e-05      1.00000e+02      4.12470e-14
    6.14453e+00      1.46311e-05      1.00000e+02      3.39336e-14
    6.21502e+00      1.46218e-05      1.00000e+02      2.81129e-14
    6.28633e+00      1.46131e-05      1.00000e+02      2.34470e-14
    6.35845e+00      1.46049e-05      1.00000e+02      1.97354e-14
    6.43140e+00      1.45972e-05      1.00000e+02      1.67659e-14
    6.50518e+00      1.45897e-05      1.00000e+02      1.43649e-14
    6.57981e+00      1.45826e-05      1.00000e+02      1.24499e-14
    6.65530e+00      1.45756e-05      1.00000e+02      1.08707e-14
    6.73166e+00      1.45687e-05      1.00000e+02      9.58221e-15
    6.80889e+00      1.45620e-05      1.00000e+02      8.50382e-15
    6.88700e+00      1.45554e-05      1.00000e+02      7.59830e-15
    6.96602e+00      1.45488e-05      1.00000e+02      6.82366e-15
    7.04593e+00      1.45423e-05      1.00000e+02      6.15079e-15
    7.12677e+00      1.45358e-05      1.00000e+02      5.56411e-15
    7.20853e+00      1.45294e-05      1.00000e+02      5.04124e-15
    7.29124e+00      1.45230e-05      1.00000e+02      4.57192e-15
    7.37489e+00      1.45166e-05      1.00000e+02      4.14683e-15
    7.45950e+00      1.45102e-05      1.00000e+02      3.75927e-15
    7.54508e+00      1.45038e-05      1.00000e+02      3.40314e-15
    7.63164e+00      1.44974e-05      1.00000e+02      3.07453e-15
    7.71920e+00      1.44911e-05      1.00000e+02      2.77080e-15
    7.80776e+00      1.44847e-05      1.00000e+02      2.48905e-15
    7.89733e+00      1.44784e-05      1.00000e+02      2.22911e-15
    7.98794e+00      1.44720e-05      1.00000e+02      1.98875e-15
    8.07958e+00      1.44657e-05      1.00000e+02      1.76696e-15
    8.17227e+00      1.44593e-05      1.00000e+02      1.56318e-15
    8.26603e+00      1.44529e-05      1.00000e+02      1.37585e-15
    8.36087e+00      1.44464e-05      1.00000e+02      1.20453e-15
    8.45679e+00      1.44400e-05      1.00000e+02      1.04847e-15
    8.55381e+00      1.44335e-05      1.00000e+02      9.07144e-16
    8.65195e+00      1.44270e-05      1.00000e+02      7.79252e-16
    8.75121e+00      1.44204e-05      1.00000e+02      6.64605e-16
    8.85161e+00      1.44137e-05      1.00000e+02      5.61610e-16
    8.95316e+00      1.44071e-05      1.00000e+02      4.70138e-16
    9.05588e+00      1.44004e-05      1.00000e+02      3.89880e-16
    9.15977e+00      1.43936e-05      1.00000e+02      3.19146e-16
    9.26486e+00      1.43868e-05      1.00000e+02      2.58016e-16
    9.37116e+00      1.43800e-05      1.00000e+02      2.05096e-16
    9.47867e+00      1.43731e-05      1.00000e+02      1.60433e-16
    9.58742e+00      1.43661e-05      1.00000e+02      1.23073e-16
    9.69741e+00      1.43591e-05      1.00000e+02      9.21370e-17
    9.80867e+00      1.43520e-05      1.00000e+02      6.73945e-17
    9.92120e+00      1.43449e-05      1.00000e+02      4.79163e-17
    1.00350e+01      1.43377e-05      1.00000e+02      3.32312e-17
    1.01502e+01      1.43304e-05      1.00000e+02      2.27734e-17
    1.02666e+01      1.43230e-05      1.00000e+02      1.55642e-17
    1.03844e+01      1.43156e-05      1.00000e+02      1.06031e-17
    1.05035e+01      1.43081e-05      1.00000e+02      7.43085e-18
    1.06240e+01      1.43005e-05      1.00000e+02      5.24302e-18
    1.07459e+01      1.42928e-05      1.00000e+02      3.90428e-18
    1.08692e+01      1.42850e-05      1.00000e+02      2.97677e-18
    1.09939e+01      1.42771e-05      1.00000e+02      2.19543e-18
    1.11200e+01      1.42692e-05      1.00000e+02      1.55402e-18
    1.12476e+01      1.42613e-05      1.00000e+02      1.04696e-18
    1.13767e+01      1.42532e-05      1.00000e+02      6.62877e-19
    1.15072e+01      1.42451e-05      1.00000e+02      3.92778e-19
    1.16392e+01      1.42368e-05      1.00000e+02      2.16033e-19
    1.17727e+01      1.42285e-05      1.00000e+02      1.04191e-19
    1.19078e+01      1.42201e-05      1.00000e+02      4.34833e-20
    1.20444e+01      1.42116e-05      1.00000e+02      1.06384e-20
    1.21826e+01      1.42031e-05      1.00000e+02      -1.13103e-189
    1.23224e+01      1.41944e-05      1.00000e+02      -1.11563e-189
    1.24637e+01      1.41857e-05      1.00000e+02      -1.10041e-189
    1.26067e+01      1.41768e-05      1.00000e+02      -1.08536e-189
    1.27514e+01      1.41679e-05      1.00000e+02      -1.07048e-189
    1.28977e+01      1.41589e-05      1.00000e+02      -1.05577e-189
    1.30456e+01      1.41498e-05      1.00000e+02      -1.04122e-189
    1.31953e+01      1.41406e-05      1.00000e+02      -1.02683e-189
    1.33467e+01      1.41314e-05      1.00000e+02      -1.01261e-189
    1.34998e+01      1.41220e-05      1.00000e+02      -9.98547e-190
    1.36547e+01      1.41125e-05      1.00000e+02      -9.84644e-190
    1.38113e+01      1.41029e-05      1.00000e+02      -9.70897e-190
    1.39698e+01      1.40933e-05      1.00000e+02      -9.57309e-190
    1.41301e+01      1.40834e-05      1.00000e+02      -9.43874e-190
    1.42922e+01      1.40734e-05      1.00000e+02      -9.30591e-190
    1.44562e+01      1.40634e-05      1.00000e+02      -9.17460e-190
    1.46220e+01      1.40534e-05      1.00000e+02      -9.04478e-190
    1.47898e+01      1.40432e-05      1.00000e+02      -8.91646e-190
    1.49594e+01      1.40329e-05      1.00000e+02      -8.78958e-190
    1.51311e+01      1.40225e-05      1.00000e+02      -8.66418e-190
    1.53047e+01      1.40119e-05      1.00000e+02      -8.54021e-190
    1.54803e+01      1.40013e-05      1.00000e+02      -8.41766e-190
    1.56579e+01      1.39905e-05      1.00000e+02      -8.29652e-190
    1.58375e+01      1.39797e-05      1.00000e+02      -8.17678e-190
    1.60192e+01      1.39687e-05      1.00000e+02      -8.05842e-190
    1.62030e+01      1.39577e-05      1.00000e+02      -7.94143e-190
    1.63889e+01      1.39465e-05      1.00000e+02      -7.82579e-190
    1.65769e+01      1.39352e-05      1.00000e+02      -7.71150e-190
    1.67671e+01      1.39238e-05      1.00000e+02      -7.59852e-190
    1.69594e+01      1.39123e-05      1.00000e+02      -7.48687e-190
    1.71540e+01      1.39005e-05      1.00000e+02      -7.37652e-190
    1.73508e+01      1.38888e-05      1.00000e+02      -7.26745e-190
    1.75499e+01      1.38769e-05      1.00000e+02      -7.15967e-190
    1.77512e+01      1.38649e-05      1.00000e+02      -7.05314e-190
    1.79549e+01      1.38528e-05      1.00000e+02      -6.94787e-190
    1.81609e+01      1.38406e-05      1.00000e+02      -6.84382e-190
    1.83692e+01      1.38282e-05      1.00000e+02      -6.74102e-190
    1.85800e+01      1.38158e-05      1.00000e+02      -6.63942e-190
    1.87932e+01      1.38032e-05      1.00000e+02      -6.53902e-190
    1.90088e+01      1.37904e-05      1.00000e+02      -6.43981e-190
    1.92268e+01      1.37776e-05      1.00000e+02      -6.34179e-190
    1.94474e+01      1.37646e-05      1.00000e+02      -6.24492e-190
    1.96705e+01      1.37515e-05      1.00000e+02      -6.14921e-190
    1.98962e+01      1.37383e-05      1.00000e+02      -6.05465e-190
    2.01245e+01      1.37249e-05      1.00000e+02      -5.96121e-190
    2.03554e+01      1.37114e-05      1.00000e+02      -5.86890e-190
    2.05889e+01      1.36978e-05      1.00000e+02      -5.77770e-190
    2.08251e+01      1.36841e-05      1.00000e+02      -5.68759e-190
    2.10640e+01      1.36702e-05      1.00000e+02      -5.59857e-190
    2.13057e+01      1.36561e-05      1.00000e+02      -5.51063e-190
    2.15501e+01      1.36420e-05      1.00000e+02      -5.42376e-190
    2.17974e+01      1.36277e-05      1.00000e+02      -5.33794e-190
    2.20475e+01      1.36132e-05      1.00000e+02      -5.25316e-190
    2.23004e+01      1.35986e-05      1.00000e+02      -5.16942e-190
    2.25563e+01      1.35839e-05      1.00000e+02      -5.08671e-190
    2.28150e+01      1.35690e-05      1.00000e+02      -5.00501e-190
    2.30768e+01      1.35540e-05      1.00000e+02      -4.92432e-190
    2.33416e+01      1.35388e-05      1.00000e+02      -4.84462e-190
    2.36093e+01      1.35235e-05      1.00000e+02      -4.76590e-190
    2.38802e+01      1.35080e-05      1.00000e+02      -4.68816e-190
    2.41542e+01      1.34924e-05      1.00000e+02      -4.61139e-190
    2.44313e+01      1.34766e-05      1.00000e+02      -4.53557e-190
    2.47116e+01      1.34606e-05      1.00000e+02      -4.46070e-190
    2.49951e+01      1.34446e-05      1.00000e+02      -4.38677e-190
    2.52819e+01      1.34284e-05      1.00000e+02      -4.31377e-190
    2.55719e+01      1.34120e-05      1.00000e+02      -4.24168e-190
    2.58653e+01      1.33954e-05      1.00000e+02      -4.17051e-190
    2.61621e+01      1.33787e-05      1.00000e+02      -4.10024e-190
    2.64622e+01      1.33619e-05      1.00000e+02      -4.03086e-190
    2.67658e+01      1.33449e-05      1.00000e+02      -3.96236e-190
    2.70729e+01      1.33277e-05      1.00000e+02      -3.89474e-190
    2.73835e+01      1.33104e-05      1.00000e+02      -3.82799e-190
    2.76977e+01      1.32929e-05      1.00000e+02      -3.76209e-190
    2.80154e+01      1.32751e-05      1.00000e+02      -3.69705e-190
    2.83369e+01      1.32572e-05      1.00000e+02      -3.63285e-190
    2.86620e+01      1.32392e-05      1.00000e+02      -3.56948e-190
    2.89908e+01      1.32209e-05      1.00000e+02      -3.50693e-190
    2.93234e+01      1.32025e-05      1.00000e+02      -3.44520e-190
    2.96598e+01      1.31840e-05      1.00000e+02      -3.38429e-190
    3.00001e+01      1.31652e-05      1.00000e+02      -3.32417e-190
