    Er (keV)         SM dN/dE         BG dN/dE        BSM dN/dE (events/kg/day/keV)
    2.01000e-02      1.19112e-01      1.00000e+01      7.48102e-04
    2.04064e-02      1.18131e-01      1.00000e+01      7.59504e-04
    2.07174e-02      1.17135e-01      1.00000e+01      7.71081e-04
    2.10332e-02      1.16123e-01      1.00000e+01      7.82835e-04
    2.13539e-02      1.15096e-01      1.00000e+01      7.94769e-04
    2.16794e-02      1.14054e-01      1.00000e+01      8.06886e-04
    2.20100e-02      1.12995e-01      1.00000e+01      8.19188e-04
    2.23456e-02      1.11920e-01      1.00000e+01      8.31679e-04
    2.26864e-02      1.10829e-01      1.00000e+01      8.44362e-04
    2.30323e-02      1.09721e-01      1.00000e+01      8.57238e-04
    2.33836e-02      1.08595e-01      1.00000e+01      8.70312e-04
    2.37403e-02      1.07453e-01      1.00000e+01      8.83586e-04
    2.41024e-02      1.06293e-01      1.00000e+01      8.97063e-04
    2.44701e-02      1.05116e-01      1.00000e+01      9.10747e-04
    2.48434e-02      1.03920e-01      1.00000e+01      9.24640e-04
    2.52224e-02      1.02706e-01      1.00000e+01      9.38747e-04
    2.56072e-02      1.01474e-01      1.00000e+01      9.53069e-04
    2.59979e-02      1.00222e-01      1.00000e+01      9.67611e-04
    2.63946e-02      9.89517e-02      1.00000e+01      9.82375e-04
    2.67974e-02      9.76616e-02      1.00000e+01      9.97366e-04
    2.72064e-02      9.63518e-02      1.00000e+01      1.01259e-03
    2.76216e-02      9.50220e-02      1.00000e+01      1.02804e-03
    2.80431e-02      9.36719e-02      1.00000e+01      1.04373e-03
    2.84712e-02      9.23011e-02      1.00000e+01      1.05966e-03
    2.89058e-02      9.09093e-02      1.00000e+01      1.07583e-03
    2.93470e-02      8.94961e-02      1.00000e+01      1.09225e-03
    2.97950e-02      8.80613e-02      1.00000e+01      1.10892e-03
    3.02499e-02      8.66046e-02      1.00000e+01      1.12585e-03
    3.07117e-02      8.51255e-02      1.00000e+01      1.14304e-03
    3.11806e-02      8.36238e-02      1.00000e+01      1.16049e-03
    3.16567e-02      8.20990e-02      1.00000e+01      1.17821e-03
    3.21401e-02      8.05509e-02      1.00000e+01      1.19620e-03
    3.26309e-02      7.89791e-02      1.00000e+01      1.21446e-03
    3.31292e-02      7.73833e-02      1.00000e+01      1.23300e-03
    3.36351e-02      7.57629e-02      1.00000e+01      1.25183e-03
    3.41488e-02      7.41178e-02      1.00000e+01      1.27095e-03
    3.46704e-02      7.24474e-02      1.00000e+01      1.29036e-03
    3.51999e-02      7.07515e-02      1.00000e+01      1.31007e-03
    3.57376e-02      6.90296e-02      1.00000e+01      1.33008e-03
    3.62835e-02      6.72814e-02      1.00000e+01      1.35039e-03
    3.68377e-02      6.55065e-02      1.00000e+01      1.37102e-03
    3.74005e-02      6.37044e-02      1.00000e+01      1.39197e-03
    3.79718e-02      6.18746e-02      1.00000e+01      1.41323e-03
    3.85520e-02      6.00169e-02      1.00000e+01      1.43482e-03
    3.91410e-02      5.81307e-02      1.00000e+01      1.45674e-03
    3.97390e-02      5.62155e-02      1.00000e+01      1.47900e-03
    4.03462e-02      5.42711e-02      1.00000e+01      1.50160e-03
    4.09627e-02      5.22969e-02      1.00000e+01      1.52455e-03
    4.15886e-02      5.02924e-02      1.00000e+01      1.54784e-03
    4.22241e-02      4.82572e-02      1.00000e+01      1.57149e-03
    4.28694e-02      4.61909e-02      1.00000e+01      1.59551e-03
    4.35245e-02      4.40929e-02      1.00000e+01      1.61989e-03
    4.41897e-02      4.19628e-02      1.00000e+01      1.64465e-03
    4.48651e-02      3.98002e-02      1.00000e+01      1.66978e-03
    4.55508e-02      3.76044e-02      1.00000e+01      1.69529e-03
    4.62470e-02      3.53751e-02      1.00000e+01      1.72120e-03
    4.69539e-02      3.31115e-02      1.00000e+01      1.74750e-03
    4.76716e-02      3.08133e-02      1.00000e+01      1.77421e-03
    4.84003e-02      2.84799e-02      1.00000e+01      1.80133e-03
    4.91401e-02      2.61108e-02      1.00000e+01      1.82886e-03
    4.98913e-02      2.37054e-02      1.00000e+01      1.85681e-03
    5.06540e-02      2.12631e-02      1.00000e+01      1.88519e-03
    5.14284e-02      1.87834e-02      1.00000e+01      1.91400e-03
    5.22146e-02      1.62657e-02      1.00000e+01      1.94326e-03
    5.30129e-02      1.48870e-02      1.00000e+01      1.97297e-03
    5.38235e-02      1.36624e-02      1.00000e+01      2.00313e-03
    5.46464e-02      1.24189e-02      1.00000e+01      2.03375e-03
    5.54819e-02      1.11565e-02      1.00000e+01      2.06484e-03
    5.63303e-02      9.87470e-03      1.00000e+01      2.09641e-03
    5.71916e-02      8.57327e-03      1.00000e+01      2.12846e-03
    5.80661e-02      7.25190e-03      1.00000e+01      2.16100e-03
    5.89540e-02      5.91030e-03      1.00000e+01      2.19404e-03
    5.98556e-02      4.54814e-03      1.00000e+01      2.22759e-03
    6.07709e-02      3.34997e-03      1.00000e+01      2.26165e-03
    6.17002e-02      3.31945e-03      1.00000e+01      2.29623e-03
    6.26438e-02      3.28847e-03      1.00000e+01      2.33134e-03
    6.36019e-02      3.25701e-03      1.00000e+01      2.36698e-03
    6.45746e-02      3.22507e-03      1.00000e+01      2.40317e-03
    6.55622e-02      3.19264e-03      1.00000e+01      2.43992e-03
    6.65650e-02      3.15972e-03      1.00000e+01      2.47723e-03
    6.75831e-02      3.12629e-03      1.00000e+01      2.51511e-03
    6.86168e-02      3.09234e-03      1.00000e+01      2.55357e-03
    6.96663e-02      3.05788e-03      1.00000e+01      2.59262e-03
    7.07319e-02      3.02290e-03      1.00000e+01      2.63227e-03
    7.18138e-02      2.98738e-03      1.00000e+01      2.67253e-03
    7.29124e-02      2.95131e-03      1.00000e+01      2.71341e-03
    7.40277e-02      2.91469e-03      1.00000e+01      2.75491e-03
    7.51601e-02      2.87751e-03      1.00000e+01      2.79705e-03
    7.63099e-02      2.83976e-03      1.00000e+01      2.83983e-03
    7.74773e-02      2.80144e-03      1.00000e+01      2.88327e-03
    7.86625e-02      2.76253e-03      1.00000e+01      2.92737e-03
    7.98659e-02      2.72302e-03      1.00000e+01      2.97215e-03
    8.10878e-02      2.68291e-03      1.00000e+01      3.01761e-03
    8.23283e-02      2.64219e-03      1.00000e+01      3.06377e-03
    8.35879e-02      2.60084e-03      1.00000e+01      3.11064e-03
    8.48668e-02      2.55886e-03      1.00000e+01      3.15823e-03
    8.61652e-02      2.51624e-03      1.00000e+01      3.20654e-03
    8.74836e-02      2.47297e-03      1.00000e+01      3.25559e-03
    8.88221e-02      2.42903e-03      1.00000e+01      3.30540e-03
    9.01812e-02      2.38442e-03      1.00000e+01      3.35596e-03
    9.15610e-02      2.33913e-03      1.00000e+01      3.40731e-03
    9.29620e-02      2.29314e-03      1.00000e+01      3.45943e-03
    9.43845e-02      2.24646e-03      1.00000e+01      3.51225e-03
    9.58287e-02      2.19906e-03      1.00000e+01      3.56561e-03
    9.72951e-02      2.15093e-03      1.00000e+01      3.61978e-03
    9.87839e-02      2.10207e-03      1.00000e+01      3.67478e-03
    1.00296e-01      2.05246e-03      1.00000e+01      3.73063e-03
    1.01830e-01      2.00209e-03      1.00000e+01      3.78733e-03
    1.03389e-01      1.95095e-03      1.00000e+01      3.84462e-03
    1.04971e-01      1.89903e-03      1.00000e+01      3.90267e-03
    1.06577e-01      1.84632e-03      1.00000e+01      3.96161e-03
    1.08208e-01      1.79279e-03      1.00000e+01      4.02146e-03
    1.09864e-01      1.73845e-03      1.00000e+01      4.08222e-03
    1.11546e-01      1.68328e-03      1.00000e+01      4.14364e-03
    1.13253e-01      1.62727e-03      1.00000e+01      4.20578e-03
    1.14986e-01      1.57039e-03      1.00000e+01      4.26887e-03
    1.16746e-01      1.51265e-03      1.00000e+01      4.33293e-03
    1.18533e-01      1.45403e-03      1.00000e+01      4.39797e-03
    1.20347e-01      1.39451e-03      1.00000e+01      4.46442e-03
    1.22189e-01      1.33408e-03      1.00000e+01      4.53202e-03
    1.24059e-01      1.27272e-03      1.00000e+01      4.60066e-03
    1.25958e-01      1.21042e-03      1.00000e+01      4.67034e-03
    1.27885e-01      1.14718e-03      1.00000e+01      4.74102e-03
    1.29843e-01      1.08297e-03      1.00000e+01      4.81261e-03
    1.31830e-01      1.01777e-03      1.00000e+01      4.88530e-03
    1.33848e-01      9.51578e-04      1.00000e+01      4.95910e-03
    1.35897e-01      8.84372e-04      1.00000e+01      5.03399e-03
    1.37977e-01      8.16142e-04      1.00000e+01      5.10976e-03
    1.40089e-01      7.46868e-04      1.00000e+01      5.18669e-03
    1.42233e-01      6.76532e-04      1.00000e+01      5.26479e-03
    1.44410e-01      6.05530e-04      1.00000e+01      5.34408e-03
    1.46621e-01      5.34944e-04      1.00000e+01      5.42452e-03
    1.48865e-01      4.63276e-04      1.00000e+01      5.50620e-03
    1.51144e-01      3.90510e-04      1.00000e+01      5.58912e-03
    1.53458e-01      3.31987e-04      1.00000e+01      5.67324e-03
    1.55807e-01      2.87259e-04      1.00000e+01      5.75858e-03
    1.58192e-01      2.41846e-04      1.00000e+01      5.84522e-03
    1.60614e-01      1.96077e-04      1.00000e+01      5.93319e-03
    1.63072e-01      1.95813e-04      1.00000e+01      6.02237e-03
    1.65569e-01      1.95545e-04      1.00000e+01      6.11293e-03
    1.68104e-01      1.95273e-04      1.00000e+01      6.20486e-03
    1.70677e-01      1.94999e-04      1.00000e+01      6.29811e-03
    1.73290e-01      1.94721e-04      1.00000e+01      6.39273e-03
    1.75943e-01      1.94439e-04      1.00000e+01      6.48881e-03
    1.78636e-01      1.94154e-04      1.00000e+01      6.58631e-03
    1.81371e-01      1.93867e-04      1.00000e+01      6.68525e-03
    1.84148e-01      1.93575e-04      1.00000e+01      6.78570e-03
    1.86967e-01      1.93279e-04      1.00000e+01      6.88763e-03
    1.89830e-01      1.92980e-04      1.00000e+01      6.99106e-03
    1.92736e-01      1.92677e-04      1.00000e+01      7.09607e-03
    1.95687e-01      1.92371e-04      1.00000e+01      7.20260e-03
    1.98683e-01      1.92062e-04      1.00000e+01      7.31072e-03
    2.01724e-01      1.91747e-04      1.00000e+01      7.42050e-03
    2.04813e-01      1.91431e-04      1.00000e+01      7.53185e-03
    2.07949e-01      1.91111e-04      1.00000e+01      7.64488e-03
    2.11132e-01      1.90786e-04      1.00000e+01      7.75968e-03
    2.14365e-01      1.90459e-04      1.00000e+01      7.87641e-03
    2.17647e-01      1.90127e-04      1.00000e+01      7.99494e-03
    2.20980e-01      1.89791e-04      1.00000e+01      8.11343e-03
    2.24363e-01      1.89452e-04      1.00000e+01      8.23261e-03
    2.27798e-01      1.89108e-04      1.00000e+01      8.35437e-03
    2.31286e-01      1.88761e-04      1.00000e+01      8.48185e-03
    2.34827e-01      1.88409e-04      1.00000e+01      8.61128e-03
    2.38423e-01      1.88054e-04      1.00000e+01      8.74253e-03
    2.42074e-01      1.87694e-04      1.00000e+01      8.87574e-03
    2.45780e-01      1.87330e-04      1.00000e+01      9.00969e-03
    2.49543e-01      1.86962e-04      1.00000e+01      9.14442e-03
    2.53364e-01      1.86590e-04      1.00000e+01      9.28059e-03
    2.57244e-01      1.86214e-04      1.00000e+01      9.41740e-03
    2.61183e-01      1.85833e-04      1.00000e+01      9.55662e-03
    2.65182e-01      1.85449e-04      1.00000e+01      9.69970e-03
    2.69242e-01      1.85060e-04      1.00000e+01      9.84495e-03
    2.73365e-01      1.84668e-04      1.00000e+01      9.99234e-03
    2.77551e-01      1.84269e-04      1.00000e+01      1.01420e-02
    2.81801e-01      1.83868e-04      1.00000e+01      1.02938e-02
    2.86116e-01      1.83461e-04      1.00000e+01      1.04479e-02
    2.90497e-01      1.83051e-04      1.00000e+01      1.06042e-02
    2.94946e-01      1.82635e-04      1.00000e+01      1.07629e-02
    2.99462e-01      1.82216e-04      1.00000e+01      1.09239e-02
    3.04048e-01      1.81791e-04      1.00000e+01      1.10873e-02
    3.08703e-01      1.81363e-04      1.00000e+01      1.12531e-02
    3.13431e-01      1.80929e-04      1.00000e+01      1.14214e-02
    3.18230e-01      1.80490e-04      1.00000e+01      1.15923e-02
    3.23103e-01      1.80048e-04      1.00000e+01      1.17656e-02
    3.28051e-01      1.79601e-04      1.00000e+01      1.19410e-02
    3.33075e-01      1.79149e-04      1.00000e+01      1.21165e-02
    3.38175e-01      1.78692e-04      1.00000e+01      1.22978e-02
    3.43354e-01      1.78230e-04      1.00000e+01      1.24847e-02
    3.48612e-01      1.77764e-04      1.00000e+01      1.26715e-02
    3.53950e-01      1.77292e-04      1.00000e+01      1.28609e-02
    3.59370e-01      1.76815e-04      1.00000e+01      1.30530e-02
    3.64874e-01      1.76334e-04      1.00000e+01      1.32480e-02
    3.70461e-01      1.75847e-04      1.00000e+01      1.34449e-02
    3.76134e-01      1.75355e-04      1.00000e+01      1.36424e-02
    3.81894e-01      1.74859e-04      1.00000e+01      1.38484e-02
    3.87743e-01      1.74357e-04      1.00000e+01      1.40574e-02
    3.93681e-01      1.73851e-04      1.00000e+01      1.42678e-02
    3.99710e-01      1.73340e-04      1.00000e+01      1.44802e-02
    4.05831e-01      1.72823e-04      1.00000e+01      1.46979e-02
    4.12046e-01      1.72300e-04      1.00000e+01      1.49186e-02
    4.18356e-01      1.71773e-04      1.00000e+01      1.51377e-02
    4.24763e-01      1.71241e-04      1.00000e+01      1.53631e-02
    4.31268e-01      1.70704e-04      1.00000e+01      1.55920e-02
    4.37872e-01      1.70161e-04      1.00000e+01      1.58242e-02
    4.44578e-01      1.69612e-04      1.00000e+01      1.60599e-02
    4.51386e-01      1.69058e-04      1.00000e+01      1.62990e-02
    4.58299e-01      1.68499e-04      1.00000e+01      1.65416e-02
    4.65318e-01      1.67934e-04      1.00000e+01      1.67877e-02
    4.72444e-01      1.67364e-04      1.00000e+01      1.70374e-02
    4.79679e-01      1.66788e-04      1.00000e+01      1.72908e-02
    4.87026e-01      1.66207e-04      1.00000e+01      1.75479e-02
    4.94484e-01      1.65620e-04      1.00000e+01      1.78085e-02
    5.02057e-01      1.65028e-04      1.00000e+01      1.80732e-02
    5.09746e-01      1.64430e-04      1.00000e+01      1.83417e-02
    5.17553e-01      1.63826e-04      1.00000e+01      1.86140e-02
    5.25479e-01      1.63218e-04      1.00000e+01      1.88903e-02
    5.33527e-01      1.62603e-04      1.00000e+01      1.91706e-02
    5.41698e-01      1.61983e-04      1.00000e+01      1.94551e-02
    5.49994e-01      1.61358e-04      1.00000e+01      1.97437e-02
    5.58417e-01      1.60728e-04      1.00000e+01      2.00365e-02
    5.66970e-01      1.60092e-04      1.00000e+01      2.03396e-02
    5.75653e-01      1.59450e-04      1.00000e+01      2.06425e-02
    5.84469e-01      1.58802e-04      1.00000e+01      2.09481e-02
    5.93421e-01      1.58148e-04      1.00000e+01      2.12582e-02
    6.02509e-01      1.57489e-04      1.00000e+01      2.15731e-02
    6.11737e-01      1.56824e-04      1.00000e+01      2.18926e-02
    6.21106e-01      1.56155e-04      1.00000e+01      2.22166e-02
    6.30618e-01      1.55479e-04      1.00000e+01      2.25452e-02
    6.40276e-01      1.54797e-04      1.00000e+01      2.28785e-02
    6.50083e-01      1.54109e-04      1.00000e+01      2.32165e-02
    6.60039e-01      1.53415e-04      1.00000e+01      2.35524e-02
    6.70148e-01      1.52715e-04      1.00000e+01      2.39003e-02
    6.80412e-01      1.52009e-04      1.00000e+01      2.42535e-02
    6.90833e-01      1.51298e-04      1.00000e+01      2.46118e-02
    7.01413e-01      1.50582e-04      1.00000e+01      2.49752e-02
    7.12156e-01      1.49859e-04      1.00000e+01      2.53440e-02
    7.23063e-01      1.49131e-04      1.00000e+01      2.57183e-02
    7.34137e-01      1.48397e-04      1.00000e+01      2.60978e-02
    7.45381e-01      1.47657e-04      1.00000e+01      2.64822e-02
    7.56798e-01      1.46912e-04      1.00000e+01      2.68723e-02
    7.68389e-01      1.46161e-04      1.00000e+01      2.72699e-02
    7.80157e-01      1.45405e-04      1.00000e+01      2.76688e-02
    7.92106e-01      1.44642e-04      1.00000e+01      2.80792e-02
    8.04238e-01      1.43874e-04      1.00000e+01      2.84936e-02
    8.16556e-01      1.43100e-04      1.00000e+01      2.89134e-02
    8.29062e-01      1.42320e-04      1.00000e+01      2.93380e-02
    8.41760e-01      1.41535e-04      1.00000e+01      2.97664e-02
    8.54653e-01      1.40745e-04      1.00000e+01      3.02065e-02
    8.67743e-01      1.39949e-04      1.00000e+01      3.06542e-02
    8.81033e-01      1.39147e-04      1.00000e+01      3.11117e-02
    8.94527e-01      1.38340e-04      1.00000e+01      3.15677e-02
    9.08228e-01      1.37527e-04      1.00000e+01      3.20258e-02
    9.22139e-01      1.36709e-04      1.00000e+01      3.24963e-02
    9.36262e-01      1.35885e-04      1.00000e+01      3.29734e-02
    9.50602e-01      1.35056e-04      1.00000e+01      3.34573e-02
    9.65162e-01      1.34221e-04      1.00000e+01      3.39479e-02
    9.79945e-01      1.33380e-04      1.00000e+01      3.44459e-02
    9.94954e-01      1.32535e-04      1.00000e+01      3.49511e-02
    1.01019e+00      1.31684e-04      1.00000e+01      3.54635e-02
    1.02567e+00      1.30828e-04      1.00000e+01      3.59825e-02
    1.04138e+00      1.29968e-04      1.00000e+01      3.65091e-02
    1.05733e+00      1.29102e-04      1.00000e+01      3.70444e-02
    1.07352e+00      1.28231e-04      1.00000e+01      3.75867e-02
    1.08996e+00      1.27355e-04      1.00000e+01      3.81348e-02
    1.10666e+00      1.26474e-04      1.00000e+01      3.86921e-02
    1.12361e+00      1.25587e-04      1.00000e+01      3.92573e-02
    1.14082e+00      1.24696e-04      1.00000e+01      3.98311e-02
    1.15829e+00      1.23800e-04      1.00000e+01      4.04122e-02
    1.17603e+00      1.22899e-04      1.00000e+01      4.09917e-02
    1.19404e+00      1.21993e-04      1.00000e+01      4.16065e-02
    1.21233e+00      1.21083e-04      1.00000e+01      4.22061e-02
    1.23090e+00      1.20169e-04      1.00000e+01      4.28211e-02
    1.24976e+00      1.19251e-04      1.00000e+01      4.34449e-02
    1.26890e+00      1.18328e-04      1.00000e+01      4.40775e-02
    1.28833e+00      1.17401e-04      1.00000e+01      4.47190e-02
    1.30807e+00      1.16469e-04      1.00000e+01      4.53697e-02
    1.32810e+00      1.15533e-04      1.00000e+01      4.60294e-02
    1.34844e+00      1.14593e-04      1.00000e+01      4.66986e-02
    1.36910e+00      1.13650e-04      1.00000e+01      4.73769e-02
    1.39007e+00      1.12702e-04      1.00000e+01      4.80646e-02
    1.41136e+00      1.11750e-04      1.00000e+01      4.87630e-02
    1.43298e+00      1.10793e-04      1.00000e+01      4.94686e-02
    1.45493e+00      1.09833e-04      1.00000e+01      5.01862e-02
    1.47721e+00      1.08871e-04      1.00000e+01      5.09174e-02
    1.49984e+00      1.07905e-04      1.00000e+01      5.16627e-02
    1.52281e+00      1.06937e-04      1.00000e+01      5.24107e-02
    1.54613e+00      1.05965e-04      1.00000e+01      5.31617e-02
    1.56982e+00      1.04990e-04      1.00000e+01      5.39308e-02
    1.59386e+00      1.04012e-04      1.00000e+01      5.47108e-02
    1.61827e+00      1.03032e-04      1.00000e+01      5.55011e-02
    1.64306e+00      1.02048e-04      1.00000e+01      5.63022e-02
    1.66823e+00      1.01062e-04      1.00000e+01      5.71155e-02
    1.69378e+00      1.00073e-04      1.00000e+01      5.79396e-02
    1.71972e+00      9.90825e-05      1.00000e+01      5.87752e-02
    1.74607e+00      9.80897e-05      1.00000e+01      5.96239e-02
    1.77281e+00      9.70946e-05      1.00000e+01      6.04816e-02
    1.79996e+00      9.60975e-05      1.00000e+01      6.13511e-02
    1.82753e+00      9.50990e-05      1.00000e+01      6.22334e-02
    1.85553e+00      9.40987e-05      1.00000e+01      6.31285e-02
    1.88395e+00      9.30968e-05      1.00000e+01      6.40270e-02
    1.91280e+00      9.20935e-05      1.00000e+01      6.49546e-02
    1.94210e+00      9.10892e-05      1.00000e+01      6.58868e-02
    1.97185e+00      9.00851e-05      1.00000e+01      6.68318e-02
    2.00205e+00      8.90799e-05      1.00000e+01      6.77900e-02
    2.03272e+00      8.80739e-05      1.00000e+01      6.87610e-02
    2.06386e+00      8.70669e-05      1.00000e+01      6.97461e-02
    2.09547e+00      8.60594e-05      1.00000e+01      7.07435e-02
    2.12756e+00      8.50515e-05      1.00000e+01      7.17551e-02
    2.16015e+00      8.40435e-05      1.00000e+01      7.27774e-02
    2.19324e+00      8.30367e-05      1.00000e+01      7.38223e-02
    2.22684e+00      8.20316e-05      1.00000e+01      7.48747e-02
    2.26094e+00      8.10262e-05      1.00000e+01      7.59437e-02
    2.29558e+00      8.00210e-05      1.00000e+01      7.70257e-02
    2.33074e+00      7.90163e-05      1.00000e+01      7.81317e-02
    2.36644e+00      7.80137e-05      1.00000e+01      7.92434e-02
    2.40269e+00      7.70124e-05      1.00000e+01      8.03696e-02
    2.43949e+00      7.60128e-05      1.00000e+01      8.15043e-02
    2.47685e+00      7.50133e-05      1.00000e+01      8.26611e-02
    2.51479e+00      7.40171e-05      1.00000e+01      8.38348e-02
    2.55331e+00      7.30234e-05      1.00000e+01      8.50238e-02
    2.59242e+00      7.20322e-05      1.00000e+01      8.62286e-02
    2.63213e+00      7.10440e-05      1.00000e+01      8.74531e-02
    2.67245e+00      7.00582e-05      1.00000e+01      8.86871e-02
    2.71338e+00      6.90748e-05      1.00000e+01      8.99370e-02
    2.75495e+00      6.80949e-05      1.00000e+01      9.12071e-02
    2.79715e+00      6.71177e-05      1.00000e+01      9.24989e-02
    2.83999e+00      6.61444e-05      1.00000e+01      9.38035e-02
    2.88349e+00      6.51758e-05      1.00000e+01      9.51258e-02
    2.92766e+00      6.42106e-05      1.00000e+01      9.64654e-02
    2.97250e+00      6.32505e-05      1.00000e+01      9.78242e-02
    3.01803e+00      6.22947e-05      1.00000e+01      9.91995e-02
    3.06426e+00      6.13441e-05      1.00000e+01      1.00593e-01
    3.11120e+00      6.03976e-05      1.00000e+01      1.02001e-01
    3.15886e+00      5.94572e-05      1.00000e+01      1.03436e-01
    3.20724e+00      5.85229e-05      1.00000e+01      1.04886e-01
    3.25637e+00      5.75933e-05      1.00000e+01      1.06364e-01
    3.30625e+00      5.66698e-05      1.00000e+01      1.07852e-01
    3.35689e+00      5.57518e-05      1.00000e+01      1.09351e-01
    3.40831e+00      5.48399e-05      1.00000e+01      1.10878e-01
    3.46052e+00      5.39362e-05      1.00000e+01      1.12424e-01
    3.51352e+00      5.30394e-05      1.00000e+01      1.13992e-01
    3.56734e+00      5.21490e-05      1.00000e+01      1.15579e-01
    3.62198e+00      5.12654e-05      1.00000e+01      1.17187e-01
    3.67746e+00      5.03903e-05      1.00000e+01      1.18819e-01
    3.73379e+00      4.95228e-05      1.00000e+01      1.20465e-01
    3.79099e+00      4.86623e-05      1.00000e+01      1.22127e-01
    3.84905e+00      4.78109e-05      1.00000e+01      1.23828e-01
    3.90801e+00      4.69683e-05      1.00000e+01      1.25542e-01
    3.96787e+00      4.61344e-05      1.00000e+01      1.27279e-01
    4.02865e+00      4.53096e-05      1.00000e+01      1.29037e-01
    4.09036e+00      4.44931e-05      1.00000e+01      1.30817e-01
    4.15302e+00      4.36859e-05      1.00000e+01      1.32621e-01
    4.21663e+00      4.28878e-05      1.00000e+01      1.34452e-01
    4.28122e+00      4.21003e-05      1.00000e+01      1.36305e-01
    4.34680e+00      4.13229e-05      1.00000e+01      1.38180e-01
    4.41338e+00      4.05561e-05      1.00000e+01      1.40068e-01
    4.48098e+00      3.97993e-05      1.00000e+01      1.41989e-01
    4.54962e+00      3.90518e-05      1.00000e+01      1.43934e-01
    4.61931e+00      3.83160e-05      1.00000e+01      1.45902e-01
    4.69006e+00      3.75919e-05      1.00000e+01      1.47896e-01
    4.76190e+00      3.68782e-05      1.00000e+01      1.49914e-01
    4.83485e+00      3.61756e-05      1.00000e+01      1.51963e-01
    4.90890e+00      3.54837e-05      1.00000e+01      1.54020e-01
    4.98410e+00      3.48047e-05      1.00000e+01      1.56120e-01
    5.06044e+00      3.41380e-05      1.00000e+01      1.58241e-01
    5.13796e+00      3.34825e-05      1.00000e+01      1.60387e-01
    5.21666e+00      3.28387e-05      1.00000e+01      1.62561e-01
    5.29656e+00      3.22079e-05      1.00000e+01      1.64759e-01
    5.37769e+00      3.15886e-05      1.00000e+01      1.66978e-01
    5.46007e+00      3.09818e-05      1.00000e+01      1.69234e-01
    5.54370e+00      3.03884e-05      1.00000e+01      1.71526e-01
    5.62862e+00      2.98074e-05      1.00000e+01      1.73837e-01
    5.71484e+00      2.92393e-05      1.00000e+01      1.76174e-01
    5.80238e+00      2.86838e-05      1.00000e+01      1.78529e-01
    5.89125e+00      2.81409e-05      1.00000e+01      1.80921e-01
    5.98150e+00      2.76115e-05      1.00000e+01      1.83343e-01
    6.07312e+00      2.70955e-05      1.00000e+01      1.85792e-01
    6.16614e+00      2.65929e-05      1.00000e+01      1.88276e-01
    6.26059e+00      2.61027e-05      1.00000e+01      1.90775e-01
    6.35649e+00      2.56255e-05      1.00000e+01      1.93316e-01
    6.45386e+00      2.51624e-05      1.00000e+01      1.95885e-01
    6.55272e+00      2.47127e-05      1.00000e+01      1.98483e-01
    6.65309e+00      2.42758e-05      1.00000e+01      2.01104e-01
    6.75500e+00      2.38514e-05      1.00000e+01      2.03762e-01
    6.85847e+00      2.34421e-05      1.00000e+01      2.06454e-01
    6.96353e+00      2.30450e-05      1.00000e+01      2.09185e-01
    7.07019e+00      2.26608e-05      1.00000e+01      2.11940e-01
    7.17849e+00      2.22903e-05      1.00000e+01      2.14717e-01
    7.28845e+00      2.19321e-05      1.00000e+01      2.17530e-01
    7.40009e+00      2.15873e-05      1.00000e+01      2.20379e-01
    7.51345e+00      2.12553e-05      1.00000e+01      2.23258e-01
    7.62854e+00      2.09363e-05      1.00000e+01      2.26175e-01
    7.74539e+00      2.06296e-05      1.00000e+01      2.29112e-01
    7.86403e+00      2.03350e-05      1.00000e+01      2.32090e-01
    7.98449e+00      2.00534e-05      1.00000e+01      2.35101e-01
    8.10679e+00      1.97839e-05      1.00000e+01      2.38140e-01
    8.23097e+00      1.95264e-05      1.00000e+01      2.41216e-01
    8.35705e+00      1.92803e-05      1.00000e+01      2.44335e-01
    8.48506e+00      1.90459e-05      1.00000e+01      2.47486e-01
    8.61503e+00      1.88235e-05      1.00000e+01      2.50664e-01
    8.74700e+00      1.86116e-05      1.00000e+01      2.53878e-01
    8.88098e+00      1.84106e-05      1.00000e+01      2.57120e-01
    9.01702e+00      1.82211e-05      1.00000e+01      2.60410e-01
    9.15514e+00      1.80410e-05      1.00000e+01      2.63728e-01
    9.29537e+00      1.78717e-05      1.00000e+01      2.67071e-01
    9.43776e+00      1.77119e-05      1.00000e+01      2.70461e-01
    9.58232e+00      1.75621e-05      1.00000e+01      2.73885e-01
    9.72910e+00      1.74213e-05      1.00000e+01      2.77342e-01
    9.87813e+00      1.72896e-05      1.00000e+01      2.80840e-01
    1.00294e+01      1.71665e-05      1.00000e+01      2.84366e-01
    1.01831e+01      1.70516e-05      1.00000e+01      2.87938e-01
    1.03391e+01      1.69446e-05      1.00000e+01      2.91548e-01
    1.04974e+01      1.68456e-05      1.00000e+01      2.95181e-01
    1.06582e+01      1.67536e-05      1.00000e+01      2.98863e-01
    1.08215e+01      1.66683e-05      1.00000e+01      3.02579e-01
    1.09872e+01      1.65902e-05      1.00000e+01      3.06318e-01
    1.11555e+01      1.65174e-05      1.00000e+01      3.10108e-01
    1.13264e+01      1.64512e-05      1.00000e+01      3.13929e-01
    1.14999e+01      1.63898e-05      1.00000e+01      3.17784e-01
    1.16761e+01      1.63339e-05      1.00000e+01      3.21686e-01
    1.18549e+01      1.62827e-05      1.00000e+01      3.25617e-01
    1.20365e+01      1.62358e-05      1.00000e+01      3.29591e-01
    1.22209e+01      1.61928e-05      1.00000e+01      3.33599e-01
    1.24081e+01      1.61534e-05      1.00000e+01      3.37646e-01
    1.25982e+01      1.61174e-05      1.00000e+01      3.41728e-01
    1.27911e+01      1.60844e-05      1.00000e+01      3.45843e-01
    1.29871e+01      1.60541e-05      1.00000e+01      3.50000e-01
    1.31860e+01      1.60259e-05      1.00000e+01      3.54196e-01
    1.33880e+01      1.59999e-05      1.00000e+01      3.58427e-01
    1.35931e+01      1.59756e-05      1.00000e+01      3.62693e-01
    1.38013e+01      1.59527e-05      1.00000e+01      3.66998e-01
    1.40127e+01      1.59311e-05      1.00000e+01      3.71339e-01
    1.42273e+01      1.59105e-05      1.00000e+01      3.75718e-01
    1.44452e+01      1.58907e-05      1.00000e+01      3.80132e-01
    1.46665e+01      1.58715e-05      1.00000e+01      3.84585e-01
    1.48912e+01      1.58528e-05      1.00000e+01      3.89076e-01
    1.51193e+01      1.58343e-05      1.00000e+01      3.93604e-01
    1.53509e+01      1.58160e-05      1.00000e+01      3.98165e-01
    1.55860e+01      1.57978e-05      1.00000e+01      4.02761e-01
    1.58248e+01      1.57796e-05      1.00000e+01      4.07394e-01
    1.60672e+01      1.57614e-05      1.00000e+01      4.12061e-01
    1.63133e+01      1.57431e-05      1.00000e+01      4.16765e-01
    1.65632e+01      1.57246e-05      1.00000e+01      4.21504e-01
    1.68169e+01      1.57058e-05      1.00000e+01      4.26280e-01
    1.70745e+01      1.56870e-05      1.00000e+01      4.31094e-01
    1.73360e+01      1.56679e-05      1.00000e+01      4.35940e-01
    1.76016e+01      1.56485e-05      1.00000e+01      4.40815e-01
    1.78712e+01      1.56288e-05      1.00000e+01      4.45724e-01
    1.81449e+01      1.56090e-05      1.00000e+01      4.50665e-01
    1.84229e+01      1.55888e-05      1.00000e+01      4.55637e-01
    1.87051e+01      1.55684e-05      1.00000e+01      4.60645e-01
    1.89916e+01      1.55477e-05      1.00000e+01      4.65688e-01
    1.92825e+01      1.55268e-05      1.00000e+01      4.70764e-01
    1.95779e+01      1.55055e-05      1.00000e+01      4.75867e-01
    1.98778e+01      1.54840e-05      1.00000e+01      4.80997e-01
    2.01822e+01      1.54621e-05      1.00000e+01      4.86157e-01
    2.04914e+01      1.54400e-05      1.00000e+01      4.91344e-01
    2.08053e+01      1.54176e-05      1.00000e+01      4.96562e-01
    2.11240e+01      1.53947e-05      1.00000e+01      5.01808e-01
    2.14475e+01      1.53715e-05      1.00000e+01      5.07085e-01
    2.17761e+01      1.53480e-05      1.00000e+01      5.12385e-01
    2.21096e+01      1.53242e-05      1.00000e+01      5.17708e-01
    2.24483e+01      1.53001e-05      1.00000e+01      5.23054e-01
    2.27922e+01      1.52756e-05      1.00000e+01      5.28422e-01
    2.31413e+01      1.52509e-05      1.00000e+01      5.33815e-01
    2.34958e+01      1.52258e-05      1.00000e+01      5.39237e-01
    2.38557e+01      1.52004e-05      1.00000e+01      5.44683e-01
    2.42211e+01      1.51747e-05      1.00000e+01      5.50147e-01
    2.45921e+01      1.51486e-05      1.00000e+01      5.55627e-01
    2.49688e+01      1.51220e-05      1.00000e+01      5.61122e-01
    2.53513e+01      1.50949e-05      1.00000e+01      5.66631e-01
    2.57396e+01      1.50675e-05      1.00000e+01      5.72155e-01
    2.61339e+01      1.50396e-05      1.00000e+01      5.77702e-01
    2.65342e+01      1.50113e-05      1.00000e+01      5.83259e-01
    2.69406e+01      1.49826e-05      1.00000e+01      5.88825e-01
    2.73533e+01      1.49536e-05      1.00000e+01      5.94400e-01
    2.77723e+01      1.49241e-05      1.00000e+01      5.99987e-01
    2.81977e+01      1.48943e-05      1.00000e+01      6.05582e-01
    2.86297e+01      1.48641e-05      1.00000e+01      6.11192e-01
    2.90682e+01      1.48333e-05      1.00000e+01      6.16804e-01
    2.95135e+01      1.48021e-05      1.00000e+01      6.22413e-01
    2.99656e+01      1.47703e-05      1.00000e+01      6.28022e-01
    3.04246e+01      1.47383e-05      1.00000e+01      6.33633e-01
    3.08906e+01      1.47056e-05      1.00000e+01      6.39243e-01
    3.13638e+01      1.46725e-05      1.00000e+01      6.44852e-01
    3.18442e+01      1.46390e-05      1.00000e+01      6.50456e-01
    3.23320e+01      1.46050e-05      1.00000e+01      6.56051e-01
    3.28273e+01      1.45705e-05      1.00000e+01      6.61640e-01
    3.33301e+01      1.45355e-05      1.00000e+01      6.67219e-01
    3.38406e+01      1.44999e-05      1.00000e+01      6.72783e-01
    3.43590e+01      1.44638e-05      1.00000e+01      6.78329e-01
    3.48853e+01      1.44271e-05      1.00000e+01      6.83860e-01
    3.54197e+01      1.43900e-05      1.00000e+01      6.89356e-01
    3.59622e+01      1.43520e-05      1.00000e+01      6.94843e-01
    3.65131e+01      1.43138e-05      1.00000e+01      7.00311e-01
    3.70724e+01      1.42754e-05      1.00000e+01      7.05751e-01
    3.76403e+01      1.42359e-05      1.00000e+01      7.11166e-01
    3.82169e+01      1.41958e-05      1.00000e+01      7.16550e-01
    3.88023e+01      1.41551e-05      1.00000e+01      7.21897e-01
    3.93966e+01      1.41140e-05      1.00000e+01      7.27196e-01
    4.00001e+01      1.40723e-05      1.00000e+01      7.32462e-01
