    Er (keV)         SM dN/dE         BG dN/dE        BSM dN/dE (events/kg/day/keV)
    5.01000e-02      1.11864e+02      1.00000e+01      1.41238e-10
    5.07438e-02      1.11151e+02      1.00000e+01      1.42891e-10
    5.13959e-02      1.10429e+02      1.00000e+01      1.44567e-10
    5.20564e-02      1.09698e+02      1.00000e+01      1.46263e-10
    5.27254e-02      1.08957e+02      1.00000e+01      1.47982e-10
    5.34030e-02      1.08207e+02      1.00000e+01      1.49722e-10
    5.40893e-02      1.07447e+02      1.00000e+01      1.51485e-10
    5.47845e-02      1.06677e+02      1.00000e+01      1.53271e-10
    5.54886e-02      1.05897e+02      1.00000e+01      1.55080e-10
    5.62018e-02      1.05107e+02      1.00000e+01      1.56912e-10
    5.69242e-02      1.04307e+02      1.00000e+01      1.58767e-10
    5.76558e-02      1.03497e+02      1.00000e+01      1.60647e-10
    5.83969e-02      1.02677e+02      1.00000e+01      1.62550e-10
    5.91476e-02      1.01845e+02      1.00000e+01      1.64479e-10
    5.99079e-02      1.01004e+02      1.00000e+01      1.66432e-10
    6.06779e-02      1.00151e+02      1.00000e+01      1.68410e-10
    6.14580e-02      9.92871e+01      1.00000e+01      1.70414e-10
    6.22480e-02      9.84123e+01      1.00000e+01      1.72443e-10
    6.30482e-02      9.75262e+01      1.00000e+01      1.74499e-10
    6.38587e-02      9.66287e+01      1.00000e+01      1.76581e-10
    6.46797e-02      9.57196e+01      1.00000e+01      1.78689e-10
    6.55112e-02      9.47989e+01      1.00000e+01      1.80825e-10
    6.63535e-02      9.38662e+01      1.00000e+01      1.82989e-10
    6.72066e-02      9.29216e+01      1.00000e+01      1.85180e-10
    6.80706e-02      9.19648e+01      1.00000e+01      1.87400e-10
    6.89458e-02      9.09957e+01      1.00000e+01      1.89648e-10
    6.98323e-02      9.00141e+01      1.00000e+01      1.91925e-10
    7.07302e-02      8.90199e+01      1.00000e+01      1.94232e-10
    7.16396e-02      8.80129e+01      1.00000e+01      1.96568e-10
    7.25607e-02      8.69929e+01      1.00000e+01      1.98934e-10
    7.34938e-02      8.59597e+01      1.00000e+01      2.01331e-10
    7.44388e-02      8.49133e+01      1.00000e+01      2.03758e-10
    7.53960e-02      8.38534e+01      1.00000e+01      2.06217e-10
    7.63655e-02      8.27798e+01      1.00000e+01      2.08707e-10
    7.73475e-02      8.16924e+01      1.00000e+01      2.11230e-10
    7.83421e-02      8.05911e+01      1.00000e+01      2.13785e-10
    7.93496e-02      7.94755e+01      1.00000e+01      2.16373e-10
    8.03700e-02      7.83959e+01      1.00000e+01      2.19027e-10
    8.14035e-02      7.76939e+01      1.00000e+01      2.21969e-10
    8.24504e-02      7.69828e+01      1.00000e+01      2.24949e-10
    8.35108e-02      7.62626e+01      1.00000e+01      2.27968e-10
    8.45848e-02      7.55332e+01      1.00000e+01      2.31025e-10
    8.56726e-02      7.47943e+01      1.00000e+01      2.34122e-10
    8.67744e-02      7.40459e+01      1.00000e+01      2.37259e-10
    8.78905e-02      7.32879e+01      1.00000e+01      2.40436e-10
    8.90209e-02      7.25202e+01      1.00000e+01      2.43654e-10
    9.01658e-02      7.17425e+01      1.00000e+01      2.46914e-10
    9.13255e-02      7.09549e+01      1.00000e+01      2.50215e-10
    9.25001e-02      7.01571e+01      1.00000e+01      2.53559e-10
    9.36899e-02      6.93490e+01      1.00000e+01      2.56946e-10
    9.48949e-02      6.85305e+01      1.00000e+01      2.60377e-10
    9.61155e-02      6.77015e+01      1.00000e+01      2.63852e-10
    9.73518e-02      6.68618e+01      1.00000e+01      2.67371e-10
    9.86040e-02      6.60113e+01      1.00000e+01      2.70936e-10
    9.98724e-02      6.51498e+01      1.00000e+01      2.74547e-10
    1.01157e-01      6.42772e+01      1.00000e+01      2.78204e-10
    1.02458e-01      6.33935e+01      1.00000e+01      2.81909e-10
    1.03776e-01      6.24983e+01      1.00000e+01      2.85661e-10
    1.05111e-01      6.15916e+01      1.00000e+01      2.89461e-10
    1.06463e-01      6.06732e+01      1.00000e+01      2.93310e-10
    1.07833e-01      5.97430e+01      1.00000e+01      2.97209e-10
    1.09220e-01      5.88009e+01      1.00000e+01      3.01158e-10
    1.10625e-01      5.78739e+01      1.00000e+01      3.05123e-10
    1.12048e-01      5.72310e+01      1.00000e+01      3.08762e-10
    1.13490e-01      5.65799e+01      1.00000e+01      3.12447e-10
    1.14950e-01      5.59204e+01      1.00000e+01      3.16180e-10
    1.16428e-01      5.52525e+01      1.00000e+01      3.19961e-10
    1.17926e-01      5.45759e+01      1.00000e+01      3.23790e-10
    1.19443e-01      5.38906e+01      1.00000e+01      3.27669e-10
    1.20980e-01      5.31965e+01      1.00000e+01      3.31598e-10
    1.22537e-01      5.24934e+01      1.00000e+01      3.35578e-10
    1.24113e-01      5.17813e+01      1.00000e+01      3.39608e-10
    1.25710e-01      5.10600e+01      1.00000e+01      3.43691e-10
    1.27327e-01      5.03295e+01      1.00000e+01      3.47826e-10
    1.28965e-01      4.95895e+01      1.00000e+01      3.52014e-10
    1.30625e-01      4.88400e+01      1.00000e+01      3.56257e-10
    1.32305e-01      4.80809e+01      1.00000e+01      3.60554e-10
    1.34008e-01      4.73119e+01      1.00000e+01      3.64906e-10
    1.35732e-01      4.65331e+01      1.00000e+01      3.69314e-10
    1.37478e-01      4.57443e+01      1.00000e+01      3.73779e-10
    1.39247e-01      4.49452e+01      1.00000e+01      3.78302e-10
    1.41039e-01      4.41735e+01      1.00000e+01      3.82873e-10
    1.42854e-01      4.35961e+01      1.00000e+01      3.87456e-10
    1.44692e-01      4.30112e+01      1.00000e+01      3.92097e-10
    1.46553e-01      4.24188e+01      1.00000e+01      3.96798e-10
    1.48439e-01      4.18188e+01      1.00000e+01      4.01560e-10
    1.50349e-01      4.12111e+01      1.00000e+01      4.06382e-10
    1.52284e-01      4.05955e+01      1.00000e+01      4.11267e-10
    1.54243e-01      3.99720e+01      1.00000e+01      4.16215e-10
    1.56228e-01      3.93405e+01      1.00000e+01      4.21227e-10
    1.58238e-01      3.87008e+01      1.00000e+01      4.26303e-10
    1.60275e-01      3.80529e+01      1.00000e+01      4.31444e-10
    1.62337e-01      3.73967e+01      1.00000e+01      4.36652e-10
    1.64426e-01      3.67320e+01      1.00000e+01      4.41926e-10
    1.66542e-01      3.60588e+01      1.00000e+01      4.47269e-10
    1.68685e-01      3.53769e+01      1.00000e+01      4.52681e-10
    1.70856e-01      3.46862e+01      1.00000e+01      4.58162e-10
    1.73054e-01      3.41594e+01      1.00000e+01      4.63662e-10
    1.75281e-01      3.36391e+01      1.00000e+01      4.69229e-10
    1.77537e-01      3.31121e+01      1.00000e+01      4.74868e-10
    1.79822e-01      3.25783e+01      1.00000e+01      4.80579e-10
    1.82136e-01      3.20376e+01      1.00000e+01      4.86364e-10
    1.84480e-01      3.14900e+01      1.00000e+01      4.92224e-10
    1.86854e-01      3.09353e+01      1.00000e+01      4.98159e-10
    1.89258e-01      3.03735e+01      1.00000e+01      5.04170e-10
    1.91694e-01      2.98045e+01      1.00000e+01      5.10259e-10
    1.94161e-01      2.92281e+01      1.00000e+01      5.16426e-10
    1.96660e-01      2.86443e+01      1.00000e+01      5.22672e-10
    1.99191e-01      2.80529e+01      1.00000e+01      5.28999e-10
    2.01754e-01      2.74818e+01      1.00000e+01      5.35397e-10
    2.04351e-01      2.70219e+01      1.00000e+01      5.41834e-10
    2.06981e-01      2.65561e+01      1.00000e+01      5.48353e-10
    2.09644e-01      2.60842e+01      1.00000e+01      5.54957e-10
    2.12342e-01      2.56064e+01      1.00000e+01      5.61645e-10
    2.15075e-01      2.51223e+01      1.00000e+01      5.68420e-10
    2.17843e-01      2.46320e+01      1.00000e+01      5.75282e-10
    2.20647e-01      2.41354e+01      1.00000e+01      5.82232e-10
    2.23487e-01      2.36325e+01      1.00000e+01      5.89272e-10
    2.26363e-01      2.31230e+01      1.00000e+01      5.96402e-10
    2.29276e-01      2.26070e+01      1.00000e+01      6.03624e-10
    2.32227e-01      2.21130e+01      1.00000e+01      6.10926e-10
    2.35216e-01      2.17038e+01      1.00000e+01      6.18282e-10
    2.38244e-01      2.12893e+01      1.00000e+01      6.25731e-10
    2.41310e-01      2.08696e+01      1.00000e+01      6.33277e-10
    2.44416e-01      2.04444e+01      1.00000e+01      6.40920e-10
    2.47562e-01      2.00137e+01      1.00000e+01      6.48662e-10
    2.50748e-01      1.95775e+01      1.00000e+01      6.56503e-10
    2.53975e-01      1.91357e+01      1.00000e+01      6.64445e-10
    2.57244e-01      1.86882e+01      1.00000e+01      6.72489e-10
    2.60555e-01      1.82349e+01      1.00000e+01      6.80637e-10
    2.63909e-01      1.78391e+01      1.00000e+01      6.88856e-10
    2.67306e-01      1.74744e+01      1.00000e+01      6.97161e-10
    2.70746e-01      1.71051e+01      1.00000e+01      7.05573e-10
    2.74231e-01      1.67309e+01      1.00000e+01      7.14093e-10
    2.77761e-01      1.63520e+01      1.00000e+01      7.22723e-10
    2.81336e-01      1.59682e+01      1.00000e+01      7.31464e-10
    2.84957e-01      1.55795e+01      1.00000e+01      7.40318e-10
    2.88625e-01      1.51857e+01      1.00000e+01      7.49286e-10
    2.92340e-01      1.47940e+01      1.00000e+01      7.58364e-10
    2.96103e-01      1.44727e+01      1.00000e+01      7.67512e-10
    2.99914e-01      1.41474e+01      1.00000e+01      7.76776e-10
    3.03775e-01      1.38178e+01      1.00000e+01      7.86161e-10
    3.07685e-01      1.34840e+01      1.00000e+01      7.95666e-10
    3.11645e-01      1.31459e+01      1.00000e+01      8.05293e-10
    3.15657e-01      1.28035e+01      1.00000e+01      8.15045e-10
    3.19720e-01      1.24566e+01      1.00000e+01      8.24922e-10
    3.23835e-01      1.21320e+01      1.00000e+01      8.34906e-10
    3.28004e-01      1.18474e+01      1.00000e+01      8.44986e-10
    3.32226e-01      1.15592e+01      1.00000e+01      8.55197e-10
    3.36502e-01      1.12673e+01      1.00000e+01      8.65538e-10
    3.40834e-01      1.09716e+01      1.00000e+01      8.76013e-10
    3.45221e-01      1.06721e+01      1.00000e+01      8.86623e-10
    3.49665e-01      1.03687e+01      1.00000e+01      8.97369e-10
    3.54166e-01      1.00827e+01      1.00000e+01      9.08235e-10
    3.58725e-01      9.83065e+00      1.00000e+01      9.19208e-10
    3.63343e-01      9.57533e+00      1.00000e+01      9.30322e-10
    3.68020e-01      9.31672e+00      1.00000e+01      9.41579e-10
    3.72757e-01      9.05479e+00      1.00000e+01      9.52982e-10
    3.77556e-01      8.78947e+00      1.00000e+01      9.64531e-10
    3.82416e-01      8.52075e+00      1.00000e+01      9.76228e-10
    3.87338e-01      8.29597e+00      1.00000e+01      9.88012e-10
    3.92324e-01      8.07211e+00      1.00000e+01      9.99943e-10
    3.97375e-01      7.84536e+00      1.00000e+01      1.01203e-09
    4.02490e-01      7.61570e+00      1.00000e+01      1.02427e-09
    4.07671e-01      7.38308e+00      1.00000e+01      1.03666e-09
    4.12919e-01      7.14746e+00      1.00000e+01      1.04922e-09
    4.18235e-01      6.95057e+00      1.00000e+01      1.06183e-09
    4.23619e-01      6.75204e+00      1.00000e+01      1.07460e-09
    4.29072e-01      6.55095e+00      1.00000e+01      1.08753e-09
    4.34595e-01      6.34728e+00      1.00000e+01      1.10063e-09
    4.40190e-01      6.14098e+00      1.00000e+01      1.11390e-09
    4.45857e-01      5.94859e+00      1.00000e+01      1.12728e-09
    4.51596e-01      5.77389e+00      1.00000e+01      1.14078e-09
    4.57410e-01      5.59694e+00      1.00000e+01      1.15444e-09
    4.63298e-01      5.41772e+00      1.00000e+01      1.16829e-09
    4.69262e-01      5.23618e+00      1.00000e+01      1.18231e-09
    4.75303e-01      5.06146e+00      1.00000e+01      1.19648e-09
    4.81422e-01      4.90687e+00      1.00000e+01      1.21074e-09
    4.87619e-01      4.75029e+00      1.00000e+01      1.22519e-09
    4.93897e-01      4.59170e+00      1.00000e+01      1.23983e-09
    5.00255e-01      4.43107e+00      1.00000e+01      1.25465e-09
    5.06695e-01      4.28058e+00      1.00000e+01      1.26961e-09
    5.13218e-01      4.14321e+00      1.00000e+01      1.28470e-09
    5.19825e-01      4.00406e+00      1.00000e+01      1.29998e-09
    5.26517e-01      3.86312e+00      1.00000e+01      1.31545e-09
    5.33295e-01      3.72037e+00      1.00000e+01      1.33113e-09
    5.40160e-01      3.59641e+00      1.00000e+01      1.34690e-09
    5.47114e-01      3.47340e+00      1.00000e+01      1.36286e-09
    5.54158e-01      3.34881e+00      1.00000e+01      1.37902e-09
    5.61292e-01      3.22261e+00      1.00000e+01      1.39539e-09
    5.68518e-01      3.10672e+00      1.00000e+01      1.41190e-09
    5.75837e-01      2.99792e+00      1.00000e+01      1.42857e-09
    5.83250e-01      2.88773e+00      1.00000e+01      1.44546e-09
    5.90758e-01      2.77611e+00      1.00000e+01      1.46256e-09
    5.98364e-01      2.67195e+00      1.00000e+01      1.47982e-09
    6.06067e-01      2.57538e+00      1.00000e+01      1.49725e-09
    6.13869e-01      2.47757e+00      1.00000e+01      1.51489e-09
    6.21772e-01      2.37850e+00      1.00000e+01      1.53276e-09
    6.29777e-01      2.28695e+00      1.00000e+01      1.55079e-09
    6.37885e-01      2.19964e+00      1.00000e+01      1.56900e-09
    6.46097e-01      2.11120e+00      1.00000e+01      1.58744e-09
    6.54415e-01      2.02163e+00      1.00000e+01      1.60612e-09
    6.62840e-01      1.94333e+00      1.00000e+01      1.62492e-09
    6.71373e-01      1.86506e+00      1.00000e+01      1.64394e-09
    6.80017e-01      1.78577e+00      1.00000e+01      1.66322e-09
    6.88771e-01      1.70999e+00      1.00000e+01      1.68269e-09
    6.97639e-01      1.64022e+00      1.00000e+01      1.70235e-09
    7.06620e-01      1.56955e+00      1.00000e+01      1.72225e-09
    7.15717e-01      1.49815e+00      1.00000e+01      1.74241e-09
    7.24932e-01      1.43591e+00      1.00000e+01      1.76270e-09
    7.34265e-01      1.37287e+00      1.00000e+01      1.78325e-09
    7.43718e-01      1.30902e+00      1.00000e+01      1.80407e-09
    7.53293e-01      1.25144e+00      1.00000e+01      1.82505e-09
    7.62991e-01      1.19512e+00      1.00000e+01      1.84628e-09
    7.72814e-01      1.13807e+00      1.00000e+01      1.86778e-09
    7.82763e-01      1.08563e+00      1.00000e+01      1.88946e-09
    7.92841e-01      1.03514e+00      1.00000e+01      1.91138e-09
    8.03048e-01      9.83998e-01      1.00000e+01      1.93358e-09
    8.13387e-01      9.37123e-01      1.00000e+01      1.95597e-09
    8.23859e-01      8.91949e-01      1.00000e+01      1.97862e-09
    8.34466e-01      8.46193e-01      1.00000e+01      2.00156e-09
    8.45209e-01      8.04866e-01      1.00000e+01      2.02468e-09
    8.56091e-01      7.64242e-01      1.00000e+01      2.04808e-09
    8.67113e-01      7.23242e-01      1.00000e+01      2.07177e-09
    8.78276e-01      6.87142e-01      1.00000e+01      2.09564e-09
    8.89584e-01      6.50578e-01      1.00000e+01      2.11982e-09
    9.01037e-01      6.15248e-01      1.00000e+01      2.14426e-09
    9.12637e-01      5.82725e-01      1.00000e+01      2.16893e-09
    9.24387e-01      5.49784e-01      1.00000e+01      2.19392e-09
    9.36288e-01      5.19652e-01      1.00000e+01      2.21918e-09
    9.48343e-01      4.90204e-01      1.00000e+01      2.24475e-09
    9.60552e-01      4.61353e-01      1.00000e+01      2.27058e-09
    9.72919e-01      4.35194e-01      1.00000e+01      2.29653e-09
    9.85445e-01      4.08699e-01      1.00000e+01      2.32281e-09
    9.98133e-01      3.84736e-01      1.00000e+01      2.37653e-09
    1.01098e+00      3.61138e-01      1.00000e+01      2.43729e-09
    1.02400e+00      3.38681e-01      1.00000e+01      2.48358e-09
    1.03718e+00      3.17689e-01      1.00000e+01      2.51196e-09
    1.05054e+00      2.96882e-01      1.00000e+01      2.54068e-09
    1.06406e+00      2.78138e-01      1.00000e+01      2.56965e-09
    1.07776e+00      2.59152e-01      1.00000e+01      2.59900e-09
    1.09164e+00      2.42368e-01      1.00000e+01      2.62859e-09
    1.10569e+00      2.25524e-01      1.00000e+01      2.65855e-09
    1.11993e+00      2.10208e-01      1.00000e+01      2.68878e-09
    1.13435e+00      1.95197e-01      1.00000e+01      2.71937e-09
    1.14895e+00      1.81347e-01      1.00000e+01      2.75026e-09
    1.16374e+00      1.67979e-01      1.00000e+01      2.78150e-09
    1.17873e+00      1.55474e-01      1.00000e+01      2.81305e-09
    1.19390e+00      1.43434e-01      1.00000e+01      2.84496e-09
    1.20928e+00      1.32424e-01      1.00000e+01      2.87718e-09
    1.22484e+00      1.21977e-01      1.00000e+01      2.90977e-09
    1.24061e+00      1.12292e-01      1.00000e+01      2.94273e-09
    1.25659e+00      1.02904e-01      1.00000e+01      2.97609e-09
    1.27277e+00      9.44119e-02      1.00000e+01      3.00964e-09
    1.28915e+00      8.60958e-02      1.00000e+01      3.04356e-09
    1.30575e+00      7.87618e-02      1.00000e+01      3.07786e-09
    1.32256e+00      7.15403e-02      1.00000e+01      3.11257e-09
    1.33959e+00      6.51570e-02      1.00000e+01      3.14754e-09
    1.35684e+00      5.90233e-02      1.00000e+01      3.18295e-09
    1.37431e+00      5.34439e-02      1.00000e+01      3.21879e-09
    1.39200e+00      4.82795e-02      1.00000e+01      3.25498e-09
    1.40992e+00      4.33567e-02      1.00000e+01      3.29157e-09
    1.42808e+00      3.90758e-02      1.00000e+01      3.32848e-09
    1.44646e+00      3.49730e-02      1.00000e+01      3.36581e-09
    1.46509e+00      3.13031e-02      1.00000e+01      3.40352e-09
    1.48395e+00      2.79533e-02      1.00000e+01      3.44160e-09
    1.50306e+00      2.47934e-02      1.00000e+01      3.48011e-09
    1.52241e+00      2.20678e-02      1.00000e+01      3.51900e-09
    1.54201e+00      1.95169e-02      1.00000e+01      3.55831e-09
    1.56186e+00      1.71532e-02      1.00000e+01      3.59806e-09
    1.58197e+00      1.51461e-02      1.00000e+01      3.63814e-09
    1.60234e+00      1.32735e-02      1.00000e+01      3.67864e-09
    1.62297e+00      1.15460e-02      1.00000e+01      3.71954e-09
    1.64387e+00      1.00451e-02      1.00000e+01      3.76078e-09
    1.66503e+00      8.71192e-03      1.00000e+01      3.80243e-09
    1.68647e+00      7.53849e-03      1.00000e+01      3.84449e-09
    1.70819e+00      6.50724e-03      1.00000e+01      3.88693e-09
    1.73018e+00      5.60500e-03      1.00000e+01      3.92974e-09
    1.75246e+00      4.80361e-03      1.00000e+01      3.97297e-09
    1.77502e+00      4.10133e-03      1.00000e+01      4.01662e-09
    1.79787e+00      3.52974e-03      1.00000e+01      4.06064e-09
    1.82102e+00      3.03202e-03      1.00000e+01      4.10507e-09
    1.84447e+00      2.60799e-03      1.00000e+01      4.14993e-09
    1.86822e+00      2.25576e-03      1.00000e+01      4.19521e-09
    1.89227e+00      1.96443e-03      1.00000e+01      4.24090e-09
    1.91663e+00      1.72517e-03      1.00000e+01      4.28699e-09
    1.94131e+00      1.52204e-03      1.00000e+01      4.33350e-09
    1.96631e+00      1.34949e-03      1.00000e+01      4.38045e-09
    1.99162e+00      1.20410e-03      1.00000e+01      4.45389e-09
    2.01727e+00      1.08606e-03      1.00000e+01      4.62001e-09
    2.04324e+00      9.78426e-04      1.00000e+01      4.66983e-09
    2.06955e+00      8.84209e-04      1.00000e+01      4.71963e-09
    2.09619e+00      8.01639e-04      1.00000e+01      4.77053e-09
    2.12318e+00      7.29401e-04      1.00000e+01      4.82185e-09
    2.15052e+00      6.66369e-04      1.00000e+01      4.87345e-09
    2.17821e+00      6.12656e-04      1.00000e+01      4.92555e-09
    2.20625e+00      5.67844e-04      1.00000e+01      4.97808e-09
    2.23466e+00      5.29138e-04      1.00000e+01      5.03106e-09
    2.26343e+00      4.96605e-04      1.00000e+01      5.08454e-09
    2.29257e+00      4.69445e-04      1.00000e+01      5.13850e-09
    2.32209e+00      4.46909e-04      1.00000e+01      5.19284e-09
    2.35199e+00      4.28257e-04      1.00000e+01      5.24777e-09
    2.38227e+00      4.12647e-04      1.00000e+01      5.30302e-09
    2.41295e+00      3.99833e-04      1.00000e+01      5.35783e-09
    2.44401e+00      3.89212e-04      1.00000e+01      5.41532e-09
    2.47548e+00      3.80409e-04      1.00000e+01      5.47214e-09
    2.50736e+00      3.73056e-04      1.00000e+01      5.52944e-09
    2.53964e+00      3.66930e-04      1.00000e+01      5.58727e-09
    2.57234e+00      3.61843e-04      1.00000e+01      5.64559e-09
    2.60546e+00      3.57652e-04      1.00000e+01      5.70440e-09
    2.63901e+00      3.54239e-04      1.00000e+01      5.76370e-09
    2.67298e+00      3.51509e-04      1.00000e+01      5.82350e-09
    2.70740e+00      3.49381e-04      1.00000e+01      5.88383e-09
    2.74226e+00      3.47779e-04      1.00000e+01      5.94480e-09
    2.77757e+00      3.46665e-04      1.00000e+01      6.00601e-09
    2.81333e+00      3.45902e-04      1.00000e+01      6.06786e-09
    2.84955e+00      3.45410e-04      1.00000e+01      6.13024e-09
    2.88624e+00      3.45109e-04      1.00000e+01      6.19313e-09
    2.92341e+00      3.44938e-04      1.00000e+01      6.25659e-09
    2.96105e+00      3.44852e-04      1.00000e+01      6.32047e-09
    2.99917e+00      3.44806e-04      1.00000e+01      6.38497e-09
    3.03779e+00      3.44781e-04      1.00000e+01      6.44998e-09
    3.07690e+00      3.44759e-04      1.00000e+01      6.51564e-09
    3.11652e+00      3.44736e-04      1.00000e+01      6.58145e-09
    3.15665e+00      3.44714e-04      1.00000e+01      6.64809e-09
    3.19729e+00      3.44691e-04      1.00000e+01      6.71534e-09
    3.23846e+00      3.44669e-04      1.00000e+01      6.78301e-09
    3.28015e+00      3.44645e-04      1.00000e+01      6.85122e-09
    3.32239e+00      3.44625e-04      1.00000e+01      6.91964e-09
    3.36517e+00      3.44599e-04      1.00000e+01      6.98876e-09
    3.40849e+00      3.44575e-04      1.00000e+01      7.05923e-09
    3.45238e+00      3.44551e-04      1.00000e+01      7.12960e-09
    3.49683e+00      3.44526e-04      1.00000e+01      7.20057e-09
    3.54186e+00      3.44502e-04      1.00000e+01      7.27219e-09
    3.58746e+00      3.44478e-04      1.00000e+01      7.34428e-09
    3.63365e+00      3.44436e-04      1.00000e+01      7.41691e-09
    3.68044e+00      3.44427e-04      1.00000e+01      7.49018e-09
    3.72783e+00      3.44400e-04      1.00000e+01      7.56391e-09
    3.77582e+00      3.44374e-04      1.00000e+01      7.63825e-09
    3.82444e+00      3.44349e-04      1.00000e+01      7.71321e-09
    3.87368e+00      3.44323e-04      1.00000e+01      7.78869e-09
    3.92356e+00      3.44294e-04      1.00000e+01      7.86477e-09
    3.97408e+00      3.44269e-04      1.00000e+01      7.94139e-09
    4.02525e+00      3.44242e-04      1.00000e+01      8.01853e-09
    4.07708e+00      3.44213e-04      1.00000e+01      8.09632e-09
    4.12957e+00      3.44187e-04      1.00000e+01      8.17471e-09
    4.18274e+00      3.44158e-04      1.00000e+01      8.25358e-09
    4.23660e+00      3.44129e-04      1.00000e+01      8.33315e-09
    4.29115e+00      3.44099e-04      1.00000e+01      8.41318e-09
    4.34640e+00      3.44074e-04      1.00000e+01      8.49393e-09
    4.40236e+00      3.44043e-04      1.00000e+01      8.57517e-09
    4.45905e+00      3.44012e-04      1.00000e+01      8.65700e-09
    4.51646e+00      3.43982e-04      1.00000e+01      8.73946e-09
    4.57461e+00      3.43952e-04      1.00000e+01      8.82248e-09
    4.63351e+00      3.43920e-04      1.00000e+01      8.90605e-09
    4.69317e+00      3.43890e-04      1.00000e+01      8.99016e-09
    4.75360e+00      3.43858e-04      1.00000e+01      9.07498e-09
    4.81481e+00      3.43826e-04      1.00000e+01      9.16041e-09
    4.87680e+00      3.43794e-04      1.00000e+01      9.24736e-09
    4.93960e+00      3.43762e-04      1.00000e+01      9.33593e-09
    5.00320e+00      3.43729e-04      1.00000e+01      9.42619e-09
    5.06762e+00      3.43696e-04      1.00000e+01      9.51823e-09
    5.13287e+00      3.43663e-04      1.00000e+01      9.61245e-09
    5.19896e+00      3.43629e-04      1.00000e+01      9.71047e-09
    5.26590e+00      3.43597e-04      1.00000e+01      9.80563e-09
    5.33370e+00      3.43562e-04      1.00000e+01      9.90526e-09
    5.40238e+00      3.43529e-04      1.00000e+01      1.00069e-08
    5.47194e+00      3.43495e-04      1.00000e+01      1.01108e-08
    5.54239e+00      3.43465e-04      1.00000e+01      1.02161e-08
    5.61375e+00      3.43426e-04      1.00000e+01      1.03239e-08
    5.68604e+00      3.43391e-04      1.00000e+01      1.04340e-08
    5.75925e+00      3.43358e-04      1.00000e+01      1.05459e-08
    5.83340e+00      3.43320e-04      1.00000e+01      1.06603e-08
    5.90851e+00      3.43285e-04      1.00000e+01      1.07769e-08
    5.98459e+00      3.43250e-04      1.00000e+01      1.08958e-08
    6.06165e+00      3.43214e-04      1.00000e+01      1.10171e-08
    6.13970e+00      3.43178e-04      1.00000e+01      1.11408e-08
    6.21875e+00      3.43141e-04      1.00000e+01      1.12670e-08
    6.29882e+00      3.43109e-04      1.00000e+01      1.13956e-08
    6.37992e+00      3.43067e-04      1.00000e+01      1.15256e-08
    6.46207e+00      3.43030e-04      1.00000e+01      1.16570e-08
    6.54527e+00      3.43109e-04      1.00000e+01      1.17896e-08
    6.62955e+00      3.42952e-04      1.00000e+01      1.19236e-08
    6.71491e+00      3.42912e-04      1.00000e+01      1.20590e-08
    6.80137e+00      3.42872e-04      1.00000e+01      1.21957e-08
    6.88895e+00      3.42831e-04      1.00000e+01      1.23338e-08
    6.97765e+00      3.42792e-04      1.00000e+01      1.24733e-08
    7.06749e+00      3.42750e-04      1.00000e+01      1.26141e-08
    7.15849e+00      3.42708e-04      1.00000e+01      1.27563e-08
    7.25066e+00      3.42666e-04      1.00000e+01      1.29000e-08
    7.34402e+00      3.42624e-04      1.00000e+01      1.30452e-08
    7.43858e+00      3.42580e-04      1.00000e+01      1.31915e-08
    7.53436e+00      3.42534e-04      1.00000e+01      1.33395e-08
    7.63137e+00      3.42490e-04      1.00000e+01      1.34888e-08
    7.72963e+00      3.42445e-04      1.00000e+01      1.36399e-08
    7.82916e+00      3.42401e-04      1.00000e+01      1.37921e-08
    7.92997e+00      3.42356e-04      1.00000e+01      1.39459e-08
    8.03207e+00      3.42309e-04      1.00000e+01      1.41012e-08
    8.13549e+00      3.42262e-04      1.00000e+01      1.42581e-08
    8.24024e+00      3.42213e-04      1.00000e+01      1.44164e-08
    8.34634e+00      3.42166e-04      1.00000e+01      1.45765e-08
    8.45381e+00      3.42118e-04      1.00000e+01      1.47379e-08
    8.56266e+00      3.42068e-04      1.00000e+01      1.49009e-08
    8.67291e+00      3.42018e-04      1.00000e+01      1.50655e-08
    8.78458e+00      3.41966e-04      1.00000e+01      1.52316e-08
    8.89769e+00      3.41918e-04      1.00000e+01      1.53994e-08
    9.01226e+00      3.41864e-04      1.00000e+01      1.55689e-08
    9.12830e+00      3.41812e-04      1.00000e+01      1.57398e-08
    9.24583e+00      3.41759e-04      1.00000e+01      1.59124e-08
    9.36488e+00      3.41706e-04      1.00000e+01      1.60868e-08
    9.48546e+00      3.41651e-04      1.00000e+01      1.62625e-08
    9.60760e+00      3.41595e-04      1.00000e+01      1.64402e-08
    9.73131e+00      3.41541e-04      1.00000e+01      1.66196e-08
    9.85660e+00      3.41486e-04      1.00000e+01      1.68005e-08
    9.98352e+00      3.41427e-04      1.00000e+01      1.69829e-08
    1.01121e+01      3.41370e-04      1.00000e+01      1.71675e-08
    1.02423e+01      3.41312e-04      1.00000e+01      1.73536e-08
    1.03741e+01      3.41252e-04      1.00000e+01      1.75416e-08
    1.05077e+01      3.41194e-04      1.00000e+01      1.77312e-08
    1.06430e+01      3.41133e-04      1.00000e+01      1.79226e-08
    1.07801e+01      3.41073e-04      1.00000e+01      1.81157e-08
    1.09189e+01      3.41012e-04      1.00000e+01      1.83107e-08
    1.10595e+01      3.40950e-04      1.00000e+01      1.85075e-08
    1.12019e+01      3.40885e-04      1.00000e+01      1.87059e-08
    1.13461e+01      3.40828e-04      1.00000e+01      1.89064e-08
    1.14922e+01      3.40759e-04      1.00000e+01      1.91087e-08
    1.16402e+01      3.40697e-04      1.00000e+01      1.93128e-08
    1.17900e+01      3.40629e-04      1.00000e+01      1.95189e-08
    1.19418e+01      3.40562e-04      1.00000e+01      1.97265e-08
    1.20956e+01      3.40493e-04      1.00000e+01      1.99362e-08
    1.22513e+01      3.40422e-04      1.00000e+01      2.01475e-08
    1.24091e+01      3.40357e-04      1.00000e+01      2.03613e-08
    1.25689e+01      3.40286e-04      1.00000e+01      2.05768e-08
    1.27307e+01      3.40218e-04      1.00000e+01      2.07942e-08
    1.28946e+01      3.40145e-04      1.00000e+01      2.10135e-08
    1.30607e+01      3.40072e-04      1.00000e+01      2.12348e-08
    1.32288e+01      3.39997e-04      1.00000e+01      2.14580e-08
    1.33992e+01      3.39924e-04      1.00000e+01      2.16832e-08
    1.35717e+01      3.39848e-04      1.00000e+01      2.19104e-08
    1.37464e+01      3.39772e-04      1.00000e+01      2.21396e-08
    1.39234e+01      3.39698e-04      1.00000e+01      2.23711e-08
    1.41027e+01      3.39619e-04      1.00000e+01      2.26042e-08
    1.42843e+01      3.39540e-04      1.00000e+01      2.28397e-08
    1.44682e+01      3.39459e-04      1.00000e+01      2.30767e-08
    1.46545e+01      3.39379e-04      1.00000e+01      2.33163e-08
    1.48432e+01      3.39298e-04      1.00000e+01      2.35577e-08
    1.50343e+01      3.39216e-04      1.00000e+01      2.38014e-08
    1.52279e+01      3.39134e-04      1.00000e+01      2.40472e-08
    1.54240e+01      3.39049e-04      1.00000e+01      2.42950e-08
    1.56226e+01      3.38964e-04      1.00000e+01      2.45447e-08
    1.58237e+01      3.38878e-04      1.00000e+01      2.47967e-08
    1.60275e+01      3.38791e-04      1.00000e+01      2.50508e-08
    1.62338e+01      3.38702e-04      1.00000e+01      2.53070e-08
    1.64429e+01      3.38613e-04      1.00000e+01      2.55656e-08
    1.66546e+01      3.38525e-04      1.00000e+01      2.58264e-08
    1.68690e+01      3.38433e-04      1.00000e+01      2.60891e-08
    1.70862e+01      3.38342e-04      1.00000e+01      2.63540e-08
    1.73062e+01      3.38248e-04      1.00000e+01      2.66213e-08
    1.75291e+01      3.38153e-04      1.00000e+01      2.68907e-08
    1.77548e+01      3.38059e-04      1.00000e+01      2.71624e-08
    1.79834e+01      3.37964e-04      1.00000e+01      2.74362e-08
    1.82149e+01      3.37867e-04      1.00000e+01      2.77125e-08
    1.84495e+01      3.37768e-04      1.00000e+01      2.79908e-08
    1.86870e+01      3.37668e-04      1.00000e+01      2.82712e-08
    1.89276e+01      3.37568e-04      1.00000e+01      2.85542e-08
    1.91714e+01      3.37467e-04      1.00000e+01      2.88393e-08
    1.94182e+01      3.37363e-04      1.00000e+01      2.91267e-08
    1.96682e+01      3.37256e-04      1.00000e+01      2.94158e-08
    1.99215e+01      3.37153e-04      1.00000e+01      2.97076e-08
    2.01780e+01      3.37048e-04      1.00000e+01      3.00012e-08
    2.04378e+01      3.36941e-04      1.00000e+01      3.02970e-08
    2.07010e+01      3.36831e-04      1.00000e+01      3.05947e-08
    2.09675e+01      3.36720e-04      1.00000e+01      3.08948e-08
    2.12375e+01      3.36609e-04      1.00000e+01      3.11966e-08
    2.15109e+01      3.36496e-04      1.00000e+01      3.15009e-08
    2.17879e+01      3.36384e-04      1.00000e+01      3.18067e-08
    2.20685e+01      3.36269e-04      1.00000e+01      3.21159e-08
    2.23526e+01      3.36153e-04      1.00000e+01      3.24260e-08
    2.26404e+01      3.36032e-04      1.00000e+01      3.27385e-08
    2.29319e+01      3.35916e-04      1.00000e+01      3.30530e-08
    2.32272e+01      3.35796e-04      1.00000e+01      3.33698e-08
    2.35263e+01      3.35671e-04      1.00000e+01      3.36885e-08
    2.38292e+01      3.35551e-04      1.00000e+01      3.40095e-08
    2.41360e+01      3.35428e-04      1.00000e+01      3.43327e-08
    2.44468e+01      3.35301e-04      1.00000e+01      3.46578e-08
    2.47616e+01      3.35176e-04      1.00000e+01      3.49847e-08
    2.50804e+01      3.35048e-04      1.00000e+01      3.53142e-08
    2.54034e+01      3.34918e-04      1.00000e+01      3.56448e-08
    2.57304e+01      3.34786e-04      1.00000e+01      3.59786e-08
    2.60618e+01      3.34654e-04      1.00000e+01      3.63140e-08
    2.63973e+01      3.34519e-04      1.00000e+01      3.66514e-08
    2.67372e+01      3.34383e-04      1.00000e+01      3.69908e-08
    2.70815e+01      3.34247e-04      1.00000e+01      3.73322e-08
    2.74302e+01      3.34109e-04      1.00000e+01      3.76759e-08
    2.77834e+01      3.33968e-04      1.00000e+01      3.80216e-08
    2.81411e+01      3.33827e-04      1.00000e+01      3.83690e-08
    2.85035e+01      3.33685e-04      1.00000e+01      3.87185e-08
    2.88705e+01      3.33540e-04      1.00000e+01      3.90699e-08
    2.92422e+01      3.33394e-04      1.00000e+01      3.94235e-08
    2.96187e+01      3.33247e-04      1.00000e+01      3.97788e-08
    3.00001e+01      3.33096e-04      1.00000e+01      4.01362e-08
