    Er (keV)         SM dN/dE         BG dN/dE        BSM dN/dE (events/kg/day/keV)
    5.01000e-02      9.32597e-03      1.00000e+01      3.07866e-05
    5.07438e-02      9.15930e-03      1.00000e+01      3.01306e-05
    5.13959e-02      8.99049e-03      1.00000e+01      2.94662e-05
    5.20564e-02      8.81949e-03      1.00000e+01      2.87933e-05
    5.27254e-02      8.64630e-03      1.00000e+01      2.81117e-05
    5.34030e-02      8.47088e-03      1.00000e+01      2.74213e-05
    5.40893e-02      8.29320e-03      1.00000e+01      2.67220e-05
    5.47845e-02      8.11323e-03      1.00000e+01      2.60138e-05
    5.54886e-02      7.93094e-03      1.00000e+01      2.52964e-05
    5.62018e-02      7.74631e-03      1.00000e+01      2.45697e-05
    5.69242e-02      7.55930e-03      1.00000e+01      2.38337e-05
    5.76558e-02      7.36988e-03      1.00000e+01      2.30883e-05
    5.83969e-02      7.17802e-03      1.00000e+01      2.23332e-05
    5.91476e-02      6.98369e-03      1.00000e+01      2.15684e-05
    5.99079e-02      6.78686e-03      1.00000e+01      2.07938e-05
    6.06779e-02      6.58749e-03      1.00000e+01      2.00092e-05
    6.14580e-02      6.38556e-03      1.00000e+01      1.92145e-05
    6.22480e-02      6.18103e-03      1.00000e+01      1.84095e-05
    6.30482e-02      5.97386e-03      1.00000e+01      1.75942e-05
    6.38587e-02      5.76403e-03      1.00000e+01      1.67684e-05
    6.46797e-02      5.55149e-03      1.00000e+01      1.59320e-05
    6.55112e-02      5.33622e-03      1.00000e+01      1.50848e-05
    6.63535e-02      5.11818e-03      1.00000e+01      1.42267e-05
    6.72066e-02      4.89733e-03      1.00000e+01      1.33575e-05
    6.80706e-02      4.67363e-03      1.00000e+01      1.24771e-05
    6.89458e-02      4.44706e-03      1.00000e+01      1.15854e-05
    6.98323e-02      4.21756e-03      1.00000e+01      1.06823e-05
    7.07302e-02      3.98512e-03      1.00000e+01      9.76746e-06
    7.16396e-02      3.74968e-03      1.00000e+01      8.84087e-06
    7.25607e-02      3.51120e-03      1.00000e+01      7.90236e-06
    7.34938e-02      3.26966e-03      1.00000e+01      6.95176e-06
    7.44388e-02      3.02501e-03      1.00000e+01      5.98892e-06
    7.53960e-02      2.77721e-03      1.00000e+01      5.01369e-06
    7.63655e-02      2.52621e-03      1.00000e+01      4.02589e-06
    7.73475e-02      2.27199e-03      1.00000e+01      3.02538e-06
    7.83421e-02      2.01449e-03      1.00000e+01      2.01199e-06
    7.93496e-02      1.75367e-03      1.00000e+01      9.85544e-07
    8.03700e-02      1.51965e-03      1.00000e+01      6.54851e-08
    8.14035e-02      1.51740e-03      1.00000e+01      6.48128e-08
    8.24504e-02      1.51511e-03      1.00000e+01      6.41319e-08
    8.35108e-02      1.51279e-03      1.00000e+01      6.34422e-08
    8.45848e-02      1.51045e-03      1.00000e+01      6.27436e-08
    8.56726e-02      1.50807e-03      1.00000e+01      6.20360e-08
    8.67744e-02      1.50567e-03      1.00000e+01      6.13193e-08
    8.78905e-02      1.50323e-03      1.00000e+01      6.05933e-08
    8.90209e-02      1.50076e-03      1.00000e+01      5.98580e-08
    9.01658e-02      1.49826e-03      1.00000e+01      5.91133e-08
    9.13255e-02      1.49573e-03      1.00000e+01      5.83590e-08
    9.25001e-02      1.49317e-03      1.00000e+01      5.75949e-08
    9.36899e-02      1.49057e-03      1.00000e+01      5.68210e-08
    9.48949e-02      1.48794e-03      1.00000e+01      5.60372e-08
    9.61155e-02      1.48527e-03      1.00000e+01      5.52432e-08
    9.73518e-02      1.48257e-03      1.00000e+01      5.44391e-08
    9.86040e-02      1.47984e-03      1.00000e+01      5.36245e-08
    9.98724e-02      1.47707e-03      1.00000e+01      5.27995e-08
    1.01157e-01      1.47426e-03      1.00000e+01      5.19639e-08
    1.02458e-01      1.47142e-03      1.00000e+01      5.11175e-08
    1.03776e-01      1.46854e-03      1.00000e+01      5.02602e-08
    1.05111e-01      1.46563e-03      1.00000e+01      4.93919e-08
    1.06463e-01      1.46268e-03      1.00000e+01      4.85124e-08
    1.07833e-01      1.45969e-03      1.00000e+01      4.76215e-08
    1.09220e-01      1.45666e-03      1.00000e+01      4.67192e-08
    1.10625e-01      1.45361e-03      1.00000e+01      4.58377e-08
    1.12048e-01      1.45071e-03      1.00000e+01      4.52965e-08
    1.13490e-01      1.44778e-03      1.00000e+01      4.47483e-08
    1.14950e-01      1.44481e-03      1.00000e+01      4.41931e-08
    1.16428e-01      1.44180e-03      1.00000e+01      4.36307e-08
    1.17926e-01      1.43875e-03      1.00000e+01      4.30611e-08
    1.19443e-01      1.43567e-03      1.00000e+01      4.24842e-08
    1.20980e-01      1.43254e-03      1.00000e+01      4.18998e-08
    1.22537e-01      1.42938e-03      1.00000e+01      4.13079e-08
    1.24113e-01      1.42617e-03      1.00000e+01      4.07084e-08
    1.25710e-01      1.42292e-03      1.00000e+01      4.01011e-08
    1.27327e-01      1.41963e-03      1.00000e+01      3.94860e-08
    1.28965e-01      1.41630e-03      1.00000e+01      3.88631e-08
    1.30625e-01      1.41292e-03      1.00000e+01      3.82321e-08
    1.32305e-01      1.40950e-03      1.00000e+01      3.75929e-08
    1.34008e-01      1.40604e-03      1.00000e+01      3.69456e-08
    1.35732e-01      1.40253e-03      1.00000e+01      3.62899e-08
    1.37478e-01      1.39898e-03      1.00000e+01      3.56257e-08
    1.39247e-01      1.39538e-03      1.00000e+01      3.49530e-08
    1.41039e-01      1.39178e-03      1.00000e+01      3.43094e-08
    1.42854e-01      1.38833e-03      1.00000e+01      3.38628e-08
    1.44692e-01      1.38485e-03      1.00000e+01      3.34104e-08
    1.46553e-01      1.38132e-03      1.00000e+01      3.29522e-08
    1.48439e-01      1.37774e-03      1.00000e+01      3.24881e-08
    1.50349e-01      1.37412e-03      1.00000e+01      3.20180e-08
    1.52284e-01      1.37045e-03      1.00000e+01      3.15419e-08
    1.54243e-01      1.36673e-03      1.00000e+01      3.10596e-08
    1.56228e-01      1.36297e-03      1.00000e+01      3.05712e-08
    1.58238e-01      1.35916e-03      1.00000e+01      3.00764e-08
    1.60275e-01      1.35530e-03      1.00000e+01      2.95753e-08
    1.62337e-01      1.35139e-03      1.00000e+01      2.90677e-08
    1.64426e-01      1.34742e-03      1.00000e+01      2.85536e-08
    1.66542e-01      1.34341e-03      1.00000e+01      2.80328e-08
    1.68685e-01      1.33935e-03      1.00000e+01      2.75054e-08
    1.70856e-01      1.33523e-03      1.00000e+01      2.69712e-08
    1.73054e-01      1.33130e-03      1.00000e+01      2.65846e-08
    1.75281e-01      1.32734e-03      1.00000e+01      2.62048e-08
    1.77537e-01      1.32332e-03      1.00000e+01      2.58202e-08
    1.79822e-01      1.31926e-03      1.00000e+01      2.54306e-08
    1.82136e-01      1.31514e-03      1.00000e+01      2.50360e-08
    1.84480e-01      1.31096e-03      1.00000e+01      2.46363e-08
    1.86854e-01      1.30674e-03      1.00000e+01      2.42315e-08
    1.89258e-01      1.30246e-03      1.00000e+01      2.38215e-08
    1.91694e-01      1.29812e-03      1.00000e+01      2.34061e-08
    1.94161e-01      1.29373e-03      1.00000e+01      2.29855e-08
    1.96660e-01      1.28929e-03      1.00000e+01      2.25594e-08
    1.99191e-01      1.28478e-03      1.00000e+01      2.21278e-08
    2.01754e-01      1.28027e-03      1.00000e+01      2.17135e-08
    2.04351e-01      1.27592e-03      1.00000e+01      2.13914e-08
    2.06981e-01      1.27152e-03      1.00000e+01      2.10651e-08
    2.09644e-01      1.26705e-03      1.00000e+01      2.07346e-08
    2.12342e-01      1.26254e-03      1.00000e+01      2.03998e-08
    2.15075e-01      1.25796e-03      1.00000e+01      2.00607e-08
    2.17843e-01      1.25332e-03      1.00000e+01      1.97173e-08
    2.20647e-01      1.24863e-03      1.00000e+01      1.93694e-08
    2.23487e-01      1.24387e-03      1.00000e+01      1.90171e-08
    2.26363e-01      1.23905e-03      1.00000e+01      1.86602e-08
    2.29276e-01      1.23417e-03      1.00000e+01      1.82988e-08
    2.32227e-01      1.22929e-03      1.00000e+01      1.79543e-08
    2.35216e-01      1.22456e-03      1.00000e+01      1.76743e-08
    2.38244e-01      1.21977e-03      1.00000e+01      1.73908e-08
    2.41310e-01      1.21492e-03      1.00000e+01      1.71035e-08
    2.44416e-01      1.21000e-03      1.00000e+01      1.68126e-08
    2.47562e-01      1.20502e-03      1.00000e+01      1.65179e-08
    2.50748e-01      1.19998e-03      1.00000e+01      1.62195e-08
    2.53975e-01      1.19487e-03      1.00000e+01      1.59172e-08
    2.57244e-01      1.18970e-03      1.00000e+01      1.56110e-08
    2.60555e-01      1.18446e-03      1.00000e+01      1.53009e-08
    2.63909e-01      1.17932e-03      1.00000e+01      1.50314e-08
    2.67306e-01      1.17423e-03      1.00000e+01      1.47842e-08
    2.70746e-01      1.16907e-03      1.00000e+01      1.45338e-08
    2.74231e-01      1.16384e-03      1.00000e+01      1.42802e-08
    2.77761e-01      1.15855e-03      1.00000e+01      1.40233e-08
    2.81336e-01      1.15318e-03      1.00000e+01      1.37631e-08
    2.84957e-01      1.14775e-03      1.00000e+01      1.34995e-08
    2.88625e-01      1.14225e-03      1.00000e+01      1.32326e-08
    2.92340e-01      1.13670e-03      1.00000e+01      1.29670e-08
    2.96103e-01      1.13134e-03      1.00000e+01      1.27492e-08
    2.99914e-01      1.12591e-03      1.00000e+01      1.25286e-08
    3.03775e-01      1.12042e-03      1.00000e+01      1.23052e-08
    3.07685e-01      1.11485e-03      1.00000e+01      1.20789e-08
    3.11645e-01      1.10921e-03      1.00000e+01      1.18497e-08
    3.15657e-01      1.10349e-03      1.00000e+01      1.16176e-08
    3.19720e-01      1.09771e-03      1.00000e+01      1.13824e-08
    3.23835e-01      1.09195e-03      1.00000e+01      1.11614e-08
    3.28004e-01      1.08631e-03      1.00000e+01      1.09659e-08
    3.32226e-01      1.08059e-03      1.00000e+01      1.07679e-08
    3.36502e-01      1.07480e-03      1.00000e+01      1.05674e-08
    3.40834e-01      1.06893e-03      1.00000e+01      1.03643e-08
    3.45221e-01      1.06298e-03      1.00000e+01      1.01585e-08
    3.49665e-01      1.05697e-03      1.00000e+01      9.95011e-09
    3.54166e-01      1.05097e-03      1.00000e+01      9.75263e-09
    3.58725e-01      1.04509e-03      1.00000e+01      9.57660e-09
    3.63343e-01      1.03912e-03      1.00000e+01      9.39832e-09
    3.68020e-01      1.03308e-03      1.00000e+01      9.21773e-09
    3.72757e-01      1.02697e-03      1.00000e+01      9.03482e-09
    3.77556e-01      1.02077e-03      1.00000e+01      8.84956e-09
    3.82416e-01      1.01449e-03      1.00000e+01      8.66191e-09
    3.87338e-01      1.00841e-03      1.00000e+01      8.50101e-09
    3.92324e-01      1.00227e-03      1.00000e+01      8.34038e-09
    3.97375e-01      9.96046e-04      1.00000e+01      8.17768e-09
    4.02490e-01      9.89745e-04      1.00000e+01      8.01289e-09
    4.07671e-01      9.83363e-04      1.00000e+01      7.84598e-09
    4.12919e-01      9.76899e-04      1.00000e+01      7.67692e-09
    4.18235e-01      9.70635e-04      1.00000e+01      7.53182e-09
    4.23619e-01      9.64297e-04      1.00000e+01      7.38541e-09
    4.29072e-01      9.57878e-04      1.00000e+01      7.23713e-09
    4.34595e-01      9.51376e-04      1.00000e+01      7.08693e-09
    4.40190e-01      9.44790e-04      1.00000e+01      6.93480e-09
    4.45857e-01      9.38252e-04      1.00000e+01      6.79103e-09
    4.51596e-01      9.31790e-04      1.00000e+01      6.65797e-09
    4.57410e-01      9.25245e-04      1.00000e+01      6.52320e-09
    4.63298e-01      9.18615e-04      1.00000e+01      6.38669e-09
    4.69262e-01      9.11901e-04      1.00000e+01      6.24842e-09
    4.75303e-01      9.05185e-04      1.00000e+01      6.11411e-09
    4.81422e-01      8.98592e-04      1.00000e+01      5.99212e-09
    4.87619e-01      8.91914e-04      1.00000e+01      5.86855e-09
    4.93897e-01      8.85150e-04      1.00000e+01      5.74339e-09
    5.00255e-01      8.78299e-04      1.00000e+01      5.61662e-09
    5.06695e-01      8.71490e-04      1.00000e+01      5.49594e-09
    5.13218e-01      8.64754e-04      1.00000e+01      5.38322e-09
    5.19825e-01      8.57932e-04      1.00000e+01      5.26905e-09
    5.26517e-01      8.51021e-04      1.00000e+01      5.15340e-09
    5.33295e-01      8.44022e-04      1.00000e+01      5.03627e-09
    5.40160e-01      8.37188e-04      1.00000e+01      4.93108e-09
    5.47114e-01      8.30298e-04      1.00000e+01      4.82620e-09
    5.54158e-01      8.23319e-04      1.00000e+01      4.71997e-09
    5.61292e-01      8.16251e-04      1.00000e+01      4.61237e-09
    5.68518e-01      8.09262e-04      1.00000e+01      4.51115e-09
    5.75837e-01      8.02307e-04      1.00000e+01      4.41422e-09
    5.83250e-01      7.95263e-04      1.00000e+01      4.31604e-09
    5.90758e-01      7.88128e-04      1.00000e+01      4.21660e-09
    5.98364e-01      7.81046e-04      1.00000e+01      4.12179e-09
    6.06067e-01      7.74019e-04      1.00000e+01      4.03171e-09
    6.13869e-01      7.66901e-04      1.00000e+01      3.94046e-09
    6.21772e-01      7.59691e-04      1.00000e+01      3.84804e-09
    6.29777e-01      7.52566e-04      1.00000e+01      3.76099e-09
    6.37885e-01      7.45458e-04      1.00000e+01      3.67684e-09
    6.46097e-01      7.38258e-04      1.00000e+01      3.59162e-09
    6.54415e-01      7.30966e-04      1.00000e+01      3.50529e-09
    6.62840e-01      7.23844e-04      1.00000e+01      3.42662e-09
    6.71373e-01      7.16652e-04      1.00000e+01      3.34767e-09
    6.80017e-01      7.09367e-04      1.00000e+01      3.26770e-09
    6.88771e-01      7.02100e-04      1.00000e+01      3.19006e-09
    6.97639e-01      6.94911e-04      1.00000e+01      3.11661e-09
    7.06620e-01      6.87630e-04      1.00000e+01      3.04221e-09
    7.15717e-01      6.80261e-04      1.00000e+01      2.96699e-09
    7.24932e-01      6.73074e-04      1.00000e+01      2.89840e-09
    7.34265e-01      6.65794e-04      1.00000e+01      2.82893e-09
    7.43718e-01      6.58421e-04      1.00000e+01      2.75856e-09
    7.53293e-01      6.51173e-04      1.00000e+01      2.69275e-09
    7.62991e-01      6.43894e-04      1.00000e+01      2.62765e-09
    7.72814e-01      6.36522e-04      1.00000e+01      2.56171e-09
    7.82763e-01      6.29239e-04      1.00000e+01      2.49920e-09
    7.92841e-01      6.21953e-04      1.00000e+01      2.43799e-09
    8.03048e-01      6.14574e-04      1.00000e+01      2.37599e-09
    8.13387e-01      6.07286e-04      1.00000e+01      2.31716e-09
    8.23859e-01      5.99993e-04      1.00000e+01      2.25944e-09
    8.34466e-01      5.92606e-04      1.00000e+01      2.20097e-09
    8.45209e-01      5.85346e-04      1.00000e+01      2.14605e-09
    8.56091e-01      5.78047e-04      1.00000e+01      2.09146e-09
    8.67113e-01      5.70661e-04      1.00000e+01      2.03631e-09
    8.78276e-01      5.63442e-04      1.00000e+01      1.98522e-09
    8.89584e-01      5.56130e-04      1.00000e+01      1.93347e-09
    9.01037e-01      5.48816e-04      1.00000e+01      1.88261e-09
    9.12637e-01      5.41582e-04      1.00000e+01      1.83405e-09
    9.24387e-01      5.34255e-04      1.00000e+01      1.78487e-09
    9.36288e-01      5.27032e-04      1.00000e+01      1.73818e-09
    9.48343e-01      5.19781e-04      1.00000e+01      1.69193e-09
    9.60552e-01      5.12501e-04      1.00000e+01      1.64602e-09
    9.72919e-01      5.05330e-04      1.00000e+01      1.60243e-09
    9.85445e-01      4.98065e-04      1.00000e+01      1.55828e-09
    9.98133e-01      4.91079e-04      1.00000e+01      1.51646e-09
    1.01098e+00      4.84089e-04      1.00000e+01      1.47478e-09
    1.02400e+00      4.77033e-04      1.00000e+01      1.43405e-09
    1.03718e+00      4.69916e-04      1.00000e+01      1.39462e-09
    1.05054e+00      4.62747e-04      1.00000e+01      1.35518e-09
    1.06406e+00      4.55697e-04      1.00000e+01      1.31780e-09
    1.07776e+00      4.48556e-04      1.00000e+01      1.27995e-09
    1.09164e+00      4.41559e-04      1.00000e+01      1.24430e-09
    1.10569e+00      4.34487e-04      1.00000e+01      1.20837e-09
    1.11993e+00      4.27518e-04      1.00000e+01      1.17406e-09
    1.13435e+00      4.20514e-04      1.00000e+01      1.13989e-09
    1.14895e+00      4.13586e-04      1.00000e+01      1.10698e-09
    1.16374e+00      4.06649e-04      1.00000e+01      1.07445e-09
    1.17873e+00      3.99774e-04      1.00000e+01      1.04296e-09
    1.19390e+00      3.92902e-04      1.00000e+01      1.01195e-09
    1.20928e+00      3.86091e-04      1.00000e+01      9.81918e-10
    1.22484e+00      3.79282e-04      1.00000e+01      9.52312e-10
    1.24061e+00      3.72545e-04      1.00000e+01      9.23723e-10
    1.25659e+00      3.65796e-04      1.00000e+01      8.95424e-10
    1.27277e+00      3.59141e-04      1.00000e+01      8.68266e-10
    1.28915e+00      3.52450e-04      1.00000e+01      8.41182e-10
    1.30575e+00      3.45888e-04      1.00000e+01      8.15430e-10
    1.32256e+00      3.39284e-04      1.00000e+01      7.89676e-10
    1.33959e+00      3.32797e-04      1.00000e+01      7.65103e-10
    1.35684e+00      3.26304e-04      1.00000e+01      7.40768e-10
    1.37431e+00      3.19873e-04      1.00000e+01      7.17177e-10
    1.39200e+00      3.13494e-04      1.00000e+01      6.94211e-10
    1.40992e+00      3.07118e-04      1.00000e+01      6.71537e-10
    1.42808e+00      3.00858e-04      1.00000e+01      6.49888e-10
    1.44646e+00      2.94592e-04      1.00000e+01      6.28430e-10
    1.46509e+00      2.88404e-04      1.00000e+01      6.07698e-10
    1.48395e+00      2.82272e-04      1.00000e+01      5.87516e-10
    1.50306e+00      2.76148e-04      1.00000e+01      5.67598e-10
    1.52241e+00      2.70144e-04      1.00000e+01      5.48577e-10
    1.54201e+00      2.64162e-04      1.00000e+01      5.29872e-10
    1.56186e+00      2.58207e-04      1.00000e+01      5.11514e-10
    1.58197e+00      2.52369e-04      1.00000e+01      4.93967e-10
    1.60234e+00      2.46555e-04      1.00000e+01      4.76714e-10
    1.62297e+00      2.40773e-04      1.00000e+01      4.59794e-10
    1.64387e+00      2.35113e-04      1.00000e+01      4.43630e-10
    1.66503e+00      2.29487e-04      1.00000e+01      4.27777e-10
    1.68647e+00      2.23902e-04      1.00000e+01      4.12259e-10
    1.70819e+00      2.18408e-04      1.00000e+01      3.97311e-10
    1.73018e+00      2.12982e-04      1.00000e+01      3.82792e-10
    1.75246e+00      2.07603e-04      1.00000e+01      3.68605e-10
    1.77502e+00      2.02277e-04      1.00000e+01      3.54763e-10
    1.79787e+00      1.97058e-04      1.00000e+01      3.41485e-10
    1.82102e+00      1.91896e-04      1.00000e+01      3.28551e-10
    1.84447e+00      1.86791e-04      1.00000e+01      3.15946e-10
    1.86822e+00      1.81746e-04      1.00000e+01      3.03676e-10
    1.89227e+00      1.76788e-04      1.00000e+01      2.91828e-10
    1.91663e+00      1.71914e-04      1.00000e+01      2.80377e-10
    1.94131e+00      1.67104e-04      1.00000e+01      2.69243e-10
    1.96631e+00      1.62361e-04      1.00000e+01      2.58426e-10
    1.99162e+00      1.57771e-04      1.00000e+01      2.47926e-10
    2.01727e+00      1.53550e-04      1.00000e+01      2.37743e-10
    2.04324e+00      1.49040e-04      1.00000e+01      2.27938e-10
    2.06955e+00      1.44608e-04      1.00000e+01      2.18445e-10
    2.09619e+00      1.40249e-04      1.00000e+01      2.09244e-10
    2.12318e+00      1.35966e-04      1.00000e+01      2.00333e-10
    2.15052e+00      1.31759e-04      1.00000e+01      1.91708e-10
    2.17821e+00      1.27629e-04      1.00000e+01      1.83363e-10
    2.20625e+00      1.23578e-04      1.00000e+01      1.75293e-10
    2.23466e+00      1.19606e-04      1.00000e+01      1.67496e-10
    2.26343e+00      1.15714e-04      1.00000e+01      1.59963e-10
    2.29257e+00      1.11904e-04      1.00000e+01      1.52690e-10
    2.32209e+00      1.08175e-04      1.00000e+01      1.45671e-10
    2.35199e+00      1.04529e-04      1.00000e+01      1.38900e-10
    2.38227e+00      1.00961e-04      1.00000e+01      1.32369e-10
    2.41295e+00      9.74780e-05      1.00000e+01      1.26075e-10
    2.44401e+00      9.40768e-05      1.00000e+01      1.20010e-10
    2.47548e+00      9.07573e-05      1.00000e+01      1.14167e-10
    2.50736e+00      8.75203e-05      1.00000e+01      1.08542e-10
    2.53964e+00      8.43622e-05      1.00000e+01      1.03126e-10
    2.57234e+00      8.12877e-05      1.00000e+01      9.79158e-11
    2.60546e+00      7.82949e-05      1.00000e+01      9.29044e-11
    2.63901e+00      7.53821e-05      1.00000e+01      8.80855e-11
    2.67298e+00      7.25485e-05      1.00000e+01      8.34531e-11
    2.70740e+00      6.97943e-05      1.00000e+01      7.90018e-11
    2.74226e+00      6.71197e-05      1.00000e+01      7.47273e-11
    2.77757e+00      6.45346e-05      1.00000e+01      7.06474e-11
    2.81333e+00      6.20290e-05      1.00000e+01      6.67343e-11
    2.84955e+00      5.95995e-05      1.00000e+01      6.29800e-11
    2.88624e+00      5.72470e-05      1.00000e+01      5.93804e-11
    2.92341e+00      5.49681e-05      1.00000e+01      5.59290e-11
    2.96105e+00      5.27789e-05      1.00000e+01      5.26497e-11
    2.99917e+00      5.06630e-05      1.00000e+01      4.95106e-11
    3.03779e+00      4.86201e-05      1.00000e+01      4.65060e-11
    3.07690e+00      4.66504e-05      1.00000e+01      4.36354e-11
    3.11652e+00      4.47655e-05      1.00000e+01      4.09146e-11
    3.15665e+00      4.29477e-05      1.00000e+01      3.83123e-11
    3.19729e+00      4.11989e-05      1.00000e+01      3.58288e-11
    3.23846e+00      3.95318e-05      1.00000e+01      3.34816e-11
    3.28015e+00      3.79308e-05      1.00000e+01      3.12419e-11
    3.32239e+00      3.63973e-05      1.00000e+01      2.91149e-11
    3.36517e+00      3.49369e-05      1.00000e+01      2.71026e-11
    3.40849e+00      3.35375e-05      1.00000e+01      2.51854e-11
    3.45238e+00      3.22125e-05      1.00000e+01      2.33835e-11
    3.49683e+00      3.09452e-05      1.00000e+01      2.16684e-11
    3.54186e+00      2.97464e-05      1.00000e+01      2.00567e-11
    3.58746e+00      2.86051e-05      1.00000e+01      1.85282e-11
    3.63365e+00      2.75299e-05      1.00000e+01      1.70953e-11
    3.68044e+00      2.65060e-05      1.00000e+01      1.57372e-11
    3.72783e+00      2.55482e-05      1.00000e+01      1.44707e-11
    3.77582e+00      2.46406e-05      1.00000e+01      1.32746e-11
    3.82444e+00      2.37895e-05      1.00000e+01      1.21563e-11
    3.87368e+00      2.29914e-05      1.00000e+01      1.11097e-11
    3.92356e+00      2.22406e-05      1.00000e+01      1.01273e-11
    3.97408e+00      2.15441e-05      1.00000e+01      9.21652e-12
    4.02525e+00      2.08929e-05      1.00000e+01      8.36580e-12
    4.07708e+00      2.02860e-05      1.00000e+01      7.57327e-12
    4.12957e+00      1.97239e-05      1.00000e+01      6.83907e-12
    4.18274e+00      1.92063e-05      1.00000e+01      6.16108e-12
    4.23660e+00      1.87253e-05      1.00000e+01      5.53209e-12
    4.29115e+00      1.82853e-05      1.00000e+01      4.95309e-12
    4.34640e+00      1.78781e-05      1.00000e+01      4.41844e-12
    4.40236e+00      1.75108e-05      1.00000e+01      3.93165e-12
    4.45905e+00      1.71735e-05      1.00000e+01      3.48480e-12
    4.51646e+00      1.68680e-05      1.00000e+01      3.07749e-12
    4.57461e+00      1.65915e-05      1.00000e+01      2.70689e-12
    4.63351e+00      1.63420e-05      1.00000e+01      2.37089e-12
    4.69317e+00      1.61183e-05      1.00000e+01      2.06743e-12
    4.75360e+00      1.59184e-05      1.00000e+01      1.79458e-12
    4.81481e+00      1.57404e-05      1.00000e+01      1.54999e-12
    4.87680e+00      1.55828e-05      1.00000e+01      1.33177e-12
    4.93960e+00      1.54439e-05      1.00000e+01      1.13814e-12
    5.00320e+00      1.53219e-05      1.00000e+01      9.67004e-13
    5.06762e+00      1.52154e-05      1.00000e+01      8.16594e-13
    5.13287e+00      1.51229e-05      1.00000e+01      6.85276e-13
    5.19896e+00      1.50432e-05      1.00000e+01      5.71822e-13
    5.26590e+00      1.49744e-05      1.00000e+01      4.73805e-13
    5.33370e+00      1.49156e-05      1.00000e+01      3.90020e-13
    5.40238e+00      1.48650e-05      1.00000e+01      3.18583e-13
    5.47194e+00      1.48224e-05      1.00000e+01      2.59000e-13
    5.54239e+00      1.47860e-05      1.00000e+01      2.09160e-13
    5.61375e+00      1.47551e-05      1.00000e+01      1.67890e-13
    5.68604e+00      1.47289e-05      1.00000e+01      1.34194e-13
    5.75925e+00      1.47065e-05      1.00000e+01      1.06848e-13
    5.83340e+00      1.46873e-05      1.00000e+01      8.48793e-14
    5.90851e+00      1.46707e-05      1.00000e+01      6.74580e-14
    5.98459e+00      1.46561e-05      1.00000e+01      5.36667e-14
    6.06165e+00      1.46433e-05      1.00000e+01      4.28556e-14
    6.13970e+00      1.46318e-05      1.00000e+01      3.44031e-14
    6.21875e+00      1.46213e-05      1.00000e+01      2.78194e-14
    6.29882e+00      1.46116e-05      1.00000e+01      2.27464e-14
    6.37992e+00      1.46026e-05      1.00000e+01      1.87924e-14
    6.46207e+00      1.45940e-05      1.00000e+01      1.57061e-14
    6.54527e+00      1.45858e-05      1.00000e+01      1.32866e-14
    6.62955e+00      1.45779e-05      1.00000e+01      1.13764e-14
    6.71491e+00      1.45702e-05      1.00000e+01      9.84341e-15
    6.80137e+00      1.45626e-05      1.00000e+01      8.60010e-15
    6.88895e+00      1.45552e-05      1.00000e+01      7.57619e-15
    6.97765e+00      1.45478e-05      1.00000e+01      6.71821e-15
    7.06749e+00      1.45405e-05      1.00000e+01      5.98664e-15
    7.15849e+00      1.45333e-05      1.00000e+01      5.35285e-15
    7.25066e+00      1.45261e-05      1.00000e+01      4.79512e-15
    7.34402e+00      1.45189e-05      1.00000e+01      4.29858e-15
    7.43858e+00      1.45118e-05      1.00000e+01      3.85138e-15
    7.53436e+00      1.45046e-05      1.00000e+01      3.44585e-15
    7.63137e+00      1.44975e-05      1.00000e+01      3.07551e-15
    7.72963e+00      1.44903e-05      1.00000e+01      2.73615e-15
    7.82916e+00      1.44832e-05      1.00000e+01      2.42453e-15
    7.92997e+00      1.44761e-05      1.00000e+01      2.14015e-15
    8.03207e+00      1.44689e-05      1.00000e+01      1.87941e-15
    8.13549e+00      1.44618e-05      1.00000e+01      1.64186e-15
    8.24024e+00      1.44546e-05      1.00000e+01      1.42558e-15
    8.34634e+00      1.44474e-05      1.00000e+01      1.22961e-15
    8.45381e+00      1.44402e-05      1.00000e+01      1.05303e-15
    8.56266e+00      1.44329e-05      1.00000e+01      8.95083e-16
    8.67291e+00      1.44256e-05      1.00000e+01      7.53748e-16
    8.78458e+00      1.44182e-05      1.00000e+01      6.28897e-16
    8.89769e+00      1.44107e-05      1.00000e+01      5.18590e-16
    9.01226e+00      1.44032e-05      1.00000e+01      4.22713e-16
    9.12830e+00      1.43957e-05      1.00000e+01      3.39471e-16
    9.24583e+00      1.43881e-05      1.00000e+01      2.68292e-16
    9.36488e+00      1.43804e-05      1.00000e+01      2.08003e-16
    9.48546e+00      1.43726e-05      1.00000e+01      1.57841e-16
    9.60760e+00      1.43648e-05      1.00000e+01      1.16807e-16
    9.73131e+00      1.43569e-05      1.00000e+01      8.38757e-17
    9.85660e+00      1.43490e-05      1.00000e+01      5.84813e-17
    9.98352e+00      1.43409e-05      1.00000e+01      3.93740e-17
    1.01121e+01      1.43328e-05      1.00000e+01      2.58314e-17
    1.02423e+01      1.43246e-05      1.00000e+01      1.68306e-17
    1.03741e+01      1.43162e-05      1.00000e+01      1.09477e-17
    1.05077e+01      1.43078e-05      1.00000e+01      7.34634e-18
    1.06430e+01      1.42993e-05      1.00000e+01      4.97312e-18
    1.07801e+01      1.42906e-05      1.00000e+01      3.63117e-18
    1.09189e+01      1.42819e-05      1.00000e+01      2.64719e-18
    1.10595e+01      1.42730e-05      1.00000e+01      1.84372e-18
    1.12019e+01      1.42641e-05      1.00000e+01      1.21380e-18
    1.13461e+01      1.42551e-05      1.00000e+01      7.43079e-19
    1.14922e+01      1.42460e-05      1.00000e+01      4.17892e-19
    1.16402e+01      1.42368e-05      1.00000e+01      2.15073e-19
    1.17900e+01      1.42275e-05      1.00000e+01      9.35815e-20
    1.19418e+01      1.42180e-05      1.00000e+01      3.30930e-20
    1.20956e+01      1.42085e-05      1.00000e+01      4.10552e-21
    1.22513e+01      1.41988e-05      1.00000e+01      -1.12341e-189
    1.24091e+01      1.41891e-05      1.00000e+01      -1.10626e-189
    1.25689e+01      1.41792e-05      1.00000e+01      -1.08931e-189
    1.27307e+01      1.41692e-05      1.00000e+01      -1.07258e-189
    1.28946e+01      1.41591e-05      1.00000e+01      -1.05607e-189
    1.30607e+01      1.41489e-05      1.00000e+01      -1.03976e-189
    1.32288e+01      1.41386e-05      1.00000e+01      -1.02365e-189
    1.33992e+01      1.41282e-05      1.00000e+01      -1.00775e-189
    1.35717e+01      1.41176e-05      1.00000e+01      -9.92054e-190
    1.37464e+01      1.41069e-05      1.00000e+01      -9.76556e-190
    1.39234e+01      1.40961e-05      1.00000e+01      -9.61254e-190
    1.41027e+01      1.40850e-05      1.00000e+01      -9.46146e-190
    1.42843e+01      1.40739e-05      1.00000e+01      -9.31231e-190
    1.44682e+01      1.40627e-05      1.00000e+01      -9.16506e-190
    1.46545e+01      1.40514e-05      1.00000e+01      -9.01969e-190
    1.48432e+01      1.40400e-05      1.00000e+01      -8.87618e-190
    1.50343e+01      1.40284e-05      1.00000e+01      -8.73452e-190
    1.52279e+01      1.40166e-05      1.00000e+01      -8.59468e-190
    1.54240e+01      1.40047e-05      1.00000e+01      -8.45663e-190
    1.56226e+01      1.39927e-05      1.00000e+01      -8.32036e-190
    1.58237e+01      1.39805e-05      1.00000e+01      -8.18586e-190
    1.60275e+01      1.39682e-05      1.00000e+01      -8.05309e-190
    1.62338e+01      1.39558e-05      1.00000e+01      -7.92204e-190
    1.64429e+01      1.39433e-05      1.00000e+01      -7.79269e-190
    1.66546e+01      1.39305e-05      1.00000e+01      -7.66503e-190
    1.68690e+01      1.39177e-05      1.00000e+01      -7.53902e-190
    1.70862e+01      1.39046e-05      1.00000e+01      -7.41467e-190
    1.73062e+01      1.38914e-05      1.00000e+01      -7.29194e-190
    1.75291e+01      1.38781e-05      1.00000e+01      -7.17082e-190
    1.77548e+01      1.38647e-05      1.00000e+01      -7.05129e-190
    1.79834e+01      1.38511e-05      1.00000e+01      -6.93333e-190
    1.82149e+01      1.38374e-05      1.00000e+01      -6.81693e-190
    1.84495e+01      1.38235e-05      1.00000e+01      -6.70206e-190
    1.86870e+01      1.38094e-05      1.00000e+01      -6.58871e-190
    1.89276e+01      1.37952e-05      1.00000e+01      -6.47686e-190
    1.91714e+01      1.37809e-05      1.00000e+01      -6.36651e-190
    1.94182e+01      1.37663e-05      1.00000e+01      -6.25762e-190
    1.96682e+01      1.37516e-05      1.00000e+01      -6.15019e-190
    1.99215e+01      1.37368e-05      1.00000e+01      -6.04420e-190
    2.01780e+01      1.37218e-05      1.00000e+01      -5.93963e-190
    2.04378e+01      1.37066e-05      1.00000e+01      -5.83646e-190
    2.07010e+01      1.36913e-05      1.00000e+01      -5.73469e-190
    2.09675e+01      1.36758e-05      1.00000e+01      -5.63429e-190
    2.12375e+01      1.36601e-05      1.00000e+01      -5.53525e-190
    2.15109e+01      1.36442e-05      1.00000e+01      -5.43755e-190
    2.17879e+01      1.36282e-05      1.00000e+01      -5.34119e-190
    2.20685e+01      1.36120e-05      1.00000e+01      -5.24614e-190
    2.23526e+01      1.35956e-05      1.00000e+01      -5.15239e-190
    2.26404e+01      1.35791e-05      1.00000e+01      -5.05993e-190
    2.29319e+01      1.35623e-05      1.00000e+01      -4.96874e-190
    2.32272e+01      1.35454e-05      1.00000e+01      -4.87880e-190
    2.35263e+01      1.35282e-05      1.00000e+01      -4.79011e-190
    2.38292e+01      1.35109e-05      1.00000e+01      -4.70266e-190
    2.41360e+01      1.34934e-05      1.00000e+01      -4.61642e-190
    2.44468e+01      1.34757e-05      1.00000e+01      -4.53138e-190
    2.47616e+01      1.34578e-05      1.00000e+01      -4.44754e-190
    2.50804e+01      1.34398e-05      1.00000e+01      -4.36487e-190
    2.54034e+01      1.34215e-05      1.00000e+01      -4.28337e-190
    2.57304e+01      1.34031e-05      1.00000e+01      -4.20301e-190
    2.60618e+01      1.33844e-05      1.00000e+01      -4.12380e-190
    2.63973e+01      1.33655e-05      1.00000e+01      -4.04572e-190
    2.67372e+01      1.33465e-05      1.00000e+01      -3.96874e-190
    2.70815e+01      1.33272e-05      1.00000e+01      -3.89288e-190
    2.74302e+01      1.33078e-05      1.00000e+01      -3.81809e-190
    2.77834e+01      1.32881e-05      1.00000e+01      -3.74439e-190
    2.81411e+01      1.32681e-05      1.00000e+01      -3.67176e-190
    2.85035e+01      1.32480e-05      1.00000e+01      -3.60018e-190
    2.88705e+01      1.32276e-05      1.00000e+01      -3.52964e-190
    2.92422e+01      1.32070e-05      1.00000e+01      -3.46013e-190
    2.96187e+01      1.31862e-05      1.00000e+01      -3.39165e-190
    3.00001e+01      1.31652e-05      1.00000e+01      -3.32417e-190
