    Er (keV)         SM dN/dE         BG dN/dE        BSM dN/dE (events/kg/day/keV)
    5.01000e-02      2.20460e+01      5.00000e+00      5.23047e-02
    5.07729e-02      2.19467e+01      5.00000e+00      5.17449e-02
    5.14550e-02      2.18460e+01      5.00000e+00      5.11775e-02
    5.21461e-02      2.17440e+01      5.00000e+00      5.06026e-02
    5.28466e-02      2.16407e+01      5.00000e+00      5.00199e-02
    5.35565e-02      2.15359e+01      5.00000e+00      4.94294e-02
    5.42760e-02      2.14297e+01      5.00000e+00      4.88309e-02
    5.50052e-02      2.13221e+01      5.00000e+00      4.82243e-02
    5.57441e-02      2.12131e+01      5.00000e+00      4.76096e-02
    5.64931e-02      2.11026e+01      5.00000e+00      4.69867e-02
    5.72520e-02      2.09906e+01      5.00000e+00      4.63553e-02
    5.80213e-02      2.08771e+01      5.00000e+00      4.57155e-02
    5.88008e-02      2.07620e+01      5.00000e+00      4.50670e-02
    5.95909e-02      2.06454e+01      5.00000e+00      4.44098e-02
    6.03916e-02      2.05273e+01      5.00000e+00      4.37437e-02
    6.12030e-02      2.04075e+01      5.00000e+00      4.30687e-02
    6.20254e-02      2.02862e+01      5.00000e+00      4.23846e-02
    6.28589e-02      2.01632e+01      5.00000e+00      4.16913e-02
    6.37035e-02      2.00385e+01      5.00000e+00      4.09887e-02
    6.45596e-02      1.99122e+01      5.00000e+00      4.02766e-02
    6.54271e-02      1.97842e+01      5.00000e+00      3.95550e-02
    6.63064e-02      1.96544e+01      5.00000e+00      3.88236e-02
    6.71974e-02      1.95230e+01      5.00000e+00      3.80824e-02
    6.81005e-02      1.93897e+01      5.00000e+00      3.73312e-02
    6.90157e-02      1.92546e+01      5.00000e+00      3.65698e-02
    6.99433e-02      1.91178e+01      5.00000e+00      3.57983e-02
    7.08833e-02      1.89790e+01      5.00000e+00      3.50163e-02
    7.18360e-02      1.88385e+01      5.00000e+00      3.42239e-02
    7.28014e-02      1.86960e+01      5.00000e+00      3.34207e-02
    7.37799e-02      1.85516e+01      5.00000e+00      3.26068e-02
    7.47716e-02      1.84053e+01      5.00000e+00      3.17819e-02
    7.57766e-02      1.82569e+01      5.00000e+00      3.09459e-02
    7.67951e-02      1.81066e+01      5.00000e+00      3.00986e-02
    7.78274e-02      1.79543e+01      5.00000e+00      2.92400e-02
    7.88735e-02      1.77999e+01      5.00000e+00      2.83698e-02
    7.99337e-02      1.76435e+01      5.00000e+00      2.74878e-02
    8.10082e-02      1.74849e+01      5.00000e+00      2.65941e-02
    8.20971e-02      1.73242e+01      5.00000e+00      2.56882e-02
    8.32007e-02      1.71614e+01      5.00000e+00      2.47702e-02
    8.43192e-02      1.69963e+01      5.00000e+00      2.38398e-02
    8.54527e-02      1.68291e+01      5.00000e+00      2.28970e-02
    8.66014e-02      1.66595e+01      5.00000e+00      2.19414e-02
    8.77657e-02      1.64877e+01      5.00000e+00      2.09729e-02
    8.89456e-02      1.63136e+01      5.00000e+00      1.99914e-02
    9.01413e-02      1.61372e+01      5.00000e+00      1.89968e-02
    9.13532e-02      1.60255e+01      5.00000e+00      1.85774e-02
    9.25814e-02      1.59267e+01      5.00000e+00      1.82790e-02
    9.38261e-02      1.58266e+01      5.00000e+00      1.79766e-02
    9.50875e-02      1.57252e+01      5.00000e+00      1.76701e-02
    9.63660e-02      1.56224e+01      5.00000e+00      1.73595e-02
    9.76616e-02      1.55182e+01      5.00000e+00      1.70447e-02
    9.89747e-02      1.54126e+01      5.00000e+00      1.67257e-02
    1.00305e-01      1.53056e+01      5.00000e+00      1.64024e-02
    1.01654e-01      1.51972e+01      5.00000e+00      1.60748e-02
    1.03021e-01      1.50873e+01      5.00000e+00      1.57427e-02
    1.04406e-01      1.49759e+01      5.00000e+00      1.54062e-02
    1.05810e-01      1.48630e+01      5.00000e+00      1.50651e-02
    1.07233e-01      1.47486e+01      5.00000e+00      1.47194e-02
    1.08675e-01      1.46327e+01      5.00000e+00      1.43691e-02
    1.10136e-01      1.45152e+01      5.00000e+00      1.40141e-02
    1.11617e-01      1.43961e+01      5.00000e+00      1.36543e-02
    1.13118e-01      1.42754e+01      5.00000e+00      1.32896e-02
    1.14639e-01      1.41531e+01      5.00000e+00      1.29201e-02
    1.16181e-01      1.40291e+01      5.00000e+00      1.25456e-02
    1.17743e-01      1.39035e+01      5.00000e+00      1.21660e-02
    1.19326e-01      1.37762e+01      5.00000e+00      1.17813e-02
    1.20931e-01      1.36471e+01      5.00000e+00      1.13915e-02
    1.22557e-01      1.35164e+01      5.00000e+00      1.09964e-02
    1.24205e-01      1.33839e+01      5.00000e+00      1.05959e-02
    1.25876e-01      1.32495e+01      5.00000e+00      1.01901e-02
    1.27568e-01      1.31134e+01      5.00000e+00      9.77887e-03
    1.29284e-01      1.29755e+01      5.00000e+00      9.36207e-03
    1.31023e-01      1.28436e+01      5.00000e+00      8.98811e-03
    1.32785e-01      1.27459e+01      5.00000e+00      8.83056e-03
    1.34571e-01      1.26469e+01      5.00000e+00      8.67089e-03
    1.36380e-01      1.25466e+01      5.00000e+00      8.50907e-03
    1.38215e-01      1.24450e+01      5.00000e+00      8.34507e-03
    1.40074e-01      1.23420e+01      5.00000e+00      8.17887e-03
    1.41957e-01      1.22376e+01      5.00000e+00      8.01042e-03
    1.43867e-01      1.21318e+01      5.00000e+00      7.83971e-03
    1.45802e-01      1.20246e+01      5.00000e+00      7.66670e-03
    1.47763e-01      1.19159e+01      5.00000e+00      7.49137e-03
    1.49750e-01      1.18057e+01      5.00000e+00      7.31367e-03
    1.51764e-01      1.16941e+01      5.00000e+00      7.13359e-03
    1.53805e-01      1.15810e+01      5.00000e+00      6.95107e-03
    1.55874e-01      1.14664e+01      5.00000e+00      6.76611e-03
    1.57971e-01      1.13502e+01      5.00000e+00      6.57865e-03
    1.60095e-01      1.12324e+01      5.00000e+00      6.38867e-03
    1.62249e-01      1.11131e+01      5.00000e+00      6.19613e-03
    1.64431e-01      1.09922e+01      5.00000e+00      6.00100e-03
    1.66643e-01      1.08696e+01      5.00000e+00      5.80325e-03
    1.68884e-01      1.07454e+01      5.00000e+00      5.60283e-03
    1.71156e-01      1.06208e+01      5.00000e+00      5.40378e-03
    1.73458e-01      1.05244e+01      5.00000e+00      5.29574e-03
    1.75792e-01      1.04268e+01      5.00000e+00      5.18625e-03
    1.78156e-01      1.03279e+01      5.00000e+00      5.07528e-03
    1.80553e-01      1.02276e+01      5.00000e+00      4.96282e-03
    1.82981e-01      1.01259e+01      5.00000e+00      4.84885e-03
    1.85443e-01      1.00229e+01      5.00000e+00      4.73334e-03
    1.87937e-01      9.91856e+00      5.00000e+00      4.61628e-03
    1.90465e-01      9.81277e+00      5.00000e+00      4.49764e-03
    1.93028e-01      9.70555e+00      5.00000e+00      4.37741e-03
    1.95624e-01      9.59689e+00      5.00000e+00      4.25556e-03
    1.98256e-01      9.48677e+00      5.00000e+00      4.13206e-03
    2.00923e-01      9.37517e+00      5.00000e+00      4.00691e-03
    2.03626e-01      9.26207e+00      5.00000e+00      3.88007e-03
    2.06365e-01      9.14744e+00      5.00000e+00      3.75152e-03
    2.09141e-01      9.03127e+00      5.00000e+00      3.62125e-03
    2.11954e-01      8.91842e+00      5.00000e+00      3.49969e-03
    2.14806e-01      8.82491e+00      5.00000e+00      3.42114e-03
    2.17695e-01      8.73013e+00      5.00000e+00      3.34154e-03
    2.20624e-01      8.63408e+00      5.00000e+00      3.26086e-03
    2.23592e-01      8.53673e+00      5.00000e+00      3.17910e-03
    2.26600e-01      8.43807e+00      5.00000e+00      3.09624e-03
    2.29649e-01      8.33809e+00      5.00000e+00      3.01226e-03
    2.32738e-01      8.23676e+00      5.00000e+00      2.92715e-03
    2.35869e-01      8.13407e+00      5.00000e+00      2.84090e-03
    2.39042e-01      8.02999e+00      5.00000e+00      2.75349e-03
    2.42258e-01      7.92452e+00      5.00000e+00      2.66490e-03
    2.45517e-01      7.81762e+00      5.00000e+00      2.57511e-03
    2.48821e-01      7.70928e+00      5.00000e+00      2.48412e-03
    2.52168e-01      7.60211e+00      5.00000e+00      2.39601e-03
    2.55561e-01      7.51300e+00      5.00000e+00      2.33735e-03
    2.58999e-01      7.42270e+00      5.00000e+00      2.27790e-03
    2.62483e-01      7.33118e+00      5.00000e+00      2.21764e-03
    2.66015e-01      7.23843e+00      5.00000e+00      2.15658e-03
    2.69594e-01      7.14443e+00      5.00000e+00      2.09470e-03
    2.73221e-01      7.04916e+00      5.00000e+00      2.03198e-03
    2.76897e-01      6.95261e+00      5.00000e+00      1.96841e-03
    2.80622e-01      6.85477e+00      5.00000e+00      1.90400e-03
    2.84398e-01      6.75560e+00      5.00000e+00      1.83871e-03
    2.88224e-01      6.65511e+00      5.00000e+00      1.77255e-03
    2.92102e-01      6.55325e+00      5.00000e+00      1.70549e-03
    2.96032e-01      6.46928e+00      5.00000e+00      1.66065e-03
    3.00015e-01      6.38426e+00      5.00000e+00      1.61531e-03
    3.04052e-01      6.29810e+00      5.00000e+00      1.56937e-03
    3.08142e-01      6.21079e+00      5.00000e+00      1.52280e-03
    3.12288e-01      6.12230e+00      5.00000e+00      1.47561e-03
    3.16490e-01      6.03261e+00      5.00000e+00      1.42779e-03
    3.20748e-01      5.94172e+00      5.00000e+00      1.37932e-03
    3.25064e-01      5.84961e+00      5.00000e+00      1.33020e-03
    3.29438e-01      5.75626e+00      5.00000e+00      1.28042e-03
    3.33870e-01      5.66684e+00      5.00000e+00      1.23512e-03
    3.38362e-01      5.58768e+00      5.00000e+00      1.20057e-03
    3.42915e-01      5.50745e+00      5.00000e+00      1.16556e-03
    3.47529e-01      5.42614e+00      5.00000e+00      1.13008e-03
    3.52205e-01      5.34374e+00      5.00000e+00      1.09412e-03
    3.56944e-01      5.26023e+00      5.00000e+00      1.05767e-03
    3.61747e-01      5.17560e+00      5.00000e+00      1.02074e-03
    3.66614e-01      5.08983e+00      5.00000e+00      9.83306e-04
    3.71547e-01      5.00290e+00      5.00000e+00      9.45371e-04
    3.76546e-01      4.92541e+00      5.00000e+00      9.15561e-04
    3.81613e-01      4.85058e+00      5.00000e+00      8.88367e-04
    3.86748e-01      4.77475e+00      5.00000e+00      8.60806e-04
    3.91952e-01      4.69790e+00      5.00000e+00      8.32875e-04
    3.97226e-01      4.62001e+00      5.00000e+00      8.04568e-04
    4.02571e-01      4.54107e+00      5.00000e+00      7.75879e-04
    4.07987e-01      4.46107e+00      5.00000e+00      7.46805e-04
    4.13477e-01      4.38066e+00      5.00000e+00      7.17781e-04
    4.19041e-01      4.31097e+00      5.00000e+00      6.96248e-04
    4.24679e-01      4.24035e+00      5.00000e+00      6.74425e-04
    4.30394e-01      4.16878e+00      5.00000e+00      6.52308e-04
    4.36185e-01      4.09624e+00      5.00000e+00      6.29893e-04
    4.42054e-01      4.02273e+00      5.00000e+00      6.07176e-04
    4.48003e-01      3.94823e+00      5.00000e+00      5.84154e-04
    4.54031e-01      3.87362e+00      5.00000e+00      5.61326e-04
    4.60140e-01      3.80811e+00      5.00000e+00      5.43889e-04
    4.66332e-01      3.74172e+00      5.00000e+00      5.26218e-04
    4.72607e-01      3.67444e+00      5.00000e+00      5.08309e-04
    4.78966e-01      3.60625e+00      5.00000e+00      4.90159e-04
    4.85412e-01      3.53714e+00      5.00000e+00      4.71765e-04
    4.91943e-01      3.46711e+00      5.00000e+00      4.53123e-04
    4.98563e-01      3.40294e+00      5.00000e+00      4.37474e-04
    5.05272e-01      3.34078e+00      5.00000e+00      4.22982e-04
    5.12071e-01      3.27779e+00      5.00000e+00      4.08296e-04
    5.18962e-01      3.21394e+00      5.00000e+00      3.93412e-04
    5.25945e-01      3.14924e+00      5.00000e+00      3.78327e-04
    5.33022e-01      3.08367e+00      5.00000e+00      3.63040e-04
    5.40195e-01      3.02446e+00      5.00000e+00      3.50514e-04
    5.47464e-01      2.96597e+00      5.00000e+00      3.38436e-04
    5.54831e-01      2.90668e+00      5.00000e+00      3.26195e-04
    5.62297e-01      2.84660e+00      5.00000e+00      3.13790e-04
    5.69864e-01      2.78570e+00      5.00000e+00      3.01217e-04
    5.77532e-01      2.72682e+00      5.00000e+00      2.89558e-04
    5.85304e-01      2.67175e+00      5.00000e+00      2.79510e-04
    5.93180e-01      2.61593e+00      5.00000e+00      2.69327e-04
    6.01162e-01      2.55937e+00      5.00000e+00      2.59007e-04
    6.09252e-01      2.50205e+00      5.00000e+00      2.48548e-04
    6.17451e-01      2.44641e+00      5.00000e+00      2.38606e-04
    6.25759e-01      2.39571e+00      5.00000e+00      2.30049e-04
    6.34180e-01      2.34433e+00      5.00000e+00      2.21377e-04
    6.42714e-01      2.29226e+00      5.00000e+00      2.12588e-04
    6.51363e-01      2.23948e+00      5.00000e+00      2.03681e-04
    6.60129e-01      2.18923e+00      5.00000e+00      1.95673e-04
    6.69012e-01      2.14097e+00      5.00000e+00      1.88401e-04
    6.78015e-01      2.09207e+00      5.00000e+00      1.81030e-04
    6.87139e-01      2.04250e+00      5.00000e+00      1.73560e-04
    6.96386e-01      1.99274e+00      5.00000e+00      1.66104e-04
    7.05757e-01      1.94777e+00      5.00000e+00      1.59896e-04
    7.15254e-01      1.90219e+00      5.00000e+00      1.53605e-04
    7.24880e-01      1.85601e+00      5.00000e+00      1.47229e-04
    7.34634e-01      1.80920e+00      5.00000e+00      1.40767e-04
    7.44521e-01      1.76629e+00      5.00000e+00      1.35252e-04
    7.54540e-01      1.72354e+00      5.00000e+00      1.29832e-04
    7.64694e-01      1.68022e+00      5.00000e+00      1.24339e-04
    7.74984e-01      1.63631e+00      5.00000e+00      1.18772e-04
    7.85414e-01      1.59618e+00      5.00000e+00      1.14004e-04
    7.95983e-01      1.55617e+00      5.00000e+00      1.09306e-04
    8.06695e-01      1.51563e+00      5.00000e+00      1.04546e-04
    8.17551e-01      1.47488e+00      5.00000e+00      9.97852e-05
    8.28553e-01      1.43766e+00      5.00000e+00      9.57479e-05
    8.39703e-01      1.39994e+00      5.00000e+00      9.16564e-05
    8.51003e-01      1.36172e+00      5.00000e+00      8.75098e-05
    8.62456e-01      1.32502e+00      5.00000e+00      8.36410e-05
    8.74062e-01      1.29015e+00      5.00000e+00      8.01013e-05
    8.85825e-01      1.25482e+00      5.00000e+00      7.65138e-05
    8.97746e-01      1.21910e+00      5.00000e+00      7.28945e-05
    9.09827e-01      1.18650e+00      5.00000e+00      6.98253e-05
    9.22071e-01      1.15346e+00      5.00000e+00      6.67147e-05
    9.34480e-01      1.11997e+00      5.00000e+00      6.35623e-05
    9.47056e-01      1.08861e+00      5.00000e+00      6.07466e-05
    9.59801e-01      1.05774e+00      5.00000e+00      5.80295e-05
    9.72717e-01      1.02647e+00      5.00000e+00      5.52759e-05
    9.85808e-01      9.96642e-01      5.00000e+00      5.27408e-05
    9.99074e-01      9.67750e-01      5.00000e+00      5.03544e-05
    1.01252e+00      9.38470e-01      5.00000e+00      4.79357e-05
    1.02615e+00      9.10442e-01      5.00000e+00      4.56964e-05
    1.03996e+00      8.83337e-01      5.00000e+00      4.35940e-05
    1.05395e+00      8.55867e-01      5.00000e+00      4.14634e-05
    1.06813e+00      8.29803e-01      5.00000e+00      3.95167e-05
    1.08251e+00      8.04335e-01      5.00000e+00      3.76571e-05
    1.09708e+00      7.78524e-01      5.00000e+00      3.57725e-05
    1.11184e+00      7.54497e-01      5.00000e+00      3.40970e-05
    1.12680e+00      7.30508e-01      5.00000e+00      3.24386e-05
    1.14197e+00      7.06565e-01      5.00000e+00      3.07959e-05
    1.15734e+00      6.84267e-01      5.00000e+00      2.93333e-05
    1.17291e+00      6.61668e-01      5.00000e+00      2.78511e-05
    1.18870e+00      6.39950e-01      5.00000e+00      2.64662e-05
    1.20469e+00      6.18893e-01      5.00000e+00      2.51571e-05
    1.22091e+00      5.97633e-01      5.00000e+00      2.38376e-05
    1.23734e+00      5.77996e-01      5.00000e+00      2.26765e-05
    1.25399e+00      5.58095e-01      5.00000e+00      2.14997e-05
    1.27087e+00      5.39033e-01      5.00000e+00      2.04034e-05
    1.28797e+00      5.20439e-01      5.00000e+00      1.93551e-05
    1.30530e+00      5.02020e-01      5.00000e+00      1.83284e-05
    1.32287e+00      4.84641e-01      5.00000e+00      1.73959e-05
    1.34067e+00      4.67028e-01      5.00000e+00      1.64509e-05
    1.35872e+00      4.50705e-01      5.00000e+00      1.56145e-05
    1.37700e+00      4.34218e-01      5.00000e+00      1.47714e-05
    1.39553e+00      4.18583e-01      5.00000e+00      1.39987e-05
    1.41431e+00      4.03104e-01      5.00000e+00      1.32435e-05
    1.43335e+00      3.88216e-01      5.00000e+00      1.25354e-05
    1.45264e+00      3.73679e-01      5.00000e+00      1.18573e-05
    1.47219e+00      3.59575e-01      5.00000e+00      1.12133e-05
    1.49200e+00      3.45914e-01      5.00000e+00      1.06041e-05
    1.51208e+00      3.32600e-01      5.00000e+00      1.00229e-05
    1.53243e+00      3.19723e-01      5.00000e+00      9.47575e-06
    1.55305e+00      3.07227e-01      5.00000e+00      8.95364e-06
    1.57395e+00      2.95165e-01      5.00000e+00      8.45955e-06
    1.59514e+00      2.83524e-01      5.00000e+00      7.99114e-06
    1.61660e+00      2.72204e-01      5.00000e+00      7.54298e-06
    1.63836e+00      2.61104e-01      5.00000e+00      7.12421e-06
    1.66041e+00      2.50039e-01      5.00000e+00      6.71751e-06
    1.68276e+00      2.39726e-01      5.00000e+00      6.34534e-06
    1.70540e+00      2.29489e-01      5.00000e+00      5.97797e-06
    1.72835e+00      2.19887e-01      5.00000e+00      5.64666e-06
    1.75162e+00      2.10306e-01      5.00000e+00      5.32154e-06
    1.77519e+00      2.00972e-01      5.00000e+00      5.01835e-06
    1.79908e+00      1.92185e-01      5.00000e+00      4.72763e-06
    1.82329e+00      1.83772e-01      5.00000e+00      4.44511e-06
    1.84783e+00      1.75625e-01      5.00000e+00      4.18703e-06
    1.87270e+00      1.67580e-01      5.00000e+00      3.93572e-06
    1.89790e+00      1.59895e-01      5.00000e+00      3.70080e-06
    1.92344e+00      1.52493e-01      5.00000e+00      3.47878e-06
    1.94933e+00      1.45224e-01      5.00000e+00      3.26405e-06
    1.97557e+00      1.38221e-01      5.00000e+00      3.06680e-06
    2.00215e+00      1.31591e-01      5.00000e+00      2.87712e-06
    2.02910e+00      1.25282e-01      5.00000e+00      2.69377e-06
    2.05641e+00      1.19680e-01      5.00000e+00      2.52346e-06
    2.08408e+00      1.13648e-01      5.00000e+00      2.36442e-06
    2.11213e+00      1.07430e-01      5.00000e+00      2.21446e-06
    2.14056e+00      1.01967e-01      5.00000e+00      2.07295e-06
    2.16937e+00      9.67158e-02      5.00000e+00      1.93974e-06
    2.19856e+00      9.16309e-02      5.00000e+00      1.81293e-06
    2.22815e+00      8.67340e-02      5.00000e+00      1.69304e-06
    2.25814e+00      8.21296e-02      5.00000e+00      1.58314e-06
    2.28853e+00      7.76593e-02      5.00000e+00      1.47911e-06
    2.31933e+00      7.33387e-02      5.00000e+00      1.38073e-06
    2.35054e+00      6.91882e-02      5.00000e+00      1.28761e-06
    2.38218e+00      6.52850e-02      5.00000e+00      1.20128e-06
    2.41424e+00      6.15305e-02      5.00000e+00      1.11946e-06
    2.44673e+00      5.79239e-02      5.00000e+00      1.04201e-06
    2.47966e+00      5.44660e-02      5.00000e+00      9.68902e-07
    2.51303e+00      5.11562e-02      5.00000e+00      9.00073e-07
    2.54685e+00      4.80395e-02      5.00000e+00      8.36162e-07
    2.58113e+00      4.50646e-02      5.00000e+00      7.75997e-07
    2.61587e+00      4.22215e-02      5.00000e+00      7.19293e-07
    2.65107e+00      3.95109e-02      5.00000e+00      6.65979e-07
    2.68675e+00      3.69325e-02      5.00000e+00      6.15974e-07
    2.72291e+00      3.44847e-02      5.00000e+00      5.69190e-07
    2.75956e+00      3.21637e-02      5.00000e+00      5.25492e-07
    2.79670e+00      2.99630e-02      5.00000e+00      4.84686e-07
    2.83434e+00      2.78794e-02      5.00000e+00      4.46634e-07
    2.87248e+00      2.55928e-02      5.00000e+00      4.11401e-07
    2.91114e+00      2.40281e-02      5.00000e+00      3.78649e-07
    2.95032e+00      2.23067e-02      5.00000e+00      3.48289e-07
    2.99003e+00      2.06491e-02      5.00000e+00      3.20175e-07
    3.03027e+00      1.90851e-02      5.00000e+00      2.93938e-07
    3.07105e+00      1.76122e-02      5.00000e+00      2.69436e-07
    3.11239e+00      1.62248e-02      5.00000e+00      2.46574e-07
    3.15428e+00      1.49227e-02      5.00000e+00      2.25311e-07
    3.19673e+00      1.37004e-02      5.00000e+00      2.05578e-07
    3.23975e+00      1.25597e-02      5.00000e+00      1.87343e-07
    3.28335e+00      1.14945e-02      5.00000e+00      1.70408e-07
    3.32754e+00      1.05007e-02      5.00000e+00      1.54670e-07
    3.37233e+00      9.57834e-03      5.00000e+00      1.40078e-07
    3.41771e+00      8.72073e-03      5.00000e+00      1.26586e-07
    3.46371e+00      7.91771e-03      5.00000e+00      1.14144e-07
    3.51033e+00      7.17788e-03      5.00000e+00      1.02672e-07
    3.55757e+00      6.49468e-03      5.00000e+00      9.20866e-08
    3.60545e+00      5.86911e-03      5.00000e+00      8.24173e-08
    3.65398e+00      5.29674e-03      5.00000e+00      7.36040e-08
    3.70315e+00      4.77147e-03      5.00000e+00      6.55590e-08
    3.75299e+00      4.28971e-03      5.00000e+00      5.82352e-08
    3.80350e+00      3.84967e-03      5.00000e+00      5.15662e-08
    3.85469e+00      3.45469e-03      5.00000e+00      4.56093e-08
    3.90657e+00      3.09469e-03      5.00000e+00      4.02221e-08
    3.95915e+00      2.76709e-03      5.00000e+00      3.53772e-08
    4.01243e+00      2.47308e-03      5.00000e+00      3.11064e-08
    4.06644e+00      2.20855e-03      5.00000e+00      2.72779e-08
    4.12116e+00      1.96907e-03      5.00000e+00      2.37903e-08
    4.17663e+00      1.75708e-03      5.00000e+00      2.06826e-08
    4.23284e+00      1.56723e-03      5.00000e+00      1.79048e-08
    4.28981e+00      1.39807e-03      5.00000e+00      1.54312e-08
    4.34755e+00      1.25030e-03      5.00000e+00      1.32493e-08
    4.40606e+00      1.11921e-03      5.00000e+00      1.12693e-08
    4.46536e+00      1.00668e-03      5.00000e+00      9.52830e-09
    4.52546e+00      9.08044e-04      5.00000e+00      7.97641e-09
    4.58636e+00      8.24621e-04      5.00000e+00      6.63612e-09
    4.64809e+00      7.52907e-04      5.00000e+00      5.45637e-09
    4.71065e+00      6.93425e-04      5.00000e+00      4.45016e-09
    4.77404e+00      6.43324e-04      5.00000e+00      3.58292e-09
    4.83830e+00      6.02965e-04      5.00000e+00      2.87132e-09
    4.90341e+00      5.68715e-04      5.00000e+00      2.28887e-09
    4.96941e+00      5.40947e-04      5.00000e+00      1.82544e-09
    5.03629e+00      5.18275e-04      5.00000e+00      1.47287e-09
    5.10407e+00      4.99220e-04      5.00000e+00      1.20734e-09
    5.17277e+00      4.82986e-04      5.00000e+00      1.01282e-09
    5.24239e+00      4.68873e-04      5.00000e+00      8.62977e-10
    5.31294e+00      4.56475e-04      5.00000e+00      7.38586e-10
    5.38445e+00      4.45592e-04      5.00000e+00      6.27578e-10
    5.45691e+00      4.36128e-04      5.00000e+00      5.28609e-10
    5.53036e+00      4.28042e-04      5.00000e+00      4.41480e-10
    5.60479e+00      4.21118e-04      5.00000e+00      3.65408e-10
    5.68022e+00      4.15232e-04      5.00000e+00      2.99464e-10
    5.75667e+00      4.10301e-04      5.00000e+00      2.43674e-10
    5.83415e+00      4.06181e-04      5.00000e+00      1.97371e-10
    5.91267e+00      4.02760e-04      5.00000e+00      1.58856e-10
    5.99225e+00      3.99939e-04      5.00000e+00      1.26775e-10
    6.07289e+00      3.97625e-04      5.00000e+00      1.00738e-10
    6.15463e+00      3.95726e-04      5.00000e+00      8.04187e-11
    6.23746e+00      3.94155e-04      5.00000e+00      6.46054e-11
    6.32141e+00      3.92855e-04      5.00000e+00      5.16120e-11
    6.40649e+00      3.91779e-04      5.00000e+00      4.12097e-11
    6.49271e+00      3.90886e-04      5.00000e+00      3.32607e-11
    6.58010e+00      3.90130e-04      5.00000e+00      2.71629e-11
    6.66866e+00      3.89493e-04      5.00000e+00      2.18607e-11
    6.75841e+00      3.88962e-04      5.00000e+00      1.72599e-11
    6.84937e+00      3.88530e-04      5.00000e+00      1.32979e-11
    6.94155e+00      3.88183e-04      5.00000e+00      9.92996e-12
    7.03498e+00      3.87909e-04      5.00000e+00      7.10420e-12
    7.12966e+00      3.87700e-04      5.00000e+00      4.80600e-12
    7.22562e+00      3.87543e-04      5.00000e+00      2.97953e-12
    7.32287e+00      3.87430e-04      5.00000e+00      1.61708e-12
    7.42142e+00      3.87346e-04      5.00000e+00      6.87951e-13
    7.52131e+00      3.87281e-04      5.00000e+00      1.54452e-13
    7.62253e+00      3.87228e-04      5.00000e+00      1.65164e-15
    7.72512e+00      3.87175e-04      5.00000e+00      -3.32827e-193
    7.82910e+00      3.87123e-04      5.00000e+00      -5.62519e-193
    7.93447e+00      3.87069e-04      5.00000e+00      -7.84298e-193
    8.04125e+00      3.87014e-04      5.00000e+00      -9.98591e-193
    8.14948e+00      3.86958e-04      5.00000e+00      -1.20512e-192
    8.25916e+00      3.86901e-04      5.00000e+00      -1.40444e-192
    8.37032e+00      3.86844e-04      5.00000e+00      -1.59674e-192
    8.48298e+00      3.86786e-04      5.00000e+00      -1.78212e-192
    8.59715e+00      3.86728e-04      5.00000e+00      -1.96059e-192
    8.71285e+00      3.86669e-04      5.00000e+00      -2.13253e-192
    8.83012e+00      3.86609e-04      5.00000e+00      -2.29807e-192
    8.94896e+00      3.86548e-04      5.00000e+00      -2.45738e-192
    9.06941e+00      3.86486e-04      5.00000e+00      -2.61062e-192
    9.19147e+00      3.86423e-04      5.00000e+00      -2.75792e-192
    9.31518e+00      3.86361e-04      5.00000e+00      -2.89946e-192
    9.44055e+00      3.86297e-04      5.00000e+00      -3.03539e-192
    9.56761e+00      3.86236e-04      5.00000e+00      -3.16586e-192
    9.69637e+00      3.86168e-04      5.00000e+00      -3.29100e-192
    9.82688e+00      3.86102e-04      5.00000e+00      -3.41087e-192
    9.95914e+00      3.86035e-04      5.00000e+00      -3.52574e-192
    1.00932e+01      3.85967e-04      5.00000e+00      -3.63574e-192
    1.02290e+01      3.85895e-04      5.00000e+00      -3.74091e-192
    1.03667e+01      3.85829e-04      5.00000e+00      -3.84143e-192
    1.05062e+01      3.85759e-04      5.00000e+00      -3.93746e-192
    1.06476e+01      3.85687e-04      5.00000e+00      -4.02902e-192
    1.07909e+01      3.85616e-04      5.00000e+00      -4.11635e-192
    1.09362e+01      3.85544e-04      5.00000e+00      -4.19948e-192
    1.10833e+01      3.85470e-04      5.00000e+00      -4.27855e-192
    1.12325e+01      3.85395e-04      5.00000e+00      -4.35372e-192
    1.13837e+01      3.85324e-04      5.00000e+00      -4.42503e-192
    1.15369e+01      3.85243e-04      5.00000e+00      -4.49259e-192
    1.16922e+01      3.85167e-04      5.00000e+00      -4.55654e-192
    1.18495e+01      3.85089e-04      5.00000e+00      -4.61698e-192
    1.20090e+01      3.85009e-04      5.00000e+00      -4.67399e-192
    1.21706e+01      3.84929e-04      5.00000e+00      -4.72768e-192
    1.23344e+01      3.84847e-04      5.00000e+00      -4.77813e-192
    1.25005e+01      3.84766e-04      5.00000e+00      -4.82544e-192
    1.26687e+01      3.84683e-04      5.00000e+00      -4.86971e-192
    1.28392e+01      3.84599e-04      5.00000e+00      -4.91103e-192
    1.30120e+01      3.84514e-04      5.00000e+00      -4.94945e-192
    1.31871e+01      3.84428e-04      5.00000e+00      -4.98508e-192
    1.33646e+01      3.84339e-04      5.00000e+00      -5.01802e-192
    1.35445e+01      3.84250e-04      5.00000e+00      -5.04830e-192
    1.37268e+01      3.84159e-04      5.00000e+00      -5.07606e-192
    1.39115e+01      3.84073e-04      5.00000e+00      -5.10131e-192
    1.40988e+01      3.83978e-04      5.00000e+00      -5.12418e-192
    1.42885e+01      3.83885e-04      5.00000e+00      -5.14472e-192
    1.44808e+01      3.83796e-04      5.00000e+00      -5.16299e-192
    1.46757e+01      3.83696e-04      5.00000e+00      -5.17908e-192
    1.48732e+01      3.83600e-04      5.00000e+00      -5.19305e-192
    1.50734e+01      3.83502e-04      5.00000e+00      -5.20496e-192
    1.52763e+01      3.83405e-04      5.00000e+00      -5.21487e-192
    1.54819e+01      3.83305e-04      5.00000e+00      -5.22286e-192
    1.56903e+01      3.83202e-04      5.00000e+00      -5.22898e-192
    1.59014e+01      3.83102e-04      5.00000e+00      -5.23329e-192
    1.61155e+01      3.82999e-04      5.00000e+00      -5.23584e-192
    1.63323e+01      3.82895e-04      5.00000e+00      -5.23670e-192
    1.65522e+01      3.82788e-04      5.00000e+00      -5.23593e-192
    1.67749e+01      3.82680e-04      5.00000e+00      -5.23356e-192
    1.70007e+01      3.82573e-04      5.00000e+00      -5.22966e-192
    1.72295e+01      3.82464e-04      5.00000e+00      -5.22428e-192
    1.74614e+01      3.82352e-04      5.00000e+00      -5.21747e-192
    1.76964e+01      3.82241e-04      5.00000e+00      -5.20927e-192
    1.79346e+01      3.82129e-04      5.00000e+00      -5.19974e-192
    1.81760e+01      3.82014e-04      5.00000e+00      -5.18891e-192
    1.84206e+01      3.81898e-04      5.00000e+00      -5.17684e-192
    1.86685e+01      3.81781e-04      5.00000e+00      -5.16357e-192
    1.89198e+01      3.81662e-04      5.00000e+00      -5.14914e-192
    1.91744e+01      3.81543e-04      5.00000e+00      -5.13360e-192
    1.94325e+01      3.81420e-04      5.00000e+00      -5.11698e-192
    1.96940e+01      3.81295e-04      5.00000e+00      -5.09932e-192
    1.99591e+01      3.81174e-04      5.00000e+00      -5.08067e-192
    2.02277e+01      3.81047e-04      5.00000e+00      -5.06105e-192
    2.05000e+01      3.80919e-04      5.00000e+00      -5.04051e-192
    2.07759e+01      3.80788e-04      5.00000e+00      -5.01909e-192
    2.10555e+01      3.80658e-04      5.00000e+00      -4.99681e-192
    2.13389e+01      3.80527e-04      5.00000e+00      -4.97371e-192
    2.16261e+01      3.80394e-04      5.00000e+00      -4.94983e-192
    2.19171e+01      3.80260e-04      5.00000e+00      -4.92519e-192
    2.22121e+01      3.80122e-04      5.00000e+00      -4.89982e-192
    2.25111e+01      3.79984e-04      5.00000e+00      -4.87377e-192
    2.28140e+01      3.79845e-04      5.00000e+00      -4.84705e-192
    2.31211e+01      3.79703e-04      5.00000e+00      -4.81970e-192
    2.34323e+01      3.79559e-04      5.00000e+00      -4.79175e-192
    2.37477e+01      3.79415e-04      5.00000e+00      -4.76321e-192
    2.40673e+01      3.79270e-04      5.00000e+00      -4.73412e-192
    2.43912e+01      3.79121e-04      5.00000e+00      -4.70451e-192
    2.47195e+01      3.78972e-04      5.00000e+00      -4.67440e-192
    2.50522e+01      3.78822e-04      5.00000e+00      -4.64381e-192
    2.53894e+01      3.78669e-04      5.00000e+00      -4.61276e-192
    2.57311e+01      3.78513e-04      5.00000e+00      -4.58129e-192
    2.60774e+01      3.78356e-04      5.00000e+00      -4.54941e-192
    2.64284e+01      3.78199e-04      5.00000e+00      -4.51715e-192
    2.67840e+01      3.78037e-04      5.00000e+00      -4.48452e-192
    2.71445e+01      3.77875e-04      5.00000e+00      -4.45155e-192
    2.75099e+01      3.77712e-04      5.00000e+00      -4.41825e-192
    2.78801e+01      3.77546e-04      5.00000e+00      -4.38466e-192
    2.82554e+01      3.77379e-04      5.00000e+00      -4.35078e-192
    2.86356e+01      3.77209e-04      5.00000e+00      -4.31663e-192
    2.90211e+01      3.77036e-04      5.00000e+00      -4.28223e-192
    2.94116e+01      3.76865e-04      5.00000e+00      -4.24761e-192
    2.98075e+01      3.76689e-04      5.00000e+00      -4.21277e-192
    3.02087e+01      3.76657e-04      5.00000e+00      -4.17773e-192
    3.06153e+01      3.76333e-04      5.00000e+00      -4.14252e-192
    3.10273e+01      3.76150e-04      5.00000e+00      -4.10713e-192
    3.14449e+01      3.75968e-04      5.00000e+00      -4.07160e-192
    3.18681e+01      3.75781e-04      5.00000e+00      -4.03593e-192
    3.22970e+01      3.75595e-04      5.00000e+00      -4.00014e-192
    3.27317e+01      3.75406e-04      5.00000e+00      -3.96424e-192
    3.31722e+01      3.75217e-04      5.00000e+00      -3.92825e-192
    3.36187e+01      3.75022e-04      5.00000e+00      -3.89218e-192
    3.40712e+01      3.74822e-04      5.00000e+00      -3.85603e-192
    3.45297e+01      3.74630e-04      5.00000e+00      -3.81983e-192
    3.49945e+01      3.74429e-04      5.00000e+00      -3.78359e-192
    3.54655e+01      3.74226e-04      5.00000e+00      -3.74731e-192
    3.59428e+01      3.74023e-04      5.00000e+00      -3.71101e-192
    3.64265e+01      3.73818e-04      5.00000e+00      -3.67469e-192
    3.69168e+01      3.73609e-04      5.00000e+00      -3.63838e-192
    3.74137e+01      3.73401e-04      5.00000e+00      -3.60207e-192
    3.79172e+01      3.73185e-04      5.00000e+00      -3.56578e-192
    3.84275e+01      3.72969e-04      5.00000e+00      -3.52952e-192
    3.89447e+01      3.72753e-04      5.00000e+00      -3.49330e-192
    3.94689e+01      3.72531e-04      5.00000e+00      -3.45712e-192
    4.00001e+01      3.72309e-04      5.00000e+00      -3.42099e-192
