    Er (keV)         SM dN/dE         BG dN/dE        BSM dN/dE (events/kg/day/keV)
    1.01000e-02      8.67295e-01      5.00000e+00      6.58148e-03
    1.02614e-02      8.62747e-01      5.00000e+00      6.54649e-03
    1.04254e-02      8.58125e-01      5.00000e+00      6.51093e-03
    1.05921e-02      8.53428e-01      5.00000e+00      6.47480e-03
    1.07615e-02      8.48656e-01      5.00000e+00      6.43809e-03
    1.09336e-02      8.43806e-01      5.00000e+00      6.40078e-03
    1.11084e-02      8.38879e-01      5.00000e+00      6.36287e-03
    1.12861e-02      8.33871e-01      5.00000e+00      6.32435e-03
    1.14667e-02      8.28783e-01      5.00000e+00      6.28520e-03
    1.16502e-02      8.23613e-01      5.00000e+00      6.24543e-03
    1.18366e-02      8.18359e-01      5.00000e+00      6.20501e-03
    1.20261e-02      8.13021e-01      5.00000e+00      6.16394e-03
    1.22186e-02      8.07596e-01      5.00000e+00      6.12221e-03
    1.24142e-02      8.02084e-01      5.00000e+00      6.07980e-03
    1.26129e-02      7.96483e-01      5.00000e+00      6.03671e-03
    1.28149e-02      7.90791e-01      5.00000e+00      5.99293e-03
    1.30202e-02      7.85008e-01      5.00000e+00      5.94843e-03
    1.32287e-02      7.79131e-01      5.00000e+00      5.90322e-03
    1.34406e-02      7.73159e-01      5.00000e+00      5.85728e-03
    1.36560e-02      7.67091e-01      5.00000e+00      5.81060e-03
    1.38748e-02      7.60925e-01      5.00000e+00      5.76316e-03
    1.40971e-02      7.54660e-01      5.00000e+00      5.71496e-03
    1.43231e-02      7.48293e-01      5.00000e+00      5.66598e-03
    1.45527e-02      7.41823e-01      5.00000e+00      5.61621e-03
    1.47859e-02      7.35249e-01      5.00000e+00      5.56564e-03
    1.50230e-02      7.28569e-01      5.00000e+00      5.51425e-03
    1.52639e-02      7.21782e-01      5.00000e+00      5.46203e-03
    1.55086e-02      7.14884e-01      5.00000e+00      5.40896e-03
    1.57574e-02      7.07876e-01      5.00000e+00      5.35505e-03
    1.60101e-02      7.00754e-01      5.00000e+00      5.30026e-03
    1.62669e-02      6.93517e-01      5.00000e+00      5.24458e-03
    1.65279e-02      6.86163e-01      5.00000e+00      5.18801e-03
    1.67931e-02      6.78691e-01      5.00000e+00      5.13052e-03
    1.70625e-02      6.71098e-01      5.00000e+00      5.07211e-03
    1.73363e-02      6.63382e-01      5.00000e+00      5.01275e-03
    1.76145e-02      6.55542e-01      5.00000e+00      4.95244e-03
    1.78972e-02      6.47576e-01      5.00000e+00      4.89115e-03
    1.81845e-02      6.39480e-01      5.00000e+00      4.82887e-03
    1.84764e-02      6.31255e-01      5.00000e+00      4.76559e-03
    1.87731e-02      6.22896e-01      5.00000e+00      4.70129e-03
    1.90745e-02      6.14402e-01      5.00000e+00      4.63594e-03
    1.93808e-02      6.05772e-01      5.00000e+00      4.56955e-03
    1.96920e-02      5.97002e-01      5.00000e+00      4.50208e-03
    2.00082e-02      5.88090e-01      5.00000e+00      4.43352e-03
    2.03296e-02      5.79035e-01      5.00000e+00      4.36386e-03
    2.06561e-02      5.69833e-01      5.00000e+00      4.29307e-03
    2.09879e-02      5.60483e-01      5.00000e+00      4.22114e-03
    2.13251e-02      5.50982e-01      5.00000e+00      4.14804e-03
    2.16677e-02      5.41328e-01      5.00000e+00      4.07377e-03
    2.20158e-02      5.31517e-01      5.00000e+00      3.99830e-03
    2.23696e-02      5.21549e-01      5.00000e+00      3.92161e-03
    2.27291e-02      5.11419e-01      5.00000e+00      3.84368e-03
    2.30943e-02      5.01126e-01      5.00000e+00      3.76450e-03
    2.34655e-02      4.90667e-01      5.00000e+00      3.68403e-03
    2.38426e-02      4.80039e-01      5.00000e+00      3.60227e-03
    2.42259e-02      4.69240e-01      5.00000e+00      3.51919e-03
    2.46153e-02      4.58266e-01      5.00000e+00      3.43477e-03
    2.50110e-02      4.47115e-01      5.00000e+00      3.34898e-03
    2.54131e-02      4.35784e-01      5.00000e+00      3.26181e-03
    2.58217e-02      4.24270e-01      5.00000e+00      3.17323e-03
    2.62369e-02      4.12570e-01      5.00000e+00      3.08323e-03
    2.66588e-02      4.00682e-01      5.00000e+00      2.99177e-03
    2.70875e-02      3.88601e-01      5.00000e+00      2.89883e-03
    2.75231e-02      3.76326e-01      5.00000e+00      2.80439e-03
    2.79658e-02      3.63852e-01      5.00000e+00      2.70843e-03
    2.84156e-02      3.51177e-01      5.00000e+00      2.61092e-03
    2.88727e-02      3.38298e-01      5.00000e+00      2.51184e-03
    2.93371e-02      3.25210e-01      5.00000e+00      2.41115e-03
    2.98090e-02      3.11912e-01      5.00000e+00      2.30884e-03
    3.02886e-02      2.98398e-01      5.00000e+00      2.20488e-03
    3.07759e-02      2.84667e-01      5.00000e+00      2.09925e-03
    3.12710e-02      2.70714e-01      5.00000e+00      1.99190e-03
    3.17742e-02      2.56535e-01      5.00000e+00      1.88283e-03
    3.22855e-02      2.42128e-01      5.00000e+00      1.77199e-03
    3.28050e-02      2.27488e-01      5.00000e+00      1.65936e-03
    3.33329e-02      2.12612e-01      5.00000e+00      1.54492e-03
    3.38693e-02      1.97496e-01      5.00000e+00      1.42863e-03
    3.44144e-02      1.82136e-01      5.00000e+00      1.31046e-03
    3.49683e-02      1.66528e-01      5.00000e+00      1.19039e-03
    3.55311e-02      1.50667e-01      5.00000e+00      1.06837e-03
    3.61031e-02      1.34551e-01      5.00000e+00      9.44389e-04
    3.66842e-02      1.18175e-01      5.00000e+00      8.18404e-04
    3.72747e-02      1.01534e-01      5.00000e+00      6.90386e-04
    3.78748e-02      8.46253e-02      5.00000e+00      5.60301e-04
    3.84845e-02      6.74431e-02      5.00000e+00      4.28117e-04
    3.91041e-02      4.99836e-02      5.00000e+00      2.93799e-04
    3.97337e-02      3.22423e-02      5.00000e+00      1.57313e-04
    4.03735e-02      1.64446e-02      5.00000e+00      3.59886e-05
    4.10236e-02      1.61239e-02      5.00000e+00      3.52158e-05
    4.16841e-02      1.57981e-02      5.00000e+00      3.44306e-05
    4.23554e-02      1.54670e-02      5.00000e+00      3.36327e-05
    4.30374e-02      1.51306e-02      5.00000e+00      3.28219e-05
    4.37305e-02      1.47887e-02      5.00000e+00      3.19981e-05
    4.44348e-02      1.44414e-02      5.00000e+00      3.11609e-05
    4.51504e-02      1.40884e-02      5.00000e+00      3.03102e-05
    4.58776e-02      1.37297e-02      5.00000e+00      2.94458e-05
    4.66165e-02      1.33652e-02      5.00000e+00      2.85674e-05
    4.73674e-02      1.29949e-02      5.00000e+00      2.76749e-05
    4.81304e-02      1.26185e-02      5.00000e+00      2.67680e-05
    4.89056e-02      1.22361e-02      5.00000e+00      2.58464e-05
    4.96934e-02      1.18475e-02      5.00000e+00      2.49099e-05
    5.04940e-02      1.14527e-02      5.00000e+00      2.39583e-05
    5.13074e-02      1.10515e-02      5.00000e+00      2.29914e-05
    5.21340e-02      1.06438e-02      5.00000e+00      2.20088e-05
    5.29739e-02      1.02295e-02      5.00000e+00      2.10104e-05
    5.38274e-02      9.80851e-03      5.00000e+00      1.99959e-05
    5.46946e-02      9.38074e-03      5.00000e+00      1.89650e-05
    5.55758e-02      8.94607e-03      5.00000e+00      1.79175e-05
    5.64713e-02      8.50438e-03      5.00000e+00      1.68530e-05
    5.73812e-02      8.05556e-03      5.00000e+00      1.57714e-05
    5.83059e-02      7.59950e-03      5.00000e+00      1.46723e-05
    5.92454e-02      7.13607e-03      5.00000e+00      1.35555e-05
    6.02001e-02      6.66517e-03      5.00000e+00      1.24206e-05
    6.11702e-02      6.18666e-03      5.00000e+00      1.12675e-05
    6.21560e-02      5.70044e-03      5.00000e+00      1.00957e-05
    6.31577e-02      5.20636e-03      5.00000e+00      8.90496e-06
    6.41755e-02      4.70430e-03      5.00000e+00      7.69503e-06
    6.52098e-02      4.19415e-03      5.00000e+00      6.46558e-06
    6.62608e-02      3.67576e-03      5.00000e+00      5.21628e-06
    6.73287e-02      3.14900e-03      5.00000e+00      3.94681e-06
    6.84139e-02      2.61373e-03      5.00000e+00      2.65686e-06
    6.95166e-02      2.06983e-03      5.00000e+00      1.34608e-06
    7.06371e-02      1.54231e-03      5.00000e+00      7.50073e-08
    7.17757e-02      1.53975e-03      5.00000e+00      7.41012e-08
    7.29326e-02      1.53716e-03      5.00000e+00      7.31805e-08
    7.41083e-02      1.53452e-03      5.00000e+00      7.22449e-08
    7.53029e-02      1.53184e-03      5.00000e+00      7.12943e-08
    7.65168e-02      1.52911e-03      5.00000e+00      7.03282e-08
    7.77503e-02      1.52634e-03      5.00000e+00      6.93466e-08
    7.90037e-02      1.52353e-03      5.00000e+00      6.83492e-08
    8.02773e-02      1.52067e-03      5.00000e+00      6.73356e-08
    8.15715e-02      1.51777e-03      5.00000e+00      6.63057e-08
    8.28866e-02      1.51481e-03      5.00000e+00      6.52591e-08
    8.42229e-02      1.51182e-03      5.00000e+00      6.41957e-08
    8.55808e-02      1.50877e-03      5.00000e+00      6.31151e-08
    8.69606e-02      1.50567e-03      5.00000e+00      6.20170e-08
    8.83627e-02      1.50252e-03      5.00000e+00      6.09012e-08
    8.97874e-02      1.49933e-03      5.00000e+00      5.97674e-08
    9.12351e-02      1.49608e-03      5.00000e+00      5.86154e-08
    9.27061e-02      1.49278e-03      5.00000e+00      5.74447e-08
    9.42009e-02      1.48942e-03      5.00000e+00      5.62551e-08
    9.57199e-02      1.48601e-03      5.00000e+00      5.50463e-08
    9.72633e-02      1.48255e-03      5.00000e+00      5.38180e-08
    9.88317e-02      1.47903e-03      5.00000e+00      5.25699e-08
    1.00425e-01      1.47545e-03      5.00000e+00      5.13016e-08
    1.02045e-01      1.47200e-03      5.00000e+00      5.04219e-08
    1.03690e-01      1.46858e-03      5.00000e+00      4.96895e-08
    1.05362e-01      1.46509e-03      5.00000e+00      4.89453e-08
    1.07062e-01      1.46155e-03      5.00000e+00      4.81891e-08
    1.08788e-01      1.45796e-03      5.00000e+00      4.74207e-08
    1.10543e-01      1.45430e-03      5.00000e+00      4.66399e-08
    1.12325e-01      1.45059e-03      5.00000e+00      4.58465e-08
    1.14137e-01      1.44682e-03      5.00000e+00      4.50403e-08
    1.15977e-01      1.44298e-03      5.00000e+00      4.42211e-08
    1.17848e-01      1.43909e-03      5.00000e+00      4.33886e-08
    1.19749e-01      1.43513e-03      5.00000e+00      4.25427e-08
    1.21680e-01      1.43110e-03      5.00000e+00      4.16832e-08
    1.23642e-01      1.42701e-03      5.00000e+00      4.08098e-08
    1.25637e-01      1.42286e-03      5.00000e+00      3.99223e-08
    1.27663e-01      1.41864e-03      5.00000e+00      3.90204e-08
    1.29722e-01      1.41435e-03      5.00000e+00      3.81040e-08
    1.31814e-01      1.41009e-03      5.00000e+00      3.72789e-08
    1.33940e-01      1.40597e-03      5.00000e+00      3.66836e-08
    1.36101e-01      1.40178e-03      5.00000e+00      3.60786e-08
    1.38296e-01      1.39752e-03      5.00000e+00      3.54639e-08
    1.40527e-01      1.39320e-03      5.00000e+00      3.48393e-08
    1.42794e-01      1.38881e-03      5.00000e+00      3.42046e-08
    1.45097e-01      1.38435e-03      5.00000e+00      3.35596e-08
    1.47437e-01      1.37981e-03      5.00000e+00      3.29043e-08
    1.49816e-01      1.37520e-03      5.00000e+00      3.22383e-08
    1.52232e-01      1.37052e-03      5.00000e+00      3.15616e-08
    1.54688e-01      1.36576e-03      5.00000e+00      3.08740e-08
    1.57183e-01      1.36092e-03      5.00000e+00      3.01753e-08
    1.59719e-01      1.35601e-03      5.00000e+00      2.94653e-08
    1.62295e-01      1.35112e-03      5.00000e+00      2.88184e-08
    1.64913e-01      1.34637e-03      5.00000e+00      2.83203e-08
    1.67574e-01      1.34154e-03      5.00000e+00      2.78141e-08
    1.70277e-01      1.33664e-03      5.00000e+00      2.72998e-08
    1.73024e-01      1.33165e-03      5.00000e+00      2.67772e-08
    1.75815e-01      1.32659e-03      5.00000e+00      2.62461e-08
    1.78652e-01      1.32144e-03      5.00000e+00      2.57065e-08
    1.81534e-01      1.31621e-03      5.00000e+00      2.51581e-08
    1.84462e-01      1.31090e-03      5.00000e+00      2.46009e-08
    1.87438e-01      1.30550e-03      5.00000e+00      2.40347e-08
    1.90462e-01      1.30001e-03      5.00000e+00      2.34594e-08
    1.93535e-01      1.29463e-03      5.00000e+00      2.29704e-08
    1.96657e-01      1.28930e-03      5.00000e+00      2.25442e-08
    1.99830e-01      1.28388e-03      5.00000e+00      2.21112e-08
    2.03054e-01      1.27838e-03      5.00000e+00      2.16713e-08
    2.06330e-01      1.27279e-03      5.00000e+00      2.12242e-08
    2.09659e-01      1.26711e-03      5.00000e+00      2.07699e-08
    2.13042e-01      1.26133e-03      5.00000e+00      2.03082e-08
    2.16479e-01      1.25547e-03      5.00000e+00      1.98391e-08
    2.19971e-01      1.24951e-03      5.00000e+00      1.93625e-08
    2.23521e-01      1.24359e-03      5.00000e+00      1.89289e-08
    2.27127e-01      1.23779e-03      5.00000e+00      1.85614e-08
    2.30791e-01      1.23188e-03      5.00000e+00      1.81879e-08
    2.34515e-01      1.22589e-03      5.00000e+00      1.78084e-08
    2.38299e-01      1.21980e-03      5.00000e+00      1.74228e-08
    2.42144e-01      1.21360e-03      5.00000e+00      1.70310e-08
    2.46051e-01      1.20731e-03      5.00000e+00      1.66328e-08
    2.50021e-01      1.20092e-03      5.00000e+00      1.62282e-08
    2.54055e-01      1.19457e-03      5.00000e+00      1.58571e-08
    2.58154e-01      1.18832e-03      5.00000e+00      1.55353e-08
    2.62320e-01      1.18196e-03      5.00000e+00      1.52083e-08
    2.66552e-01      1.17551e-03      5.00000e+00      1.48760e-08
    2.70853e-01      1.16895e-03      5.00000e+00      1.45383e-08
    2.75224e-01      1.16228e-03      5.00000e+00      1.41952e-08
    2.79665e-01      1.15551e-03      5.00000e+00      1.38466e-08
    2.84177e-01      1.14875e-03      5.00000e+00      1.35177e-08
    2.88763e-01      1.14211e-03      5.00000e+00      1.32335e-08
    2.93422e-01      1.13537e-03      5.00000e+00      1.29446e-08
    2.98157e-01      1.12852e-03      5.00000e+00      1.26511e-08
    3.02968e-01      1.12156e-03      5.00000e+00      1.23529e-08
    3.07857e-01      1.11448e-03      5.00000e+00      1.20498e-08
    3.12825e-01      1.10730e-03      5.00000e+00      1.17418e-08
    3.17873e-01      1.10035e-03      5.00000e+00      1.14885e-08
    3.23002e-01      1.09329e-03      5.00000e+00      1.12323e-08
    3.28214e-01      1.08612e-03      5.00000e+00      1.09719e-08
    3.33510e-01      1.07884e-03      5.00000e+00      1.07074e-08
    3.38892e-01      1.07144e-03      5.00000e+00      1.04386e-08
    3.44361e-01      1.06399e-03      5.00000e+00      1.01758e-08
    3.49918e-01      1.05671e-03      5.00000e+00      9.94836e-09
    3.55564e-01      1.04931e-03      5.00000e+00      9.71730e-09
    3.61302e-01      1.04179e-03      5.00000e+00      9.48250e-09
    3.67133e-01      1.03415e-03      5.00000e+00      9.24392e-09
    3.73057e-01      1.02639e-03      5.00000e+00      9.00148e-09
    3.79077e-01      1.01884e-03      5.00000e+00      8.79360e-09
    3.85194e-01      1.01120e-03      5.00000e+00      8.58559e-09
    3.91411e-01      1.00343e-03      5.00000e+00      8.37422e-09
    3.97727e-01      9.95538e-04      5.00000e+00      8.15944e-09
    4.04145e-01      9.87537e-04      5.00000e+00      7.94302e-09
    4.10667e-01      9.79754e-04      5.00000e+00      7.75650e-09
    4.17294e-01      9.71846e-04      5.00000e+00      7.56697e-09
    4.24029e-01      9.63810e-04      5.00000e+00      7.37438e-09
    4.30872e-01      9.55644e-04      5.00000e+00      7.17868e-09
    4.37825e-01      9.47541e-04      5.00000e+00      6.99580e-09
    4.44890e-01      9.39478e-04      5.00000e+00      6.82406e-09
    4.52070e-01      9.31285e-04      5.00000e+00      6.64954e-09
    4.59366e-01      9.22959e-04      5.00000e+00      6.47221e-09
    4.66779e-01      9.14617e-04      5.00000e+00      6.30027e-09
    4.74312e-01      9.06394e-04      5.00000e+00      6.14323e-09
    4.81966e-01      8.98039e-04      5.00000e+00      5.98365e-09
    4.89745e-01      8.89548e-04      5.00000e+00      5.82149e-09
    4.97648e-01      8.81056e-04      5.00000e+00      5.66508e-09
    5.05679e-01      8.72657e-04      5.00000e+00      5.52031e-09
    5.13840e-01      8.64123e-04      5.00000e+00      5.37321e-09
    5.22133e-01      8.55451e-04      5.00000e+00      5.22373e-09
    5.30559e-01      8.46876e-04      5.00000e+00      5.08483e-09
    5.39122e-01      8.38286e-04      5.00000e+00      4.95041e-09
    5.47823e-01      8.29558e-04      5.00000e+00      4.81383e-09
    5.56664e-01      8.20745e-04      5.00000e+00      4.67774e-09
    5.65648e-01      8.12101e-04      5.00000e+00      4.55414e-09
    5.74776e-01      8.03318e-04      5.00000e+00      4.42855e-09
    5.84053e-01      7.94393e-04      5.00000e+00      4.30093e-09
    5.93479e-01      7.85632e-04      5.00000e+00      4.18416e-09
    6.03057e-01      7.76790e-04      5.00000e+00      4.06801e-09
    6.12789e-01      7.67805e-04      5.00000e+00      3.94999e-09
    6.22679e-01      7.58921e-04      5.00000e+00      3.83948e-09
    6.32729e-01      7.50008e-04      5.00000e+00      3.73150e-09
    6.42940e-01      7.40950e-04      5.00000e+00      3.62178e-09
    6.53317e-01      7.31993e-04      5.00000e+00      3.51874e-09
    6.63861e-01      7.23003e-04      5.00000e+00      3.41789e-09
    6.74575e-01      7.13868e-04      5.00000e+00      3.31540e-09
    6.85462e-01      7.04881e-04      5.00000e+00      3.22040e-09
    6.96525e-01      6.95811e-04      5.00000e+00      3.12580e-09
    7.07766e-01      6.86626e-04      5.00000e+00      3.03056e-09
    7.19189e-01      6.77616e-04      5.00000e+00      2.94288e-09
    7.30796e-01      6.68460e-04      5.00000e+00      2.85378e-09
    7.42591e-01      6.59323e-04      5.00000e+00      2.76748e-09
    7.54576e-01      6.50228e-04      5.00000e+00      2.68461e-09
    7.66755e-01      6.40987e-04      5.00000e+00      2.60040e-09
    7.79130e-01      6.31928e-04      5.00000e+00      2.52268e-09
    7.91704e-01      6.22739e-04      5.00000e+00      2.44409e-09
    8.04482e-01      6.13584e-04      5.00000e+00      2.36824e-09
    8.17466e-01      6.04443e-04      5.00000e+00      2.29467e-09
    8.30660e-01      5.95225e-04      5.00000e+00      2.22133e-09
    8.44066e-01      5.86137e-04      5.00000e+00      2.15227e-09
    8.57689e-01      5.76902e-04      5.00000e+00      2.08209e-09
    8.71532e-01      5.67845e-04      5.00000e+00      2.01685e-09
    8.85599e-01      5.58655e-04      5.00000e+00      1.95080e-09
    8.99892e-01      5.49583e-04      5.00000e+00      1.88828e-09
    9.14416e-01      5.40433e-04      5.00000e+00      1.82595e-09
    9.29175e-01      5.31366e-04      5.00000e+00      1.76635e-09
    9.44171e-01      5.22253e-04      5.00000e+00      1.70740e-09
    9.59410e-01      5.13218e-04      5.00000e+00      1.65083e-09
    9.74895e-01      5.04147e-04      5.00000e+00      1.59495e-09
    9.90630e-01      4.95337e-04      5.00000e+00      1.54143e-09
    1.00662e+00      4.86550e-04      5.00000e+00      1.48836e-09
    1.02287e+00      4.77679e-04      5.00000e+00      1.43788e-09
    1.03937e+00      4.68679e-04      5.00000e+00      1.38738e-09
    1.05615e+00      4.59837e-04      5.00000e+00      1.33987e-09
    1.07320e+00      4.50919e-04      5.00000e+00      1.29236e-09
    1.09052e+00      4.42118e-04      5.00000e+00      1.24713e-09
    1.10812e+00      4.33310e-04      5.00000e+00      1.20263e-09
    1.12600e+00      4.24538e-04      5.00000e+00      1.15937e-09
    1.14418e+00      4.15853e-04      5.00000e+00      1.11775e-09
    1.16265e+00      4.07134e-04      5.00000e+00      1.07656e-09
    1.18141e+00      3.98555e-04      5.00000e+00      1.03745e-09
    1.20048e+00      3.89980e-04      5.00000e+00      9.99028e-10
    1.21986e+00      3.81427e-04      5.00000e+00      9.61469e-10
    1.23954e+00      3.73003e-04      5.00000e+00      9.25675e-10
    1.25955e+00      3.64580e-04      5.00000e+00      8.90474e-10
    1.27988e+00      3.56204e-04      5.00000e+00      8.56247e-10
    1.30054e+00      3.47948e-04      5.00000e+00      8.23507e-10
    1.32153e+00      3.39714e-04      5.00000e+00      7.91435e-10
    1.34286e+00      3.31515e-04      5.00000e+00      7.60108e-10
    1.36453e+00      3.23462e-04      5.00000e+00      7.30322e-10
    1.38656e+00      3.15449e-04      5.00000e+00      7.01226e-10
    1.40894e+00      3.07482e-04      5.00000e+00      6.72868e-10
    1.43168e+00      2.99592e-04      5.00000e+00      6.45437e-10
    1.45479e+00      2.91821e-04      5.00000e+00      6.19134e-10
    1.47827e+00      2.84111e-04      5.00000e+00      5.93545e-10
    1.50213e+00      2.76467e-04      5.00000e+00      5.68690e-10
    1.52637e+00      2.68897e-04      5.00000e+00      5.44583e-10
    1.55101e+00      2.61444e-04      5.00000e+00      5.21448e-10
    1.57604e+00      2.54083e-04      5.00000e+00      4.99105e-10
    1.60148e+00      2.46803e-04      5.00000e+00      4.77455e-10
    1.62733e+00      2.39608e-04      5.00000e+00      4.56500e-10
    1.65360e+00      2.32505e-04      5.00000e+00      4.36238e-10
    1.68029e+00      2.25498e-04      5.00000e+00      4.16665e-10
    1.70741e+00      2.18588e-04      5.00000e+00      3.97764e-10
    1.73497e+00      2.11790e-04      5.00000e+00      3.79591e-10
    1.76297e+00      2.05104e-04      5.00000e+00      3.62083e-10
    1.79143e+00      1.98520e-04      5.00000e+00      3.45188e-10
    1.82034e+00      1.92038e-04      5.00000e+00      3.28894e-10
    1.84972e+00      1.85663e-04      5.00000e+00      3.13189e-10
    1.87958e+00      1.79399e-04      5.00000e+00      2.98061e-10
    1.90992e+00      1.73247e-04      5.00000e+00      2.83494e-10
    1.94074e+00      1.67208e-04      5.00000e+00      2.69474e-10
    1.97207e+00      1.61282e-04      5.00000e+00      2.55985e-10
    2.00390e+00      1.55854e-04      5.00000e+00      2.43013e-10
    2.03624e+00      1.50243e-04      5.00000e+00      2.30541e-10
    2.06911e+00      1.44666e-04      5.00000e+00      2.18555e-10
    2.10251e+00      1.39221e-04      5.00000e+00      2.07079e-10
    2.13644e+00      1.33901e-04      5.00000e+00      1.96077e-10
    2.17093e+00      1.28702e-04      5.00000e+00      1.85517e-10
    2.20597e+00      1.23623e-04      5.00000e+00      1.75385e-10
    2.24158e+00      1.18663e-04      5.00000e+00      1.65665e-10
    2.27776e+00      1.13826e-04      5.00000e+00      1.56345e-10
    2.31452e+00      1.09117e-04      5.00000e+00      1.47434e-10
    2.35188e+00      1.04550e-04      5.00000e+00      1.38946e-10
    2.38984e+00      1.00100e-04      5.00000e+00      1.30812e-10
    2.42842e+00      9.57711e-05      5.00000e+00      1.23022e-10
    2.46761e+00      9.15743e-05      5.00000e+00      1.15597e-10
    2.50744e+00      8.75152e-05      5.00000e+00      1.08536e-10
    2.54792e+00      8.35699e-05      5.00000e+00      1.01777e-10
    2.58904e+00      7.97577e-05      5.00000e+00      9.53426e-11
    2.63083e+00      7.60809e-05      5.00000e+00      8.92368e-11
    2.67329e+00      7.25166e-05      5.00000e+00      8.33994e-11
    2.71644e+00      6.90946e-05      5.00000e+00      7.78810e-11
    2.76029e+00      6.57890e-05      5.00000e+00      7.26235e-11
    2.80484e+00      6.26133e-05      5.00000e+00      6.76426e-11
    2.85012e+00      5.95601e-05      5.00000e+00      6.29188e-11
    2.89612e+00      5.66329e-05      5.00000e+00      5.84472e-11
    2.94287e+00      5.38250e-05      5.00000e+00      5.42132e-11
    2.99037e+00      5.11425e-05      5.00000e+00      5.02194e-11
    3.03864e+00      4.85715e-05      5.00000e+00      4.64335e-11
    3.08768e+00      4.61319e-05      5.00000e+00      4.28856e-11
    3.13752e+00      4.38010e-05      5.00000e+00      3.95307e-11
    3.18817e+00      4.15829e-05      5.00000e+00      3.63730e-11
    3.23963e+00      3.94856e-05      5.00000e+00      3.34169e-11
    3.29192e+00      3.74961e-05      5.00000e+00      3.06375e-11
    3.34505e+00      3.56093e-05      5.00000e+00      2.80280e-11
    3.39905e+00      3.38367e-05      5.00000e+00      2.55941e-11
    3.45391e+00      3.21673e-05      5.00000e+00      2.33219e-11
    3.50966e+00      3.05980e-05      5.00000e+00      2.12011e-11
    3.56631e+00      2.91264e-05      5.00000e+00      1.92256e-11
    3.62388e+00      2.77514e-05      5.00000e+00      1.73900e-11
    3.68237e+00      2.64680e-05      5.00000e+00      1.56870e-11
    3.74181e+00      2.52763e-05      5.00000e+00      1.41118e-11
    3.80220e+00      2.41709e-05      5.00000e+00      1.26570e-11
    3.86358e+00      2.31496e-05      5.00000e+00      1.13169e-11
    3.92594e+00      2.22081e-05      5.00000e+00      1.00849e-11
    3.98931e+00      2.13446e-05      5.00000e+00      8.95588e-12
    4.05370e+00      2.05541e-05      5.00000e+00      7.92328e-12
    4.11913e+00      1.98324e-05      5.00000e+00      6.98092e-12
    4.18562e+00      1.91788e-05      5.00000e+00      6.12504e-12
    4.25318e+00      1.85861e-05      5.00000e+00      5.34898e-12
    4.32183e+00      1.80553e-05      5.00000e+00      4.65105e-12
    4.39159e+00      1.75794e-05      5.00000e+00      4.02257e-12
    4.46248e+00      1.71534e-05      5.00000e+00      3.45809e-12
    4.53451e+00      1.67789e-05      5.00000e+00      2.95815e-12
    4.60770e+00      1.64473e-05      5.00000e+00      2.51305e-12
    4.68208e+00      1.61576e-05      5.00000e+00      2.12093e-12
    4.75765e+00      1.59057e-05      5.00000e+00      1.77724e-12
    4.83444e+00      1.56880e-05      5.00000e+00      1.47766e-12
    4.91248e+00      1.55013e-05      5.00000e+00      1.21828e-12
    4.99177e+00      1.53425e-05      5.00000e+00      9.96051e-13
    5.07235e+00      1.52081e-05      5.00000e+00      8.06325e-13
    5.15422e+00      1.50959e-05      5.00000e+00      6.46769e-13
    5.23742e+00      1.50022e-05      5.00000e+00      5.13484e-13
    5.32196e+00      1.49251e-05      5.00000e+00      4.03537e-13
    5.40786e+00      1.48614e-05      5.00000e+00      3.13571e-13
    5.49515e+00      1.48096e-05      5.00000e+00      2.41283e-13
    5.58385e+00      1.47673e-05      5.00000e+00      1.83973e-13
    5.67398e+00      1.47329e-05      5.00000e+00      1.39168e-13
    5.76556e+00      1.47047e-05      5.00000e+00      1.04670e-13
    5.85863e+00      1.46814e-05      5.00000e+00      7.85379e-14
    5.95319e+00      1.46619e-05      5.00000e+00      5.89299e-14
    6.04929e+00      1.46452e-05      5.00000e+00      4.44104e-14
    6.14693e+00      1.46308e-05      5.00000e+00      3.37357e-14
    6.24615e+00      1.46179e-05      5.00000e+00      2.59400e-14
    6.34697e+00      1.46062e-05      5.00000e+00      2.02684e-14
    6.44942e+00      1.45953e-05      5.00000e+00      1.61373e-14
    6.55352e+00      1.45850e-05      5.00000e+00      1.30731e-14
    6.65931e+00      1.45752e-05      5.00000e+00      1.07998e-14
    6.76680e+00      1.45656e-05      5.00000e+00      9.06368e-15
    6.87602e+00      1.45563e-05      5.00000e+00      7.71656e-15
    6.98701e+00      1.45471e-05      5.00000e+00      6.63755e-15
    7.09979e+00      1.45379e-05      5.00000e+00      5.75056e-15
    7.21439e+00      1.45289e-05      5.00000e+00      5.00589e-15
    7.33084e+00      1.45199e-05      5.00000e+00      4.36545e-15
    7.44917e+00      1.45110e-05      5.00000e+00      3.80460e-15
    7.56941e+00      1.45020e-05      5.00000e+00      3.30779e-15
    7.69159e+00      1.44931e-05      5.00000e+00      2.86391e-15
    7.81575e+00      1.44842e-05      5.00000e+00      2.46489e-15
    7.94190e+00      1.44752e-05      5.00000e+00      2.10810e-15
    8.07010e+00      1.44663e-05      5.00000e+00      1.78881e-15
    8.20036e+00      1.44574e-05      5.00000e+00      1.50512e-15
    8.33273e+00      1.44483e-05      5.00000e+00      1.25354e-15
    8.46723e+00      1.44393e-05      5.00000e+00      1.03249e-15
    8.60390e+00      1.44302e-05      5.00000e+00      8.40085e-16
    8.74278e+00      1.44209e-05      5.00000e+00      6.73796e-16
    8.88390e+00      1.44116e-05      5.00000e+00      5.31118e-16
    9.02730e+00      1.44022e-05      5.00000e+00      4.11166e-16
    9.17301e+00      1.43928e-05      5.00000e+00      3.10951e-16
    9.32108e+00      1.43832e-05      5.00000e+00      2.29002e-16
    9.47154e+00      1.43735e-05      5.00000e+00      1.63134e-16
    9.62442e+00      1.43637e-05      5.00000e+00      1.11845e-16
    9.77977e+00      1.43538e-05      5.00000e+00      7.31952e-17
    9.93763e+00      1.43438e-05      5.00000e+00      4.55247e-17
    1.00980e+01      1.43337e-05      5.00000e+00      2.70286e-17
    1.02610e+01      1.43234e-05      5.00000e+00      1.58393e-17
    1.04267e+01      1.43129e-05      5.00000e+00      9.30695e-18
    1.05950e+01      1.43023e-05      5.00000e+00      5.69597e-18
    1.07660e+01      1.42915e-05      5.00000e+00      3.74139e-18
    1.09398e+01      1.42805e-05      5.00000e+00      2.51570e-18
    1.11163e+01      1.42695e-05      5.00000e+00      1.57123e-18
    1.12958e+01      1.42583e-05      5.00000e+00      8.89682e-19
    1.14781e+01      1.42469e-05      5.00000e+00      4.43117e-19
    1.16634e+01      1.42353e-05      5.00000e+00      1.91442e-19
    1.18517e+01      1.42236e-05      5.00000e+00      6.40205e-20
    1.20430e+01      1.42117e-05      5.00000e+00      1.08252e-20
    1.22373e+01      1.41997e-05      5.00000e+00      -1.12496e-189
    1.24349e+01      1.41875e-05      5.00000e+00      -1.10349e-189
    1.26356e+01      1.41751e-05      5.00000e+00      -1.08236e-189
    1.28395e+01      1.41625e-05      5.00000e+00      -1.06157e-189
    1.30468e+01      1.41498e-05      5.00000e+00      -1.04110e-189
    1.32574e+01      1.41368e-05      5.00000e+00      -1.02096e-189
    1.34714e+01      1.41237e-05      5.00000e+00      -1.00113e-189
    1.36888e+01      1.41104e-05      5.00000e+00      -9.81621e-190
    1.39098e+01      1.40969e-05      5.00000e+00      -9.62418e-190
    1.41343e+01      1.40831e-05      5.00000e+00      -9.43521e-190
    1.43625e+01      1.40691e-05      5.00000e+00      -9.24925e-190
    1.45943e+01      1.40551e-05      5.00000e+00      -9.06627e-190
    1.48299e+01      1.40408e-05      5.00000e+00      -8.88620e-190
    1.50693e+01      1.40262e-05      5.00000e+00      -8.70901e-190
    1.53125e+01      1.40115e-05      5.00000e+00      -8.53468e-190
    1.55597e+01      1.39965e-05      5.00000e+00      -8.36315e-190
    1.58108e+01      1.39813e-05      5.00000e+00      -8.19439e-190
    1.60660e+01      1.39659e-05      5.00000e+00      -8.02834e-190
    1.63254e+01      1.39503e-05      5.00000e+00      -7.86500e-190
    1.65889e+01      1.39345e-05      5.00000e+00      -7.70430e-190
    1.68566e+01      1.39184e-05      5.00000e+00      -7.54622e-190
    1.71287e+01      1.39021e-05      5.00000e+00      -7.39071e-190
    1.74052e+01      1.38855e-05      5.00000e+00      -7.23775e-190
    1.76862e+01      1.38688e-05      5.00000e+00      -7.08730e-190
    1.79716e+01      1.38518e-05      5.00000e+00      -6.93931e-190
    1.82617e+01      1.38346e-05      5.00000e+00      -6.79377e-190
    1.85565e+01      1.38171e-05      5.00000e+00      -6.65062e-190
    1.88560e+01      1.37995e-05      5.00000e+00      -6.50984e-190
    1.91604e+01      1.37815e-05      5.00000e+00      -6.37141e-190
    1.94697e+01      1.37633e-05      5.00000e+00      -6.23528e-190
    1.97840e+01      1.37448e-05      5.00000e+00      -6.10142e-190
    2.01033e+01      1.37261e-05      5.00000e+00      -5.96980e-190
    2.04278e+01      1.37072e-05      5.00000e+00      -5.84038e-190
    2.07575e+01      1.36880e-05      5.00000e+00      -5.71315e-190
    2.10926e+01      1.36685e-05      5.00000e+00      -5.58807e-190
    2.14331e+01      1.36488e-05      5.00000e+00      -5.46511e-190
    2.17790e+01      1.36287e-05      5.00000e+00      -5.34424e-190
    2.21306e+01      1.36084e-05      5.00000e+00      -5.22543e-190
    2.24878e+01      1.35879e-05      5.00000e+00      -5.10865e-190
    2.28508e+01      1.35670e-05      5.00000e+00      -4.99388e-190
    2.32196e+01      1.35458e-05      5.00000e+00      -4.88108e-190
    2.35944e+01      1.35244e-05      5.00000e+00      -4.77024e-190
    2.39753e+01      1.35026e-05      5.00000e+00      -4.66131e-190
    2.43623e+01      1.34805e-05      5.00000e+00      -4.55429e-190
    2.47555e+01      1.34582e-05      5.00000e+00      -4.44913e-190
    2.51551e+01      1.34355e-05      5.00000e+00      -4.34582e-190
    2.55612e+01      1.34126e-05      5.00000e+00      -4.24433e-190
    2.59738e+01      1.33893e-05      5.00000e+00      -4.14463e-190
    2.63930e+01      1.33658e-05      5.00000e+00      -4.04671e-190
    2.68190e+01      1.33419e-05      5.00000e+00      -3.95052e-190
    2.72519e+01      1.33177e-05      5.00000e+00      -3.85607e-190
    2.76918e+01      1.32932e-05      5.00000e+00      -3.76330e-190
    2.81388e+01      1.32682e-05      5.00000e+00      -3.67222e-190
    2.85930e+01      1.32430e-05      5.00000e+00      -3.58278e-190
    2.90546e+01      1.32174e-05      5.00000e+00      -3.49498e-190
    2.95235e+01      1.31915e-05      5.00000e+00      -3.40878e-190
    3.00001e+01      1.31652e-05      5.00000e+00      -3.32417e-190
