    Er (keV)         SM dN/dE         BG dN/dE        BSM dN/dE (events/kg/day/keV)
    5.01000e-02      2.33052e-02      5.00000e+00      1.86455e-11
    5.07729e-02      2.29553e-02      5.00000e+00      1.88959e-11
    5.14550e-02      2.26008e-02      5.00000e+00      1.91497e-11
    5.21461e-02      2.22414e-02      5.00000e+00      1.94069e-11
    5.28466e-02      2.18773e-02      5.00000e+00      1.96675e-11
    5.35565e-02      2.15082e-02      5.00000e+00      1.99317e-11
    5.42760e-02      2.11342e-02      5.00000e+00      2.01994e-11
    5.50052e-02      2.07551e-02      5.00000e+00      2.04707e-11
    5.57441e-02      2.03710e-02      5.00000e+00      2.07457e-11
    5.64931e-02      1.99816e-02      5.00000e+00      2.10244e-11
    5.72520e-02      1.95871e-02      5.00000e+00      2.13068e-11
    5.80213e-02      1.91872e-02      5.00000e+00      2.15930e-11
    5.88008e-02      1.87819e-02      5.00000e+00      2.18831e-11
    5.95909e-02      1.83712e-02      5.00000e+00      2.21771e-11
    6.03916e-02      1.79549e-02      5.00000e+00      2.24750e-11
    6.12030e-02      1.75331e-02      5.00000e+00      2.27769e-11
    6.20254e-02      1.71056e-02      5.00000e+00      2.30829e-11
    6.28589e-02      1.66723e-02      5.00000e+00      2.33931e-11
    6.37035e-02      1.62332e-02      5.00000e+00      2.37074e-11
    6.45596e-02      1.57881e-02      5.00000e+00      2.40259e-11
    6.54271e-02      1.53371e-02      5.00000e+00      2.43487e-11
    6.63064e-02      1.48800e-02      5.00000e+00      2.46759e-11
    6.71974e-02      1.44168e-02      5.00000e+00      2.50075e-11
    6.81005e-02      1.39473e-02      5.00000e+00      2.53435e-11
    6.90157e-02      1.34715e-02      5.00000e+00      2.56840e-11
    6.99433e-02      1.29893e-02      5.00000e+00      2.60292e-11
    7.08833e-02      1.25007e-02      5.00000e+00      2.63790e-11
    7.18360e-02      1.20054e-02      5.00000e+00      2.67334e-11
    7.28014e-02      1.15035e-02      5.00000e+00      2.70927e-11
    7.37799e-02      1.09948e-02      5.00000e+00      2.74568e-11
    7.47716e-02      1.04793e-02      5.00000e+00      2.78258e-11
    7.57766e-02      9.95680e-03      5.00000e+00      2.81998e-11
    7.67951e-02      9.42730e-03      5.00000e+00      2.85787e-11
    7.78274e-02      8.89067e-03      5.00000e+00      2.89628e-11
    7.88735e-02      8.34683e-03      5.00000e+00      2.93521e-11
    7.99337e-02      7.79566e-03      5.00000e+00      2.97466e-11
    8.10082e-02      7.23708e-03      5.00000e+00      3.01464e-11
    8.20971e-02      6.67097e-03      5.00000e+00      3.05516e-11
    8.32007e-02      6.09725e-03      5.00000e+00      3.09623e-11
    8.43192e-02      5.51581e-03      5.00000e+00      3.13784e-11
    8.54527e-02      4.92654e-03      5.00000e+00      3.18002e-11
    8.66014e-02      4.32934e-03      5.00000e+00      3.22277e-11
    8.77657e-02      3.72410e-03      5.00000e+00      3.26609e-11
    8.89456e-02      3.11071e-03      5.00000e+00      3.30999e-11
    9.01413e-02      2.48908e-03      5.00000e+00      3.35449e-11
    9.13532e-02      2.34596e-03      5.00000e+00      3.39913e-11
    9.25814e-02      2.30566e-03      5.00000e+00      3.44427e-11
    9.38261e-02      2.26481e-03      5.00000e+00      3.49002e-11
    9.50875e-02      2.22342e-03      5.00000e+00      3.53639e-11
    9.63660e-02      2.18147e-03      5.00000e+00      3.58339e-11
    9.76616e-02      2.13895e-03      5.00000e+00      3.63101e-11
    9.89747e-02      2.09587e-03      5.00000e+00      3.67928e-11
    1.00305e-01      2.05220e-03      5.00000e+00      3.72819e-11
    1.01654e-01      2.00795e-03      5.00000e+00      3.77776e-11
    1.03021e-01      1.96310e-03      5.00000e+00      3.82801e-11
    1.04406e-01      1.91764e-03      5.00000e+00      3.87892e-11
    1.05810e-01      1.87158e-03      5.00000e+00      3.93053e-11
    1.07233e-01      1.82489e-03      5.00000e+00      3.98282e-11
    1.08675e-01      1.77758e-03      5.00000e+00      4.03582e-11
    1.10136e-01      1.72963e-03      5.00000e+00      4.08954e-11
    1.11617e-01      1.68103e-03      5.00000e+00      4.14397e-11
    1.13118e-01      1.63178e-03      5.00000e+00      4.19914e-11
    1.14639e-01      1.58187e-03      5.00000e+00      4.25506e-11
    1.16181e-01      1.53128e-03      5.00000e+00      4.31172e-11
    1.17743e-01      1.48002e-03      5.00000e+00      4.36915e-11
    1.19326e-01      1.42806e-03      5.00000e+00      4.42735e-11
    1.20931e-01      1.37540e-03      5.00000e+00      4.48633e-11
    1.22557e-01      1.32204e-03      5.00000e+00      4.54611e-11
    1.24205e-01      1.26796e-03      5.00000e+00      4.60669e-11
    1.25876e-01      1.21315e-03      5.00000e+00      4.66809e-11
    1.27568e-01      1.15760e-03      5.00000e+00      4.73031e-11
    1.29284e-01      1.10131e-03      5.00000e+00      4.79337e-11
    1.31023e-01      1.04789e-03      5.00000e+00      4.85717e-11
    1.32785e-01      1.01035e-03      5.00000e+00      4.92132e-11
    1.34571e-01      9.72307e-04      5.00000e+00      4.98634e-11
    1.36380e-01      9.33752e-04      5.00000e+00      5.05223e-11
    1.38215e-01      8.94678e-04      5.00000e+00      5.11900e-11
    1.40074e-01      8.55078e-04      5.00000e+00      5.18668e-11
    1.41957e-01      8.14945e-04      5.00000e+00      5.25526e-11
    1.43867e-01      7.74272e-04      5.00000e+00      5.32477e-11
    1.45802e-01      7.33051e-04      5.00000e+00      5.39521e-11
    1.47763e-01      6.91276e-04      5.00000e+00      5.46661e-11
    1.49750e-01      6.48938e-04      5.00000e+00      5.53896e-11
    1.51764e-01      6.06031e-04      5.00000e+00      5.61229e-11
    1.53805e-01      5.62546e-04      5.00000e+00      5.68660e-11
    1.55874e-01      5.18476e-04      5.00000e+00      5.76191e-11
    1.57971e-01      4.73813e-04      5.00000e+00      5.83824e-11
    1.60095e-01      4.28548e-04      5.00000e+00      5.91560e-11
    1.62249e-01      3.82675e-04      5.00000e+00      5.99399e-11
    1.64431e-01      3.36184e-04      5.00000e+00      6.07344e-11
    1.66643e-01      2.89067e-04      5.00000e+00      6.15396e-11
    1.68884e-01      2.41316e-04      5.00000e+00      6.23557e-11
    1.71156e-01      1.94947e-04      5.00000e+00      6.31825e-11
    1.73458e-01      1.94707e-04      5.00000e+00      6.40150e-11
    1.75792e-01      1.94465e-04      5.00000e+00      6.48587e-11
    1.78156e-01      1.94219e-04      5.00000e+00      6.57138e-11
    1.80553e-01      1.93969e-04      5.00000e+00      6.65804e-11
    1.82981e-01      1.93716e-04      5.00000e+00      6.74586e-11
    1.85443e-01      1.93460e-04      5.00000e+00      6.83487e-11
    1.87937e-01      1.93200e-04      5.00000e+00      6.92508e-11
    1.90465e-01      1.92937e-04      5.00000e+00      7.01650e-11
    1.93028e-01      1.92671e-04      5.00000e+00      7.10915e-11
    1.95624e-01      1.92400e-04      5.00000e+00      7.20304e-11
    1.98256e-01      1.92127e-04      5.00000e+00      7.29820e-11
    2.00923e-01      1.91849e-04      5.00000e+00      7.39465e-11
    2.03626e-01      1.91568e-04      5.00000e+00      7.49239e-11
    2.06365e-01      1.91282e-04      5.00000e+00      7.59144e-11
    2.09141e-01      1.90994e-04      5.00000e+00      7.69183e-11
    2.11954e-01      1.90703e-04      5.00000e+00      7.79353e-11
    2.14806e-01      1.90420e-04      5.00000e+00      7.89645e-11
    2.17695e-01      1.90133e-04      5.00000e+00      8.00074e-11
    2.20624e-01      1.89841e-04      5.00000e+00      8.10645e-11
    2.23592e-01      1.89546e-04      5.00000e+00      8.21357e-11
    2.26600e-01      1.89247e-04      5.00000e+00      8.32214e-11
    2.29649e-01      1.88944e-04      5.00000e+00      8.43217e-11
    2.32738e-01      1.88637e-04      5.00000e+00      8.54368e-11
    2.35869e-01      1.88326e-04      5.00000e+00      8.65669e-11
    2.39042e-01      1.88011e-04      5.00000e+00      8.77122e-11
    2.42258e-01      1.87691e-04      5.00000e+00      8.88730e-11
    2.45517e-01      1.87367e-04      5.00000e+00      9.00493e-11
    2.48821e-01      1.87039e-04      5.00000e+00      9.12415e-11
    2.52168e-01      1.86707e-04      5.00000e+00      9.24480e-11
    2.55561e-01      1.86384e-04      5.00000e+00      9.36582e-11
    2.58999e-01      1.86056e-04      5.00000e+00      9.48846e-11
    2.62483e-01      1.85724e-04      5.00000e+00      9.61275e-11
    2.66015e-01      1.85387e-04      5.00000e+00      9.73872e-11
    2.69594e-01      1.85046e-04      5.00000e+00      9.86638e-11
    2.73221e-01      1.84700e-04      5.00000e+00      9.99575e-11
    2.76897e-01      1.84350e-04      5.00000e+00      1.01269e-10
    2.80622e-01      1.83995e-04      5.00000e+00      1.02598e-10
    2.84398e-01      1.83635e-04      5.00000e+00      1.03944e-10
    2.88224e-01      1.83270e-04      5.00000e+00      1.05309e-10
    2.92102e-01      1.82900e-04      5.00000e+00      1.06692e-10
    2.96032e-01      1.82540e-04      5.00000e+00      1.08093e-10
    3.00015e-01      1.82175e-04      5.00000e+00      1.09513e-10
    3.04052e-01      1.81806e-04      5.00000e+00      1.10953e-10
    3.08142e-01      1.81431e-04      5.00000e+00      1.12411e-10
    3.12288e-01      1.81051e-04      5.00000e+00      1.13889e-10
    3.16490e-01      1.80667e-04      5.00000e+00      1.15387e-10
    3.20748e-01      1.80276e-04      5.00000e+00      1.16905e-10
    3.25064e-01      1.79881e-04      5.00000e+00      1.18444e-10
    3.29438e-01      1.79481e-04      5.00000e+00      1.20003e-10
    3.33870e-01      1.79079e-04      5.00000e+00      1.21581e-10
    3.38362e-01      1.78683e-04      5.00000e+00      1.23177e-10
    3.42915e-01      1.78281e-04      5.00000e+00      1.24793e-10
    3.47529e-01      1.77874e-04      5.00000e+00      1.26432e-10
    3.52205e-01      1.77461e-04      5.00000e+00      1.28093e-10
    3.56944e-01      1.77043e-04      5.00000e+00      1.29776e-10
    3.61747e-01      1.76619e-04      5.00000e+00      1.31482e-10
    3.66614e-01      1.76189e-04      5.00000e+00      1.33210e-10
    3.71547e-01      1.75754e-04      5.00000e+00      1.34962e-10
    3.76546e-01      1.75324e-04      5.00000e+00      1.36733e-10
    3.81613e-01      1.74893e-04      5.00000e+00      1.38526e-10
    3.86748e-01      1.74455e-04      5.00000e+00      1.40344e-10
    3.91952e-01      1.74012e-04      5.00000e+00      1.42186e-10
    3.97226e-01      1.73563e-04      5.00000e+00      1.44052e-10
    4.02571e-01      1.73108e-04      5.00000e+00      1.45944e-10
    4.07987e-01      1.72647e-04      5.00000e+00      1.47861e-10
    4.13477e-01      1.72180e-04      5.00000e+00      1.49804e-10
    4.19041e-01      1.71722e-04      5.00000e+00      1.51765e-10
    4.24679e-01      1.71258e-04      5.00000e+00      1.53753e-10
    4.30394e-01      1.70788e-04      5.00000e+00      1.55767e-10
    4.36185e-01      1.70312e-04      5.00000e+00      1.57808e-10
    4.42054e-01      1.69829e-04      5.00000e+00      1.59877e-10
    4.48003e-01      1.69339e-04      5.00000e+00      1.61974e-10
    4.54031e-01      1.68844e-04      5.00000e+00      1.64098e-10
    4.60140e-01      1.68357e-04      5.00000e+00      1.66243e-10
    4.66332e-01      1.67864e-04      5.00000e+00      1.68417e-10
    4.72607e-01      1.67364e-04      5.00000e+00      1.70620e-10
    4.78966e-01      1.66857e-04      5.00000e+00      1.72853e-10
    4.85412e-01      1.66343e-04      5.00000e+00      1.75116e-10
    4.91943e-01      1.65822e-04      5.00000e+00      1.77409e-10
    4.98563e-01      1.65306e-04      5.00000e+00      1.79728e-10
    5.05272e-01      1.64787e-04      5.00000e+00      1.82074e-10
    5.12071e-01      1.64262e-04      5.00000e+00      1.84453e-10
    5.18962e-01      1.63729e-04      5.00000e+00      1.86863e-10
    5.25945e-01      1.63190e-04      5.00000e+00      1.89306e-10
    5.33022e-01      1.62643e-04      5.00000e+00      1.91782e-10
    5.40195e-01      1.62103e-04      5.00000e+00      1.94283e-10
    5.47464e-01      1.61559e-04      5.00000e+00      1.96817e-10
    5.54831e-01      1.61007e-04      5.00000e+00      1.99385e-10
    5.62297e-01      1.60448e-04      5.00000e+00      2.01988e-10
    5.69864e-01      1.59882e-04      5.00000e+00      2.04625e-10
    5.77532e-01      1.59314e-04      5.00000e+00      2.07301e-10
    5.85304e-01      1.58749e-04      5.00000e+00      2.10015e-10
    5.93180e-01      1.58177e-04      5.00000e+00      2.12767e-10
    6.01162e-01      1.57596e-04      5.00000e+00      2.15555e-10
    6.09252e-01      1.57008e-04      5.00000e+00      2.18381e-10
    6.17451e-01      1.56417e-04      5.00000e+00      2.21238e-10
    6.25759e-01      1.55830e-04      5.00000e+00      2.24116e-10
    6.34180e-01      1.55236e-04      5.00000e+00      2.27033e-10
    6.42714e-01      1.54633e-04      5.00000e+00      2.29989e-10
    6.51363e-01      1.54022e-04      5.00000e+00      2.32985e-10
    6.60129e-01      1.53412e-04      5.00000e+00      2.36006e-10
    6.69012e-01      1.52802e-04      5.00000e+00      2.39055e-10
    6.78015e-01      1.52183e-04      5.00000e+00      2.42144e-10
    6.87139e-01      1.51556e-04      5.00000e+00      2.45275e-10
    6.96386e-01      1.50922e-04      5.00000e+00      2.48449e-10
    7.05757e-01      1.50295e-04      5.00000e+00      2.51675e-10
    7.15254e-01      1.49661e-04      5.00000e+00      2.54945e-10
    7.24880e-01      1.49017e-04      5.00000e+00      2.58258e-10
    7.34634e-01      1.48365e-04      5.00000e+00      2.61616e-10
    7.44521e-01      1.47719e-04      5.00000e+00      2.65011e-10
    7.54540e-01      1.47068e-04      5.00000e+00      2.68451e-10
    7.64694e-01      1.46407e-04      5.00000e+00      2.71937e-10
    7.74984e-01      1.45737e-04      5.00000e+00      2.75469e-10
    7.85414e-01      1.45074e-04      5.00000e+00      2.79035e-10
    7.95983e-01      1.44404e-04      5.00000e+00      2.82647e-10
    8.06695e-01      1.43725e-04      5.00000e+00      2.86308e-10
    8.17551e-01      1.43038e-04      5.00000e+00      2.90018e-10
    8.28553e-01      1.42359e-04      5.00000e+00      2.93783e-10
    8.39703e-01      1.41670e-04      5.00000e+00      2.97598e-10
    8.51003e-01      1.40972e-04      5.00000e+00      3.01465e-10
    8.62456e-01      1.40273e-04      5.00000e+00      3.05369e-10
    8.74062e-01      1.39574e-04      5.00000e+00      3.09309e-10
    8.85825e-01      1.38866e-04      5.00000e+00      3.13302e-10
    8.97746e-01      1.38149e-04      5.00000e+00      3.17349e-10
    9.09827e-01      1.37439e-04      5.00000e+00      3.21490e-10
    9.22071e-01      1.36720e-04      5.00000e+00      3.25687e-10
    9.34480e-01      1.35991e-04      5.00000e+00      3.29940e-10
    9.47056e-01      1.35265e-04      5.00000e+00      3.34197e-10
    9.59801e-01      1.34534e-04      5.00000e+00      3.38493e-10
    9.72717e-01      1.33793e-04      5.00000e+00      3.42846e-10
    9.85808e-01      1.33053e-04      5.00000e+00      3.47264e-10
    9.99074e-01      1.32311e-04      5.00000e+00      3.51747e-10
    1.01252e+00      1.31559e-04      5.00000e+00      3.56290e-10
    1.02615e+00      1.30806e-04      5.00000e+00      3.60887e-10
    1.03996e+00      1.30052e-04      5.00000e+00      3.65542e-10
    1.05395e+00      1.29287e-04      5.00000e+00      3.70259e-10
    1.06813e+00      1.28524e-04      5.00000e+00      3.75031e-10
    1.08251e+00      1.27757e-04      5.00000e+00      3.79863e-10
    1.09708e+00      1.26980e-04      5.00000e+00      3.84759e-10
    1.11184e+00      1.26207e-04      5.00000e+00      3.89716e-10
    1.12680e+00      1.25426e-04      5.00000e+00      3.94739e-10
    1.14197e+00      1.24638e-04      5.00000e+00      3.99825e-10
    1.15734e+00      1.23854e-04      5.00000e+00      4.04959e-10
    1.17291e+00      1.23060e-04      5.00000e+00      4.10163e-10
    1.18870e+00      1.22265e-04      5.00000e+00      4.15434e-10
    1.20469e+00      1.21468e-04      5.00000e+00      4.20775e-10
    1.22091e+00      1.20660e-04      5.00000e+00      4.26184e-10
    1.23734e+00      1.19860e-04      5.00000e+00      4.31604e-10
    1.25399e+00      1.19049e-04      5.00000e+00      4.37097e-10
    1.27087e+00      1.18238e-04      5.00000e+00      4.42717e-10
    1.28797e+00      1.17423e-04      5.00000e+00      4.48447e-10
    1.30530e+00      1.16601e-04      5.00000e+00      4.54239e-10
    1.32287e+00      1.15782e-04      5.00000e+00      4.60061e-10
    1.34067e+00      1.14951e-04      5.00000e+00      4.65961e-10
    1.35872e+00      1.14128e-04      5.00000e+00      4.71928e-10
    1.37700e+00      1.13293e-04      5.00000e+00      4.77975e-10
    1.39553e+00      1.12461e-04      5.00000e+00      4.84094e-10
    1.41431e+00      1.11621e-04      5.00000e+00      4.90292e-10
    1.43335e+00      1.10781e-04      5.00000e+00      4.96566e-10
    1.45264e+00      1.09937e-04      5.00000e+00      5.02918e-10
    1.47219e+00      1.09090e-04      5.00000e+00      5.09350e-10
    1.49200e+00      1.08242e-04      5.00000e+00      5.15861e-10
    1.51208e+00      1.07391e-04      5.00000e+00      5.22448e-10
    1.53243e+00      1.06538e-04      5.00000e+00      5.29111e-10
    1.55305e+00      1.05682e-04      5.00000e+00      5.35871e-10
    1.57395e+00      1.04824e-04      5.00000e+00      5.42731e-10
    1.59514e+00      1.03964e-04      5.00000e+00      5.49688e-10
    1.61660e+00      1.03101e-04      5.00000e+00      5.56744e-10
    1.63836e+00      1.02238e-04      5.00000e+00      5.63824e-10
    1.66041e+00      1.01369e-04      5.00000e+00      5.70966e-10
    1.68276e+00      1.00503e-04      5.00000e+00      5.78229e-10
    1.70540e+00      9.96285e-05      5.00000e+00      5.85595e-10
    1.72835e+00      9.87598e-05      5.00000e+00      5.93045e-10
    1.75162e+00      9.78844e-05      5.00000e+00      6.00590e-10
    1.77519e+00      9.70096e-05      5.00000e+00      6.08222e-10
    1.79908e+00      9.61334e-05      5.00000e+00      6.15952e-10
    1.82329e+00      9.52529e-05      5.00000e+00      6.23783e-10
    1.84783e+00      9.43761e-05      5.00000e+00      6.31704e-10
    1.87270e+00      9.34938e-05      5.00000e+00      6.39728e-10
    1.89790e+00      9.26124e-05      5.00000e+00      6.47856e-10
    1.92344e+00      9.17308e-05      5.00000e+00      6.56065e-10
    1.94933e+00      9.08451e-05      5.00000e+00      6.64370e-10
    1.97557e+00      8.99637e-05      5.00000e+00      6.72783e-10
    2.00215e+00      8.90800e-05      5.00000e+00      6.81304e-10
    2.02910e+00      8.81927e-05      5.00000e+00      6.89930e-10
    2.05641e+00      8.73092e-05      5.00000e+00      6.98583e-10
    2.08408e+00      8.64238e-05      5.00000e+00      7.07428e-10
    2.11213e+00      8.55357e-05      5.00000e+00      7.16432e-10
    2.14056e+00      8.46497e-05      5.00000e+00      7.25482e-10
    2.16937e+00      8.37648e-05      5.00000e+00      7.34644e-10
    2.19856e+00      8.28790e-05      5.00000e+00      7.43918e-10
    2.22815e+00      8.19932e-05      5.00000e+00      7.53303e-10
    2.25814e+00      8.11110e-05      5.00000e+00      7.62804e-10
    2.28853e+00      8.02274e-05      5.00000e+00      7.72417e-10
    2.31933e+00      7.93431e-05      5.00000e+00      7.82135e-10
    2.35054e+00      7.84587e-05      5.00000e+00      7.91948e-10
    2.38218e+00      7.75792e-05      5.00000e+00      8.01943e-10
    2.41424e+00      7.66996e-05      5.00000e+00      8.12055e-10
    2.44673e+00      7.58200e-05      5.00000e+00      8.22277e-10
    2.47966e+00      7.49408e-05      5.00000e+00      8.32610e-10
    2.51303e+00      7.40631e-05      5.00000e+00      8.43067e-10
    2.54685e+00      7.31898e-05      5.00000e+00      8.53653e-10
    2.58113e+00      7.23185e-05      5.00000e+00      8.64429e-10
    2.61587e+00      7.14488e-05      5.00000e+00      8.75288e-10
    2.65107e+00      7.05809e-05      5.00000e+00      8.86214e-10
    2.68675e+00      6.97149e-05      5.00000e+00      8.97265e-10
    2.72291e+00      6.88510e-05      5.00000e+00      9.08496e-10
    2.75956e+00      6.79892e-05      5.00000e+00      9.19862e-10
    2.79670e+00      6.71295e-05      5.00000e+00      9.31361e-10
    2.83434e+00      6.62726e-05      5.00000e+00      9.42999e-10
    2.87248e+00      6.54207e-05      5.00000e+00      9.54774e-10
    2.91114e+00      6.45711e-05      5.00000e+00      9.66724e-10
    2.95032e+00      6.37250e-05      5.00000e+00      9.78752e-10
    2.99003e+00      6.28825e-05      5.00000e+00      9.90947e-10
    3.03027e+00      6.20434e-05      5.00000e+00      1.00322e-09
    3.07105e+00      6.12079e-05      5.00000e+00      1.01576e-09
    3.11239e+00      6.03758e-05      5.00000e+00      1.02842e-09
    3.15428e+00      5.95483e-05      5.00000e+00      1.04121e-09
    3.19673e+00      5.87256e-05      5.00000e+00      1.05415e-09
    3.23975e+00      5.79071e-05      5.00000e+00      1.06724e-09
    3.28335e+00      5.70930e-05      5.00000e+00      1.08049e-09
    3.32754e+00      5.62838e-05      5.00000e+00      1.09389e-09
    3.37233e+00      5.54787e-05      5.00000e+00      1.10745e-09
    3.41771e+00      5.46785e-05      5.00000e+00      1.12117e-09
    3.46371e+00      5.38844e-05      5.00000e+00      1.13503e-09
    3.51033e+00      5.30954e-05      5.00000e+00      1.14909e-09
    3.55757e+00      5.23112e-05      5.00000e+00      1.16331e-09
    3.60545e+00      5.15328e-05      5.00000e+00      1.17778e-09
    3.65398e+00      5.07612e-05      5.00000e+00      1.19233e-09
    3.70315e+00      4.99953e-05      5.00000e+00      1.20705e-09
    3.75299e+00      4.92345e-05      5.00000e+00      1.22186e-09
    3.80350e+00      4.84788e-05      5.00000e+00      1.23689e-09
    3.85469e+00      4.77322e-05      5.00000e+00      1.25212e-09
    3.90657e+00      4.69916e-05      5.00000e+00      1.26752e-09
    3.95915e+00      4.62571e-05      5.00000e+00      1.28311e-09
    4.01243e+00      4.55303e-05      5.00000e+00      1.29887e-09
    4.06644e+00      4.48103e-05      5.00000e+00      1.31482e-09
    4.12116e+00      4.40961e-05      5.00000e+00      1.33095e-09
    4.17663e+00      4.33901e-05      5.00000e+00      1.34728e-09
    4.23284e+00      4.26911e-05      5.00000e+00      1.36370e-09
    4.28981e+00      4.19996e-05      5.00000e+00      1.38036e-09
    4.34755e+00      4.13176e-05      5.00000e+00      1.39733e-09
    4.40606e+00      4.06418e-05      5.00000e+00      1.41441e-09
    4.46536e+00      3.99756e-05      5.00000e+00      1.43168e-09
    4.52546e+00      3.93154e-05      5.00000e+00      1.44915e-09
    4.58636e+00      3.86643e-05      5.00000e+00      1.46682e-09
    4.64809e+00      3.80216e-05      5.00000e+00      1.48469e-09
    4.71065e+00      3.73889e-05      5.00000e+00      1.50276e-09
    4.77404e+00      3.67628e-05      5.00000e+00      1.52104e-09
    4.83830e+00      3.61466e-05      5.00000e+00      1.53959e-09
    4.90341e+00      3.55381e-05      5.00000e+00      1.55831e-09
    4.96941e+00      3.49389e-05      5.00000e+00      1.57723e-09
    5.03629e+00      3.43505e-05      5.00000e+00      1.59625e-09
    5.10407e+00      3.37703e-05      5.00000e+00      1.61559e-09
    5.17277e+00      3.31985e-05      5.00000e+00      1.63514e-09
    5.24239e+00      3.26372e-05      5.00000e+00      1.65490e-09
    5.31294e+00      3.20853e-05      5.00000e+00      1.67490e-09
    5.38445e+00      3.15419e-05      5.00000e+00      1.69511e-09
    5.45691e+00      3.10081e-05      5.00000e+00      1.71555e-09
    5.53036e+00      3.04856e-05      5.00000e+00      1.73626e-09
    5.60479e+00      2.99725e-05      5.00000e+00      1.75716e-09
    5.68022e+00      2.94693e-05      5.00000e+00      1.77816e-09
    5.75667e+00      2.89756e-05      5.00000e+00      1.79959e-09
    5.83415e+00      2.84918e-05      5.00000e+00      1.82119e-09
    5.91267e+00      2.80178e-05      5.00000e+00      1.84303e-09
    5.99225e+00      2.75545e-05      5.00000e+00      1.86511e-09
    6.07289e+00      2.71015e-05      5.00000e+00      1.88742e-09
    6.15463e+00      2.66590e-05      5.00000e+00      1.90990e-09
    6.23746e+00      2.62262e-05      5.00000e+00      1.93271e-09
    6.32141e+00      2.58029e-05      5.00000e+00      1.95580e-09
    6.40649e+00      2.53907e-05      5.00000e+00      1.97924e-09
    6.49271e+00      2.49889e-05      5.00000e+00      2.00283e-09
    6.58010e+00      2.45974e-05      5.00000e+00      2.02667e-09
    6.66866e+00      2.42153e-05      5.00000e+00      2.05065e-09
    6.75841e+00      2.38436e-05      5.00000e+00      2.07499e-09
    6.84937e+00      2.34836e-05      5.00000e+00      2.09958e-09
    6.94155e+00      2.31328e-05      5.00000e+00      2.12446e-09
    7.03498e+00      2.27918e-05      5.00000e+00      2.14959e-09
    7.12966e+00      2.24615e-05      5.00000e+00      2.17501e-09
    7.22562e+00      2.21412e-05      5.00000e+00      2.20071e-09
    7.32287e+00      2.18306e-05      5.00000e+00      2.22656e-09
    7.42142e+00      2.15306e-05      5.00000e+00      2.25281e-09
    7.52131e+00      2.12401e-05      5.00000e+00      2.27933e-09
    7.62253e+00      2.09599e-05      5.00000e+00      2.30612e-09
    7.72512e+00      2.06892e-05      5.00000e+00      2.33317e-09
    7.82910e+00      2.04280e-05      5.00000e+00      2.36045e-09
    7.93447e+00      2.01764e-05      5.00000e+00      2.38808e-09
    8.04125e+00      1.99343e-05      5.00000e+00      2.41603e-09
    8.14948e+00      1.97022e-05      5.00000e+00      2.44437e-09
    8.25916e+00      1.94789e-05      5.00000e+00      2.47292e-09
    8.37032e+00      1.92643e-05      5.00000e+00      2.50175e-09
    8.48298e+00      1.90588e-05      5.00000e+00      2.53078e-09
    8.59715e+00      1.88627e-05      5.00000e+00      2.56018e-09
    8.71285e+00      1.86752e-05      5.00000e+00      2.58990e-09
    8.83012e+00      1.84950e-05      5.00000e+00      2.61993e-09
    8.94896e+00      1.83247e-05      5.00000e+00      2.65026e-09
    9.06941e+00      1.81619e-05      5.00000e+00      2.68096e-09
    9.19147e+00      1.80068e-05      5.00000e+00      2.71185e-09
    9.31518e+00      1.78600e-05      5.00000e+00      2.74309e-09
    9.44055e+00      1.77205e-05      5.00000e+00      2.77469e-09
    9.56761e+00      1.75885e-05      5.00000e+00      2.80661e-09
    9.69637e+00      1.74637e-05      5.00000e+00      2.83878e-09
    9.82688e+00      1.73460e-05      5.00000e+00      2.87131e-09
    9.95914e+00      1.72351e-05      5.00000e+00      2.90424e-09
    1.00932e+01      1.71305e-05      5.00000e+00      2.93752e-09
    1.02290e+01      1.70325e-05      5.00000e+00      2.97107e-09
    1.03667e+01      1.69403e-05      5.00000e+00      3.00495e-09
    1.05062e+01      1.68542e-05      5.00000e+00      3.03915e-09
    1.06476e+01      1.67737e-05      5.00000e+00      3.07366e-09
    1.07909e+01      1.66983e-05      5.00000e+00      3.10857e-09
    1.09362e+01      1.66283e-05      5.00000e+00      3.14382e-09
    1.10833e+01      1.65632e-05      5.00000e+00      3.17938e-09
    1.12325e+01      1.65024e-05      5.00000e+00      3.21523e-09
    1.13837e+01      1.64464e-05      5.00000e+00      3.25145e-09
    1.15369e+01      1.63943e-05      5.00000e+00      3.28806e-09
    1.16922e+01      1.63462e-05      5.00000e+00      3.32502e-09
    1.18495e+01      1.63017e-05      5.00000e+00      3.36232e-09
    1.20090e+01      1.62605e-05      5.00000e+00      3.40002e-09
    1.21706e+01      1.62226e-05      5.00000e+00      3.43798e-09
    1.23344e+01      1.61876e-05      5.00000e+00      3.47642e-09
    1.25005e+01      1.61552e-05      5.00000e+00      3.51523e-09
    1.26687e+01      1.61252e-05      5.00000e+00      3.55439e-09
    1.28392e+01      1.60975e-05      5.00000e+00      3.59382e-09
    1.30120e+01      1.60719e-05      5.00000e+00      3.63371e-09
    1.31871e+01      1.60478e-05      5.00000e+00      3.67398e-09
    1.33646e+01      1.60256e-05      5.00000e+00      3.71450e-09
    1.35445e+01      1.60046e-05      5.00000e+00      3.75539e-09
    1.37268e+01      1.59849e-05      5.00000e+00      3.79677e-09
    1.39115e+01      1.59662e-05      5.00000e+00      3.83847e-09
    1.40988e+01      1.59482e-05      5.00000e+00      3.88055e-09
    1.42885e+01      1.59310e-05      5.00000e+00      3.92296e-09
    1.44808e+01      1.59144e-05      5.00000e+00      3.96587e-09
    1.46757e+01      1.58985e-05      5.00000e+00      4.00907e-09
    1.48732e+01      1.58827e-05      5.00000e+00      4.05272e-09
    1.50734e+01      1.58672e-05      5.00000e+00      4.09674e-09
    1.52763e+01      1.58519e-05      5.00000e+00      4.14112e-09
    1.54819e+01      1.58366e-05      5.00000e+00      4.18592e-09
    1.56903e+01      1.58214e-05      5.00000e+00      4.23108e-09
    1.59014e+01      1.58063e-05      5.00000e+00      4.27661e-09
    1.61155e+01      1.57911e-05      5.00000e+00      4.32252e-09
    1.63323e+01      1.57758e-05      5.00000e+00      4.36888e-09
    1.65522e+01      1.57605e-05      5.00000e+00      4.41562e-09
    1.67749e+01      1.57450e-05      5.00000e+00      4.46275e-09
    1.70007e+01      1.57293e-05      5.00000e+00      4.51026e-09
    1.72295e+01      1.57135e-05      5.00000e+00      4.55817e-09
    1.74614e+01      1.56976e-05      5.00000e+00      4.60648e-09
    1.76964e+01      1.56815e-05      5.00000e+00      4.65518e-09
    1.79346e+01      1.56653e-05      5.00000e+00      4.70431e-09
    1.81760e+01      1.56489e-05      5.00000e+00      4.75382e-09
    1.84206e+01      1.56324e-05      5.00000e+00      4.80370e-09
    1.86685e+01      1.56156e-05      5.00000e+00      4.85403e-09
    1.89198e+01      1.55987e-05      5.00000e+00      4.90477e-09
    1.91744e+01      1.55816e-05      5.00000e+00      4.95592e-09
    1.94325e+01      1.55643e-05      5.00000e+00      5.00744e-09
    1.96940e+01      1.55468e-05      5.00000e+00      5.05935e-09
    1.99591e+01      1.55292e-05      5.00000e+00      5.11165e-09
    2.02277e+01      1.55113e-05      5.00000e+00      5.16438e-09
    2.05000e+01      1.54933e-05      5.00000e+00      5.21748e-09
    2.07759e+01      1.54750e-05      5.00000e+00      5.27100e-09
    2.10555e+01      1.54566e-05      5.00000e+00      5.32492e-09
    2.13389e+01      1.54379e-05      5.00000e+00      5.37925e-09
    2.16261e+01      1.54191e-05      5.00000e+00      5.43400e-09
    2.19171e+01      1.54000e-05      5.00000e+00      5.48916e-09
    2.22121e+01      1.53807e-05      5.00000e+00      5.54472e-09
    2.25111e+01      1.53612e-05      5.00000e+00      5.60068e-09
    2.28140e+01      1.53415e-05      5.00000e+00      5.65698e-09
    2.31211e+01      1.53215e-05      5.00000e+00      5.71367e-09
    2.34323e+01      1.53013e-05      5.00000e+00      5.77078e-09
    2.37477e+01      1.52809e-05      5.00000e+00      5.82825e-09
    2.40673e+01      1.52603e-05      5.00000e+00      5.88610e-09
    2.43912e+01      1.52394e-05      5.00000e+00      5.94438e-09
    2.47195e+01      1.52183e-05      5.00000e+00      6.00307e-09
    2.50522e+01      1.51970e-05      5.00000e+00      6.06218e-09
    2.53894e+01      1.51754e-05      5.00000e+00      6.12167e-09
    2.57311e+01      1.51536e-05      5.00000e+00      6.18151e-09
    2.60774e+01      1.51316e-05      5.00000e+00      6.24171e-09
    2.64284e+01      1.51093e-05      5.00000e+00      6.30226e-09
    2.67840e+01      1.50867e-05      5.00000e+00      6.36321e-09
    2.71445e+01      1.50640e-05      5.00000e+00      6.42451e-09
    2.75099e+01      1.50409e-05      5.00000e+00      6.48619e-09
    2.78801e+01      1.50175e-05      5.00000e+00      6.54826e-09
    2.82554e+01      1.49939e-05      5.00000e+00      6.61071e-09
    2.86356e+01      1.49700e-05      5.00000e+00      6.67353e-09
    2.90211e+01      1.49458e-05      5.00000e+00      6.73669e-09
    2.94116e+01      1.49214e-05      5.00000e+00      6.80018e-09
    2.98075e+01      1.48968e-05      5.00000e+00      6.86400e-09
    3.02087e+01      1.48718e-05      5.00000e+00      6.92816e-09
    3.06153e+01      1.48466e-05      5.00000e+00      6.99264e-09
    3.10273e+01      1.48211e-05      5.00000e+00      7.05747e-09
    3.14449e+01      1.47954e-05      5.00000e+00      7.12267e-09
    3.18681e+01      1.47695e-05      5.00000e+00      7.18827e-09
    3.22970e+01      1.47432e-05      5.00000e+00      7.25419e-09
    3.27317e+01      1.47167e-05      5.00000e+00      7.32041e-09
    3.31722e+01      1.46899e-05      5.00000e+00      7.38692e-09
    3.36187e+01      1.46628e-05      5.00000e+00      7.45371e-09
    3.40712e+01      1.46354e-05      5.00000e+00      7.52079e-09
    3.45297e+01      1.46076e-05      5.00000e+00      7.58813e-09
    3.49945e+01      1.45795e-05      5.00000e+00      7.65574e-09
    3.54655e+01      1.45510e-05      5.00000e+00      7.72368e-09
    3.59428e+01      1.45223e-05      5.00000e+00      7.79194e-09
    3.64265e+01      1.44932e-05      5.00000e+00      7.86044e-09
    3.69168e+01      1.44639e-05      5.00000e+00      7.92917e-09
    3.74137e+01      1.44343e-05      5.00000e+00      7.99814e-09
    3.79172e+01      1.44043e-05      5.00000e+00      8.06735e-09
    3.84275e+01      1.43741e-05      5.00000e+00      8.13681e-09
    3.89447e+01      1.43435e-05      5.00000e+00      8.20651e-09
    3.94689e+01      1.43127e-05      5.00000e+00      8.27647e-09
    4.00001e+01      1.42816e-05      5.00000e+00      8.34670e-09
