    Er (keV)         SM dN/dE         BG dN/dE        BSM dN/dE (events/kg/day/keV)
    2.50100e-01      1.86908e-04      1.00000e+02      7.99759e-09
    2.52651e-01      1.86665e-04      1.00000e+02      7.91805e-09
    2.55227e-01      1.86418e-04      1.00000e+02      7.83770e-09
    2.57830e-01      1.86170e-04      1.00000e+02      7.75653e-09
    2.60459e-01      1.85919e-04      1.00000e+02      7.67453e-09
    2.63115e-01      1.85665e-04      1.00000e+02      7.59170e-09
    2.65799e-01      1.85409e-04      1.00000e+02      7.50802e-09
    2.68509e-01      1.85150e-04      1.00000e+02      7.42349e-09
    2.71248e-01      1.84888e-04      1.00000e+02      7.33809e-09
    2.74014e-01      1.84624e-04      1.00000e+02      7.25182e-09
    2.76808e-01      1.84357e-04      1.00000e+02      7.16468e-09
    2.79631e-01      1.84087e-04      1.00000e+02      7.07664e-09
    2.82483e-01      1.83815e-04      1.00000e+02      6.98771e-09
    2.85364e-01      1.83540e-04      1.00000e+02      6.89787e-09
    2.88274e-01      1.83262e-04      1.00000e+02      6.80711e-09
    2.91214e-01      1.82985e-04      1.00000e+02      6.72322e-09
    2.94184e-01      1.82713e-04      1.00000e+02      6.65239e-09
    2.97185e-01      1.82437e-04      1.00000e+02      6.58083e-09
    3.00215e-01      1.82159e-04      1.00000e+02      6.50854e-09
    3.03277e-01      1.81878e-04      1.00000e+02      6.43551e-09
    3.06370e-01      1.81594e-04      1.00000e+02      6.36174e-09
    3.09495e-01      1.81307e-04      1.00000e+02      6.28721e-09
    3.12651e-01      1.81018e-04      1.00000e+02      6.21193e-09
    3.15840e-01      1.80725e-04      1.00000e+02      6.13588e-09
    3.19061e-01      1.80429e-04      1.00000e+02      6.05905e-09
    3.22315e-01      1.80131e-04      1.00000e+02      5.98143e-09
    3.25602e-01      1.79829e-04      1.00000e+02      5.90303e-09
    3.28923e-01      1.79524e-04      1.00000e+02      5.82383e-09
    3.32278e-01      1.79223e-04      1.00000e+02      5.75387e-09
    3.35667e-01      1.78923e-04      1.00000e+02      5.69031e-09
    3.39090e-01      1.78621e-04      1.00000e+02      5.62610e-09
    3.42549e-01      1.78315e-04      1.00000e+02      5.56124e-09
    3.46042e-01      1.78006e-04      1.00000e+02      5.49571e-09
    3.49572e-01      1.77694e-04      1.00000e+02      5.42951e-09
    3.53137e-01      1.77378e-04      1.00000e+02      5.36264e-09
    3.56739e-01      1.77060e-04      1.00000e+02      5.29509e-09
    3.60377e-01      1.76738e-04      1.00000e+02      5.22685e-09
    3.64053e-01      1.76413e-04      1.00000e+02      5.15791e-09
    3.67766e-01      1.76084e-04      1.00000e+02      5.08827e-09
    3.71517e-01      1.75756e-04      1.00000e+02      5.02181e-09
    3.75306e-01      1.75433e-04      1.00000e+02      4.96466e-09
    3.79134e-01      1.75106e-04      1.00000e+02      4.90693e-09
    3.83001e-01      1.74776e-04      1.00000e+02      4.84860e-09
    3.86907e-01      1.74443e-04      1.00000e+02      4.78968e-09
    3.90853e-01      1.74106e-04      1.00000e+02      4.73016e-09
    3.94840e-01      1.73766e-04      1.00000e+02      4.67003e-09
    3.98867e-01      1.73422e-04      1.00000e+02      4.60929e-09
    4.02935e-01      1.73075e-04      1.00000e+02      4.54793e-09
    4.07045e-01      1.72724e-04      1.00000e+02      4.48594e-09
    4.11196e-01      1.72372e-04      1.00000e+02      4.42494e-09
    4.15391e-01      1.72026e-04      1.00000e+02      4.37312e-09
    4.19627e-01      1.71676e-04      1.00000e+02      4.32077e-09
    4.23907e-01      1.71323e-04      1.00000e+02      4.26789e-09
    4.28231e-01      1.70967e-04      1.00000e+02      4.21447e-09
    4.32599e-01      1.70607e-04      1.00000e+02      4.16051e-09
    4.37011e-01      1.70243e-04      1.00000e+02      4.10599e-09
    4.41469e-01      1.69875e-04      1.00000e+02      4.05092e-09
    4.45971e-01      1.69504e-04      1.00000e+02      3.99529e-09
    4.50520e-01      1.69129e-04      1.00000e+02      3.93909e-09
    4.55115e-01      1.68761e-04      1.00000e+02      3.89136e-09
    4.59758e-01      1.68390e-04      1.00000e+02      3.84365e-09
    4.64447e-01      1.68015e-04      1.00000e+02      3.79544e-09
    4.69184e-01      1.67637e-04      1.00000e+02      3.74675e-09
    4.73970e-01      1.67254e-04      1.00000e+02      3.69756e-09
    4.78804e-01      1.66868e-04      1.00000e+02      3.64787e-09
    4.83688e-01      1.66478e-04      1.00000e+02      3.59767e-09
    4.88622e-01      1.66084e-04      1.00000e+02      3.54695e-09
    4.93606e-01      1.65692e-04      1.00000e+02      3.50008e-09
    4.98640e-01      1.65302e-04      1.00000e+02      3.45645e-09
    5.03726e-01      1.64908e-04      1.00000e+02      3.41238e-09
    5.08865e-01      1.64510e-04      1.00000e+02      3.36786e-09
    5.14055e-01      1.64108e-04      1.00000e+02      3.32288e-09
    5.19298e-01      1.63702e-04      1.00000e+02      3.27745e-09
    5.24595e-01      1.63292e-04      1.00000e+02      3.23155e-09
    5.29946e-01      1.62877e-04      1.00000e+02      3.18519e-09
    5.35352e-01      1.62469e-04      1.00000e+02      3.14383e-09
    5.40812e-01      1.62059e-04      1.00000e+02      3.10350e-09
    5.46329e-01      1.61645e-04      1.00000e+02      3.06275e-09
    5.51901e-01      1.61227e-04      1.00000e+02      3.02158e-09
    5.57531e-01      1.60804e-04      1.00000e+02      2.98000e-09
    5.63218e-01      1.60378e-04      1.00000e+02      2.93799e-09
    5.68963e-01      1.59946e-04      1.00000e+02      2.89556e-09
    5.74766e-01      1.59518e-04      1.00000e+02      2.85633e-09
    5.80629e-01      1.59091e-04      1.00000e+02      2.81905e-09
    5.86552e-01      1.58659e-04      1.00000e+02      2.78138e-09
    5.92535e-01      1.58223e-04      1.00000e+02      2.74333e-09
    5.98579e-01      1.57783e-04      1.00000e+02      2.70489e-09
    6.04684e-01      1.57338e-04      1.00000e+02      2.66606e-09
    6.10852e-01      1.56888e-04      1.00000e+02      2.62683e-09
    6.17083e-01      1.56446e-04      1.00000e+02      2.59199e-09
    6.23378e-01      1.56000e-04      1.00000e+02      2.55723e-09
    6.29736e-01      1.55550e-04      1.00000e+02      2.52211e-09
    6.36160e-01      1.55095e-04      1.00000e+02      2.48663e-09
    6.42649e-01      1.54636e-04      1.00000e+02      2.45080e-09
    6.49204e-01      1.54172e-04      1.00000e+02      2.41459e-09
    6.55827e-01      1.53711e-04      1.00000e+02      2.38099e-09
    6.62516e-01      1.53250e-04      1.00000e+02      2.34866e-09
    6.69274e-01      1.52785e-04      1.00000e+02      2.31600e-09
    6.76101e-01      1.52314e-04      1.00000e+02      2.28300e-09
    6.82998e-01      1.51839e-04      1.00000e+02      2.24967e-09
    6.89965e-01      1.51359e-04      1.00000e+02      2.21600e-09
    6.97003e-01      1.50884e-04      1.00000e+02      2.18505e-09
    7.04113e-01      1.50407e-04      1.00000e+02      2.15478e-09
    7.11295e-01      1.49926e-04      1.00000e+02      2.12420e-09
    7.18551e-01      1.49439e-04      1.00000e+02      2.09330e-09
    7.25880e-01      1.48948e-04      1.00000e+02      2.06209e-09
    7.33285e-01      1.48454e-04      1.00000e+02      2.03128e-09
    7.40765e-01      1.47966e-04      1.00000e+02      2.00304e-09
    7.48321e-01      1.47473e-04      1.00000e+02      1.97452e-09
    7.55954e-01      1.46975e-04      1.00000e+02      1.94571e-09
    7.63666e-01      1.46472e-04      1.00000e+02      1.91661e-09
    7.71456e-01      1.45964e-04      1.00000e+02      1.88721e-09
    7.79325e-01      1.45463e-04      1.00000e+02      1.86052e-09
    7.87275e-01      1.44957e-04      1.00000e+02      1.83378e-09
    7.95305e-01      1.44447e-04      1.00000e+02      1.80676e-09
    8.03418e-01      1.43931e-04      1.00000e+02      1.77947e-09
    8.11614e-01      1.43410e-04      1.00000e+02      1.75190e-09
    8.19893e-01      1.42896e-04      1.00000e+02      1.72678e-09
    8.28256e-01      1.42378e-04      1.00000e+02      1.70158e-09
    8.36705e-01      1.41855e-04      1.00000e+02      1.67612e-09
    8.45240e-01      1.41326e-04      1.00000e+02      1.65040e-09
    8.53862e-01      1.40794e-04      1.00000e+02      1.62490e-09
    8.62573e-01      1.40268e-04      1.00000e+02      1.60128e-09
    8.71372e-01      1.39737e-04      1.00000e+02      1.57743e-09
    8.80260e-01      1.39200e-04      1.00000e+02      1.55332e-09
    8.89240e-01      1.38658e-04      1.00000e+02      1.52898e-09
    8.98311e-01      1.38118e-04      1.00000e+02      1.50592e-09
    9.07474e-01      1.37579e-04      1.00000e+02      1.48347e-09
    9.16731e-01      1.37033e-04      1.00000e+02      1.46080e-09
    9.26083e-01      1.36482e-04      1.00000e+02      1.43789e-09
    9.35530e-01      1.35930e-04      1.00000e+02      1.41542e-09
    9.45073e-01      1.35381e-04      1.00000e+02      1.39421e-09
    9.54714e-01      1.34826e-04      1.00000e+02      1.37279e-09
    9.64453e-01      1.34265e-04      1.00000e+02      1.35115e-09
    9.74291e-01      1.33702e-04      1.00000e+02      1.32960e-09
    9.84230e-01      1.33144e-04      1.00000e+02      1.30950e-09
    9.94270e-01      1.32580e-04      1.00000e+02      1.28920e-09
    1.00441e+00      1.32011e-04      1.00000e+02      1.26869e-09
    1.01466e+00      1.31438e-04      1.00000e+02      1.24828e-09
    1.02501e+00      1.30870e-04      1.00000e+02      1.22917e-09
    1.03547e+00      1.30297e-04      1.00000e+02      1.20986e-09
    1.04603e+00      1.29718e-04      1.00000e+02      1.19035e-09
    1.05670e+00      1.29138e-04      1.00000e+02      1.17122e-09
    1.06748e+00      1.28561e-04      1.00000e+02      1.15299e-09
    1.07837e+00      1.27977e-04      1.00000e+02      1.13457e-09
    1.08937e+00      1.27388e-04      1.00000e+02      1.11597e-09
    1.10048e+00      1.26802e-04      1.00000e+02      1.09819e-09
    1.11171e+00      1.26215e-04      1.00000e+02      1.08075e-09
    1.12305e+00      1.25621e-04      1.00000e+02      1.06313e-09
    1.13450e+00      1.25023e-04      1.00000e+02      1.04548e-09
    1.14608e+00      1.24430e-04      1.00000e+02      1.02893e-09
    1.15777e+00      1.23832e-04      1.00000e+02      1.01221e-09
    1.16958e+00      1.23228e-04      1.00000e+02      9.95319e-10
    1.18151e+00      1.22626e-04      1.00000e+02      9.79139e-10
    1.19356e+00      1.22023e-04      1.00000e+02      9.63228e-10
    1.20574e+00      1.21414e-04      1.00000e+02      9.47155e-10
    1.21804e+00      1.20804e-04      1.00000e+02      9.31354e-10
    1.23046e+00      1.20196e-04      1.00000e+02      9.16181e-10
    1.24302e+00      1.19583e-04      1.00000e+02      9.00853e-10
    1.25570e+00      1.18965e-04      1.00000e+02      8.85538e-10
    1.26851e+00      1.18352e-04      1.00000e+02      8.71034e-10
    1.28145e+00      1.17733e-04      1.00000e+02      8.56383e-10
    1.29452e+00      1.17108e-04      1.00000e+02      8.41629e-10
    1.30772e+00      1.16490e-04      1.00000e+02      8.27740e-10
    1.32107e+00      1.15865e-04      1.00000e+02      8.13710e-10
    1.33454e+00      1.15234e-04      1.00000e+02      7.99570e-10
    1.34816e+00      1.14611e-04      1.00000e+02      7.86244e-10
    1.36191e+00      1.13981e-04      1.00000e+02      7.72782e-10
    1.37580e+00      1.13346e-04      1.00000e+02      7.59286e-10
    1.38984e+00      1.12717e-04      1.00000e+02      7.46477e-10
    1.40401e+00      1.12081e-04      1.00000e+02      7.33537e-10
    1.41834e+00      1.11442e-04      1.00000e+02      7.20703e-10
    1.43281e+00      1.10806e-04      1.00000e+02      7.08369e-10
    1.44742e+00      1.10163e-04      1.00000e+02      6.95909e-10
    1.46219e+00      1.09521e-04      1.00000e+02      6.83744e-10
    1.47711e+00      1.08880e-04      1.00000e+02      6.71852e-10
    1.49217e+00      1.08232e-04      1.00000e+02      6.59838e-10
    1.50740e+00      1.07589e-04      1.00000e+02      6.48341e-10
    1.52277e+00      1.06942e-04      1.00000e+02      6.36856e-10
    1.53831e+00      1.06291e-04      1.00000e+02      6.25413e-10
    1.55400e+00      1.05644e-04      1.00000e+02      6.14417e-10
    1.56985e+00      1.04991e-04      1.00000e+02      6.03309e-10
    1.58587e+00      1.04340e-04      1.00000e+02      5.92549e-10
    1.60205e+00      1.03686e-04      1.00000e+02      5.81899e-10
    1.61839e+00      1.03029e-04      1.00000e+02      5.71268e-10
    1.63490e+00      1.02375e-04      1.00000e+02      5.61045e-10
    1.65158e+00      1.01715e-04      1.00000e+02      5.50718e-10
    1.66843e+00      1.01058e-04      1.00000e+02      5.40758e-10
    1.68545e+00      1.00398e-04      1.00000e+02      5.30832e-10
    1.70264e+00      9.97362e-05      1.00000e+02      5.21045e-10
    1.72001e+00      9.90757e-05      1.00000e+02      5.11493e-10
    1.73756e+00      9.84099e-05      1.00000e+02      5.01904e-10
    1.75528e+00      9.77492e-05      1.00000e+02      4.92704e-10
    1.77319e+00      9.70817e-05      1.00000e+02      4.83411e-10
    1.79128e+00      9.64188e-05      1.00000e+02      4.74464e-10
    1.80955e+00      9.57510e-05      1.00000e+02      4.65501e-10
    1.82801e+00      9.50850e-05      1.00000e+02      4.56767e-10
    1.84666e+00      9.44168e-05      1.00000e+02      4.48115e-10
    1.86550e+00      9.37483e-05      1.00000e+02      4.39607e-10
    1.88453e+00      9.30796e-05      1.00000e+02      4.31246e-10
    1.90375e+00      9.24092e-05      1.00000e+02      4.22973e-10
    1.92318e+00      9.17397e-05      1.00000e+02      4.14886e-10
    1.94279e+00      9.10680e-05      1.00000e+02      4.06854e-10
    1.96261e+00      9.03987e-05      1.00000e+02      3.99027e-10
    1.98264e+00      8.97265e-05      1.00000e+02      3.91241e-10
    2.00286e+00      8.90564e-05      1.00000e+02      3.83657e-10
    2.02329e+00      8.83835e-05      1.00000e+02      3.76119e-10
    2.04393e+00      8.77124e-05      1.00000e+02      3.68764e-10
    2.06479e+00      8.70392e-05      1.00000e+02      3.61473e-10
    2.08585e+00      8.63671e-05      1.00000e+02      3.54335e-10
    2.10713e+00      8.56940e-05      1.00000e+02      3.47290e-10
    2.12862e+00      8.50207e-05      1.00000e+02      3.40358e-10
    2.15034e+00      8.43484e-05      1.00000e+02      3.33557e-10
    2.17228e+00      8.36744e-05      1.00000e+02      3.26818e-10
    2.19444e+00      8.30041e-05      1.00000e+02      3.20260e-10
    2.21682e+00      8.23302e-05      1.00000e+02      3.13708e-10
    2.23944e+00      8.16614e-05      1.00000e+02      3.07386e-10
    2.26228e+00      8.09885e-05      1.00000e+02      3.01067e-10
    2.28536e+00      8.03185e-05      1.00000e+02      2.94918e-10
    2.30868e+00      7.96474e-05      1.00000e+02      2.88837e-10
    2.33223e+00      7.89759e-05      1.00000e+02      2.82844e-10
    2.35602e+00      7.83075e-05      1.00000e+02      2.76995e-10
    2.38006e+00      7.76365e-05      1.00000e+02      2.71173e-10
    2.40434e+00      7.69700e-05      1.00000e+02      2.65529e-10
    2.42887e+00      7.63017e-05      1.00000e+02      2.59934e-10
    2.45364e+00      7.56331e-05      1.00000e+02      2.54423e-10
    2.47868e+00      7.49677e-05      1.00000e+02      2.49048e-10
    2.50396e+00      7.43006e-05      1.00000e+02      2.43714e-10
    2.52951e+00      7.36369e-05      1.00000e+02      2.38506e-10
    2.55531e+00      7.29744e-05      1.00000e+02      2.33387e-10
    2.58138e+00      7.23107e-05      1.00000e+02      2.28315e-10
    2.60771e+00      7.16514e-05      1.00000e+02      2.23383e-10
    2.63432e+00      7.09922e-05      1.00000e+02      2.18518e-10
    2.66119e+00      7.03323e-05      1.00000e+02      2.13706e-10
    2.68834e+00      6.96767e-05      1.00000e+02      2.09025e-10
    2.71577e+00      6.90212e-05      1.00000e+02      2.04411e-10
    2.74347e+00      6.83654e-05      1.00000e+02      1.99852e-10
    2.77146e+00      6.77128e-05      1.00000e+02      1.95403e-10
    2.79973e+00      6.70615e-05      1.00000e+02      1.91033e-10
    2.82830e+00      6.64106e-05      1.00000e+02      1.86720e-10
    2.85715e+00      6.57617e-05      1.00000e+02      1.82483e-10
    2.88630e+00      6.51168e-05      1.00000e+02      1.78351e-10
    2.91574e+00      6.44723e-05      1.00000e+02      1.74277e-10
    2.94549e+00      6.38286e-05      1.00000e+02      1.70262e-10
    2.97554e+00      6.31882e-05      1.00000e+02      1.66333e-10
    3.00589e+00      6.25507e-05      1.00000e+02      1.62488e-10
    3.03656e+00      6.19145e-05      1.00000e+02      1.58702e-10
    3.06753e+00      6.12796e-05      1.00000e+02      1.54976e-10
    3.09883e+00      6.06466e-05      1.00000e+02      1.51319e-10
    3.13044e+00      6.00179e-05      1.00000e+02      1.47750e-10
    3.16238e+00      5.93914e-05      1.00000e+02      1.44241e-10
    3.19464e+00      5.87670e-05      1.00000e+02      1.40791e-10
    3.22723e+00      5.81444e-05      1.00000e+02      1.37401e-10
    3.26015e+00      5.75238e-05      1.00000e+02      1.34073e-10
    3.29341e+00      5.69078e-05      1.00000e+02      1.30827e-10
    3.32701e+00      5.62938e-05      1.00000e+02      1.27637e-10
    3.36095e+00      5.56818e-05      1.00000e+02      1.24504e-10
    3.39524e+00      5.50724e-05      1.00000e+02      1.21429e-10
    3.42988e+00      5.44663e-05      1.00000e+02      1.18412e-10
    3.46487e+00      5.38636e-05      1.00000e+02      1.15452e-10
    3.50022e+00      5.32643e-05      1.00000e+02      1.12555e-10
    3.53592e+00      5.26687e-05      1.00000e+02      1.09720e-10
    3.57200e+00      5.20756e-05      1.00000e+02      1.06938e-10
    3.60844e+00      5.14855e-05      1.00000e+02      1.04210e-10
    3.64525e+00      5.08990e-05      1.00000e+02      1.01537e-10
    3.68244e+00      5.03161e-05      1.00000e+02      9.89156e-11
    3.72000e+00      4.97364e-05      1.00000e+02      9.63472e-11
    3.75796e+00      4.91598e-05      1.00000e+02      9.38302e-11
    3.79629e+00      4.85866e-05      1.00000e+02      9.13638e-11
    3.83502e+00      4.80175e-05      1.00000e+02      8.89485e-11
    3.87415e+00      4.74525e-05      1.00000e+02      8.65834e-11
    3.91367e+00      4.68913e-05      1.00000e+02      8.42669e-11
    3.95360e+00      4.63341e-05      1.00000e+02      8.19990e-11
    3.99393e+00      4.57810e-05      1.00000e+02      7.97789e-11
    4.03467e+00      4.52318e-05      1.00000e+02      7.76055e-11
    4.07584e+00      4.46863e-05      1.00000e+02      7.54779e-11
    4.11742e+00      4.41449e-05      1.00000e+02      7.33955e-11
    4.15942e+00      4.36076e-05      1.00000e+02      7.13578e-11
    4.20185e+00      4.30745e-05      1.00000e+02      6.93636e-11
    4.24472e+00      4.25456e-05      1.00000e+02      6.74122e-11
    4.28803e+00      4.20217e-05      1.00000e+02      6.55038e-11
    4.33177e+00      4.15023e-05      1.00000e+02      6.36365e-11
    4.37596e+00      4.09874e-05      1.00000e+02      6.18098e-11
    4.42061e+00      4.04769e-05      1.00000e+02      6.00231e-11
    4.46570e+00      3.99708e-05      1.00000e+02      5.82755e-11
    4.51126e+00      3.94699e-05      1.00000e+02      5.65716e-11
    4.55728e+00      3.89729e-05      1.00000e+02      5.49052e-11
    4.60378e+00      3.84812e-05      1.00000e+02      5.32760e-11
    4.65074e+00      3.79950e-05      1.00000e+02      5.16836e-11
    4.69819e+00      3.75134e-05      1.00000e+02      5.01267e-11
    4.74612e+00      3.70361e-05      1.00000e+02      4.86041e-11
    4.79454e+00      3.65645e-05      1.00000e+02      4.71218e-11
    4.84345e+00      3.60978e-05      1.00000e+02      4.56737e-11
    4.89286e+00      3.56355e-05      1.00000e+02      4.42578e-11
    4.94278e+00      3.51783e-05      1.00000e+02      4.28737e-11
    4.99321e+00      3.47275e-05      1.00000e+02      4.15257e-11
    5.04415e+00      3.42824e-05      1.00000e+02      4.02117e-11
    5.09561e+00      3.38419e-05      1.00000e+02      3.89273e-11
    5.14759e+00      3.34059e-05      1.00000e+02      3.76720e-11
    5.20010e+00      3.29762e-05      1.00000e+02      3.64522e-11
    5.25316e+00      3.25519e-05      1.00000e+02      3.52612e-11
    5.30675e+00      3.21326e-05      1.00000e+02      3.40976e-11
    5.36089e+00      3.17192e-05      1.00000e+02      3.29665e-11
    5.41558e+00      3.13108e-05      1.00000e+02      3.18627e-11
    5.47083e+00      3.09079e-05      1.00000e+02      3.07852e-11
    5.52664e+00      3.05119e-05      1.00000e+02      2.97395e-11
    5.58302e+00      3.01206e-05      1.00000e+02      2.87179e-11
    5.63998e+00      2.97355e-05      1.00000e+02      2.77244e-11
    5.69752e+00      2.93561e-05      1.00000e+02      2.67571e-11
    5.75564e+00      2.89819e-05      1.00000e+02      2.58141e-11
    5.81436e+00      2.86139e-05      1.00000e+02      2.48984e-11
    5.87368e+00      2.82510e-05      1.00000e+02      2.40050e-11
    5.93360e+00      2.78943e-05      1.00000e+02      2.31382e-11
    5.99413e+00      2.75435e-05      1.00000e+02      2.22933e-11
    6.05528e+00      2.71991e-05      1.00000e+02      2.14741e-11
    6.11706e+00      2.68602e-05      1.00000e+02      2.06756e-11
    6.17946e+00      2.65276e-05      1.00000e+02      1.99015e-11
    6.24251e+00      2.62002e-05      1.00000e+02      1.91481e-11
    6.30619e+00      2.58782e-05      1.00000e+02      1.84161e-11
    6.37053e+00      2.55629e-05      1.00000e+02      1.77064e-11
    6.43552e+00      2.52534e-05      1.00000e+02      1.70160e-11
    6.50117e+00      2.49503e-05      1.00000e+02      1.63476e-11
    6.56750e+00      2.46530e-05      1.00000e+02      1.56986e-11
    6.63450e+00      2.43610e-05      1.00000e+02      1.50679e-11
    6.70218e+00      2.40746e-05      1.00000e+02      1.44576e-11
    6.77056e+00      2.37947e-05      1.00000e+02      1.38657e-11
    6.83963e+00      2.35212e-05      1.00000e+02      1.32919e-11
    6.90941e+00      2.32535e-05      1.00000e+02      1.27364e-11
    6.97990e+00      2.29912e-05      1.00000e+02      1.21984e-11
    7.05110e+00      2.27346e-05      1.00000e+02      1.16774e-11
    7.12304e+00      2.24839e-05      1.00000e+02      1.11727e-11
    7.19571e+00      2.22394e-05      1.00000e+02      1.06847e-11
    7.26912e+00      2.20005e-05      1.00000e+02      1.02132e-11
    7.34328e+00      2.17674e-05      1.00000e+02      9.75730e-12
    7.41819e+00      2.15402e-05      1.00000e+02      9.31674e-12
    7.49387e+00      2.13186e-05      1.00000e+02      8.89088e-12
    7.57032e+00      2.11027e-05      1.00000e+02      8.47983e-12
    7.64755e+00      2.08926e-05      1.00000e+02      8.08296e-12
    7.72557e+00      2.06880e-05      1.00000e+02      7.70010e-12
    7.80439e+00      2.04889e-05      1.00000e+02      7.33086e-12
    7.88401e+00      2.02950e-05      1.00000e+02      6.97473e-12
    7.96444e+00      2.01072e-05      1.00000e+02      6.63201e-12
    8.04569e+00      1.99246e-05      1.00000e+02      6.30180e-12
    8.12777e+00      1.97477e-05      1.00000e+02      5.98406e-12
    8.21069e+00      1.95761e-05      1.00000e+02      5.67843e-12
    8.29446e+00      1.94095e-05      1.00000e+02      5.38434e-12
    8.37908e+00      1.92480e-05      1.00000e+02      5.10164e-12
    8.46456e+00      1.90917e-05      1.00000e+02      4.83013e-12
    8.55092e+00      1.89407e-05      1.00000e+02      4.56933e-12
    8.63815e+00      1.87951e-05      1.00000e+02      4.31948e-12
    8.72628e+00      1.86540e-05      1.00000e+02      4.07961e-12
    8.81530e+00      1.85171e-05      1.00000e+02      3.84959e-12
    8.90523e+00      1.83862e-05      1.00000e+02      3.62973e-12
    8.99608e+00      1.82599e-05      1.00000e+02      3.41923e-12
    9.08786e+00      1.81376e-05      1.00000e+02      3.21743e-12
    9.18058e+00      1.80203e-05      1.00000e+02      3.02507e-12
    9.27424e+00      1.79074e-05      1.00000e+02      2.84113e-12
    9.36885e+00      1.77991e-05      1.00000e+02      2.66564e-12
    9.46443e+00      1.76950e-05      1.00000e+02      2.49830e-12
    9.56099e+00      1.75952e-05      1.00000e+02      2.33878e-12
    9.65853e+00      1.74996e-05      1.00000e+02      2.18709e-12
    9.75706e+00      1.74079e-05      1.00000e+02      2.04259e-12
    9.85660e+00      1.73204e-05      1.00000e+02      1.90545e-12
    9.95716e+00      1.72367e-05      1.00000e+02      1.77510e-12
    1.00587e+01      1.71567e-05      1.00000e+02      1.65157e-12
    1.01614e+01      1.70803e-05      1.00000e+02      1.53431e-12
    1.02650e+01      1.70077e-05      1.00000e+02      1.42362e-12
    1.03697e+01      1.69383e-05      1.00000e+02      1.31857e-12
    1.04755e+01      1.68726e-05      1.00000e+02      1.21981e-12
    1.05824e+01      1.68100e-05      1.00000e+02      1.12636e-12
    1.06904e+01      1.67505e-05      1.00000e+02      1.03835e-12
    1.07994e+01      1.66940e-05      1.00000e+02      9.55597e-13
    1.09096e+01      1.66406e-05      1.00000e+02      8.77766e-13
    1.10209e+01      1.65903e-05      1.00000e+02      8.05020e-13
    1.11333e+01      1.65420e-05      1.00000e+02      7.36304e-13
    1.12469e+01      1.64968e-05      1.00000e+02      6.72469e-13
    1.13617e+01      1.64543e-05      1.00000e+02      6.12863e-13
    1.14776e+01      1.64139e-05      1.00000e+02      5.57083e-13
    1.15947e+01      1.63759e-05      1.00000e+02      5.05345e-13
    1.17130e+01      1.63400e-05      1.00000e+02      4.57179e-13
    1.18325e+01      1.63063e-05      1.00000e+02      4.12625e-13
    1.19532e+01      1.62745e-05      1.00000e+02      3.71334e-13
    1.20751e+01      1.62446e-05      1.00000e+02      3.33321e-13
    1.21983e+01      1.62164e-05      1.00000e+02      2.98226e-13
    1.23228e+01      1.61899e-05      1.00000e+02      2.66102e-13
    1.24485e+01      1.61649e-05      1.00000e+02      2.36542e-13
    1.25755e+01      1.61415e-05      1.00000e+02      2.09695e-13
    1.27038e+01      1.61193e-05      1.00000e+02      1.85170e-13
    1.28334e+01      1.60985e-05      1.00000e+02      1.62953e-13
    1.29643e+01      1.60787e-05      1.00000e+02      1.42844e-13
    1.30966e+01      1.60600e-05      1.00000e+02      1.24720e-13
    1.32302e+01      1.60423e-05      1.00000e+02      1.08440e-13
    1.33651e+01      1.60255e-05      1.00000e+02      9.39500e-14
    1.35015e+01      1.60094e-05      1.00000e+02      8.09340e-14
    1.36392e+01      1.59942e-05      1.00000e+02      6.95433e-14
    1.37784e+01      1.59795e-05      1.00000e+02      5.93978e-14
    1.39189e+01      1.59655e-05      1.00000e+02      5.05603e-14
    1.40609e+01      1.59517e-05      1.00000e+02      4.28237e-14
    1.42044e+01      1.59385e-05      1.00000e+02      3.61673e-14
    1.43493e+01      1.59257e-05      1.00000e+02      3.03751e-14
    1.44957e+01      1.59132e-05      1.00000e+02      2.54471e-14
    1.46436e+01      1.59011e-05      1.00000e+02      2.12758e-14
    1.47930e+01      1.58890e-05      1.00000e+02      1.76954e-14
    1.49439e+01      1.58772e-05      1.00000e+02      1.47372e-14
    1.50963e+01      1.58655e-05      1.00000e+02      1.22579e-14
    1.52504e+01      1.58538e-05      1.00000e+02      1.01703e-14
    1.54059e+01      1.58422e-05      1.00000e+02      8.48504e-15
    1.55631e+01      1.58307e-05      1.00000e+02      7.08373e-15
    1.57219e+01      1.58191e-05      1.00000e+02      5.92842e-15
    1.58823e+01      1.58076e-05      1.00000e+02      5.00252e-15
    1.60443e+01      1.57961e-05      1.00000e+02      4.22928e-15
    1.62080e+01      1.57846e-05      1.00000e+02      3.61254e-15
    1.63733e+01      1.57729e-05      1.00000e+02      3.10046e-15
    1.65404e+01      1.57613e-05      1.00000e+02      2.68559e-15
    1.67091e+01      1.57495e-05      1.00000e+02      2.34086e-15
    1.68796e+01      1.57377e-05      1.00000e+02      2.06011e-15
    1.70518e+01      1.57258e-05      1.00000e+02      1.82483e-15
    1.72258e+01      1.57138e-05      1.00000e+02      1.62819e-15
    1.74015e+01      1.57017e-05      1.00000e+02      1.46192e-15
    1.75790e+01      1.56895e-05      1.00000e+02      1.32020e-15
    1.77584e+01      1.56773e-05      1.00000e+02      1.19818e-15
    1.79395e+01      1.56650e-05      1.00000e+02      1.09179e-15
    1.81226e+01      1.56525e-05      1.00000e+02      9.97912e-16
    1.83075e+01      1.56400e-05      1.00000e+02      9.14144e-16
    1.84942e+01      1.56274e-05      1.00000e+02      8.38605e-16
    1.86829e+01      1.56147e-05      1.00000e+02      7.70019e-16
    1.88735e+01      1.56018e-05      1.00000e+02      7.07449e-16
    1.90661e+01      1.55889e-05      1.00000e+02      6.49717e-16
    1.92606e+01      1.55758e-05      1.00000e+02      5.96169e-16
    1.94571e+01      1.55627e-05      1.00000e+02      5.46306e-16
    1.96556e+01      1.55494e-05      1.00000e+02      4.99986e-16
    1.98561e+01      1.55360e-05      1.00000e+02      4.56639e-16
    2.00587e+01      1.55225e-05      1.00000e+02      4.16052e-16
    2.02633e+01      1.55089e-05      1.00000e+02      3.77894e-16
    2.04700e+01      1.54953e-05      1.00000e+02      3.42118e-16
    2.06789e+01      1.54814e-05      1.00000e+02      3.08672e-16
    2.08898e+01      1.54675e-05      1.00000e+02      2.77806e-16
    2.11029e+01      1.54535e-05      1.00000e+02      2.49204e-16
    2.13182e+01      1.54393e-05      1.00000e+02      2.22607e-16
    2.15357e+01      1.54250e-05      1.00000e+02      1.97981e-16
    2.17554e+01      1.54106e-05      1.00000e+02      1.75270e-16
    2.19774e+01      1.53960e-05      1.00000e+02      1.54309e-16
    2.22016e+01      1.53814e-05      1.00000e+02      1.34966e-16
    2.24281e+01      1.53666e-05      1.00000e+02      1.17566e-16
    2.26569e+01      1.53517e-05      1.00000e+02      1.01832e-16
    2.28880e+01      1.53367e-05      1.00000e+02      8.75469e-17
    2.31215e+01      1.53215e-05      1.00000e+02      7.45915e-17
    2.33574e+01      1.53062e-05      1.00000e+02      6.29417e-17
    2.35957e+01      1.52908e-05      1.00000e+02      5.26435e-17
    2.38364e+01      1.52752e-05      1.00000e+02      4.36199e-17
    2.40796e+01      1.52595e-05      1.00000e+02      3.55885e-17
    2.43253e+01      1.52436e-05      1.00000e+02      2.86249e-17
    2.45735e+01      1.52277e-05      1.00000e+02      2.27205e-17
    2.48242e+01      1.52116e-05      1.00000e+02      1.76046e-17
    2.50774e+01      1.51954e-05      1.00000e+02      1.33801e-17
    2.53332e+01      1.51790e-05      1.00000e+02      9.90491e-18
    2.55917e+01      1.51625e-05      1.00000e+02      7.09827e-18
    2.58528e+01      1.51459e-05      1.00000e+02      4.90939e-18
    2.61165e+01      1.51291e-05      1.00000e+02      3.29436e-18
    2.63830e+01      1.51121e-05      1.00000e+02      2.14137e-18
    2.66521e+01      1.50951e-05      1.00000e+02      1.44087e-18
    2.69240e+01      1.50779e-05      1.00000e+02      1.14357e-18
    2.71987e+01      1.50605e-05      1.00000e+02      9.47170e-19
    2.74762e+01      1.50430e-05      1.00000e+02      7.71607e-19
    2.77565e+01      1.50253e-05      1.00000e+02      6.16180e-19
    2.80397e+01      1.50075e-05      1.00000e+02      4.80196e-19
    2.83257e+01      1.49895e-05      1.00000e+02      3.62971e-19
    2.86147e+01      1.49713e-05      1.00000e+02      2.63725e-19
    2.89067e+01      1.49530e-05      1.00000e+02      1.81458e-19
    2.92016e+01      1.49345e-05      1.00000e+02      1.15533e-19
    2.94995e+01      1.49159e-05      1.00000e+02      6.53827e-20
    2.98004e+01      1.48972e-05      1.00000e+02      2.98269e-20
    3.01045e+01      1.48783e-05      1.00000e+02      8.27911e-21
    3.04116e+01      1.48592e-05      1.00000e+02      1.17671e-22
    3.07218e+01      1.48400e-05      1.00000e+02      -1.90834e-190
    3.10353e+01      1.48206e-05      1.00000e+02      -1.88711e-190
    3.13519e+01      1.48011e-05      1.00000e+02      -1.86609e-190
    3.16717e+01      1.47815e-05      1.00000e+02      -1.84528e-190
    3.19948e+01      1.47617e-05      1.00000e+02      -1.82466e-190
    3.23213e+01      1.47417e-05      1.00000e+02      -1.80425e-190
    3.26510e+01      1.47216e-05      1.00000e+02      -1.78404e-190
    3.29841e+01      1.47013e-05      1.00000e+02      -1.76402e-190
    3.33206e+01      1.46809e-05      1.00000e+02      -1.74420e-190
    3.36605e+01      1.46603e-05      1.00000e+02      -1.72457e-190
    3.40040e+01      1.46394e-05      1.00000e+02      -1.70513e-190
    3.43509e+01      1.46184e-05      1.00000e+02      -1.68588e-190
    3.47013e+01      1.45972e-05      1.00000e+02      -1.66682e-190
    3.50553e+01      1.45758e-05      1.00000e+02      -1.64795e-190
    3.54130e+01      1.45542e-05      1.00000e+02      -1.62926e-190
    3.57743e+01      1.45324e-05      1.00000e+02      -1.61076e-190
    3.61392e+01      1.45105e-05      1.00000e+02      -1.59244e-190
    3.65079e+01      1.44884e-05      1.00000e+02      -1.57429e-190
    3.68804e+01      1.44661e-05      1.00000e+02      -1.55633e-190
    3.72566e+01      1.44436e-05      1.00000e+02      -1.53854e-190
    3.76367e+01      1.44210e-05      1.00000e+02      -1.52092e-190
    3.80207e+01      1.43982e-05      1.00000e+02      -1.50348e-190
    3.84086e+01      1.43752e-05      1.00000e+02      -1.48621e-190
    3.88004e+01      1.43520e-05      1.00000e+02      -1.46911e-190
    3.91963e+01      1.43287e-05      1.00000e+02      -1.45218e-190
    3.95961e+01      1.43052e-05      1.00000e+02      -1.43542e-190
    4.00001e+01      1.42816e-05      1.00000e+02      -1.41882e-190
