    Er (keV)         SM dN/dE         BG dN/dE        BSM dN/dE (events/kg/day/keV)
    1.01000e-02      2.47699e+02      5.00000e+00      7.51694e-01
    1.02614e-02      2.47060e+02      5.00000e+00      7.48174e-01
    1.04254e-02      2.46409e+02      5.00000e+00      7.44598e-01
    1.05921e-02      2.45749e+02      5.00000e+00      7.40964e-01
    1.07615e-02      2.45077e+02      5.00000e+00      7.37271e-01
    1.09336e-02      2.44395e+02      5.00000e+00      7.33518e-01
    1.11084e-02      2.43702e+02      5.00000e+00      7.29705e-01
    1.12861e-02      2.42998e+02      5.00000e+00      7.25831e-01
    1.14667e-02      2.42282e+02      5.00000e+00      7.21893e-01
    1.16502e-02      2.41555e+02      5.00000e+00      7.17893e-01
    1.18366e-02      2.40816e+02      5.00000e+00      7.13827e-01
    1.20261e-02      2.40065e+02      5.00000e+00      7.09696e-01
    1.22186e-02      2.39302e+02      5.00000e+00      7.05499e-01
    1.24142e-02      2.38526e+02      5.00000e+00      7.01234e-01
    1.26129e-02      2.37738e+02      5.00000e+00      6.96899e-01
    1.28149e-02      2.36938e+02      5.00000e+00      6.92495e-01
    1.30202e-02      2.36124e+02      5.00000e+00      6.88020e-01
    1.32287e-02      2.35298e+02      5.00000e+00      6.83472e-01
    1.34406e-02      2.34458e+02      5.00000e+00      6.78852e-01
    1.36560e-02      2.33604e+02      5.00000e+00      6.74156e-01
    1.38748e-02      2.32737e+02      5.00000e+00      6.69385e-01
    1.40971e-02      2.31855e+02      5.00000e+00      6.64537e-01
    1.43231e-02      2.30960e+02      5.00000e+00      6.59610e-01
    1.45527e-02      2.30050e+02      5.00000e+00      6.54604e-01
    1.47859e-02      2.29125e+02      5.00000e+00      6.49517e-01
    1.50230e-02      2.28185e+02      5.00000e+00      6.44348e-01
    1.52639e-02      2.27230e+02      5.00000e+00      6.39096e-01
    1.55086e-02      2.26260e+02      5.00000e+00      6.33759e-01
    1.57574e-02      2.25274e+02      5.00000e+00      6.28335e-01
    1.60101e-02      2.24273e+02      5.00000e+00      6.22824e-01
    1.62669e-02      2.23255e+02      5.00000e+00      6.17224e-01
    1.65279e-02      2.22220e+02      5.00000e+00      6.11534e-01
    1.67931e-02      2.21169e+02      5.00000e+00      6.05752e-01
    1.70625e-02      2.20101e+02      5.00000e+00      5.99877e-01
    1.73363e-02      2.19016e+02      5.00000e+00      5.93906e-01
    1.76145e-02      2.17913e+02      5.00000e+00      5.87840e-01
    1.78972e-02      2.16792e+02      5.00000e+00      5.81675e-01
    1.81845e-02      2.15653e+02      5.00000e+00      5.75411e-01
    1.84764e-02      2.14496e+02      5.00000e+00      5.69046e-01
    1.87731e-02      2.13321e+02      5.00000e+00      5.62578e-01
    1.90745e-02      2.12126e+02      5.00000e+00      5.56006e-01
    1.93808e-02      2.10912e+02      5.00000e+00      5.49327e-01
    1.96920e-02      2.09678e+02      5.00000e+00      5.42541e-01
    2.00082e-02      2.08425e+02      5.00000e+00      5.35645e-01
    2.03296e-02      2.07151e+02      5.00000e+00      5.28638e-01
    2.06561e-02      2.05856e+02      5.00000e+00      5.21518e-01
    2.09879e-02      2.04541e+02      5.00000e+00      5.14283e-01
    2.13251e-02      2.03205e+02      5.00000e+00      5.06931e-01
    2.16677e-02      2.01847e+02      5.00000e+00      4.99461e-01
    2.20158e-02      2.00467e+02      5.00000e+00      4.91870e-01
    2.23696e-02      1.99064e+02      5.00000e+00      4.84156e-01
    2.27291e-02      1.97640e+02      5.00000e+00      4.76318e-01
    2.30943e-02      1.96192e+02      5.00000e+00      4.68353e-01
    2.34655e-02      1.94720e+02      5.00000e+00      4.60260e-01
    2.38426e-02      1.93225e+02      5.00000e+00      4.52036e-01
    2.42259e-02      1.91706e+02      5.00000e+00      4.43679e-01
    2.46153e-02      1.90163e+02      5.00000e+00      4.35188e-01
    2.50110e-02      1.88594e+02      5.00000e+00      4.26559e-01
    2.54131e-02      1.87000e+02      5.00000e+00      4.17791e-01
    2.58217e-02      1.85381e+02      5.00000e+00      4.08882e-01
    2.62369e-02      1.83735e+02      5.00000e+00      3.99828e-01
    2.66588e-02      1.82062e+02      5.00000e+00      3.90629e-01
    2.70875e-02      1.80363e+02      5.00000e+00      3.81281e-01
    2.75231e-02      1.78636e+02      5.00000e+00      3.71783e-01
    2.79658e-02      1.76882e+02      5.00000e+00      3.62130e-01
    2.84156e-02      1.75099e+02      5.00000e+00      3.52323e-01
    2.88727e-02      1.73287e+02      5.00000e+00      3.42356e-01
    2.93371e-02      1.71446e+02      5.00000e+00      3.32229e-01
    2.98090e-02      1.69575e+02      5.00000e+00      3.21939e-01
    3.02886e-02      1.67675e+02      5.00000e+00      3.11482e-01
    3.07759e-02      1.65743e+02      5.00000e+00      3.00857e-01
    3.12710e-02      1.63780e+02      5.00000e+00      2.90060e-01
    3.17742e-02      1.61786e+02      5.00000e+00      2.79089e-01
    3.22855e-02      1.59759e+02      5.00000e+00      2.67940e-01
    3.28050e-02      1.57700e+02      5.00000e+00      2.56612e-01
    3.33329e-02      1.55607e+02      5.00000e+00      2.45101e-01
    3.38693e-02      1.53481e+02      5.00000e+00      2.33404e-01
    3.44144e-02      1.51320e+02      5.00000e+00      2.21518e-01
    3.49683e-02      1.49125e+02      5.00000e+00      2.09441e-01
    3.55311e-02      1.46894e+02      5.00000e+00      1.97168e-01
    3.61031e-02      1.44627e+02      5.00000e+00      1.84698e-01
    3.66842e-02      1.42323e+02      5.00000e+00      1.72026e-01
    3.72747e-02      1.39982e+02      5.00000e+00      1.59149e-01
    3.78748e-02      1.37604e+02      5.00000e+00      1.46065e-01
    3.84845e-02      1.35187e+02      5.00000e+00      1.32769e-01
    3.91041e-02      1.32731e+02      5.00000e+00      1.19259e-01
    3.97337e-02      1.30235e+02      5.00000e+00      1.05531e-01
    4.03735e-02      1.27910e+02      5.00000e+00      9.31739e-02
    4.10236e-02      1.27037e+02      5.00000e+00      9.18527e-02
    4.16841e-02      1.26149e+02      5.00000e+00      9.05103e-02
    4.23554e-02      1.25246e+02      5.00000e+00      8.91461e-02
    4.30374e-02      1.24329e+02      5.00000e+00      8.77600e-02
    4.37305e-02      1.23398e+02      5.00000e+00      8.63515e-02
    4.44348e-02      1.22451e+02      5.00000e+00      8.49202e-02
    4.51504e-02      1.21489e+02      5.00000e+00      8.34658e-02
    4.58776e-02      1.20512e+02      5.00000e+00      8.19880e-02
    4.66165e-02      1.19518e+02      5.00000e+00      8.04863e-02
    4.73674e-02      1.18509e+02      5.00000e+00      7.89604e-02
    4.81304e-02      1.17484e+02      5.00000e+00      7.74098e-02
    4.89056e-02      1.16441e+02      5.00000e+00      7.58342e-02
    4.96934e-02      1.15382e+02      5.00000e+00      7.42332e-02
    5.04940e-02      1.14306e+02      5.00000e+00      7.26063e-02
    5.13074e-02      1.13213e+02      5.00000e+00      7.09532e-02
    5.21340e-02      1.12102e+02      5.00000e+00      6.92733e-02
    5.29739e-02      1.10973e+02      5.00000e+00      6.75664e-02
    5.38274e-02      1.09826e+02      5.00000e+00      6.58319e-02
    5.46946e-02      1.08660e+02      5.00000e+00      6.40694e-02
    5.55758e-02      1.07475e+02      5.00000e+00      6.22785e-02
    5.64713e-02      1.06272e+02      5.00000e+00      6.04587e-02
    5.73812e-02      1.05049e+02      5.00000e+00      5.86094e-02
    5.83059e-02      1.03806e+02      5.00000e+00      5.67304e-02
    5.92454e-02      1.02543e+02      5.00000e+00      5.48210e-02
    6.02001e-02      1.01259e+02      5.00000e+00      5.28808e-02
    6.11702e-02      9.99554e+01      5.00000e+00      5.09092e-02
    6.21560e-02      9.86304e+01      5.00000e+00      4.89059e-02
    6.31577e-02      9.72839e+01      5.00000e+00      4.68702e-02
    6.41755e-02      9.59157e+01      5.00000e+00      4.48016e-02
    6.52098e-02      9.45254e+01      5.00000e+00      4.26997e-02
    6.62608e-02      9.31127e+01      5.00000e+00      4.05638e-02
    6.73287e-02      9.16772e+01      5.00000e+00      3.83935e-02
    6.84139e-02      9.02185e+01      5.00000e+00      3.61881e-02
    6.95166e-02      8.87362e+01      5.00000e+00      3.39471e-02
    7.06371e-02      8.72587e+01      5.00000e+00      3.17454e-02
    7.17757e-02      8.63653e+01      5.00000e+00      3.11081e-02
    7.29326e-02      8.54575e+01      5.00000e+00      3.04606e-02
    7.41083e-02      8.45350e+01      5.00000e+00      2.98026e-02
    7.53029e-02      8.35976e+01      5.00000e+00      2.91339e-02
    7.65168e-02      8.26451e+01      5.00000e+00      2.84545e-02
    7.77503e-02      8.16772e+01      5.00000e+00      2.77642e-02
    7.90037e-02      8.06937e+01      5.00000e+00      2.70626e-02
    8.02773e-02      7.96943e+01      5.00000e+00      2.63498e-02
    8.15715e-02      7.86788e+01      5.00000e+00      2.56254e-02
    8.28866e-02      7.76469e+01      5.00000e+00      2.48894e-02
    8.42229e-02      7.65983e+01      5.00000e+00      2.41414e-02
    8.55808e-02      7.55328e+01      5.00000e+00      2.33814e-02
    8.69606e-02      7.44501e+01      5.00000e+00      2.26092e-02
    8.83627e-02      7.33499e+01      5.00000e+00      2.18244e-02
    8.97874e-02      7.22320e+01      5.00000e+00      2.10270e-02
    9.12351e-02      7.10960e+01      5.00000e+00      2.02168e-02
    9.27061e-02      6.99417e+01      5.00000e+00      1.93934e-02
    9.42009e-02      6.87688e+01      5.00000e+00      1.85568e-02
    9.57199e-02      6.75769e+01      5.00000e+00      1.77066e-02
    9.72633e-02      6.63658e+01      5.00000e+00      1.68428e-02
    9.88317e-02      6.51351e+01      5.00000e+00      1.59649e-02
    1.00425e-01      6.38846e+01      5.00000e+00      1.50730e-02
    1.02045e-01      6.29332e+01      5.00000e+00      1.45537e-02
    1.03690e-01      6.20926e+01      5.00000e+00      1.41790e-02
    1.05362e-01      6.12384e+01      5.00000e+00      1.37983e-02
    1.07062e-01      6.03705e+01      5.00000e+00      1.34114e-02
    1.08788e-01      5.94885e+01      5.00000e+00      1.30183e-02
    1.10543e-01      5.85923e+01      5.00000e+00      1.26188e-02
    1.12325e-01      5.76816e+01      5.00000e+00      1.22129e-02
    1.14137e-01      5.67562e+01      5.00000e+00      1.18004e-02
    1.15977e-01      5.58159e+01      5.00000e+00      1.13813e-02
    1.17848e-01      5.48604e+01      5.00000e+00      1.09554e-02
    1.19749e-01      5.38895e+01      5.00000e+00      1.05226e-02
    1.21680e-01      5.29029e+01      5.00000e+00      1.00829e-02
    1.23642e-01      5.19004e+01      5.00000e+00      9.63604e-03
    1.25637e-01      5.08817e+01      5.00000e+00      9.18197e-03
    1.27663e-01      4.98466e+01      5.00000e+00      8.72058e-03
    1.29722e-01      4.87947e+01      5.00000e+00      8.25174e-03
    1.31814e-01      4.78267e+01      5.00000e+00      7.85275e-03
    1.33940e-01      4.70743e+01      5.00000e+00      7.62480e-03
    1.36101e-01      4.63098e+01      5.00000e+00      7.39317e-03
    1.38296e-01      4.55329e+01      5.00000e+00      7.15780e-03
    1.40527e-01      4.47435e+01      5.00000e+00      6.91863e-03
    1.42794e-01      4.39413e+01      5.00000e+00      6.67560e-03
    1.45097e-01      4.31262e+01      5.00000e+00      6.42865e-03
    1.47437e-01      4.22979e+01      5.00000e+00      6.17771e-03
    1.49816e-01      4.14563e+01      5.00000e+00      5.92272e-03
    1.52232e-01      4.06011e+01      5.00000e+00      5.66362e-03
    1.54688e-01      3.97320e+01      5.00000e+00      5.40033e-03
    1.57183e-01      3.88490e+01      5.00000e+00      5.13279e-03
    1.59719e-01      3.79517e+01      5.00000e+00      4.86094e-03
    1.62295e-01      3.71211e+01      5.00000e+00      4.62668e-03
    1.64913e-01      3.64508e+01      5.00000e+00      4.47830e-03
    1.67574e-01      3.57696e+01      5.00000e+00      4.32753e-03
    1.70277e-01      3.50774e+01      5.00000e+00      4.17432e-03
    1.73024e-01      3.43741e+01      5.00000e+00      4.01864e-03
    1.75815e-01      3.36594e+01      5.00000e+00      3.86045e-03
    1.78652e-01      3.29331e+01      5.00000e+00      3.69971e-03
    1.81534e-01      3.21952e+01      5.00000e+00      3.53637e-03
    1.84462e-01      3.14453e+01      5.00000e+00      3.37039e-03
    1.87438e-01      3.06833e+01      5.00000e+00      3.20174e-03
    1.90462e-01      2.99090e+01      5.00000e+00      3.03036e-03
    1.93535e-01      2.92342e+01      5.00000e+00      2.89862e-03
    1.96657e-01      2.86313e+01      5.00000e+00      2.79617e-03
    1.99830e-01      2.80187e+01      5.00000e+00      2.69207e-03
    2.03054e-01      2.73963e+01      5.00000e+00      2.58628e-03
    2.06330e-01      2.67638e+01      5.00000e+00      2.47879e-03
    2.09659e-01      2.61210e+01      5.00000e+00      2.36956e-03
    2.13042e-01      2.54679e+01      5.00000e+00      2.25857e-03
    2.16479e-01      2.48043e+01      5.00000e+00      2.14579e-03
    2.19971e-01      2.41299e+01      5.00000e+00      2.03119e-03
    2.23521e-01      2.35112e+01      5.00000e+00      1.93322e-03
    2.27127e-01      2.29782e+01      5.00000e+00      1.86024e-03
    2.30791e-01      2.24365e+01      5.00000e+00      1.78609e-03
    2.34515e-01      2.18861e+01      5.00000e+00      1.71073e-03
    2.38299e-01      2.13268e+01      5.00000e+00      1.63416e-03
    2.42144e-01      2.07585e+01      5.00000e+00      1.55635e-03
    2.46051e-01      2.01810e+01      5.00000e+00      1.47729e-03
    2.50021e-01      1.95942e+01      5.00000e+00      1.39695e-03
    2.54055e-01      1.90529e+01      5.00000e+00      1.32760e-03
    2.58154e-01      1.85786e+01      5.00000e+00      1.27408e-03
    2.62320e-01      1.80967e+01      5.00000e+00      1.21969e-03
    2.66552e-01      1.76070e+01      5.00000e+00      1.16443e-03
    2.70853e-01      1.71093e+01      5.00000e+00      1.10827e-03
    2.75224e-01      1.66037e+01      5.00000e+00      1.05121e-03
    2.79665e-01      1.60898e+01      5.00000e+00      9.93222e-04
    2.84177e-01      1.56050e+01      5.00000e+00      9.40906e-04
    2.88763e-01      1.51854e+01      5.00000e+00      9.00689e-04
    2.93422e-01      1.47591e+01      5.00000e+00      8.59823e-04
    2.98157e-01      1.43258e+01      5.00000e+00      8.18297e-04
    3.02968e-01      1.38856e+01      5.00000e+00      7.76101e-04
    3.07857e-01      1.34383e+01      5.00000e+00      7.33223e-04
    3.12825e-01      1.29837e+01      5.00000e+00      6.89654e-04
    3.17873e-01      1.26131e+01      5.00000e+00      6.58888e-04
    3.23002e-01      1.22384e+01      5.00000e+00      6.27915e-04
    3.28214e-01      1.18578e+01      5.00000e+00      5.96443e-04
    3.33510e-01      1.14709e+01      5.00000e+00      5.64463e-04
    3.38892e-01      1.10778e+01      5.00000e+00      5.31967e-04
    3.44361e-01      1.06945e+01      5.00000e+00      5.01002e-04
    3.49918e-01      1.03675e+01      5.00000e+00      4.77482e-04
    3.55564e-01      1.00352e+01      5.00000e+00      4.53583e-04
    3.61302e-01      9.69749e+00      5.00000e+00      4.29298e-04
    3.67133e-01      9.35435e+00      5.00000e+00      4.04621e-04
    3.73057e-01      9.00567e+00      5.00000e+00      3.79546e-04
    3.79077e-01      8.71266e+00      5.00000e+00      3.60755e-04
    3.85194e-01      8.42005e+00      5.00000e+00      3.42221e-04
    3.91411e-01      8.12272e+00      5.00000e+00      3.23387e-04
    3.97727e-01      7.82059e+00      5.00000e+00      3.04249e-04
    4.04145e-01      7.51653e+00      5.00000e+00      2.85080e-04
    4.10667e-01      7.26156e+00      5.00000e+00      2.70693e-04
    4.17294e-01      7.00248e+00      5.00000e+00      2.56074e-04
    4.24029e-01      6.73922e+00      5.00000e+00      2.41219e-04
    4.30872e-01      6.47170e+00      5.00000e+00      2.26124e-04
    4.37825e-01      6.22512e+00      5.00000e+00      2.12917e-04
    4.44890e-01      5.99681e+00      5.00000e+00      2.01375e-04
    4.52070e-01      5.76481e+00      5.00000e+00      1.89646e-04
    4.59366e-01      5.52906e+00      5.00000e+00      1.77729e-04
    4.66779e-01      5.30288e+00      5.00000e+00      1.66593e-04
    4.74312e-01      5.10169e+00      5.00000e+00      1.57365e-04
    4.81966e-01      4.89726e+00      5.00000e+00      1.47988e-04
    4.89745e-01      4.68952e+00      5.00000e+00      1.38459e-04
    4.97648e-01      4.49165e+00      5.00000e+00      1.29658e-04
    5.05679e-01      4.31300e+00      5.00000e+00      1.22209e-04
    5.13840e-01      4.13147e+00      5.00000e+00      1.14640e-04
    5.22133e-01      3.94701e+00      5.00000e+00      1.06949e-04
    5.30559e-01      3.77984e+00      5.00000e+00      1.00359e-04
    5.39122e-01      3.62048e+00      5.00000e+00      9.42990e-05
    5.47823e-01      3.45855e+00      5.00000e+00      8.81410e-05
    5.56664e-01      3.29815e+00      5.00000e+00      8.21105e-05
    5.65648e-01      3.15773e+00      5.00000e+00      7.72173e-05
    5.74776e-01      3.01504e+00      5.00000e+00      7.22450e-05
    5.84053e-01      2.87005e+00      5.00000e+00      6.71925e-05
    5.93479e-01      2.74172e+00      5.00000e+00      6.30284e-05
    6.03057e-01      2.61502e+00      5.00000e+00      5.89855e-05
    6.12789e-01      2.48627e+00      5.00000e+00      5.48774e-05
    6.22679e-01      2.36896e+00      5.00000e+00      5.13259e-05
    6.32729e-01      2.25594e+00      5.00000e+00      4.80019e-05
    6.42940e-01      2.14110e+00      5.00000e+00      4.46242e-05
    6.53317e-01      2.03619e+00      5.00000e+00      4.16905e-05
    6.63861e-01      1.93495e+00      5.00000e+00      3.89365e-05
    6.74575e-01      1.83208e+00      5.00000e+00      3.61380e-05
    6.85462e-01      1.73994e+00      5.00000e+00      3.37598e-05
    6.96525e-01      1.64893e+00      5.00000e+00      3.14413e-05
    7.07766e-01      1.55765e+00      5.00000e+00      2.91264e-05
    7.19189e-01      1.47700e+00      5.00000e+00      2.71889e-05
    7.30796e-01      1.39505e+00      5.00000e+00      2.52201e-05
    7.42591e-01      1.31730e+00      5.00000e+00      2.33958e-05
    7.54576e-01      1.24457e+00      5.00000e+00      2.17426e-05
    7.66755e-01      1.17067e+00      5.00000e+00      2.00628e-05
    7.79130e-01      1.10558e+00      5.00000e+00      1.86557e-05
    7.91704e-01      1.03992e+00      5.00000e+00      1.72406e-05
    8.04482e-01      9.78105e-01      5.00000e+00      1.59440e-05
    8.17466e-01      9.19578e-01      5.00000e+00      1.47501e-05
    8.30660e-01      8.61956e-01      5.00000e+00      1.35832e-05
    8.44066e-01      8.10542e-01      5.00000e+00      1.25753e-05
    8.57689e-01      7.58298e-01      5.00000e+00      1.15511e-05
    8.71532e-01      7.10727e-01      5.00000e+00      1.06918e-05
    8.85599e-01      6.62604e-01      5.00000e+00      9.82561e-06
    8.99892e-01      6.19403e-01      5.00000e+00      9.06711e-06
    9.14416e-01      5.76978e-01      5.00000e+00      8.32778e-06
    9.29175e-01      5.37868e-01      5.00000e+00      7.66429e-06
    9.44171e-01      4.99838e-01      5.00000e+00      7.02764e-06
    9.59410e-01      4.64637e-01      5.00000e+00      6.45186e-06
    9.74895e-01      4.30530e-01      5.00000e+00      5.90114e-06
    9.90630e-01      3.99158e-01      5.00000e+00      5.40568e-06
    1.00662e+00      3.68606e-01      5.00000e+00      4.92815e-06
    1.02287e+00      3.40881e-01      5.00000e+00      4.50583e-06
    1.03937e+00      3.13487e-01      5.00000e+00      4.09145e-06
    1.05615e+00      2.89233e-01      5.00000e+00      3.73526e-06
    1.07320e+00      2.65282e-01      5.00000e+00      3.38570e-06
    1.09052e+00      2.43691e-01      5.00000e+00      3.07919e-06
    1.10812e+00      2.23157e-01      5.00000e+00      2.78948e-06
    1.12600e+00      2.04182e-01      5.00000e+00      2.52436e-06
    1.14418e+00      1.86243e-01      5.00000e+00      2.28644e-06
    1.16265e+00      1.68729e-01      5.00000e+00      2.05917e-06
    1.18141e+00      1.53436e-01      5.00000e+00      1.86130e-06
    1.20048e+00      1.38876e-01      5.00000e+00      1.67461e-06
    1.21986e+00      1.25183e-01      5.00000e+00      1.50107e-06
    1.23954e+00      1.12968e-01      5.00000e+00      1.34840e-06
    1.25955e+00      1.01366e-01      5.00000e+00      1.20425e-06
    1.27988e+00      9.06322e-02      5.00000e+00      1.07198e-06
    1.30054e+00      8.10614e-02      5.00000e+00      9.55097e-07
    1.32153e+00      7.20910e-02      5.00000e+00      8.46018e-07
    1.34286e+00      6.37635e-02      5.00000e+00      7.45225e-07
    1.36453e+00      5.65210e-02      5.00000e+00      6.58091e-07
    1.38656e+00      4.97767e-02      5.00000e+00      5.77746e-07
    1.40894e+00      4.35922e-02      5.00000e+00      5.04361e-07
    1.43168e+00      3.81443e-02      5.00000e+00      4.38879e-07
    1.45479e+00      3.33212e-02      5.00000e+00      3.81906e-07
    1.47827e+00      2.89400e-02      5.00000e+00      3.30576e-07
    1.50213e+00      2.49956e-02      5.00000e+00      2.84767e-07
    1.52637e+00      2.14703e-02      5.00000e+00      2.44245e-07
    1.55101e+00      1.84181e-02      5.00000e+00      2.09446e-07
    1.57604e+00      1.57291e-02      5.00000e+00      1.78964e-07
    1.60148e+00      1.33478e-02      5.00000e+00      1.52064e-07
    1.62733e+00      1.12540e-02      5.00000e+00      1.28420e-07
    1.65360e+00      9.43215e-03      5.00000e+00      1.07692e-07
    1.68029e+00      7.86939e-03      5.00000e+00      8.95693e-08
    1.70741e+00      6.52471e-03      5.00000e+00      7.38114e-08
    1.73497e+00      5.40059e-03      5.00000e+00      6.03672e-08
    1.76297e+00      4.46119e-03      5.00000e+00      4.88387e-08
    1.79143e+00      3.68325e-03      5.00000e+00      3.90103e-08
    1.82034e+00      3.01329e-03      5.00000e+00      3.07573e-08
    1.84972e+00      2.51822e-03      5.00000e+00      2.39688e-08
    1.87958e+00      2.11659e-03      5.00000e+00      1.85123e-08
    1.90992e+00      1.78765e-03      5.00000e+00      1.42517e-08
    1.94074e+00      1.52520e-03      5.00000e+00      1.10367e-08
    1.97207e+00      1.31188e-03      5.00000e+00      8.65395e-09
    2.00390e+00      1.14841e-03      5.00000e+00      6.90861e-09
    2.03624e+00      1.00694e-03      5.00000e+00      5.58576e-09
    2.06911e+00      8.84259e-04      5.00000e+00      4.55759e-09
    2.10251e+00      7.82542e-04      5.00000e+00      3.72138e-09
    2.13644e+00      6.97501e-04      5.00000e+00      3.01866e-09
    2.17093e+00      6.26770e-04      5.00000e+00      2.41959e-09
    2.20597e+00      5.68502e-04      5.00000e+00      1.91668e-09
    2.24158e+00      5.20989e-04      5.00000e+00      1.50074e-09
    2.27776e+00      4.82605e-04      5.00000e+00      1.16168e-09
    2.31452e+00      4.52171e-04      5.00000e+00      8.92586e-10
    2.35188e+00      4.28547e-04      5.00000e+00      6.87448e-10
    2.38984e+00      4.09555e-04      5.00000e+00      5.25971e-10
    2.42842e+00      3.94382e-04      5.00000e+00      4.00811e-10
    2.46761e+00      3.82421e-04      5.00000e+00      3.07389e-10
    2.50744e+00      3.73080e-04      5.00000e+00      2.37824e-10
    2.54792e+00      3.65527e-04      5.00000e+00      1.82510e-10
    2.58904e+00      3.59572e-04      5.00000e+00      1.38644e-10
    2.63083e+00      3.55002e-04      5.00000e+00      1.04068e-10
    2.67329e+00      3.51454e-04      5.00000e+00      7.51300e-11
    2.71644e+00      3.48938e-04      5.00000e+00      5.20247e-11
    2.76029e+00      3.47175e-04      5.00000e+00      3.36517e-11
    2.80484e+00      3.46052e-04      5.00000e+00      2.00318e-11
    2.85012e+00      3.45398e-04      5.00000e+00      1.06272e-11
    2.89612e+00      3.45053e-04      5.00000e+00      4.96131e-12
    2.94287e+00      3.44887e-04      5.00000e+00      1.87630e-12
    2.99037e+00      3.44814e-04      5.00000e+00      5.20113e-13
    3.03864e+00      3.44780e-04      5.00000e+00      9.47333e-15
    3.08768e+00      3.44752e-04      5.00000e+00      -5.76336e-192
    3.13752e+00      3.44724e-04      5.00000e+00      -7.40419e-192
    3.18817e+00      3.44695e-04      5.00000e+00      -8.97537e-192
    3.23963e+00      3.44668e-04      5.00000e+00      -1.04742e-191
    3.29192e+00      3.44639e-04      5.00000e+00      -1.19099e-191
    3.34505e+00      3.44610e-04      5.00000e+00      -1.32832e-191
    3.39905e+00      3.44581e-04      5.00000e+00      -1.45921e-191
    3.45391e+00      3.44549e-04      5.00000e+00      -1.58401e-191
    3.50966e+00      3.44519e-04      5.00000e+00      -1.70309e-191
    3.56631e+00      3.44490e-04      5.00000e+00      -1.81657e-191
    3.62388e+00      3.44458e-04      5.00000e+00      -1.92461e-191
    3.68237e+00      3.44426e-04      5.00000e+00      -2.02736e-191
    3.74181e+00      3.44392e-04      5.00000e+00      -2.12497e-191
    3.80220e+00      3.44361e-04      5.00000e+00      -2.21761e-191
    3.86358e+00      3.44328e-04      5.00000e+00      -2.30543e-191
    3.92594e+00      3.44294e-04      5.00000e+00      -2.38859e-191
    3.98931e+00      3.44262e-04      5.00000e+00      -2.46725e-191
    4.05370e+00      3.44226e-04      5.00000e+00      -2.54158e-191
    4.11913e+00      3.44192e-04      5.00000e+00      -2.61172e-191
    4.18562e+00      3.44156e-04      5.00000e+00      -2.67782e-191
    4.25318e+00      3.44121e-04      5.00000e+00      -2.73996e-191
    4.32183e+00      3.44084e-04      5.00000e+00      -2.79819e-191
    4.39159e+00      3.44049e-04      5.00000e+00      -2.85281e-191
    4.46248e+00      3.44010e-04      5.00000e+00      -2.90396e-191
    4.53451e+00      3.43973e-04      5.00000e+00      -2.95150e-191
    4.60770e+00      3.43934e-04      5.00000e+00      -2.99582e-191
    4.68208e+00      3.43895e-04      5.00000e+00      -3.03691e-191
    4.75765e+00      3.43856e-04      5.00000e+00      -3.07489e-191
    4.83444e+00      3.43815e-04      5.00000e+00      -3.10989e-191
    4.91248e+00      3.43775e-04      5.00000e+00      -3.14200e-191
    4.99177e+00      3.43735e-04      5.00000e+00      -3.17129e-191
    5.07235e+00      3.43693e-04      5.00000e+00      -3.19794e-191
    5.15422e+00      3.43652e-04      5.00000e+00      -3.22196e-191
    5.23742e+00      3.43610e-04      5.00000e+00      -3.24346e-191
    5.32196e+00      3.43568e-04      5.00000e+00      -3.26257e-191
    5.40786e+00      3.43526e-04      5.00000e+00      -3.27936e-191
    5.49515e+00      3.43483e-04      5.00000e+00      -3.29391e-191
    5.58385e+00      3.43440e-04      5.00000e+00      -3.30629e-191
    5.67398e+00      3.43391e-04      5.00000e+00      -3.31658e-191
    5.76556e+00      3.43355e-04      5.00000e+00      -3.32487e-191
    5.85863e+00      3.43309e-04      5.00000e+00      -3.33122e-191
    5.95319e+00      3.43264e-04      5.00000e+00      -3.33571e-191
    6.04929e+00      3.43220e-04      5.00000e+00      -3.33843e-191
    6.14693e+00      3.43174e-04      5.00000e+00      -3.33943e-191
    6.24615e+00      3.43128e-04      5.00000e+00      -3.33880e-191
    6.34697e+00      3.43082e-04      5.00000e+00      -3.33657e-191
    6.44942e+00      3.43035e-04      5.00000e+00      -3.33281e-191
    6.55352e+00      3.42988e-04      5.00000e+00      -3.32761e-191
    6.65931e+00      3.42938e-04      5.00000e+00      -3.32099e-191
    6.76680e+00      3.42888e-04      5.00000e+00      -3.31305e-191
    6.87602e+00      3.42837e-04      5.00000e+00      -3.30380e-191
    6.98701e+00      3.42787e-04      5.00000e+00      -3.29333e-191
    7.09979e+00      3.42735e-04      5.00000e+00      -3.28168e-191
    7.21439e+00      3.42683e-04      5.00000e+00      -3.26889e-191
    7.33084e+00      3.42630e-04      5.00000e+00      -3.25502e-191
    7.44917e+00      3.42574e-04      5.00000e+00      -3.24012e-191
    7.56941e+00      3.42519e-04      5.00000e+00      -3.22423e-191
    7.69159e+00      3.42462e-04      5.00000e+00      -3.20741e-191
    7.81575e+00      3.42407e-04      5.00000e+00      -3.18968e-191
    7.94190e+00      3.42351e-04      5.00000e+00      -3.17110e-191
    8.07010e+00      3.42292e-04      5.00000e+00      -3.15171e-191
    8.20036e+00      3.42232e-04      5.00000e+00      -3.13154e-191
    8.33273e+00      3.42173e-04      5.00000e+00      -3.11063e-191
    8.46723e+00      3.42111e-04      5.00000e+00      -3.08903e-191
    8.60390e+00      3.42049e-04      5.00000e+00      -3.06676e-191
    8.74278e+00      3.41986e-04      5.00000e+00      -3.04386e-191
    8.88390e+00      3.41925e-04      5.00000e+00      -3.02037e-191
    9.02730e+00      3.41858e-04      5.00000e+00      -2.99631e-191
    9.17301e+00      3.41792e-04      5.00000e+00      -2.97173e-191
    9.32108e+00      3.41725e-04      5.00000e+00      -2.94664e-191
    9.47154e+00      3.41658e-04      5.00000e+00      -2.92109e-191
    9.62442e+00      3.41588e-04      5.00000e+00      -2.89510e-191
    9.77977e+00      3.41519e-04      5.00000e+00      -2.86869e-191
    9.93763e+00      3.41449e-04      5.00000e+00      -2.84190e-191
    1.00980e+01      3.41377e-04      5.00000e+00      -2.81475e-191
    1.02610e+01      3.41303e-04      5.00000e+00      -2.78726e-191
    1.04267e+01      3.41230e-04      5.00000e+00      -2.75946e-191
    1.05950e+01      3.41154e-04      5.00000e+00      -2.73138e-191
    1.07660e+01      3.41080e-04      5.00000e+00      -2.70303e-191
    1.09398e+01      3.41003e-04      5.00000e+00      -2.67444e-191
    1.11163e+01      3.40925e-04      5.00000e+00      -2.64563e-191
    1.12958e+01      3.40845e-04      5.00000e+00      -2.61662e-191
    1.14781e+01      3.40765e-04      5.00000e+00      -2.58743e-191
    1.16634e+01      3.40685e-04      5.00000e+00      -2.55808e-191
    1.18517e+01      3.40601e-04      5.00000e+00      -2.52858e-191
    1.20430e+01      3.40517e-04      5.00000e+00      -2.49896e-191
    1.22373e+01      3.40430e-04      5.00000e+00      -2.46924e-191
    1.24349e+01      3.40345e-04      5.00000e+00      -2.43942e-191
    1.26356e+01      3.40257e-04      5.00000e+00      -2.40952e-191
    1.28395e+01      3.40168e-04      5.00000e+00      -2.37957e-191
    1.30468e+01      3.40078e-04      5.00000e+00      -2.34958e-191
    1.32574e+01      3.39984e-04      5.00000e+00      -2.31955e-191
    1.34714e+01      3.39892e-04      5.00000e+00      -2.28951e-191
    1.36888e+01      3.39797e-04      5.00000e+00      -2.25946e-191
    1.39098e+01      3.39702e-04      5.00000e+00      -2.22943e-191
    1.41343e+01      3.39605e-04      5.00000e+00      -2.19941e-191
    1.43625e+01      3.39507e-04      5.00000e+00      -2.16944e-191
    1.45943e+01      3.39405e-04      5.00000e+00      -2.13951e-191
    1.48299e+01      3.39304e-04      5.00000e+00      -2.10963e-191
    1.50693e+01      3.39201e-04      5.00000e+00      -2.07982e-191
    1.53125e+01      3.39096e-04      5.00000e+00      -2.05010e-191
    1.55597e+01      3.38990e-04      5.00000e+00      -2.02045e-191
    1.58108e+01      3.38883e-04      5.00000e+00      -1.99091e-191
    1.60660e+01      3.38774e-04      5.00000e+00      -1.96147e-191
    1.63254e+01      3.38665e-04      5.00000e+00      -1.93215e-191
    1.65889e+01      3.38553e-04      5.00000e+00      -1.90295e-191
    1.68566e+01      3.38439e-04      5.00000e+00      -1.87389e-191
    1.71287e+01      3.38324e-04      5.00000e+00      -1.84496e-191
    1.74052e+01      3.38206e-04      5.00000e+00      -1.81618e-191
    1.76862e+01      3.38087e-04      5.00000e+00      -1.78755e-191
    1.79716e+01      3.37967e-04      5.00000e+00      -1.75908e-191
    1.82617e+01      3.37849e-04      5.00000e+00      -1.73078e-191
    1.85565e+01      3.37724e-04      5.00000e+00      -1.70265e-191
    1.88560e+01      3.37598e-04      5.00000e+00      -1.67470e-191
    1.91604e+01      3.37472e-04      5.00000e+00      -1.64694e-191
    1.94697e+01      3.37343e-04      5.00000e+00      -1.61937e-191
    1.97840e+01      3.37213e-04      5.00000e+00      -1.59199e-191
    2.01033e+01      3.37079e-04      5.00000e+00      -1.56481e-191
    2.04278e+01      3.36945e-04      5.00000e+00      -1.53783e-191
    2.07575e+01      3.36805e-04      5.00000e+00      -1.51107e-191
    2.10926e+01      3.36659e-04      5.00000e+00      -1.48452e-191
    2.14331e+01      3.36528e-04      5.00000e+00      -1.45818e-191
    2.17790e+01      3.36388e-04      5.00000e+00      -1.43207e-191
    2.21306e+01      3.36242e-04      5.00000e+00      -1.40618e-191
    2.24878e+01      3.36095e-04      5.00000e+00      -1.38052e-191
    2.28508e+01      3.35949e-04      5.00000e+00      -1.35509e-191
    2.32196e+01      3.35797e-04      5.00000e+00      -1.32990e-191
    2.35944e+01      3.35645e-04      5.00000e+00      -1.30494e-191
    2.39753e+01      3.35492e-04      5.00000e+00      -1.28022e-191
    2.43623e+01      3.35336e-04      5.00000e+00      -1.25575e-191
    2.47555e+01      3.35178e-04      5.00000e+00      -1.23152e-191
    2.51551e+01      3.35017e-04      5.00000e+00      -1.20753e-191
    2.55612e+01      3.34854e-04      5.00000e+00      -1.18380e-191
    2.59738e+01      3.34688e-04      5.00000e+00      -1.16031e-191
    2.63930e+01      3.34521e-04      5.00000e+00      -1.13708e-191
    2.68190e+01      3.34351e-04      5.00000e+00      -1.11411e-191
    2.72519e+01      3.34179e-04      5.00000e+00      -1.09139e-191
    2.76918e+01      3.34005e-04      5.00000e+00      -1.06892e-191
    2.81388e+01      3.33828e-04      5.00000e+00      -1.04672e-191
    2.85930e+01      3.33650e-04      5.00000e+00      -1.02478e-191
    2.90546e+01      3.33467e-04      5.00000e+00      -1.00309e-191
    2.95235e+01      3.33284e-04      5.00000e+00      -9.81669e-192
    3.00001e+01      3.33096e-04      5.00000e+00      -9.60508e-192
