    Er (keV)         SM dN/dE         BG dN/dE        BSM dN/dE (events/kg/day/keV)
    2.50100e-01      1.86908e-04      1.00000e+02      9.17073e-11
    2.52651e-01      1.86665e-04      1.00000e+02      9.26172e-11
    2.55227e-01      1.86418e-04      1.00000e+02      9.35364e-11
    2.57830e-01      1.86170e-04      1.00000e+02      9.44649e-11
    2.60459e-01      1.85919e-04      1.00000e+02      9.54030e-11
    2.63115e-01      1.85665e-04      1.00000e+02      9.63505e-11
    2.65799e-01      1.85409e-04      1.00000e+02      9.73078e-11
    2.68509e-01      1.85150e-04      1.00000e+02      9.82748e-11
    2.71248e-01      1.84888e-04      1.00000e+02      9.92517e-11
    2.74014e-01      1.84624e-04      1.00000e+02      1.00239e-10
    2.76808e-01      1.84357e-04      1.00000e+02      1.01236e-10
    2.79631e-01      1.84087e-04      1.00000e+02      1.02243e-10
    2.82483e-01      1.83815e-04      1.00000e+02      1.03260e-10
    2.85364e-01      1.83540e-04      1.00000e+02      1.04288e-10
    2.88274e-01      1.83262e-04      1.00000e+02      1.05326e-10
    2.91214e-01      1.82985e-04      1.00000e+02      1.06375e-10
    2.94184e-01      1.82713e-04      1.00000e+02      1.07434e-10
    2.97185e-01      1.82437e-04      1.00000e+02      1.08503e-10
    3.00215e-01      1.82159e-04      1.00000e+02      1.09584e-10
    3.03277e-01      1.81878e-04      1.00000e+02      1.10676e-10
    3.06370e-01      1.81594e-04      1.00000e+02      1.11779e-10
    3.09495e-01      1.81307e-04      1.00000e+02      1.12893e-10
    3.12651e-01      1.81018e-04      1.00000e+02      1.14018e-10
    3.15840e-01      1.80725e-04      1.00000e+02      1.15155e-10
    3.19061e-01      1.80429e-04      1.00000e+02      1.16304e-10
    3.22315e-01      1.80131e-04      1.00000e+02      1.17464e-10
    3.25602e-01      1.79829e-04      1.00000e+02      1.18636e-10
    3.28923e-01      1.79524e-04      1.00000e+02      1.19820e-10
    3.32278e-01      1.79223e-04      1.00000e+02      1.21014e-10
    3.35667e-01      1.78923e-04      1.00000e+02      1.22218e-10
    3.39090e-01      1.78621e-04      1.00000e+02      1.23434e-10
    3.42549e-01      1.78315e-04      1.00000e+02      1.24662e-10
    3.46042e-01      1.78006e-04      1.00000e+02      1.25903e-10
    3.49572e-01      1.77694e-04      1.00000e+02      1.27157e-10
    3.53137e-01      1.77378e-04      1.00000e+02      1.28424e-10
    3.56739e-01      1.77060e-04      1.00000e+02      1.29703e-10
    3.60377e-01      1.76738e-04      1.00000e+02      1.30996e-10
    3.64053e-01      1.76413e-04      1.00000e+02      1.32301e-10
    3.67766e-01      1.76084e-04      1.00000e+02      1.33620e-10
    3.71517e-01      1.75756e-04      1.00000e+02      1.34952e-10
    3.75306e-01      1.75433e-04      1.00000e+02      1.36294e-10
    3.79134e-01      1.75106e-04      1.00000e+02      1.37649e-10
    3.83001e-01      1.74776e-04      1.00000e+02      1.39019e-10
    3.86907e-01      1.74443e-04      1.00000e+02      1.40403e-10
    3.90853e-01      1.74106e-04      1.00000e+02      1.41800e-10
    3.94840e-01      1.73766e-04      1.00000e+02      1.43212e-10
    3.98867e-01      1.73422e-04      1.00000e+02      1.44639e-10
    4.02935e-01      1.73075e-04      1.00000e+02      1.46080e-10
    4.07045e-01      1.72724e-04      1.00000e+02      1.47535e-10
    4.11196e-01      1.72372e-04      1.00000e+02      1.49005e-10
    4.15391e-01      1.72026e-04      1.00000e+02      1.50483e-10
    4.19627e-01      1.71676e-04      1.00000e+02      1.51976e-10
    4.23907e-01      1.71323e-04      1.00000e+02      1.53485e-10
    4.28231e-01      1.70967e-04      1.00000e+02      1.55008e-10
    4.32599e-01      1.70607e-04      1.00000e+02      1.56548e-10
    4.37011e-01      1.70243e-04      1.00000e+02      1.58103e-10
    4.41469e-01      1.69875e-04      1.00000e+02      1.59674e-10
    4.45971e-01      1.69504e-04      1.00000e+02      1.61261e-10
    4.50520e-01      1.69129e-04      1.00000e+02      1.62864e-10
    4.55115e-01      1.68761e-04      1.00000e+02      1.64478e-10
    4.59758e-01      1.68390e-04      1.00000e+02      1.66108e-10
    4.64447e-01      1.68015e-04      1.00000e+02      1.67755e-10
    4.69184e-01      1.67637e-04      1.00000e+02      1.69419e-10
    4.73970e-01      1.67254e-04      1.00000e+02      1.71100e-10
    4.78804e-01      1.66868e-04      1.00000e+02      1.72797e-10
    4.83688e-01      1.66478e-04      1.00000e+02      1.74513e-10
    4.88622e-01      1.66084e-04      1.00000e+02      1.76245e-10
    4.93606e-01      1.65692e-04      1.00000e+02      1.77992e-10
    4.98640e-01      1.65302e-04      1.00000e+02      1.79754e-10
    5.03726e-01      1.64908e-04      1.00000e+02      1.81533e-10
    5.08865e-01      1.64510e-04      1.00000e+02      1.83331e-10
    5.14055e-01      1.64108e-04      1.00000e+02      1.85147e-10
    5.19298e-01      1.63702e-04      1.00000e+02      1.86982e-10
    5.24595e-01      1.63292e-04      1.00000e+02      1.88835e-10
    5.29946e-01      1.62877e-04      1.00000e+02      1.90708e-10
    5.35352e-01      1.62469e-04      1.00000e+02      1.92594e-10
    5.40812e-01      1.62059e-04      1.00000e+02      1.94498e-10
    5.46329e-01      1.61645e-04      1.00000e+02      1.96421e-10
    5.51901e-01      1.61227e-04      1.00000e+02      1.98364e-10
    5.57531e-01      1.60804e-04      1.00000e+02      2.00327e-10
    5.63218e-01      1.60378e-04      1.00000e+02      2.02310e-10
    5.68963e-01      1.59946e-04      1.00000e+02      2.04313e-10
    5.74766e-01      1.59518e-04      1.00000e+02      2.06339e-10
    5.80629e-01      1.59091e-04      1.00000e+02      2.08388e-10
    5.86552e-01      1.58659e-04      1.00000e+02      2.10457e-10
    5.92535e-01      1.58223e-04      1.00000e+02      2.12548e-10
    5.98579e-01      1.57783e-04      1.00000e+02      2.14660e-10
    6.04684e-01      1.57338e-04      1.00000e+02      2.16794e-10
    6.10852e-01      1.56888e-04      1.00000e+02      2.18949e-10
    6.17083e-01      1.56446e-04      1.00000e+02      2.21110e-10
    6.23378e-01      1.56000e-04      1.00000e+02      2.23291e-10
    6.29736e-01      1.55550e-04      1.00000e+02      2.25494e-10
    6.36160e-01      1.55095e-04      1.00000e+02      2.27720e-10
    6.42649e-01      1.54636e-04      1.00000e+02      2.29968e-10
    6.49204e-01      1.54172e-04      1.00000e+02      2.32239e-10
    6.55827e-01      1.53711e-04      1.00000e+02      2.34520e-10
    6.62516e-01      1.53250e-04      1.00000e+02      2.36816e-10
    6.69274e-01      1.52785e-04      1.00000e+02      2.39136e-10
    6.76101e-01      1.52314e-04      1.00000e+02      2.41480e-10
    6.82998e-01      1.51839e-04      1.00000e+02      2.43847e-10
    6.89965e-01      1.51359e-04      1.00000e+02      2.46238e-10
    6.97003e-01      1.50884e-04      1.00000e+02      2.48660e-10
    7.04113e-01      1.50407e-04      1.00000e+02      2.51108e-10
    7.11295e-01      1.49926e-04      1.00000e+02      2.53582e-10
    7.18551e-01      1.49439e-04      1.00000e+02      2.56080e-10
    7.25880e-01      1.48948e-04      1.00000e+02      2.58604e-10
    7.33285e-01      1.48454e-04      1.00000e+02      2.61153e-10
    7.40765e-01      1.47966e-04      1.00000e+02      2.63721e-10
    7.48321e-01      1.47473e-04      1.00000e+02      2.66316e-10
    7.55954e-01      1.46975e-04      1.00000e+02      2.68938e-10
    7.63666e-01      1.46472e-04      1.00000e+02      2.71586e-10
    7.71456e-01      1.45964e-04      1.00000e+02      2.74261e-10
    7.79325e-01      1.45463e-04      1.00000e+02      2.76956e-10
    7.87275e-01      1.44957e-04      1.00000e+02      2.79679e-10
    7.95305e-01      1.44447e-04      1.00000e+02      2.82429e-10
    8.03418e-01      1.43931e-04      1.00000e+02      2.85208e-10
    8.11614e-01      1.43410e-04      1.00000e+02      2.88015e-10
    8.19893e-01      1.42896e-04      1.00000e+02      2.90843e-10
    8.28256e-01      1.42378e-04      1.00000e+02      2.93700e-10
    8.36705e-01      1.41855e-04      1.00000e+02      2.96587e-10
    8.45240e-01      1.41326e-04      1.00000e+02      2.99502e-10
    8.53862e-01      1.40794e-04      1.00000e+02      3.02445e-10
    8.62573e-01      1.40268e-04      1.00000e+02      3.05402e-10
    8.71372e-01      1.39737e-04      1.00000e+02      3.08389e-10
    8.80260e-01      1.39200e-04      1.00000e+02      3.11406e-10
    8.89240e-01      1.38658e-04      1.00000e+02      3.14455e-10
    8.98311e-01      1.38118e-04      1.00000e+02      3.17555e-10
    9.07474e-01      1.37579e-04      1.00000e+02      3.20698e-10
    9.16731e-01      1.37033e-04      1.00000e+02      3.23873e-10
    9.26083e-01      1.36482e-04      1.00000e+02      3.27080e-10
    9.35530e-01      1.35930e-04      1.00000e+02      3.30303e-10
    9.45073e-01      1.35381e-04      1.00000e+02      3.33520e-10
    9.54714e-01      1.34826e-04      1.00000e+02      3.36769e-10
    9.64453e-01      1.34265e-04      1.00000e+02      3.40052e-10
    9.74291e-01      1.33702e-04      1.00000e+02      3.43370e-10
    9.84230e-01      1.33144e-04      1.00000e+02      3.46730e-10
    9.94270e-01      1.32580e-04      1.00000e+02      3.50123e-10
    1.00441e+00      1.32011e-04      1.00000e+02      3.53551e-10
    1.01466e+00      1.31438e-04      1.00000e+02      3.57013e-10
    1.02501e+00      1.30870e-04      1.00000e+02      3.60503e-10
    1.03547e+00      1.30297e-04      1.00000e+02      3.64028e-10
    1.04603e+00      1.29718e-04      1.00000e+02      3.67589e-10
    1.05670e+00      1.29138e-04      1.00000e+02      3.71184e-10
    1.06748e+00      1.28561e-04      1.00000e+02      3.74809e-10
    1.07837e+00      1.27977e-04      1.00000e+02      3.78470e-10
    1.08937e+00      1.27388e-04      1.00000e+02      3.82169e-10
    1.10048e+00      1.26802e-04      1.00000e+02      3.85903e-10
    1.11171e+00      1.26215e-04      1.00000e+02      3.89673e-10
    1.12305e+00      1.25621e-04      1.00000e+02      3.93481e-10
    1.13450e+00      1.25023e-04      1.00000e+02      3.97326e-10
    1.14608e+00      1.24430e-04      1.00000e+02      4.01194e-10
    1.15777e+00      1.23832e-04      1.00000e+02      4.05101e-10
    1.16958e+00      1.23228e-04      1.00000e+02      4.09048e-10
    1.18151e+00      1.22626e-04      1.00000e+02      4.13033e-10
    1.19356e+00      1.22023e-04      1.00000e+02      4.17056e-10
    1.20574e+00      1.21414e-04      1.00000e+02      4.21121e-10
    1.21804e+00      1.20804e-04      1.00000e+02      4.25223e-10
    1.23046e+00      1.20196e-04      1.00000e+02      4.29361e-10
    1.24302e+00      1.19583e-04      1.00000e+02      4.33541e-10
    1.25570e+00      1.18965e-04      1.00000e+02      4.37762e-10
    1.26851e+00      1.18352e-04      1.00000e+02      4.42019e-10
    1.28145e+00      1.17733e-04      1.00000e+02      4.46319e-10
    1.29452e+00      1.17108e-04      1.00000e+02      4.50662e-10
    1.30772e+00      1.16490e-04      1.00000e+02      4.55041e-10
    1.32107e+00      1.15865e-04      1.00000e+02      4.59465e-10
    1.33454e+00      1.15234e-04      1.00000e+02      4.63933e-10
    1.34816e+00      1.14611e-04      1.00000e+02      4.68436e-10
    1.36191e+00      1.13981e-04      1.00000e+02      4.72986e-10
    1.37580e+00      1.13346e-04      1.00000e+02      4.77580e-10
    1.38984e+00      1.12717e-04      1.00000e+02      4.82214e-10
    1.40401e+00      1.12081e-04      1.00000e+02      4.86894e-10
    1.41834e+00      1.11442e-04      1.00000e+02      4.91620e-10
    1.43281e+00      1.10806e-04      1.00000e+02      4.96387e-10
    1.44742e+00      1.10163e-04      1.00000e+02      5.01202e-10
    1.46219e+00      1.09521e-04      1.00000e+02      5.06059e-10
    1.47711e+00      1.08880e-04      1.00000e+02      5.10957e-10
    1.49217e+00      1.08232e-04      1.00000e+02      5.15906e-10
    1.50740e+00      1.07589e-04      1.00000e+02      5.20900e-10
    1.52277e+00      1.06942e-04      1.00000e+02      5.25945e-10
    1.53831e+00      1.06291e-04      1.00000e+02      5.31039e-10
    1.55400e+00      1.05644e-04      1.00000e+02      5.36176e-10
    1.56985e+00      1.04991e-04      1.00000e+02      5.41365e-10
    1.58587e+00      1.04340e-04      1.00000e+02      5.46632e-10
    1.60205e+00      1.03686e-04      1.00000e+02      5.51966e-10
    1.61839e+00      1.03029e-04      1.00000e+02      5.57342e-10
    1.63490e+00      1.02375e-04      1.00000e+02      5.62724e-10
    1.65158e+00      1.01715e-04      1.00000e+02      5.68162e-10
    1.66843e+00      1.01058e-04      1.00000e+02      5.73620e-10
    1.68545e+00      1.00398e-04      1.00000e+02      5.79125e-10
    1.70264e+00      9.97362e-05      1.00000e+02      5.84695e-10
    1.72001e+00      9.90757e-05      1.00000e+02      5.90336e-10
    1.73756e+00      9.84099e-05      1.00000e+02      5.96033e-10
    1.75528e+00      9.77492e-05      1.00000e+02      6.01774e-10
    1.77319e+00      9.70817e-05      1.00000e+02      6.07573e-10
    1.79128e+00      9.64188e-05      1.00000e+02      6.13428e-10
    1.80955e+00      9.57510e-05      1.00000e+02      6.19343e-10
    1.82801e+00      9.50850e-05      1.00000e+02      6.25307e-10
    1.84666e+00      9.44168e-05      1.00000e+02      6.31328e-10
    1.86550e+00      9.37483e-05      1.00000e+02      6.37408e-10
    1.88453e+00      9.30796e-05      1.00000e+02      6.43548e-10
    1.90375e+00      9.24092e-05      1.00000e+02      6.49739e-10
    1.92318e+00      9.17397e-05      1.00000e+02      6.55973e-10
    1.94279e+00      9.10680e-05      1.00000e+02      6.62271e-10
    1.96261e+00      9.03987e-05      1.00000e+02      6.68630e-10
    1.98264e+00      8.97265e-05      1.00000e+02      6.75051e-10
    2.00286e+00      8.90564e-05      1.00000e+02      6.81532e-10
    2.02329e+00      8.83835e-05      1.00000e+02      6.88057e-10
    2.04393e+00      8.77124e-05      1.00000e+02      6.94603e-10
    2.06479e+00      8.70392e-05      1.00000e+02      7.01251e-10
    2.08585e+00      8.63671e-05      1.00000e+02      7.08025e-10
    2.10713e+00      8.56940e-05      1.00000e+02      7.14837e-10
    2.12862e+00      8.50207e-05      1.00000e+02      7.21684e-10
    2.15034e+00      8.43484e-05      1.00000e+02      7.28595e-10
    2.17228e+00      8.36744e-05      1.00000e+02      7.35572e-10
    2.19444e+00      8.30041e-05      1.00000e+02      7.42608e-10
    2.21682e+00      8.23302e-05      1.00000e+02      7.49713e-10
    2.23944e+00      8.16614e-05      1.00000e+02      7.56882e-10
    2.26228e+00      8.09885e-05      1.00000e+02      7.64120e-10
    2.28536e+00      8.03185e-05      1.00000e+02      7.71416e-10
    2.30868e+00      7.96474e-05      1.00000e+02      7.78781e-10
    2.33223e+00      7.89759e-05      1.00000e+02      7.86213e-10
    2.35602e+00      7.83075e-05      1.00000e+02      7.93705e-10
    2.38006e+00      7.76365e-05      1.00000e+02      8.01270e-10
    2.40434e+00      7.69700e-05      1.00000e+02      8.08941e-10
    2.42887e+00      7.63017e-05      1.00000e+02      8.16667e-10
    2.45364e+00      7.56331e-05      1.00000e+02      8.24443e-10
    2.47868e+00      7.49677e-05      1.00000e+02      8.32295e-10
    2.50396e+00      7.43006e-05      1.00000e+02      8.40224e-10
    2.52951e+00      7.36369e-05      1.00000e+02      8.48224e-10
    2.55531e+00      7.29744e-05      1.00000e+02      8.56335e-10
    2.58138e+00      7.23107e-05      1.00000e+02      8.64535e-10
    2.60771e+00      7.16514e-05      1.00000e+02      8.72748e-10
    2.63432e+00      7.09922e-05      1.00000e+02      8.81034e-10
    2.66119e+00      7.03323e-05      1.00000e+02      8.89393e-10
    2.68834e+00      6.96767e-05      1.00000e+02      8.97780e-10
    2.71577e+00      6.90212e-05      1.00000e+02      9.06273e-10
    2.74347e+00      6.83654e-05      1.00000e+02      9.14867e-10
    2.77146e+00      6.77128e-05      1.00000e+02      9.23545e-10
    2.79973e+00      6.70615e-05      1.00000e+02      9.32298e-10
    2.82830e+00      6.64106e-05      1.00000e+02      9.41131e-10
    2.85715e+00      6.57617e-05      1.00000e+02      9.50044e-10
    2.88630e+00      6.51168e-05      1.00000e+02      9.59033e-10
    2.91574e+00      6.44723e-05      1.00000e+02      9.68117e-10
    2.94549e+00      6.38286e-05      1.00000e+02      9.77287e-10
    2.97554e+00      6.31882e-05      1.00000e+02      9.86500e-10
    3.00589e+00      6.25507e-05      1.00000e+02      9.95757e-10
    3.03656e+00      6.19145e-05      1.00000e+02      1.00516e-09
    3.06753e+00      6.12796e-05      1.00000e+02      1.01470e-09
    3.09883e+00      6.06466e-05      1.00000e+02      1.02427e-09
    3.13044e+00      6.00179e-05      1.00000e+02      1.03393e-09
    3.16238e+00      5.93914e-05      1.00000e+02      1.04367e-09
    3.19464e+00      5.87670e-05      1.00000e+02      1.05351e-09
    3.22723e+00      5.81444e-05      1.00000e+02      1.06343e-09
    3.26015e+00      5.75238e-05      1.00000e+02      1.07344e-09
    3.29341e+00      5.69078e-05      1.00000e+02      1.08354e-09
    3.32701e+00      5.62938e-05      1.00000e+02      1.09373e-09
    3.36095e+00      5.56818e-05      1.00000e+02      1.10402e-09
    3.39524e+00      5.50724e-05      1.00000e+02      1.11439e-09
    3.42988e+00      5.44663e-05      1.00000e+02      1.12483e-09
    3.46487e+00      5.38636e-05      1.00000e+02      1.13535e-09
    3.50022e+00      5.32643e-05      1.00000e+02      1.14602e-09
    3.53592e+00      5.26687e-05      1.00000e+02      1.15680e-09
    3.57200e+00      5.20756e-05      1.00000e+02      1.16764e-09
    3.60844e+00      5.14855e-05      1.00000e+02      1.17864e-09
    3.64525e+00      5.08990e-05      1.00000e+02      1.18972e-09
    3.68244e+00      5.03161e-05      1.00000e+02      1.20085e-09
    3.72000e+00      4.97364e-05      1.00000e+02      1.21208e-09
    3.75796e+00      4.91598e-05      1.00000e+02      1.22337e-09
    3.79629e+00      4.85866e-05      1.00000e+02      1.23474e-09
    3.83502e+00      4.80175e-05      1.00000e+02      1.24627e-09
    3.87415e+00      4.74525e-05      1.00000e+02      1.25790e-09
    3.91367e+00      4.68913e-05      1.00000e+02      1.26962e-09
    3.95360e+00      4.63341e-05      1.00000e+02      1.28147e-09
    3.99393e+00      4.57810e-05      1.00000e+02      1.29340e-09
    4.03467e+00      4.52318e-05      1.00000e+02      1.30544e-09
    4.07584e+00      4.46863e-05      1.00000e+02      1.31759e-09
    4.11742e+00      4.41449e-05      1.00000e+02      1.32985e-09
    4.15942e+00      4.36076e-05      1.00000e+02      1.34222e-09
    4.20185e+00      4.30745e-05      1.00000e+02      1.35467e-09
    4.24472e+00      4.25456e-05      1.00000e+02      1.36719e-09
    4.28803e+00      4.20217e-05      1.00000e+02      1.37988e-09
    4.33177e+00      4.15023e-05      1.00000e+02      1.39272e-09
    4.37596e+00      4.09874e-05      1.00000e+02      1.40563e-09
    4.42061e+00      4.04769e-05      1.00000e+02      1.41865e-09
    4.46570e+00      3.99708e-05      1.00000e+02      1.43178e-09
    4.51126e+00      3.94699e-05      1.00000e+02      1.44503e-09
    4.55728e+00      3.89729e-05      1.00000e+02      1.45839e-09
    4.60378e+00      3.84812e-05      1.00000e+02      1.47186e-09
    4.65074e+00      3.79950e-05      1.00000e+02      1.48545e-09
    4.69819e+00      3.75134e-05      1.00000e+02      1.49916e-09
    4.74612e+00      3.70361e-05      1.00000e+02      1.51299e-09
    4.79454e+00      3.65645e-05      1.00000e+02      1.52694e-09
    4.84345e+00      3.60978e-05      1.00000e+02      1.54108e-09
    4.89286e+00      3.56355e-05      1.00000e+02      1.55528e-09
    4.94278e+00      3.51783e-05      1.00000e+02      1.56960e-09
    4.99321e+00      3.47275e-05      1.00000e+02      1.58396e-09
    5.04415e+00      3.42824e-05      1.00000e+02      1.59850e-09
    5.09561e+00      3.38419e-05      1.00000e+02      1.61318e-09
    5.14759e+00      3.34059e-05      1.00000e+02      1.62798e-09
    5.20010e+00      3.29762e-05      1.00000e+02      1.64291e-09
    5.25316e+00      3.25519e-05      1.00000e+02      1.65796e-09
    5.30675e+00      3.21326e-05      1.00000e+02      1.67315e-09
    5.36089e+00      3.17192e-05      1.00000e+02      1.68846e-09
    5.41558e+00      3.13108e-05      1.00000e+02      1.70390e-09
    5.47083e+00      3.09079e-05      1.00000e+02      1.71947e-09
    5.52664e+00      3.05119e-05      1.00000e+02      1.73522e-09
    5.58302e+00      3.01206e-05      1.00000e+02      1.75105e-09
    5.63998e+00      2.97355e-05      1.00000e+02      1.76689e-09
    5.69752e+00      2.93561e-05      1.00000e+02      1.78299e-09
    5.75564e+00      2.89819e-05      1.00000e+02      1.79931e-09
    5.81436e+00      2.86139e-05      1.00000e+02      1.81568e-09
    5.87368e+00      2.82510e-05      1.00000e+02      1.83219e-09
    5.93360e+00      2.78943e-05      1.00000e+02      1.84884e-09
    5.99413e+00      2.75435e-05      1.00000e+02      1.86563e-09
    6.05528e+00      2.71991e-05      1.00000e+02      1.88255e-09
    6.11706e+00      2.68602e-05      1.00000e+02      1.89961e-09
    6.17946e+00      2.65276e-05      1.00000e+02      1.91674e-09
    6.24251e+00      2.62002e-05      1.00000e+02      1.93410e-09
    6.30619e+00      2.58782e-05      1.00000e+02      1.95162e-09
    6.37053e+00      2.55629e-05      1.00000e+02      1.96933e-09
    6.43552e+00      2.52534e-05      1.00000e+02      1.98719e-09
    6.50117e+00      2.49503e-05      1.00000e+02      2.00514e-09
    6.56750e+00      2.46530e-05      1.00000e+02      2.02324e-09
    6.63450e+00      2.43610e-05      1.00000e+02      2.04147e-09
    6.70218e+00      2.40746e-05      1.00000e+02      2.05975e-09
    6.77056e+00      2.37947e-05      1.00000e+02      2.07827e-09
    6.83963e+00      2.35212e-05      1.00000e+02      2.09695e-09
    6.90941e+00      2.32535e-05      1.00000e+02      2.11579e-09
    6.97990e+00      2.29912e-05      1.00000e+02      2.13478e-09
    7.05110e+00      2.27346e-05      1.00000e+02      2.15392e-09
    7.12304e+00      2.24839e-05      1.00000e+02      2.17322e-09
    7.19571e+00      2.22394e-05      1.00000e+02      2.19272e-09
    7.26912e+00      2.20005e-05      1.00000e+02      2.21225e-09
    7.34328e+00      2.17674e-05      1.00000e+02      2.23199e-09
    7.41819e+00      2.15402e-05      1.00000e+02      2.25196e-09
    7.49387e+00      2.13186e-05      1.00000e+02      2.27205e-09
    7.57032e+00      2.11027e-05      1.00000e+02      2.29231e-09
    7.64755e+00      2.08926e-05      1.00000e+02      2.31273e-09
    7.72557e+00      2.06880e-05      1.00000e+02      2.33329e-09
    7.80439e+00      2.04889e-05      1.00000e+02      2.35396e-09
    7.88401e+00      2.02950e-05      1.00000e+02      2.37486e-09
    7.96444e+00      2.01072e-05      1.00000e+02      2.39593e-09
    8.04569e+00      1.99246e-05      1.00000e+02      2.41719e-09
    8.12777e+00      1.97477e-05      1.00000e+02      2.43870e-09
    8.21069e+00      1.95761e-05      1.00000e+02      2.46031e-09
    8.29446e+00      1.94095e-05      1.00000e+02      2.48209e-09
    8.37908e+00      1.92480e-05      1.00000e+02      2.50402e-09
    8.46456e+00      1.90917e-05      1.00000e+02      2.52603e-09
    8.55092e+00      1.89407e-05      1.00000e+02      2.54829e-09
    8.63815e+00      1.87951e-05      1.00000e+02      2.57072e-09
    8.72628e+00      1.86540e-05      1.00000e+02      2.59335e-09
    8.81530e+00      1.85171e-05      1.00000e+02      2.61614e-09
    8.90523e+00      1.83862e-05      1.00000e+02      2.63911e-09
    8.99608e+00      1.82599e-05      1.00000e+02      2.66230e-09
    9.08786e+00      1.81376e-05      1.00000e+02      2.68564e-09
    9.18058e+00      1.80203e-05      1.00000e+02      2.70910e-09
    9.27424e+00      1.79074e-05      1.00000e+02      2.73277e-09
    9.36885e+00      1.77991e-05      1.00000e+02      2.75664e-09
    9.46443e+00      1.76950e-05      1.00000e+02      2.78070e-09
    9.56099e+00      1.75952e-05      1.00000e+02      2.80495e-09
    9.65853e+00      1.74996e-05      1.00000e+02      2.82936e-09
    9.75706e+00      1.74079e-05      1.00000e+02      2.85395e-09
    9.85660e+00      1.73204e-05      1.00000e+02      2.87871e-09
    9.95716e+00      1.72367e-05      1.00000e+02      2.90373e-09
    1.00587e+01      1.71567e-05      1.00000e+02      2.92900e-09
    1.01614e+01      1.70803e-05      1.00000e+02      2.95439e-09
    1.02650e+01      1.70077e-05      1.00000e+02      2.97995e-09
    1.03697e+01      1.69383e-05      1.00000e+02      3.00571e-09
    1.04755e+01      1.68726e-05      1.00000e+02      3.03164e-09
    1.05824e+01      1.68100e-05      1.00000e+02      3.05776e-09
    1.06904e+01      1.67505e-05      1.00000e+02      3.08405e-09
    1.07994e+01      1.66940e-05      1.00000e+02      3.11064e-09
    1.09096e+01      1.66406e-05      1.00000e+02      3.13740e-09
    1.10209e+01      1.65903e-05      1.00000e+02      3.16431e-09
    1.11333e+01      1.65420e-05      1.00000e+02      3.19143e-09
    1.12469e+01      1.64968e-05      1.00000e+02      3.21863e-09
    1.13617e+01      1.64543e-05      1.00000e+02      3.24618e-09
    1.14776e+01      1.64139e-05      1.00000e+02      3.27390e-09
    1.15947e+01      1.63759e-05      1.00000e+02      3.30183e-09
    1.17130e+01      1.63400e-05      1.00000e+02      3.32996e-09
    1.18325e+01      1.63063e-05      1.00000e+02      3.35827e-09
    1.19532e+01      1.62745e-05      1.00000e+02      3.38680e-09
    1.20751e+01      1.62446e-05      1.00000e+02      3.41558e-09
    1.21983e+01      1.62164e-05      1.00000e+02      3.44448e-09
    1.23228e+01      1.61899e-05      1.00000e+02      3.47368e-09
    1.24485e+01      1.61649e-05      1.00000e+02      3.50307e-09
    1.25755e+01      1.61415e-05      1.00000e+02      3.53272e-09
    1.27038e+01      1.61193e-05      1.00000e+02      3.56251e-09
    1.28334e+01      1.60985e-05      1.00000e+02      3.59246e-09
    1.29643e+01      1.60787e-05      1.00000e+02      3.62271e-09
    1.30966e+01      1.60600e-05      1.00000e+02      3.65320e-09
    1.32302e+01      1.60423e-05      1.00000e+02      3.68383e-09
    1.33651e+01      1.60255e-05      1.00000e+02      3.71461e-09
    1.35015e+01      1.60094e-05      1.00000e+02      3.74564e-09
    1.36392e+01      1.59942e-05      1.00000e+02      3.77694e-09
    1.37784e+01      1.59795e-05      1.00000e+02      3.80845e-09
    1.39189e+01      1.59655e-05      1.00000e+02      3.84014e-09
    1.40609e+01      1.59517e-05      1.00000e+02      3.87207e-09
    1.42044e+01      1.59385e-05      1.00000e+02      3.90416e-09
    1.43493e+01      1.59257e-05      1.00000e+02      3.93659e-09
    1.44957e+01      1.59132e-05      1.00000e+02      3.96918e-09
    1.46436e+01      1.59011e-05      1.00000e+02      4.00194e-09
    1.47930e+01      1.58890e-05      1.00000e+02      4.03502e-09
    1.49439e+01      1.58772e-05      1.00000e+02      4.06828e-09
    1.50963e+01      1.58655e-05      1.00000e+02      4.10176e-09
    1.52504e+01      1.58538e-05      1.00000e+02      4.13546e-09
    1.54059e+01      1.58422e-05      1.00000e+02      4.16940e-09
    1.55631e+01      1.58307e-05      1.00000e+02      4.20355e-09
    1.57219e+01      1.58191e-05      1.00000e+02      4.23792e-09
    1.58823e+01      1.58076e-05      1.00000e+02      4.27249e-09
    1.60443e+01      1.57961e-05      1.00000e+02      4.30727e-09
    1.62080e+01      1.57846e-05      1.00000e+02      4.34232e-09
    1.63733e+01      1.57729e-05      1.00000e+02      4.37761e-09
    1.65404e+01      1.57613e-05      1.00000e+02      4.41312e-09
    1.67091e+01      1.57495e-05      1.00000e+02      4.44885e-09
    1.68796e+01      1.57377e-05      1.00000e+02      4.48481e-09
    1.70518e+01      1.57258e-05      1.00000e+02      4.52098e-09
    1.72258e+01      1.57138e-05      1.00000e+02      4.55739e-09
    1.74015e+01      1.57017e-05      1.00000e+02      4.59402e-09
    1.75790e+01      1.56895e-05      1.00000e+02      4.63088e-09
    1.77584e+01      1.56773e-05      1.00000e+02      4.66799e-09
    1.79395e+01      1.56650e-05      1.00000e+02      4.70532e-09
    1.81226e+01      1.56525e-05      1.00000e+02      4.74287e-09
    1.83075e+01      1.56400e-05      1.00000e+02      4.78065e-09
    1.84942e+01      1.56274e-05      1.00000e+02      4.81867e-09
    1.86829e+01      1.56147e-05      1.00000e+02      4.85695e-09
    1.88735e+01      1.56018e-05      1.00000e+02      4.89544e-09
    1.90661e+01      1.55889e-05      1.00000e+02      4.93419e-09
    1.92606e+01      1.55758e-05      1.00000e+02      4.97315e-09
    1.94571e+01      1.55627e-05      1.00000e+02      5.01233e-09
    1.96556e+01      1.55494e-05      1.00000e+02      5.05174e-09
    1.98561e+01      1.55360e-05      1.00000e+02      5.09136e-09
    2.00587e+01      1.55225e-05      1.00000e+02      5.13123e-09
    2.02633e+01      1.55089e-05      1.00000e+02      5.17134e-09
    2.04700e+01      1.54953e-05      1.00000e+02      5.21166e-09
    2.06789e+01      1.54814e-05      1.00000e+02      5.25221e-09
    2.08898e+01      1.54675e-05      1.00000e+02      5.29301e-09
    2.11029e+01      1.54535e-05      1.00000e+02      5.33404e-09
    2.13182e+01      1.54393e-05      1.00000e+02      5.37530e-09
    2.15357e+01      1.54250e-05      1.00000e+02      5.41681e-09
    2.17554e+01      1.54106e-05      1.00000e+02      5.45854e-09
    2.19774e+01      1.53960e-05      1.00000e+02      5.50053e-09
    2.22016e+01      1.53814e-05      1.00000e+02      5.54275e-09
    2.24281e+01      1.53666e-05      1.00000e+02      5.58518e-09
    2.26569e+01      1.53517e-05      1.00000e+02      5.62783e-09
    2.28880e+01      1.53367e-05      1.00000e+02      5.67068e-09
    2.31215e+01      1.53215e-05      1.00000e+02      5.71375e-09
    2.33574e+01      1.53062e-05      1.00000e+02      5.75707e-09
    2.35957e+01      1.52908e-05      1.00000e+02      5.80061e-09
    2.38364e+01      1.52752e-05      1.00000e+02      5.84435e-09
    2.40796e+01      1.52595e-05      1.00000e+02      5.88833e-09
    2.43253e+01      1.52436e-05      1.00000e+02      5.93256e-09
    2.45735e+01      1.52277e-05      1.00000e+02      5.97701e-09
    2.48242e+01      1.52116e-05      1.00000e+02      6.02171e-09
    2.50774e+01      1.51954e-05      1.00000e+02      6.06665e-09
    2.53332e+01      1.51790e-05      1.00000e+02      6.11180e-09
    2.55917e+01      1.51625e-05      1.00000e+02      6.15716e-09
    2.58528e+01      1.51459e-05      1.00000e+02      6.20272e-09
    2.61165e+01      1.51291e-05      1.00000e+02      6.24848e-09
    2.63830e+01      1.51121e-05      1.00000e+02      6.29445e-09
    2.66521e+01      1.50951e-05      1.00000e+02      6.34066e-09
    2.69240e+01      1.50779e-05      1.00000e+02      6.38707e-09
    2.71987e+01      1.50605e-05      1.00000e+02      6.43368e-09
    2.74762e+01      1.50430e-05      1.00000e+02      6.48053e-09
    2.77565e+01      1.50253e-05      1.00000e+02      6.52759e-09
    2.80397e+01      1.50075e-05      1.00000e+02      6.57487e-09
    2.83257e+01      1.49895e-05      1.00000e+02      6.62238e-09
    2.86147e+01      1.49713e-05      1.00000e+02      6.67009e-09
    2.89067e+01      1.49530e-05      1.00000e+02      6.71800e-09
    2.92016e+01      1.49345e-05      1.00000e+02      6.76610e-09
    2.94995e+01      1.49159e-05      1.00000e+02      6.81438e-09
    2.98004e+01      1.48972e-05      1.00000e+02      6.86287e-09
    3.01045e+01      1.48783e-05      1.00000e+02      6.91154e-09
    3.04116e+01      1.48592e-05      1.00000e+02      6.96041e-09
    3.07218e+01      1.48400e-05      1.00000e+02      7.00946e-09
    3.10353e+01      1.48206e-05      1.00000e+02      7.05872e-09
    3.13519e+01      1.48011e-05      1.00000e+02      7.10819e-09
    3.16717e+01      1.47815e-05      1.00000e+02      7.15789e-09
    3.19948e+01      1.47617e-05      1.00000e+02      7.20781e-09
    3.23213e+01      1.47417e-05      1.00000e+02      7.25790e-09
    3.26510e+01      1.47216e-05      1.00000e+02      7.30816e-09
    3.29841e+01      1.47013e-05      1.00000e+02      7.35859e-09
    3.33206e+01      1.46809e-05      1.00000e+02      7.40919e-09
    3.36605e+01      1.46603e-05      1.00000e+02      7.45994e-09
    3.40040e+01      1.46394e-05      1.00000e+02      7.51086e-09
    3.43509e+01      1.46184e-05      1.00000e+02      7.56193e-09
    3.47013e+01      1.45972e-05      1.00000e+02      7.61317e-09
    3.50553e+01      1.45758e-05      1.00000e+02      7.66455e-09
    3.54130e+01      1.45542e-05      1.00000e+02      7.71613e-09
    3.57743e+01      1.45324e-05      1.00000e+02      7.76791e-09
    3.61392e+01      1.45105e-05      1.00000e+02      7.81983e-09
    3.65079e+01      1.44884e-05      1.00000e+02      7.87189e-09
    3.68804e+01      1.44661e-05      1.00000e+02      7.92408e-09
    3.72566e+01      1.44436e-05      1.00000e+02      7.97641e-09
    3.76367e+01      1.44210e-05      1.00000e+02      8.02888e-09
    3.80207e+01      1.43982e-05      1.00000e+02      8.08149e-09
    3.84086e+01      1.43752e-05      1.00000e+02      8.13424e-09
    3.88004e+01      1.43520e-05      1.00000e+02      8.18713e-09
    3.91963e+01      1.43287e-05      1.00000e+02      8.24015e-09
    3.95961e+01      1.43052e-05      1.00000e+02      8.29336e-09
    4.00001e+01      1.42816e-05      1.00000e+02      8.34670e-09
