    Er (keV)         SM dN/dE         BG dN/dE        BSM dN/dE (events/kg/day/keV)
    5.01000e-02      2.33052e-02      5.00000e+00      8.04617e-04
    5.07729e-02      2.29553e-02      5.00000e+00      7.91265e-04
    5.14550e-02      2.26008e-02      5.00000e+00      7.77733e-04
    5.21461e-02      2.22414e-02      5.00000e+00      7.64019e-04
    5.28466e-02      2.18773e-02      5.00000e+00      7.50121e-04
    5.35565e-02      2.15082e-02      5.00000e+00      7.36035e-04
    5.42760e-02      2.11342e-02      5.00000e+00      7.21760e-04
    5.50052e-02      2.07551e-02      5.00000e+00      7.07293e-04
    5.57441e-02      2.03710e-02      5.00000e+00      6.92631e-04
    5.64931e-02      1.99816e-02      5.00000e+00      6.77772e-04
    5.72520e-02      1.95871e-02      5.00000e+00      6.62713e-04
    5.80213e-02      1.91872e-02      5.00000e+00      6.47451e-04
    5.88008e-02      1.87819e-02      5.00000e+00      6.31983e-04
    5.95909e-02      1.83712e-02      5.00000e+00      6.16308e-04
    6.03916e-02      1.79549e-02      5.00000e+00      6.00421e-04
    6.12030e-02      1.75331e-02      5.00000e+00      5.84321e-04
    6.20254e-02      1.71056e-02      5.00000e+00      5.68004e-04
    6.28589e-02      1.66723e-02      5.00000e+00      5.51467e-04
    6.37035e-02      1.62332e-02      5.00000e+00      5.34708e-04
    6.45596e-02      1.57881e-02      5.00000e+00      5.17724e-04
    6.54271e-02      1.53371e-02      5.00000e+00      5.00510e-04
    6.63064e-02      1.48800e-02      5.00000e+00      4.83065e-04
    6.71974e-02      1.44168e-02      5.00000e+00      4.65385e-04
    6.81005e-02      1.39473e-02      5.00000e+00      4.47468e-04
    6.90157e-02      1.34715e-02      5.00000e+00      4.29309e-04
    6.99433e-02      1.29893e-02      5.00000e+00      4.10905e-04
    7.08833e-02      1.25007e-02      5.00000e+00      3.92254e-04
    7.18360e-02      1.20054e-02      5.00000e+00      3.73352e-04
    7.28014e-02      1.15035e-02      5.00000e+00      3.54196e-04
    7.37799e-02      1.09948e-02      5.00000e+00      3.34782e-04
    7.47716e-02      1.04793e-02      5.00000e+00      3.15106e-04
    7.57766e-02      9.95680e-03      5.00000e+00      2.95166e-04
    7.67951e-02      9.42730e-03      5.00000e+00      2.74957e-04
    7.78274e-02      8.89067e-03      5.00000e+00      2.54476e-04
    7.88735e-02      8.34683e-03      5.00000e+00      2.33720e-04
    7.99337e-02      7.79566e-03      5.00000e+00      2.12684e-04
    8.10082e-02      7.23708e-03      5.00000e+00      1.91365e-04
    8.20971e-02      6.67097e-03      5.00000e+00      1.69760e-04
    8.32007e-02      6.09725e-03      5.00000e+00      1.47863e-04
    8.43192e-02      5.51581e-03      5.00000e+00      1.25672e-04
    8.54527e-02      4.92654e-03      5.00000e+00      1.03182e-04
    8.66014e-02      4.32934e-03      5.00000e+00      8.03892e-05
    8.77657e-02      3.72410e-03      5.00000e+00      5.72898e-05
    8.89456e-02      3.11071e-03      5.00000e+00      3.38795e-05
    9.01413e-02      2.48908e-03      5.00000e+00      1.01541e-05
    9.13532e-02      2.34596e-03      5.00000e+00      5.91012e-06
    9.25814e-02      2.30566e-03      5.00000e+00      5.86876e-06
    9.38261e-02      2.26481e-03      5.00000e+00      5.82685e-06
    9.50875e-02      2.22342e-03      5.00000e+00      5.78437e-06
    9.63660e-02      2.18147e-03      5.00000e+00      5.74132e-06
    9.76616e-02      2.13895e-03      5.00000e+00      5.69769e-06
    9.89747e-02      2.09587e-03      5.00000e+00      5.65347e-06
    1.00305e-01      2.05220e-03      5.00000e+00      5.60866e-06
    1.01654e-01      2.00795e-03      5.00000e+00      5.56325e-06
    1.03021e-01      1.96310e-03      5.00000e+00      5.51722e-06
    1.04406e-01      1.91764e-03      5.00000e+00      5.47058e-06
    1.05810e-01      1.87158e-03      5.00000e+00      5.42330e-06
    1.07233e-01      1.82489e-03      5.00000e+00      5.37539e-06
    1.08675e-01      1.77758e-03      5.00000e+00      5.32684e-06
    1.10136e-01      1.72963e-03      5.00000e+00      5.27763e-06
    1.11617e-01      1.68103e-03      5.00000e+00      5.22776e-06
    1.13118e-01      1.63178e-03      5.00000e+00      5.17722e-06
    1.14639e-01      1.58187e-03      5.00000e+00      5.12600e-06
    1.16181e-01      1.53128e-03      5.00000e+00      5.07409e-06
    1.17743e-01      1.48002e-03      5.00000e+00      5.02148e-06
    1.19326e-01      1.42806e-03      5.00000e+00      4.96816e-06
    1.20931e-01      1.37540e-03      5.00000e+00      4.91413e-06
    1.22557e-01      1.32204e-03      5.00000e+00      4.85937e-06
    1.24205e-01      1.26796e-03      5.00000e+00      4.80387e-06
    1.25876e-01      1.21315e-03      5.00000e+00      4.74762e-06
    1.27568e-01      1.15760e-03      5.00000e+00      4.69062e-06
    1.29284e-01      1.10131e-03      5.00000e+00      4.63285e-06
    1.31023e-01      1.04789e-03      5.00000e+00      4.54916e-06
    1.32785e-01      1.01035e-03      5.00000e+00      4.34948e-06
    1.34571e-01      9.72307e-04      5.00000e+00      4.14711e-06
    1.36380e-01      9.33752e-04      5.00000e+00      3.94202e-06
    1.38215e-01      8.94678e-04      5.00000e+00      3.73416e-06
    1.40074e-01      8.55078e-04      5.00000e+00      3.52351e-06
    1.41957e-01      8.14945e-04      5.00000e+00      3.31002e-06
    1.43867e-01      7.74272e-04      5.00000e+00      3.09366e-06
    1.45802e-01      7.33051e-04      5.00000e+00      2.87439e-06
    1.47763e-01      6.91276e-04      5.00000e+00      2.65217e-06
    1.49750e-01      6.48938e-04      5.00000e+00      2.42695e-06
    1.51764e-01      6.06031e-04      5.00000e+00      2.19871e-06
    1.53805e-01      5.62546e-04      5.00000e+00      1.96739e-06
    1.55874e-01      5.18476e-04      5.00000e+00      1.73296e-06
    1.57971e-01      4.73813e-04      5.00000e+00      1.49538e-06
    1.60095e-01      4.28548e-04      5.00000e+00      1.25459e-06
    1.62249e-01      3.82675e-04      5.00000e+00      1.01057e-06
    1.64431e-01      3.36184e-04      5.00000e+00      7.63259e-07
    1.66643e-01      2.89067e-04      5.00000e+00      5.12622e-07
    1.68884e-01      2.41316e-04      5.00000e+00      2.58612e-07
    1.71156e-01      1.94947e-04      5.00000e+00      1.19987e-08
    1.73458e-01      1.94707e-04      5.00000e+00      1.18627e-08
    1.75792e-01      1.94465e-04      5.00000e+00      1.17248e-08
    1.78156e-01      1.94219e-04      5.00000e+00      1.15850e-08
    1.80553e-01      1.93969e-04      5.00000e+00      1.14434e-08
    1.82981e-01      1.93716e-04      5.00000e+00      1.12999e-08
    1.85443e-01      1.93460e-04      5.00000e+00      1.11544e-08
    1.87937e-01      1.93200e-04      5.00000e+00      1.10070e-08
    1.90465e-01      1.92937e-04      5.00000e+00      1.08576e-08
    1.93028e-01      1.92671e-04      5.00000e+00      1.07062e-08
    1.95624e-01      1.92400e-04      5.00000e+00      1.05527e-08
    1.98256e-01      1.92127e-04      5.00000e+00      1.03972e-08
    2.00923e-01      1.91849e-04      5.00000e+00      1.02396e-08
    2.03626e-01      1.91568e-04      5.00000e+00      1.00799e-08
    2.06365e-01      1.91282e-04      5.00000e+00      9.91800e-09
    2.09141e-01      1.90994e-04      5.00000e+00      9.75394e-09
    2.11954e-01      1.90703e-04      5.00000e+00      9.59708e-09
    2.14806e-01      1.90420e-04      5.00000e+00      9.47823e-09
    2.17695e-01      1.90133e-04      5.00000e+00      9.35779e-09
    2.20624e-01      1.89841e-04      5.00000e+00      9.23572e-09
    2.23592e-01      1.89546e-04      5.00000e+00      9.11201e-09
    2.26600e-01      1.89247e-04      5.00000e+00      8.98664e-09
    2.29649e-01      1.88944e-04      5.00000e+00      8.85957e-09
    2.32738e-01      1.88637e-04      5.00000e+00      8.73080e-09
    2.35869e-01      1.88326e-04      5.00000e+00      8.60030e-09
    2.39042e-01      1.88011e-04      5.00000e+00      8.46803e-09
    2.42258e-01      1.87691e-04      5.00000e+00      8.33399e-09
    2.45517e-01      1.87367e-04      5.00000e+00      8.19814e-09
    2.48821e-01      1.87039e-04      5.00000e+00      8.06047e-09
    2.52168e-01      1.86707e-04      5.00000e+00      7.92531e-09
    2.55561e-01      1.86384e-04      5.00000e+00      7.82089e-09
    2.58999e-01      1.86056e-04      5.00000e+00      7.71507e-09
    2.62483e-01      1.85724e-04      5.00000e+00      7.60782e-09
    2.66015e-01      1.85387e-04      5.00000e+00      7.49914e-09
    2.69594e-01      1.85046e-04      5.00000e+00      7.38898e-09
    2.73221e-01      1.84700e-04      5.00000e+00      7.27735e-09
    2.76897e-01      1.84350e-04      5.00000e+00      7.16421e-09
    2.80622e-01      1.83995e-04      5.00000e+00      7.04955e-09
    2.84398e-01      1.83635e-04      5.00000e+00      6.93335e-09
    2.88224e-01      1.83270e-04      5.00000e+00      6.81558e-09
    2.92102e-01      1.82900e-04      5.00000e+00      6.69623e-09
    2.96032e-01      1.82540e-04      5.00000e+00      6.60357e-09
    3.00015e-01      1.82175e-04      5.00000e+00      6.50979e-09
    3.04052e-01      1.81806e-04      5.00000e+00      6.41476e-09
    3.08142e-01      1.81431e-04      5.00000e+00      6.31844e-09
    3.12288e-01      1.81051e-04      5.00000e+00      6.22083e-09
    3.16490e-01      1.80667e-04      5.00000e+00      6.12191e-09
    3.20748e-01      1.80276e-04      5.00000e+00      6.02165e-09
    3.25064e-01      1.79881e-04      5.00000e+00      5.92005e-09
    3.29438e-01      1.79481e-04      5.00000e+00      5.81708e-09
    3.33870e-01      1.79079e-04      5.00000e+00      5.71974e-09
    3.38362e-01      1.78683e-04      5.00000e+00      5.63655e-09
    3.42915e-01      1.78281e-04      5.00000e+00      5.55225e-09
    3.47529e-01      1.77874e-04      5.00000e+00      5.46682e-09
    3.52205e-01      1.77461e-04      5.00000e+00      5.38024e-09
    3.56944e-01      1.77043e-04      5.00000e+00      5.29249e-09
    3.61747e-01      1.76619e-04      5.00000e+00      5.20356e-09
    3.66614e-01      1.76189e-04      5.00000e+00      5.11343e-09
    3.71547e-01      1.75754e-04      5.00000e+00      5.02209e-09
    3.76546e-01      1.75324e-04      5.00000e+00      4.94300e-09
    3.81613e-01      1.74893e-04      5.00000e+00      4.86755e-09
    3.86748e-01      1.74455e-04      5.00000e+00      4.79108e-09
    3.91952e-01      1.74012e-04      5.00000e+00      4.71359e-09
    3.97226e-01      1.73563e-04      5.00000e+00      4.63505e-09
    4.02571e-01      1.73108e-04      5.00000e+00      4.55546e-09
    4.07987e-01      1.72647e-04      5.00000e+00      4.47480e-09
    4.13477e-01      1.72180e-04      5.00000e+00      4.39384e-09
    4.19041e-01      1.71722e-04      5.00000e+00      4.32597e-09
    4.24679e-01      1.71258e-04      5.00000e+00      4.25719e-09
    4.30394e-01      1.70788e-04      5.00000e+00      4.18747e-09
    4.36185e-01      1.70312e-04      5.00000e+00      4.11683e-09
    4.42054e-01      1.69829e-04      5.00000e+00      4.04523e-09
    4.48003e-01      1.69339e-04      5.00000e+00      3.97266e-09
    4.54031e-01      1.68844e-04      5.00000e+00      3.90014e-09
    4.60140e-01      1.68357e-04      5.00000e+00      3.83813e-09
    4.66332e-01      1.67864e-04      5.00000e+00      3.77528e-09
    4.72607e-01      1.67364e-04      5.00000e+00      3.71159e-09
    4.78966e-01      1.66857e-04      5.00000e+00      3.64705e-09
    4.85412e-01      1.66343e-04      5.00000e+00      3.58163e-09
    4.91943e-01      1.65822e-04      5.00000e+00      3.51533e-09
    4.98563e-01      1.65306e-04      5.00000e+00      3.45559e-09
    5.05272e-01      1.64787e-04      5.00000e+00      3.39819e-09
    5.12071e-01      1.64262e-04      5.00000e+00      3.34001e-09
    5.18962e-01      1.63729e-04      5.00000e+00      3.28105e-09
    5.25945e-01      1.63190e-04      5.00000e+00      3.22130e-09
    5.33022e-01      1.62643e-04      5.00000e+00      3.16075e-09
    5.40195e-01      1.62103e-04      5.00000e+00      3.10689e-09
    5.47464e-01      1.61559e-04      5.00000e+00      3.05386e-09
    5.54831e-01      1.61007e-04      5.00000e+00      3.00012e-09
    5.62297e-01      1.60448e-04      5.00000e+00      2.94566e-09
    5.69864e-01      1.59882e-04      5.00000e+00      2.89047e-09
    5.77532e-01      1.59314e-04      5.00000e+00      2.83751e-09
    5.85304e-01      1.58749e-04      5.00000e+00      2.78870e-09
    5.93180e-01      1.58177e-04      5.00000e+00      2.73923e-09
    6.01162e-01      1.57596e-04      5.00000e+00      2.68910e-09
    6.09252e-01      1.57008e-04      5.00000e+00      2.63829e-09
    6.17451e-01      1.56417e-04      5.00000e+00      2.58887e-09
    6.25759e-01      1.55830e-04      5.00000e+00      2.54355e-09
    6.34180e-01      1.55236e-04      5.00000e+00      2.49762e-09
    6.42714e-01      1.54633e-04      5.00000e+00      2.45108e-09
    6.51363e-01      1.54022e-04      5.00000e+00      2.40391e-09
    6.60129e-01      1.53412e-04      5.00000e+00      2.35939e-09
    6.69012e-01      1.52802e-04      5.00000e+00      2.31699e-09
    6.78015e-01      1.52183e-04      5.00000e+00      2.27402e-09
    6.87139e-01      1.51556e-04      5.00000e+00      2.23047e-09
    6.96386e-01      1.50922e-04      5.00000e+00      2.18675e-09
    7.05757e-01      1.50295e-04      5.00000e+00      2.14735e-09
    7.15254e-01      1.49661e-04      5.00000e+00      2.10741e-09
    7.24880e-01      1.49017e-04      5.00000e+00      2.06694e-09
    7.34634e-01      1.48365e-04      5.00000e+00      2.02592e-09
    7.44521e-01      1.47719e-04      5.00000e+00      1.98842e-09
    7.54540e-01      1.47068e-04      5.00000e+00      1.95107e-09
    7.64694e-01      1.46407e-04      5.00000e+00      1.91323e-09
    7.74984e-01      1.45737e-04      5.00000e+00      1.87487e-09
    7.85414e-01      1.45074e-04      5.00000e+00      1.83967e-09
    7.95983e-01      1.44404e-04      5.00000e+00      1.80455e-09
    8.06695e-01      1.43725e-04      5.00000e+00      1.76897e-09
    8.17551e-01      1.43038e-04      5.00000e+00      1.73319e-09
    8.28553e-01      1.42359e-04      5.00000e+00      1.70046e-09
    8.39703e-01      1.41670e-04      5.00000e+00      1.66728e-09
    8.51003e-01      1.40972e-04      5.00000e+00      1.63365e-09
    8.62456e-01      1.40273e-04      5.00000e+00      1.60118e-09
    8.74062e-01      1.39574e-04      5.00000e+00      1.57010e-09
    8.85825e-01      1.38866e-04      5.00000e+00      1.53861e-09
    8.97746e-01      1.38149e-04      5.00000e+00      1.50678e-09
    9.09827e-01      1.37439e-04      5.00000e+00      1.47755e-09
    9.22071e-01      1.36720e-04      5.00000e+00      1.44793e-09
    9.34480e-01      1.35991e-04      5.00000e+00      1.41791e-09
    9.47056e-01      1.35265e-04      5.00000e+00      1.38958e-09
    9.59801e-01      1.34534e-04      5.00000e+00      1.36161e-09
    9.72717e-01      1.33793e-04      5.00000e+00      1.33327e-09
    9.85808e-01      1.33053e-04      5.00000e+00      1.30606e-09
    9.99074e-01      1.32311e-04      5.00000e+00      1.27957e-09
    1.01252e+00      1.31559e-04      5.00000e+00      1.25272e-09
    1.02615e+00      1.30806e-04      5.00000e+00      1.22684e-09
    1.03996e+00      1.30052e-04      5.00000e+00      1.20166e-09
    1.05395e+00      1.29287e-04      5.00000e+00      1.17614e-09
    1.06813e+00      1.28524e-04      5.00000e+00      1.15171e-09
    1.08251e+00      1.27757e-04      5.00000e+00      1.12771e-09
    1.09708e+00      1.26980e-04      5.00000e+00      1.10338e-09
    1.11184e+00      1.26207e-04      5.00000e+00      1.08045e-09
    1.12680e+00      1.25426e-04      5.00000e+00      1.05750e-09
    1.14197e+00      1.24638e-04      5.00000e+00      1.03454e-09
    1.15734e+00      1.23854e-04      5.00000e+00      1.01284e-09
    1.17291e+00      1.23060e-04      5.00000e+00      9.90849e-10
    1.18870e+00      1.22265e-04      5.00000e+00      9.69516e-10
    1.20469e+00      1.21468e-04      5.00000e+00      9.48665e-10
    1.22091e+00      1.20660e-04      5.00000e+00      9.27598e-10
    1.23734e+00      1.19860e-04      5.00000e+00      9.07790e-10
    1.25399e+00      1.19049e-04      5.00000e+00      8.87715e-10
    1.27087e+00      1.18238e-04      5.00000e+00      8.68270e-10
    1.28797e+00      1.17423e-04      5.00000e+00      8.49152e-10
    1.30530e+00      1.16601e-04      5.00000e+00      8.30122e-10
    1.32287e+00      1.15782e-04      5.00000e+00      8.11883e-10
    1.34067e+00      1.14951e-04      5.00000e+00      7.93398e-10
    1.35872e+00      1.14128e-04      5.00000e+00      7.75918e-10
    1.37700e+00      1.13293e-04      5.00000e+00      7.58250e-10
    1.39553e+00      1.12461e-04      5.00000e+00      7.41248e-10
    1.41431e+00      1.11621e-04      5.00000e+00      7.24326e-10
    1.43335e+00      1.10781e-04      5.00000e+00      7.07852e-10
    1.45264e+00      1.09937e-04      5.00000e+00      6.91622e-10
    1.47219e+00      1.09090e-04      5.00000e+00      6.75706e-10
    1.49200e+00      1.08242e-04      5.00000e+00      6.60113e-10
    1.51208e+00      1.07391e-04      5.00000e+00      6.44776e-10
    1.53243e+00      1.06538e-04      5.00000e+00      6.29775e-10
    1.55305e+00      1.05682e-04      5.00000e+00      6.15026e-10
    1.57395e+00      1.04824e-04      5.00000e+00      6.00570e-10
    1.59514e+00      1.03964e-04      5.00000e+00      5.86411e-10
    1.61660e+00      1.03101e-04      5.00000e+00      5.72464e-10
    1.63836e+00      1.02238e-04      5.00000e+00      5.58891e-10
    1.66041e+00      1.01369e-04      5.00000e+00      5.45417e-10
    1.68276e+00      1.00503e-04      5.00000e+00      5.32423e-10
    1.70540e+00      9.96285e-05      5.00000e+00      5.19419e-10
    1.72835e+00      9.87598e-05      5.00000e+00      5.06964e-10
    1.75162e+00      9.78844e-05      5.00000e+00      4.94547e-10
    1.77519e+00      9.70096e-05      5.00000e+00      4.82473e-10
    1.79908e+00      9.61334e-05      5.00000e+00      4.70627e-10
    1.82329e+00      9.52529e-05      5.00000e+00      4.58908e-10
    1.84783e+00      9.43761e-05      5.00000e+00      4.47614e-10
    1.87270e+00      9.34938e-05      5.00000e+00      4.36394e-10
    1.89790e+00      9.26124e-05      5.00000e+00      4.25468e-10
    1.92344e+00      9.17308e-05      5.00000e+00      4.14785e-10
    1.94933e+00      9.08451e-05      5.00000e+00      4.04208e-10
    1.97557e+00      8.99637e-05      5.00000e+00      3.93985e-10
    2.00215e+00      8.90800e-05      5.00000e+00      3.83924e-10
    2.02910e+00      8.81927e-05      5.00000e+00      3.73988e-10
    2.05641e+00      8.73092e-05      5.00000e+00      3.64388e-10
    2.08408e+00      8.64238e-05      5.00000e+00      3.54941e-10
    2.11213e+00      8.55357e-05      5.00000e+00      3.45631e-10
    2.14056e+00      8.46497e-05      5.00000e+00      3.36587e-10
    2.16937e+00      8.37648e-05      5.00000e+00      3.27739e-10
    2.19856e+00      8.28790e-05      5.00000e+00      3.19034e-10
    2.22815e+00      8.19932e-05      5.00000e+00      3.10492e-10
    2.25814e+00      8.11110e-05      5.00000e+00      3.02222e-10
    2.28853e+00      8.02274e-05      5.00000e+00      2.94092e-10
    2.31933e+00      7.93431e-05      5.00000e+00      2.86111e-10
    2.35054e+00      7.84587e-05      5.00000e+00      2.78282e-10
    2.38218e+00      7.75792e-05      5.00000e+00      2.70696e-10
    2.41424e+00      7.66996e-05      5.00000e+00      2.63259e-10
    2.44673e+00      7.58200e-05      5.00000e+00      2.55967e-10
    2.47966e+00      7.49408e-05      5.00000e+00      2.48823e-10
    2.51303e+00      7.40631e-05      5.00000e+00      2.41830e-10
    2.54685e+00      7.31898e-05      5.00000e+00      2.35032e-10
    2.58113e+00      7.23185e-05      5.00000e+00      2.28386e-10
    2.61587e+00      7.14488e-05      5.00000e+00      2.21883e-10
    2.65107e+00      7.05809e-05      5.00000e+00      2.15521e-10
    2.68675e+00      6.97149e-05      5.00000e+00      2.09301e-10
    2.72291e+00      6.88510e-05      5.00000e+00      2.03219e-10
    2.75956e+00      6.79892e-05      5.00000e+00      1.97278e-10
    2.79670e+00      6.71295e-05      5.00000e+00      1.91474e-10
    2.83434e+00      6.62726e-05      5.00000e+00      1.85805e-10
    2.87248e+00      6.54207e-05      5.00000e+00      1.80284e-10
    2.91114e+00      6.45711e-05      5.00000e+00      1.74890e-10
    2.95032e+00      6.37250e-05      5.00000e+00      1.69622e-10
    2.99003e+00      6.28825e-05      5.00000e+00      1.64480e-10
    3.03027e+00      6.20434e-05      5.00000e+00      1.59458e-10
    3.07105e+00      6.12079e-05      5.00000e+00      1.54558e-10
    3.11239e+00      6.03758e-05      5.00000e+00      1.49775e-10
    3.15428e+00      5.95483e-05      5.00000e+00      1.45108e-10
    3.19673e+00      5.87256e-05      5.00000e+00      1.40556e-10
    3.23975e+00      5.79071e-05      5.00000e+00      1.36121e-10
    3.28335e+00      5.70930e-05      5.00000e+00      1.31798e-10
    3.32754e+00      5.62838e-05      5.00000e+00      1.27584e-10
    3.37233e+00      5.54787e-05      5.00000e+00      1.23473e-10
    3.41771e+00      5.46785e-05      5.00000e+00      1.19465e-10
    3.46371e+00      5.38844e-05      5.00000e+00      1.15558e-10
    3.51033e+00      5.30954e-05      5.00000e+00      1.11750e-10
    3.55757e+00      5.23112e-05      5.00000e+00      1.08035e-10
    3.60545e+00      5.15328e-05      5.00000e+00      1.04424e-10
    3.65398e+00      5.07612e-05      5.00000e+00      1.00913e-10
    3.70315e+00      4.99953e-05      5.00000e+00      9.74898e-11
    3.75299e+00      4.92345e-05      5.00000e+00      9.41530e-11
    3.80350e+00      4.84788e-05      5.00000e+00      9.09001e-11
    3.85469e+00      4.77322e-05      5.00000e+00      8.77505e-11
    3.90657e+00      4.69916e-05      5.00000e+00      8.46799e-11
    3.95915e+00      4.62571e-05      5.00000e+00      8.16869e-11
    4.01243e+00      4.55303e-05      5.00000e+00      7.87824e-11
    4.06644e+00      4.48103e-05      5.00000e+00      7.59596e-11
    4.12116e+00      4.40961e-05      5.00000e+00      7.32075e-11
    4.17663e+00      4.33901e-05      5.00000e+00      7.05404e-11
    4.23284e+00      4.26911e-05      5.00000e+00      6.79462e-11
    4.28981e+00      4.19996e-05      5.00000e+00      6.54217e-11
    4.34755e+00      4.13176e-05      5.00000e+00      6.29787e-11
    4.40606e+00      4.06418e-05      5.00000e+00      6.05969e-11
    4.46536e+00      3.99756e-05      5.00000e+00      5.82941e-11
    4.52546e+00      3.93154e-05      5.00000e+00      5.60507e-11
    4.58636e+00      3.86643e-05      5.00000e+00      5.38802e-11
    4.64809e+00      3.80216e-05      5.00000e+00      5.17687e-11
    4.71065e+00      3.73889e-05      5.00000e+00      4.97283e-11
    4.77404e+00      3.67628e-05      5.00000e+00      4.77425e-11
    4.83830e+00      3.61466e-05      5.00000e+00      4.58241e-11
    4.90341e+00      3.55381e-05      5.00000e+00      4.39612e-11
    4.96941e+00      3.49389e-05      5.00000e+00      4.21557e-11
    5.03629e+00      3.43505e-05      5.00000e+00      4.04118e-11
    5.10407e+00      3.37703e-05      5.00000e+00      3.87198e-11
    5.17277e+00      3.31985e-05      5.00000e+00      3.70812e-11
    5.24239e+00      3.26372e-05      5.00000e+00      3.54994e-11
    5.31294e+00      3.20853e-05      5.00000e+00      3.39681e-11
    5.38445e+00      3.15419e-05      5.00000e+00      3.24855e-11
    5.45691e+00      3.10081e-05      5.00000e+00      3.10521e-11
    5.53036e+00      3.04856e-05      5.00000e+00      2.96702e-11
    5.60479e+00      2.99725e-05      5.00000e+00      2.83346e-11
    5.68022e+00      2.94693e-05      5.00000e+00      2.70445e-11
    5.75667e+00      2.89756e-05      5.00000e+00      2.57988e-11
    5.83415e+00      2.84918e-05      5.00000e+00      2.45969e-11
    5.91267e+00      2.80178e-05      5.00000e+00      2.34374e-11
    5.99225e+00      2.75545e-05      5.00000e+00      2.23200e-11
    6.07289e+00      2.71015e-05      5.00000e+00      2.12431e-11
    6.15463e+00      2.66590e-05      5.00000e+00      2.02062e-11
    6.23746e+00      2.62262e-05      5.00000e+00      1.92075e-11
    6.32141e+00      2.58029e-05      5.00000e+00      1.82461e-11
    6.40649e+00      2.53907e-05      5.00000e+00      1.73215e-11
    6.49271e+00      2.49889e-05      5.00000e+00      1.64324e-11
    6.58010e+00      2.45974e-05      5.00000e+00      1.55778e-11
    6.66866e+00      2.42153e-05      5.00000e+00      1.47564e-11
    6.75841e+00      2.38436e-05      5.00000e+00      1.39688e-11
    6.84937e+00      2.34836e-05      5.00000e+00      1.32136e-11
    6.94155e+00      2.31328e-05      5.00000e+00      1.24882e-11
    7.03498e+00      2.27918e-05      5.00000e+00      1.17929e-11
    7.12966e+00      2.24615e-05      5.00000e+00      1.11277e-11
    7.22562e+00      2.21412e-05      5.00000e+00      1.04904e-11
    7.32287e+00      2.18306e-05      5.00000e+00      9.88059e-12
    7.42142e+00      2.15306e-05      5.00000e+00      9.29810e-12
    7.52131e+00      2.12401e-05      5.00000e+00      8.74093e-12
    7.62253e+00      2.09599e-05      5.00000e+00      8.20963e-12
    7.72512e+00      2.06892e-05      5.00000e+00      7.70227e-12
    7.82910e+00      2.04280e-05      5.00000e+00      7.21871e-12
    7.93447e+00      2.01764e-05      5.00000e+00      6.75808e-12
    8.04125e+00      1.99343e-05      5.00000e+00      6.31924e-12
    8.14948e+00      1.97022e-05      5.00000e+00      5.90269e-12
    8.25916e+00      1.94789e-05      5.00000e+00      5.50659e-12
    8.37032e+00      1.92643e-05      5.00000e+00      5.13008e-12
    8.48298e+00      1.90588e-05      5.00000e+00      4.77308e-12
    8.59715e+00      1.88627e-05      5.00000e+00      4.43535e-12
    8.71285e+00      1.86752e-05      5.00000e+00      4.11551e-12
    8.83012e+00      1.84950e-05      5.00000e+00      3.81252e-12
    8.94896e+00      1.83247e-05      5.00000e+00      3.52711e-12
    9.06941e+00      1.81619e-05      5.00000e+00      3.25730e-12
    9.19147e+00      1.80068e-05      5.00000e+00      3.00314e-12
    9.31518e+00      1.78600e-05      5.00000e+00      2.76408e-12
    9.44055e+00      1.77205e-05      5.00000e+00      2.53919e-12
    9.56761e+00      1.75885e-05      5.00000e+00      2.32822e-12
    9.69637e+00      1.74637e-05      5.00000e+00      2.13037e-12
    9.82688e+00      1.73460e-05      5.00000e+00      1.94553e-12
    9.95914e+00      1.72351e-05      5.00000e+00      1.77266e-12
    1.00932e+01      1.71305e-05      5.00000e+00      1.61130e-12
    1.02290e+01      1.70325e-05      5.00000e+00      1.46128e-12
    1.03667e+01      1.69403e-05      5.00000e+00      1.32166e-12
    1.05062e+01      1.68542e-05      5.00000e+00      1.19227e-12
    1.06476e+01      1.67737e-05      5.00000e+00      1.07254e-12
    1.07909e+01      1.66983e-05      5.00000e+00      9.61830e-13
    1.09362e+01      1.66283e-05      5.00000e+00      8.59919e-13
    1.10833e+01      1.65632e-05      5.00000e+00      7.66323e-13
    1.12325e+01      1.65024e-05      5.00000e+00      6.80305e-13
    1.13837e+01      1.64464e-05      5.00000e+00      6.01926e-13
    1.15369e+01      1.63943e-05      5.00000e+00      5.30292e-13
    1.16922e+01      1.63462e-05      5.00000e+00      4.65360e-13
    1.18495e+01      1.63017e-05      5.00000e+00      4.06553e-13
    1.20090e+01      1.62605e-05      5.00000e+00      3.53475e-13
    1.21706e+01      1.62226e-05      5.00000e+00      3.05822e-13
    1.23344e+01      1.61876e-05      5.00000e+00      2.63232e-13
    1.25005e+01      1.61552e-05      5.00000e+00      2.25285e-13
    1.26687e+01      1.61252e-05      5.00000e+00      1.91564e-13
    1.28392e+01      1.60975e-05      5.00000e+00      1.61977e-13
    1.30120e+01      1.60719e-05      5.00000e+00      1.36096e-13
    1.31871e+01      1.60478e-05      5.00000e+00      1.13442e-13
    1.33646e+01      1.60256e-05      5.00000e+00      9.39933e-14
    1.35445e+01      1.60046e-05      5.00000e+00      7.72589e-14
    1.37268e+01      1.59849e-05      5.00000e+00      6.29943e-14
    1.39115e+01      1.59662e-05      5.00000e+00      5.09920e-14
    1.40988e+01      1.59482e-05      5.00000e+00      4.09540e-14
    1.42885e+01      1.59310e-05      5.00000e+00      3.26743e-14
    1.44808e+01      1.59144e-05      5.00000e+00      2.59218e-14
    1.46757e+01      1.58985e-05      5.00000e+00      2.04542e-14
    1.48732e+01      1.58827e-05      5.00000e+00      1.60719e-14
    1.50734e+01      1.58672e-05      5.00000e+00      1.25965e-14
    1.52763e+01      1.58519e-05      5.00000e+00      9.86610e-15
    1.54819e+01      1.58366e-05      5.00000e+00      7.75995e-15
    1.56903e+01      1.58214e-05      5.00000e+00      6.14135e-15
    1.59014e+01      1.58063e-05      5.00000e+00      4.90273e-15
    1.61155e+01      1.57911e-05      5.00000e+00      3.94857e-15
    1.63323e+01      1.57758e-05      5.00000e+00      3.21423e-15
    1.65522e+01      1.57605e-05      5.00000e+00      2.65884e-15
    1.67749e+01      1.57450e-05      5.00000e+00      2.22623e-15
    1.70007e+01      1.57293e-05      5.00000e+00      1.88971e-15
    1.72295e+01      1.57135e-05      5.00000e+00      1.62437e-15
    1.74614e+01      1.56976e-05      5.00000e+00      1.41175e-15
    1.76964e+01      1.56815e-05      5.00000e+00      1.23828e-15
    1.79346e+01      1.56653e-05      5.00000e+00      1.09446e-15
    1.81760e+01      1.56489e-05      5.00000e+00      9.72758e-16
    1.84206e+01      1.56324e-05      5.00000e+00      8.67431e-16
    1.86685e+01      1.56156e-05      5.00000e+00      7.74993e-16
    1.89198e+01      1.55987e-05      5.00000e+00      6.93137e-16
    1.91744e+01      1.55816e-05      5.00000e+00      6.19357e-16
    1.94325e+01      1.55643e-05      5.00000e+00      5.52322e-16
    1.96940e+01      1.55468e-05      5.00000e+00      4.91475e-16
    1.99591e+01      1.55292e-05      5.00000e+00      4.35661e-16
    2.02277e+01      1.55113e-05      5.00000e+00      3.84301e-16
    2.05000e+01      1.54933e-05      5.00000e+00      3.37117e-16
    2.07759e+01      1.54750e-05      5.00000e+00      2.94081e-16
    2.10555e+01      1.54566e-05      5.00000e+00      2.55350e-16
    2.13389e+01      1.54379e-05      5.00000e+00      2.20180e-16
    2.16261e+01      1.54191e-05      5.00000e+00      1.88401e-16
    2.19171e+01      1.54000e-05      5.00000e+00      1.59788e-16
    2.22121e+01      1.53807e-05      5.00000e+00      1.34103e-16
    2.25111e+01      1.53612e-05      5.00000e+00      1.11691e-16
    2.28140e+01      1.53415e-05      5.00000e+00      9.19653e-17
    2.31211e+01      1.53215e-05      5.00000e+00      7.46139e-17
    2.34323e+01      1.53013e-05      5.00000e+00      5.95735e-17
    2.37477e+01      1.52809e-05      5.00000e+00      4.68159e-17
    2.40673e+01      1.52603e-05      5.00000e+00      3.59722e-17
    2.43912e+01      1.52394e-05      5.00000e+00      2.69568e-17
    2.47195e+01      1.52183e-05      5.00000e+00      1.96527e-17
    2.50522e+01      1.51970e-05      5.00000e+00      1.37699e-17
    2.53894e+01      1.51754e-05      5.00000e+00      9.21391e-18
    2.57311e+01      1.51536e-05      5.00000e+00      5.87301e-18
    2.60774e+01      1.51316e-05      5.00000e+00      3.49366e-18
    2.64284e+01      1.51093e-05      5.00000e+00      1.99939e-18
    2.67840e+01      1.50867e-05      5.00000e+00      1.25604e-18
    2.71445e+01      1.50640e-05      5.00000e+00      9.84111e-19
    2.75099e+01      1.50409e-05      5.00000e+00      7.51841e-19
    2.78801e+01      1.50175e-05      5.00000e+00      5.54330e-19
    2.82554e+01      1.49939e-05      5.00000e+00      3.89982e-19
    2.86356e+01      1.49700e-05      5.00000e+00      2.57241e-19
    2.90211e+01      1.49458e-05      5.00000e+00      1.53880e-19
    2.94116e+01      1.49214e-05      5.00000e+00      7.85478e-20
    2.98075e+01      1.48968e-05      5.00000e+00      2.91932e-20
    3.02087e+01      1.48718e-05      5.00000e+00      4.02084e-21
    3.06153e+01      1.48466e-05      5.00000e+00      -1.91566e-190
    3.10273e+01      1.48211e-05      5.00000e+00      -1.88765e-190
    3.14449e+01      1.47954e-05      5.00000e+00      -1.86000e-190
    3.18681e+01      1.47695e-05      5.00000e+00      -1.83270e-190
    3.22970e+01      1.47432e-05      5.00000e+00      -1.80575e-190
    3.27317e+01      1.47167e-05      5.00000e+00      -1.77915e-190
    3.31722e+01      1.46899e-05      5.00000e+00      -1.75289e-190
    3.36187e+01      1.46628e-05      5.00000e+00      -1.72696e-190
    3.40712e+01      1.46354e-05      5.00000e+00      -1.70137e-190
    3.45297e+01      1.46076e-05      5.00000e+00      -1.67611e-190
    3.49945e+01      1.45795e-05      5.00000e+00      -1.65117e-190
    3.54655e+01      1.45510e-05      5.00000e+00      -1.62655e-190
    3.59428e+01      1.45223e-05      5.00000e+00      -1.60225e-190
    3.64265e+01      1.44932e-05      5.00000e+00      -1.57827e-190
    3.69168e+01      1.44639e-05      5.00000e+00      -1.55459e-190
    3.74137e+01      1.44343e-05      5.00000e+00      -1.53122e-190
    3.79172e+01      1.44043e-05      5.00000e+00      -1.50815e-190
    3.84275e+01      1.43741e-05      5.00000e+00      -1.48538e-190
    3.89447e+01      1.43435e-05      5.00000e+00      -1.46290e-190
    3.94689e+01      1.43127e-05      5.00000e+00      -1.44072e-190
    4.00001e+01      1.42816e-05      5.00000e+00      -1.41882e-190
