    Er (keV)         SM dN/dE         BG dN/dE        BSM dN/dE (events/kg/day/keV)
    5.01000e-02      1.11864e+02      1.00000e+01      6.13569e-02
    5.07438e-02      1.11151e+02      1.00000e+01      6.05683e-02
    5.13959e-02      1.10429e+02      1.00000e+01      5.97695e-02
    5.20564e-02      1.09698e+02      1.00000e+01      5.89604e-02
    5.27254e-02      1.08957e+02      1.00000e+01      5.81409e-02
    5.34030e-02      1.08207e+02      1.00000e+01      5.73108e-02
    5.40893e-02      1.07447e+02      1.00000e+01      5.64701e-02
    5.47845e-02      1.06677e+02      1.00000e+01      5.56185e-02
    5.54886e-02      1.05897e+02      1.00000e+01      5.47559e-02
    5.62018e-02      1.05107e+02      1.00000e+01      5.38823e-02
    5.69242e-02      1.04307e+02      1.00000e+01      5.29974e-02
    5.76558e-02      1.03497e+02      1.00000e+01      5.21011e-02
    5.83969e-02      1.02677e+02      1.00000e+01      5.11933e-02
    5.91476e-02      1.01845e+02      1.00000e+01      5.02737e-02
    5.99079e-02      1.01004e+02      1.00000e+01      4.93424e-02
    6.06779e-02      1.00151e+02      1.00000e+01      4.83990e-02
    6.14580e-02      9.92871e+01      1.00000e+01      4.74435e-02
    6.22480e-02      9.84123e+01      1.00000e+01      4.64757e-02
    6.30482e-02      9.75262e+01      1.00000e+01      4.54954e-02
    6.38587e-02      9.66287e+01      1.00000e+01      4.45025e-02
    6.46797e-02      9.57196e+01      1.00000e+01      4.34969e-02
    6.55112e-02      9.47989e+01      1.00000e+01      4.24783e-02
    6.63535e-02      9.38662e+01      1.00000e+01      4.14465e-02
    6.72066e-02      9.29216e+01      1.00000e+01      4.04015e-02
    6.80706e-02      9.19648e+01      1.00000e+01      3.93430e-02
    6.89458e-02      9.09957e+01      1.00000e+01      3.82709e-02
    6.98323e-02      9.00141e+01      1.00000e+01      3.71850e-02
    7.07302e-02      8.90199e+01      1.00000e+01      3.60851e-02
    7.16396e-02      8.80129e+01      1.00000e+01      3.49710e-02
    7.25607e-02      8.69929e+01      1.00000e+01      3.38426e-02
    7.34938e-02      8.59597e+01      1.00000e+01      3.26997e-02
    7.44388e-02      8.49133e+01      1.00000e+01      3.15421e-02
    7.53960e-02      8.38534e+01      1.00000e+01      3.03695e-02
    7.63655e-02      8.27798e+01      1.00000e+01      2.91819e-02
    7.73475e-02      8.16924e+01      1.00000e+01      2.79789e-02
    7.83421e-02      8.05911e+01      1.00000e+01      2.67605e-02
    7.93496e-02      7.94755e+01      1.00000e+01      2.55264e-02
    8.03700e-02      7.83959e+01      1.00000e+01      2.43720e-02
    8.14035e-02      7.76939e+01      1.00000e+01      2.39478e-02
    8.24504e-02      7.69828e+01      1.00000e+01      2.35180e-02
    8.35108e-02      7.62626e+01      1.00000e+01      2.30828e-02
    8.45848e-02      7.55332e+01      1.00000e+01      2.26419e-02
    8.56726e-02      7.47943e+01      1.00000e+01      2.21954e-02
    8.67744e-02      7.40459e+01      1.00000e+01      2.17431e-02
    8.78905e-02      7.32879e+01      1.00000e+01      2.12850e-02
    8.90209e-02      7.25202e+01      1.00000e+01      2.08210e-02
    9.01658e-02      7.17425e+01      1.00000e+01      2.03510e-02
    9.13255e-02      7.09549e+01      1.00000e+01      1.98750e-02
    9.25001e-02      7.01571e+01      1.00000e+01      1.93928e-02
    9.36899e-02      6.93490e+01      1.00000e+01      1.89044e-02
    9.48949e-02      6.85305e+01      1.00000e+01      1.84098e-02
    9.61155e-02      6.77015e+01      1.00000e+01      1.79087e-02
    9.73518e-02      6.68618e+01      1.00000e+01      1.74012e-02
    9.86040e-02      6.60113e+01      1.00000e+01      1.68872e-02
    9.98724e-02      6.51498e+01      1.00000e+01      1.63666e-02
    1.01157e-01      6.42772e+01      1.00000e+01      1.58392e-02
    1.02458e-01      6.33935e+01      1.00000e+01      1.53051e-02
    1.03776e-01      6.24983e+01      1.00000e+01      1.47641e-02
    1.05111e-01      6.15916e+01      1.00000e+01      1.42161e-02
    1.06463e-01      6.06732e+01      1.00000e+01      1.36611e-02
    1.07833e-01      5.97430e+01      1.00000e+01      1.30989e-02
    1.09220e-01      5.88009e+01      1.00000e+01      1.25295e-02
    1.10625e-01      5.78739e+01      1.00000e+01      1.19808e-02
    1.12048e-01      5.72310e+01      1.00000e+01      1.17286e-02
    1.13490e-01      5.65799e+01      1.00000e+01      1.14731e-02
    1.14950e-01      5.59204e+01      1.00000e+01      1.12144e-02
    1.16428e-01      5.52525e+01      1.00000e+01      1.09523e-02
    1.17926e-01      5.45759e+01      1.00000e+01      1.06869e-02
    1.19443e-01      5.38906e+01      1.00000e+01      1.04180e-02
    1.20980e-01      5.31965e+01      1.00000e+01      1.01457e-02
    1.22537e-01      5.24934e+01      1.00000e+01      9.86988e-03
    1.24113e-01      5.17813e+01      1.00000e+01      9.59050e-03
    1.25710e-01      5.10600e+01      1.00000e+01      9.30753e-03
    1.27327e-01      5.03295e+01      1.00000e+01      9.02091e-03
    1.28965e-01      4.95895e+01      1.00000e+01      8.73060e-03
    1.30625e-01      4.88400e+01      1.00000e+01      8.43655e-03
    1.32305e-01      4.80809e+01      1.00000e+01      8.13872e-03
    1.34008e-01      4.73119e+01      1.00000e+01      7.83705e-03
    1.35732e-01      4.65331e+01      1.00000e+01      7.53150e-03
    1.37478e-01      4.57443e+01      1.00000e+01      7.22201e-03
    1.39247e-01      4.49452e+01      1.00000e+01      6.90854e-03
    1.41039e-01      4.41735e+01      1.00000e+01      6.61650e-03
    1.42854e-01      4.35961e+01      1.00000e+01      6.45926e-03
    1.44692e-01      4.30112e+01      1.00000e+01      6.29999e-03
    1.46553e-01      4.24188e+01      1.00000e+01      6.13867e-03
    1.48439e-01      4.18188e+01      1.00000e+01      5.97527e-03
    1.50349e-01      4.12111e+01      1.00000e+01      5.80977e-03
    1.52284e-01      4.05955e+01      1.00000e+01      5.64214e-03
    1.54243e-01      3.99720e+01      1.00000e+01      5.47235e-03
    1.56228e-01      3.93405e+01      1.00000e+01      5.30037e-03
    1.58238e-01      3.87008e+01      1.00000e+01      5.12618e-03
    1.60275e-01      3.80529e+01      1.00000e+01      4.94975e-03
    1.62337e-01      3.73967e+01      1.00000e+01      4.77105e-03
    1.64426e-01      3.67320e+01      1.00000e+01      4.59004e-03
    1.66542e-01      3.60588e+01      1.00000e+01      4.40670e-03
    1.68685e-01      3.53769e+01      1.00000e+01      4.22101e-03
    1.70856e-01      3.46862e+01      1.00000e+01      4.03292e-03
    1.73054e-01      3.41594e+01      1.00000e+01      3.92286e-03
    1.75281e-01      3.36391e+01      1.00000e+01      3.81754e-03
    1.77537e-01      3.31121e+01      1.00000e+01      3.71086e-03
    1.79822e-01      3.25783e+01      1.00000e+01      3.60281e-03
    1.82136e-01      3.20376e+01      1.00000e+01      3.49337e-03
    1.84480e-01      3.14900e+01      1.00000e+01      3.38251e-03
    1.86854e-01      3.09353e+01      1.00000e+01      3.27024e-03
    1.89258e-01      3.03735e+01      1.00000e+01      3.15651e-03
    1.91694e-01      2.98045e+01      1.00000e+01      3.04132e-03
    1.94161e-01      2.92281e+01      1.00000e+01      2.92465e-03
    1.96660e-01      2.86443e+01      1.00000e+01      2.80648e-03
    1.99191e-01      2.80529e+01      1.00000e+01      2.68678e-03
    2.01754e-01      2.74818e+01      1.00000e+01      2.57501e-03
    2.04351e-01      2.70219e+01      1.00000e+01      2.50219e-03
    2.06981e-01      2.65561e+01      1.00000e+01      2.42843e-03
    2.09644e-01      2.60842e+01      1.00000e+01      2.35373e-03
    2.12342e-01      2.56064e+01      1.00000e+01      2.27806e-03
    2.15075e-01      2.51223e+01      1.00000e+01      2.20142e-03
    2.17843e-01      2.46320e+01      1.00000e+01      2.12379e-03
    2.20647e-01      2.41354e+01      1.00000e+01      2.04516e-03
    2.23487e-01      2.36325e+01      1.00000e+01      1.96552e-03
    2.26363e-01      2.31230e+01      1.00000e+01      1.88485e-03
    2.29276e-01      2.26070e+01      1.00000e+01      1.80315e-03
    2.32227e-01      2.21130e+01      1.00000e+01      1.72785e-03
    2.35216e-01      2.17038e+01      1.00000e+01      1.67533e-03
    2.38244e-01      2.12893e+01      1.00000e+01      1.62214e-03
    2.41310e-01      2.08696e+01      1.00000e+01      1.56826e-03
    2.44416e-01      2.04444e+01      1.00000e+01      1.51368e-03
    2.47562e-01      2.00137e+01      1.00000e+01      1.45840e-03
    2.50748e-01      1.95775e+01      1.00000e+01      1.40242e-03
    2.53975e-01      1.91357e+01      1.00000e+01      1.34571e-03
    2.57244e-01      1.86882e+01      1.00000e+01      1.28827e-03
    2.60555e-01      1.82349e+01      1.00000e+01      1.23009e-03
    2.63909e-01      1.78391e+01      1.00000e+01      1.18417e-03
    2.67306e-01      1.74744e+01      1.00000e+01      1.14511e-03
    2.70746e-01      1.71051e+01      1.00000e+01      1.10555e-03
    2.74231e-01      1.67309e+01      1.00000e+01      1.06548e-03
    2.77761e-01      1.63520e+01      1.00000e+01      1.02490e-03
    2.81336e-01      1.59682e+01      1.00000e+01      9.83789e-04
    2.84957e-01      1.55795e+01      1.00000e+01      9.42153e-04
    2.88625e-01      1.51857e+01      1.00000e+01      8.99981e-04
    2.92340e-01      1.47940e+01      1.00000e+01      8.58449e-04
    2.96103e-01      1.44727e+01      1.00000e+01      8.29107e-04
    2.99914e-01      1.41474e+01      1.00000e+01      7.99388e-04
    3.03775e-01      1.38178e+01      1.00000e+01      7.69286e-04
    3.07685e-01      1.34840e+01      1.00000e+01      7.38797e-04
    3.11645e-01      1.31459e+01      1.00000e+01      7.07915e-04
    3.15657e-01      1.28035e+01      1.00000e+01      6.76636e-04
    3.19720e-01      1.24566e+01      1.00000e+01      6.44953e-04
    3.23835e-01      1.21320e+01      1.00000e+01      6.16607e-04
    3.28004e-01      1.18474e+01      1.00000e+01      5.94091e-04
    3.32226e-01      1.15592e+01      1.00000e+01      5.71285e-04
    3.36502e-01      1.12673e+01      1.00000e+01      5.48186e-04
    3.40834e-01      1.09716e+01      1.00000e+01      5.24789e-04
    3.45221e-01      1.06721e+01      1.00000e+01      5.01091e-04
    3.49665e-01      1.03687e+01      1.00000e+01      4.77087e-04
    3.54166e-01      1.00827e+01      1.00000e+01      4.55382e-04
    3.58725e-01      9.83065e+00      1.00000e+01      4.38001e-04
    3.63343e-01      9.57533e+00      1.00000e+01      4.20397e-04
    3.68020e-01      9.31672e+00      1.00000e+01      4.02565e-04
    3.72757e-01      9.05479e+00      1.00000e+01      3.84504e-04
    3.77556e-01      8.78947e+00      1.00000e+01      3.66211e-04
    3.82416e-01      8.52075e+00      1.00000e+01      3.47682e-04
    3.87338e-01      8.29597e+00      1.00000e+01      3.33785e-04
    3.92324e-01      8.07211e+00      1.00000e+01      3.20100e-04
    3.97375e-01      7.84536e+00      1.00000e+01      3.06239e-04
    4.02490e-01      7.61570e+00      1.00000e+01      2.92200e-04
    4.07671e-01      7.38308e+00      1.00000e+01      2.77980e-04
    4.12919e-01      7.14746e+00      1.00000e+01      2.63577e-04
    4.18235e-01      6.95057e+00      1.00000e+01      2.52810e-04
    4.23619e-01      6.75204e+00      1.00000e+01      2.41987e-04
    4.29072e-01      6.55095e+00      1.00000e+01      2.31024e-04
    4.34595e-01      6.34728e+00      1.00000e+01      2.19920e-04
    4.40190e-01      6.14098e+00      1.00000e+01      2.08673e-04
    4.45857e-01      5.94859e+00      1.00000e+01      1.98605e-04
    4.51596e-01      5.77389e+00      1.00000e+01      1.90018e-04
    4.57410e-01      5.59694e+00      1.00000e+01      1.81320e-04
    4.63298e-01      5.41772e+00      1.00000e+01      1.72510e-04
    4.69262e-01      5.23618e+00      1.00000e+01      1.63586e-04
    4.75303e-01      5.06146e+00      1.00000e+01      1.55203e-04
    4.81422e-01      4.90687e+00      1.00000e+01      1.48315e-04
    4.87619e-01      4.75029e+00      1.00000e+01      1.41338e-04
    4.93897e-01      4.59170e+00      1.00000e+01      1.34271e-04
    5.00255e-01      4.43107e+00      1.00000e+01      1.27113e-04
    5.06695e-01      4.28058e+00      1.00000e+01      1.20652e-04
    5.13218e-01      4.14321e+00      1.00000e+01      1.15079e-04
    5.19825e-01      4.00406e+00      1.00000e+01      1.09434e-04
    5.26517e-01      3.86312e+00      1.00000e+01      1.03717e-04
    5.33295e-01      3.72037e+00      1.00000e+01      9.79257e-05
    5.40160e-01      3.59641e+00      1.00000e+01      9.32872e-05
    5.47114e-01      3.47340e+00      1.00000e+01      8.87405e-05
    5.54158e-01      3.34881e+00      1.00000e+01      8.41351e-05
    5.61292e-01      3.22261e+00      1.00000e+01      7.94705e-05
    5.68518e-01      3.10672e+00      1.00000e+01      7.53763e-05
    5.75837e-01      2.99792e+00      1.00000e+01      7.16831e-05
    5.83250e-01      2.88773e+00      1.00000e+01      6.79423e-05
    5.90758e-01      2.77611e+00      1.00000e+01      6.41533e-05
    5.98364e-01      2.67195e+00      1.00000e+01      6.07427e-05
    6.06067e-01      2.57538e+00      1.00000e+01      5.77172e-05
    6.13869e-01      2.47757e+00      1.00000e+01      5.46528e-05
    6.21772e-01      2.37850e+00      1.00000e+01      5.15490e-05
    6.29777e-01      2.28695e+00      1.00000e+01      4.88279e-05
    6.37885e-01      2.19964e+00      1.00000e+01      4.63319e-05
    6.46097e-01      2.11120e+00      1.00000e+01      4.38038e-05
    6.54415e-01      2.02163e+00      1.00000e+01      4.12431e-05
    6.62840e-01      1.94333e+00      1.00000e+01      3.91430e-05
    6.71373e-01      1.86506e+00      1.00000e+01      3.70566e-05
    6.80017e-01      1.78577e+00      1.00000e+01      3.49433e-05
    6.88771e-01      1.70999e+00      1.00000e+01      3.29677e-05
    6.97639e-01      1.64022e+00      1.00000e+01      3.12211e-05
    7.06620e-01      1.56955e+00      1.00000e+01      2.94521e-05
    7.15717e-01      1.49815e+00      1.00000e+01      2.76663e-05
    7.24932e-01      1.43591e+00      1.00000e+01      2.61954e-05
    7.34265e-01      1.37287e+00      1.00000e+01      2.47056e-05
    7.43718e-01      1.30902e+00      1.00000e+01      2.31966e-05
    7.53293e-01      1.25144e+00      1.00000e+01      2.18898e-05
    7.62991e-01      1.19512e+00      1.00000e+01      2.06288e-05
    7.72814e-01      1.13807e+00      1.00000e+01      1.93515e-05
    7.82763e-01      1.08563e+00      1.00000e+01      1.82177e-05
    7.92841e-01      1.03514e+00      1.00000e+01      1.71477e-05
    8.03048e-01      9.83998e-01      1.00000e+01      1.60639e-05
    8.13387e-01      9.37123e-01      1.00000e+01      1.51033e-05
    8.23859e-01      8.91949e-01      1.00000e+01      1.41945e-05
    8.34466e-01      8.46193e-01      1.00000e+01      1.32739e-05
    8.45209e-01      8.04866e-01      1.00000e+01      1.24780e-05
    8.56091e-01      7.64242e-01      1.00000e+01      1.17055e-05
    8.67113e-01      7.23242e-01      1.00000e+01      1.09268e-05
    8.78276e-01      6.87142e-01      1.00000e+01      1.02764e-05
    8.89584e-01      6.50578e-01      1.00000e+01      9.61768e-06
    9.01037e-01      6.15248e-01      1.00000e+01      8.98981e-06
    9.12637e-01      5.82725e-01      1.00000e+01      8.42909e-06
    9.24387e-01      5.49784e-01      1.00000e+01      7.86115e-06
    9.36288e-01      5.19652e-01      1.00000e+01      7.35723e-06
    9.48343e-01      4.90204e-01      1.00000e+01      6.87047e-06
    9.60552e-01      4.61353e-01      1.00000e+01      6.39684e-06
    9.72919e-01      4.35194e-01      1.00000e+01      5.97807e-06
    9.85445e-01      4.08699e-01      1.00000e+01      5.55390e-06
    9.98133e-01      3.84736e-01      1.00000e+01      5.17999e-06
    1.01098e+00      3.61138e-01      1.00000e+01      4.81431e-06
    1.02400e+00      3.38681e-01      1.00000e+01      4.47078e-06
    1.03718e+00      3.17689e-01      1.00000e+01      4.15544e-06
    1.05054e+00      2.96882e-01      1.00000e+01      3.84447e-06
    1.06406e+00      2.78138e-01      1.00000e+01      3.57265e-06
    1.07776e+00      2.59152e-01      1.00000e+01      3.29734e-06
    1.09164e+00      2.42368e-01      1.00000e+01      3.06076e-06
    1.10569e+00      2.25524e-01      1.00000e+01      2.82384e-06
    1.11993e+00      2.10208e-01      1.00000e+01      2.61414e-06
    1.13435e+00      1.95197e-01      1.00000e+01      2.41045e-06
    1.14895e+00      1.81347e-01      1.00000e+01      2.22603e-06
    1.16374e+00      1.67979e-01      1.00000e+01      2.04991e-06
    1.17873e+00      1.55474e-01      1.00000e+01      1.88879e-06
    1.19390e+00      1.43434e-01      1.00000e+01      1.73603e-06
    1.20928e+00      1.32424e-01      1.00000e+01      1.59555e-06
    1.22484e+00      1.21977e-01      1.00000e+01      1.46173e-06
    1.24061e+00      1.12292e-01      1.00000e+01      1.34002e-06
    1.25659e+00      1.02904e-01      1.00000e+01      1.22325e-06
    1.27277e+00      9.44119e-02      1.00000e+01      1.11859e-06
    1.28915e+00      8.60958e-02      1.00000e+01      1.01641e-06
    1.30575e+00      7.87618e-02      1.00000e+01      9.27083e-07
    1.32256e+00      7.15403e-02      1.00000e+01      8.39265e-07
    1.33959e+00      6.51570e-02      1.00000e+01      7.62145e-07
    1.35684e+00      5.90233e-02      1.00000e+01      6.88087e-07
    1.37431e+00      5.34439e-02      1.00000e+01      6.20817e-07
    1.39200e+00      4.82795e-02      1.00000e+01      5.59093e-07
    1.40992e+00      4.33567e-02      1.00000e+01      5.00632e-07
    1.42808e+00      3.90758e-02      1.00000e+01      4.49889e-07
    1.44646e+00      3.49730e-02      1.00000e+01      4.01356e-07
    1.46509e+00      3.13031e-02      1.00000e+01      3.58206e-07
    1.48395e+00      2.79533e-02      1.00000e+01      3.19083e-07
    1.50306e+00      2.47934e-02      1.00000e+01      2.82363e-07
    1.52241e+00      2.20678e-02      1.00000e+01      2.51116e-07
    1.54201e+00      1.95169e-02      1.00000e+01      2.22030e-07
    1.56186e+00      1.71532e-02      1.00000e+01      1.95256e-07
    1.58197e+00      1.51461e-02      1.00000e+01      1.72364e-07
    1.60234e+00      1.32735e-02      1.00000e+01      1.51106e-07
    1.62297e+00      1.15460e-02      1.00000e+01      1.31630e-07
    1.64387e+00      1.00451e-02      1.00000e+01      1.15033e-07
    1.66503e+00      8.71192e-03      1.00000e+01      9.97180e-08
    1.68647e+00      7.53849e-03      1.00000e+01      8.57285e-08
    1.70819e+00      6.50724e-03      1.00000e+01      7.35882e-08
    1.73018e+00      5.60500e-03      1.00000e+01      6.27969e-08
    1.75246e+00      4.80361e-03      1.00000e+01      5.30521e-08
    1.77502e+00      4.10133e-03      1.00000e+01      4.43331e-08
    1.79787e+00      3.52974e-03      1.00000e+01      3.70345e-08
    1.82102e+00      3.03202e-03      1.00000e+01      3.06404e-08
    1.84447e+00      2.60799e-03      1.00000e+01      2.50877e-08
    1.86822e+00      2.25576e-03      1.00000e+01      2.03480e-08
    1.89227e+00      1.96443e-03      1.00000e+01      1.65192e-08
    1.91663e+00      1.72517e-03      1.00000e+01      1.34667e-08
    1.94131e+00      1.52204e-03      1.00000e+01      1.10032e-08
    1.96631e+00      1.34949e-03      1.00000e+01      9.04704e-09
    1.99162e+00      1.20410e-03      1.00000e+01      7.50569e-09
    2.01727e+00      1.08606e-03      1.00000e+01      6.29562e-09
    2.04324e+00      9.78426e-04      1.00000e+01      5.34838e-09
    2.06955e+00      8.84209e-04      1.00000e+01      4.55796e-09
    2.09619e+00      8.01639e-04      1.00000e+01      3.87873e-09
    2.12318e+00      7.29401e-04      1.00000e+01      3.28549e-09
    2.15052e+00      6.66369e-04      1.00000e+01      2.76398e-09
    2.17821e+00      6.12656e-04      1.00000e+01      2.30708e-09
    2.20625e+00      5.67844e-04      1.00000e+01      1.91102e-09
    2.23466e+00      5.29138e-04      1.00000e+01      1.57261e-09
    2.26343e+00      4.96605e-04      1.00000e+01      1.28545e-09
    2.29257e+00      4.69445e-04      1.00000e+01      1.04518e-09
    2.32209e+00      4.46909e-04      1.00000e+01      8.46222e-10
    2.35199e+00      4.28257e-04      1.00000e+01      6.84858e-10
    2.38227e+00      4.12647e-04      1.00000e+01      5.52373e-10
    2.41295e+00      3.99833e-04      1.00000e+01      4.45838e-10
    2.44401e+00      3.89212e-04      1.00000e+01      3.60029e-10
    2.47548e+00      3.80409e-04      1.00000e+01      2.92283e-10
    2.50736e+00      3.73056e-04      1.00000e+01      2.37593e-10
    2.53964e+00      3.66930e-04      1.00000e+01      1.92696e-10
    2.57234e+00      3.61843e-04      1.00000e+01      1.55443e-10
    2.60546e+00      3.57652e-04      1.00000e+01      1.24301e-10
    2.63901e+00      3.54239e-04      1.00000e+01      9.80602e-11
    2.67298e+00      3.51509e-04      1.00000e+01      7.55122e-11
    2.70740e+00      3.49381e-04      1.00000e+01      5.63410e-11
    2.74226e+00      3.47779e-04      1.00000e+01      4.03616e-11
    2.77757e+00      3.46665e-04      1.00000e+01      2.77616e-11
    2.81333e+00      3.45902e-04      1.00000e+01      1.79807e-11
    2.84955e+00      3.45410e-04      1.00000e+01      1.07730e-11
    2.88624e+00      3.45109e-04      1.00000e+01      5.91609e-12
    2.92341e+00      3.44938e-04      1.00000e+01      2.83863e-12
    2.96105e+00      3.44852e-04      1.00000e+01      1.19998e-12
    2.99917e+00      3.44806e-04      1.00000e+01      3.76447e-13
    3.03779e+00      3.44781e-04      1.00000e+01      3.46565e-14
    3.07690e+00      3.44759e-04      1.00000e+01      -5.39912e-192
    3.11652e+00      3.44736e-04      1.00000e+01      -6.72414e-192
    3.15665e+00      3.44714e-04      1.00000e+01      -8.00738e-192
    3.19729e+00      3.44691e-04      1.00000e+01      -9.24896e-192
    3.23846e+00      3.44669e-04      1.00000e+01      -1.04411e-191
    3.28015e+00      3.44645e-04      1.00000e+01      -1.15952e-191
    3.32239e+00      3.44625e-04      1.00000e+01      -1.27078e-191
    3.36517e+00      3.44599e-04      1.00000e+01      -1.37784e-191
    3.40849e+00      3.44575e-04      1.00000e+01      -1.48141e-191
    3.45238e+00      3.44551e-04      1.00000e+01      -1.58060e-191
    3.49683e+00      3.44526e-04      1.00000e+01      -1.67656e-191
    3.54186e+00      3.44502e-04      1.00000e+01      -1.76849e-191
    3.58746e+00      3.44478e-04      1.00000e+01      -1.85726e-191
    3.63365e+00      3.44436e-04      1.00000e+01      -1.94222e-191
    3.68044e+00      3.44427e-04      1.00000e+01      -2.02423e-191
    3.72783e+00      3.44400e-04      1.00000e+01      -2.10253e-191
    3.77582e+00      3.44374e-04      1.00000e+01      -2.17794e-191
    3.82444e+00      3.44349e-04      1.00000e+01      -2.25012e-191
    3.87368e+00      3.44323e-04      1.00000e+01      -2.31926e-191
    3.92356e+00      3.44294e-04      1.00000e+01      -2.38563e-191
    3.97408e+00      3.44269e-04      1.00000e+01      -2.44887e-191
    4.02525e+00      3.44242e-04      1.00000e+01      -2.50941e-191
    4.07708e+00      3.44213e-04      1.00000e+01      -2.56732e-191
    4.12957e+00      3.44187e-04      1.00000e+01      -2.62248e-191
    4.18274e+00      3.44158e-04      1.00000e+01      -2.67501e-191
    4.23660e+00      3.44129e-04      1.00000e+01      -2.72508e-191
    4.29115e+00      3.44099e-04      1.00000e+01      -2.77274e-191
    4.34640e+00      3.44074e-04      1.00000e+01      -2.81803e-191
    4.40236e+00      3.44043e-04      1.00000e+01      -2.86090e-191
    4.45905e+00      3.44012e-04      1.00000e+01      -2.90152e-191
    4.51646e+00      3.43982e-04      1.00000e+01      -2.93995e-191
    4.57461e+00      3.43952e-04      1.00000e+01      -2.97626e-191
    4.63351e+00      3.43920e-04      1.00000e+01      -3.01049e-191
    4.69317e+00      3.43890e-04      1.00000e+01      -3.04270e-191
    4.75360e+00      3.43858e-04      1.00000e+01      -3.07293e-191
    4.81481e+00      3.43826e-04      1.00000e+01      -3.10125e-191
    4.87680e+00      3.43794e-04      1.00000e+01      -3.12771e-191
    4.93960e+00      3.43762e-04      1.00000e+01      -3.15237e-191
    5.00320e+00      3.43729e-04      1.00000e+01      -3.17526e-191
    5.06762e+00      3.43696e-04      1.00000e+01      -3.19646e-191
    5.13287e+00      3.43663e-04      1.00000e+01      -3.21600e-191
    5.19896e+00      3.43629e-04      1.00000e+01      -3.23388e-191
    5.26590e+00      3.43597e-04      1.00000e+01      -3.25020e-191
    5.33370e+00      3.43562e-04      1.00000e+01      -3.26502e-191
    5.40238e+00      3.43529e-04      1.00000e+01      -3.27838e-191
    5.47194e+00      3.43495e-04      1.00000e+01      -3.29026e-191
    5.54239e+00      3.43465e-04      1.00000e+01      -3.30076e-191
    5.61375e+00      3.43426e-04      1.00000e+01      -3.30994e-191
    5.68604e+00      3.43391e-04      1.00000e+01      -3.31777e-191
    5.75925e+00      3.43358e-04      1.00000e+01      -3.32434e-191
    5.83340e+00      3.43320e-04      1.00000e+01      -3.32968e-191
    5.90851e+00      3.43285e-04      1.00000e+01      -3.33381e-191
    5.98459e+00      3.43250e-04      1.00000e+01      -3.33680e-191
    6.06165e+00      3.43214e-04      1.00000e+01      -3.33865e-191
    6.13970e+00      3.43178e-04      1.00000e+01      -3.33942e-191
    6.21875e+00      3.43141e-04      1.00000e+01      -3.33914e-191
    6.29882e+00      3.43109e-04      1.00000e+01      -3.33781e-191
    6.37992e+00      3.43067e-04      1.00000e+01      -3.33552e-191
    6.46207e+00      3.43030e-04      1.00000e+01      -3.33226e-191
    6.54527e+00      3.43109e-04      1.00000e+01      -3.32807e-191
    6.62955e+00      3.42952e-04      1.00000e+01      -3.32298e-191
    6.71491e+00      3.42912e-04      1.00000e+01      -3.31703e-191
    6.80137e+00      3.42872e-04      1.00000e+01      -3.31024e-191
    6.88895e+00      3.42831e-04      1.00000e+01      -3.30264e-191
    6.97765e+00      3.42792e-04      1.00000e+01      -3.29426e-191
    7.06749e+00      3.42750e-04      1.00000e+01      -3.28511e-191
    7.15849e+00      3.42708e-04      1.00000e+01      -3.27524e-191
    7.25066e+00      3.42666e-04      1.00000e+01      -3.26466e-191
    7.34402e+00      3.42624e-04      1.00000e+01      -3.25340e-191
    7.43858e+00      3.42580e-04      1.00000e+01      -3.24149e-191
    7.53436e+00      3.42534e-04      1.00000e+01      -3.22894e-191
    7.63137e+00      3.42490e-04      1.00000e+01      -3.21578e-191
    7.72963e+00      3.42445e-04      1.00000e+01      -3.20204e-191
    7.82916e+00      3.42401e-04      1.00000e+01      -3.18774e-191
    7.92997e+00      3.42356e-04      1.00000e+01      -3.17288e-191
    8.03207e+00      3.42309e-04      1.00000e+01      -3.15751e-191
    8.13549e+00      3.42262e-04      1.00000e+01      -3.14164e-191
    8.24024e+00      3.42213e-04      1.00000e+01      -3.12528e-191
    8.34634e+00      3.42166e-04      1.00000e+01      -3.10846e-191
    8.45381e+00      3.42118e-04      1.00000e+01      -3.09120e-191
    8.56266e+00      3.42068e-04      1.00000e+01      -3.07351e-191
    8.67291e+00      3.42018e-04      1.00000e+01      -3.05541e-191
    8.78458e+00      3.41966e-04      1.00000e+01      -3.03692e-191
    8.89769e+00      3.41918e-04      1.00000e+01      -3.01806e-191
    9.01226e+00      3.41864e-04      1.00000e+01      -2.99884e-191
    9.12830e+00      3.41812e-04      1.00000e+01      -2.97928e-191
    9.24583e+00      3.41759e-04      1.00000e+01      -2.95940e-191
    9.36488e+00      3.41706e-04      1.00000e+01      -2.93921e-191
    9.48546e+00      3.41651e-04      1.00000e+01      -2.91872e-191
    9.60760e+00      3.41595e-04      1.00000e+01      -2.89796e-191
    9.73131e+00      3.41541e-04      1.00000e+01      -2.87693e-191
    9.85660e+00      3.41486e-04      1.00000e+01      -2.85565e-191
    9.98352e+00      3.41427e-04      1.00000e+01      -2.83412e-191
    1.01121e+01      3.41370e-04      1.00000e+01      -2.81238e-191
    1.02423e+01      3.41312e-04      1.00000e+01      -2.79042e-191
    1.03741e+01      3.41252e-04      1.00000e+01      -2.76826e-191
    1.05077e+01      3.41194e-04      1.00000e+01      -2.74592e-191
    1.06430e+01      3.41133e-04      1.00000e+01      -2.72340e-191
    1.07801e+01      3.41073e-04      1.00000e+01      -2.70071e-191
    1.09189e+01      3.41012e-04      1.00000e+01      -2.67787e-191
    1.10595e+01      3.40950e-04      1.00000e+01      -2.65489e-191
    1.12019e+01      3.40885e-04      1.00000e+01      -2.63177e-191
    1.13461e+01      3.40828e-04      1.00000e+01      -2.60854e-191
    1.14922e+01      3.40759e-04      1.00000e+01      -2.58519e-191
    1.16402e+01      3.40697e-04      1.00000e+01      -2.56174e-191
    1.17900e+01      3.40629e-04      1.00000e+01      -2.53820e-191
    1.19418e+01      3.40562e-04      1.00000e+01      -2.51457e-191
    1.20956e+01      3.40493e-04      1.00000e+01      -2.49087e-191
    1.22513e+01      3.40422e-04      1.00000e+01      -2.46711e-191
    1.24091e+01      3.40357e-04      1.00000e+01      -2.44329e-191
    1.25689e+01      3.40286e-04      1.00000e+01      -2.41942e-191
    1.27307e+01      3.40218e-04      1.00000e+01      -2.39550e-191
    1.28946e+01      3.40145e-04      1.00000e+01      -2.37156e-191
    1.30607e+01      3.40072e-04      1.00000e+01      -2.34759e-191
    1.32288e+01      3.39997e-04      1.00000e+01      -2.32360e-191
    1.33992e+01      3.39924e-04      1.00000e+01      -2.29959e-191
    1.35717e+01      3.39848e-04      1.00000e+01      -2.27559e-191
    1.37464e+01      3.39772e-04      1.00000e+01      -2.25159e-191
    1.39234e+01      3.39698e-04      1.00000e+01      -2.22759e-191
    1.41027e+01      3.39619e-04      1.00000e+01      -2.20361e-191
    1.42843e+01      3.39540e-04      1.00000e+01      -2.17965e-191
    1.44682e+01      3.39459e-04      1.00000e+01      -2.15572e-191
    1.46545e+01      3.39379e-04      1.00000e+01      -2.13182e-191
    1.48432e+01      3.39298e-04      1.00000e+01      -2.10796e-191
    1.50343e+01      3.39216e-04      1.00000e+01      -2.08414e-191
    1.52279e+01      3.39134e-04      1.00000e+01      -2.06037e-191
    1.54240e+01      3.39049e-04      1.00000e+01      -2.03666e-191
    1.56226e+01      3.38964e-04      1.00000e+01      -2.01300e-191
    1.58237e+01      3.38878e-04      1.00000e+01      -1.98941e-191
    1.60275e+01      3.38791e-04      1.00000e+01      -1.96588e-191
    1.62338e+01      3.38702e-04      1.00000e+01      -1.94243e-191
    1.64429e+01      3.38613e-04      1.00000e+01      -1.91906e-191
    1.66546e+01      3.38525e-04      1.00000e+01      -1.89576e-191
    1.68690e+01      3.38433e-04      1.00000e+01      -1.87255e-191
    1.70862e+01      3.38342e-04      1.00000e+01      -1.84944e-191
    1.73062e+01      3.38248e-04      1.00000e+01      -1.82641e-191
    1.75291e+01      3.38153e-04      1.00000e+01      -1.80348e-191
    1.77548e+01      3.38059e-04      1.00000e+01      -1.78065e-191
    1.79834e+01      3.37964e-04      1.00000e+01      -1.75792e-191
    1.82149e+01      3.37867e-04      1.00000e+01      -1.73530e-191
    1.84495e+01      3.37768e-04      1.00000e+01      -1.71279e-191
    1.86870e+01      3.37668e-04      1.00000e+01      -1.69040e-191
    1.89276e+01      3.37568e-04      1.00000e+01      -1.66812e-191
    1.91714e+01      3.37467e-04      1.00000e+01      -1.64595e-191
    1.94182e+01      3.37363e-04      1.00000e+01      -1.62391e-191
    1.96682e+01      3.37256e-04      1.00000e+01      -1.60200e-191
    1.99215e+01      3.37153e-04      1.00000e+01      -1.58020e-191
    2.01780e+01      3.37048e-04      1.00000e+01      -1.55854e-191
    2.04378e+01      3.36941e-04      1.00000e+01      -1.53701e-191
    2.07010e+01      3.36831e-04      1.00000e+01      -1.51562e-191
    2.09675e+01      3.36720e-04      1.00000e+01      -1.49436e-191
    2.12375e+01      3.36609e-04      1.00000e+01      -1.47323e-191
    2.15109e+01      3.36496e-04      1.00000e+01      -1.45225e-191
    2.17879e+01      3.36384e-04      1.00000e+01      -1.43141e-191
    2.20685e+01      3.36269e-04      1.00000e+01      -1.41071e-191
    2.23526e+01      3.36153e-04      1.00000e+01      -1.39016e-191
    2.26404e+01      3.36032e-04      1.00000e+01      -1.36975e-191
    2.29319e+01      3.35916e-04      1.00000e+01      -1.34949e-191
    2.32272e+01      3.35796e-04      1.00000e+01      -1.32939e-191
    2.35263e+01      3.35671e-04      1.00000e+01      -1.30943e-191
    2.38292e+01      3.35551e-04      1.00000e+01      -1.28963e-191
    2.41360e+01      3.35428e-04      1.00000e+01      -1.26998e-191
    2.44468e+01      3.35301e-04      1.00000e+01      -1.25048e-191
    2.47616e+01      3.35176e-04      1.00000e+01      -1.23115e-191
    2.50804e+01      3.35048e-04      1.00000e+01      -1.21197e-191
    2.54034e+01      3.34918e-04      1.00000e+01      -1.19295e-191
    2.57304e+01      3.34786e-04      1.00000e+01      -1.17409e-191
    2.60618e+01      3.34654e-04      1.00000e+01      -1.15539e-191
    2.63973e+01      3.34519e-04      1.00000e+01      -1.13685e-191
    2.67372e+01      3.34383e-04      1.00000e+01      -1.11847e-191
    2.70815e+01      3.34247e-04      1.00000e+01      -1.10026e-191
    2.74302e+01      3.34109e-04      1.00000e+01      -1.08221e-191
    2.77834e+01      3.33968e-04      1.00000e+01      -1.06433e-191
    2.81411e+01      3.33827e-04      1.00000e+01      -1.04661e-191
    2.85035e+01      3.33685e-04      1.00000e+01      -1.02905e-191
    2.88705e+01      3.33540e-04      1.00000e+01      -1.01167e-191
    2.92422e+01      3.33394e-04      1.00000e+01      -9.94447e-192
    2.96187e+01      3.33247e-04      1.00000e+01      -9.77394e-192
    3.00001e+01      3.33096e-04      1.00000e+01      -9.60508e-192
