    Er (keV)         SM dN/dE         BG dN/dE        BSM dN/dE (events/kg/day/keV)
    5.01000e-02      9.32597e-03      1.00000e+01      1.49454e-11
    5.07438e-02      9.15930e-03      1.00000e+01      1.51375e-11
    5.13959e-02      8.99049e-03      1.00000e+01      1.53320e-11
    5.20564e-02      8.81949e-03      1.00000e+01      1.55290e-11
    5.27254e-02      8.64630e-03      1.00000e+01      1.57285e-11
    5.34030e-02      8.47088e-03      1.00000e+01      1.59306e-11
    5.40893e-02      8.29320e-03      1.00000e+01      1.61353e-11
    5.47845e-02      8.11323e-03      1.00000e+01      1.63427e-11
    5.54886e-02      7.93094e-03      1.00000e+01      1.65527e-11
    5.62018e-02      7.74631e-03      1.00000e+01      1.67654e-11
    5.69242e-02      7.55930e-03      1.00000e+01      1.69809e-11
    5.76558e-02      7.36988e-03      1.00000e+01      1.71991e-11
    5.83969e-02      7.17802e-03      1.00000e+01      1.74201e-11
    5.91476e-02      6.98369e-03      1.00000e+01      1.76440e-11
    5.99079e-02      6.78686e-03      1.00000e+01      1.78708e-11
    6.06779e-02      6.58749e-03      1.00000e+01      1.81005e-11
    6.14580e-02      6.38556e-03      1.00000e+01      1.83331e-11
    6.22480e-02      6.18103e-03      1.00000e+01      1.85688e-11
    6.30482e-02      5.97386e-03      1.00000e+01      1.88075e-11
    6.38587e-02      5.76403e-03      1.00000e+01      1.90492e-11
    6.46797e-02      5.55149e-03      1.00000e+01      1.92941e-11
    6.55112e-02      5.33622e-03      1.00000e+01      1.95421e-11
    6.63535e-02      5.11818e-03      1.00000e+01      1.97933e-11
    6.72066e-02      4.89733e-03      1.00000e+01      2.00478e-11
    6.80706e-02      4.67363e-03      1.00000e+01      2.03055e-11
    6.89458e-02      4.44706e-03      1.00000e+01      2.05665e-11
    6.98323e-02      4.21756e-03      1.00000e+01      2.08309e-11
    7.07302e-02      3.98512e-03      1.00000e+01      2.10987e-11
    7.16396e-02      3.74968e-03      1.00000e+01      2.13700e-11
    7.25607e-02      3.51120e-03      1.00000e+01      2.16448e-11
    7.34938e-02      3.26966e-03      1.00000e+01      2.19230e-11
    7.44388e-02      3.02501e-03      1.00000e+01      2.22049e-11
    7.53960e-02      2.77721e-03      1.00000e+01      2.24904e-11
    7.63655e-02      2.52621e-03      1.00000e+01      2.27796e-11
    7.73475e-02      2.27199e-03      1.00000e+01      2.30725e-11
    7.83421e-02      2.01449e-03      1.00000e+01      2.33691e-11
    7.93496e-02      1.75367e-03      1.00000e+01      2.36696e-11
    8.03700e-02      1.51965e-03      1.00000e+01      2.39782e-11
    8.14035e-02      1.51740e-03      1.00000e+01      2.43238e-11
    8.24504e-02      1.51511e-03      1.00000e+01      2.46738e-11
    8.35108e-02      1.51279e-03      1.00000e+01      2.50283e-11
    8.45848e-02      1.51045e-03      1.00000e+01      2.53873e-11
    8.56726e-02      1.50807e-03      1.00000e+01      2.57510e-11
    8.67744e-02      1.50567e-03      1.00000e+01      2.61194e-11
    8.78905e-02      1.50323e-03      1.00000e+01      2.64925e-11
    8.90209e-02      1.50076e-03      1.00000e+01      2.68704e-11
    9.01658e-02      1.49826e-03      1.00000e+01      2.72532e-11
    9.13255e-02      1.49573e-03      1.00000e+01      2.76410e-11
    9.25001e-02      1.49317e-03      1.00000e+01      2.80337e-11
    9.36899e-02      1.49057e-03      1.00000e+01      2.84314e-11
    9.48949e-02      1.48794e-03      1.00000e+01      2.88343e-11
    9.61155e-02      1.48527e-03      1.00000e+01      2.92424e-11
    9.73518e-02      1.48257e-03      1.00000e+01      2.96557e-11
    9.86040e-02      1.47984e-03      1.00000e+01      3.00744e-11
    9.98724e-02      1.47707e-03      1.00000e+01      3.04984e-11
    1.01157e-01      1.47426e-03      1.00000e+01      3.09279e-11
    1.02458e-01      1.47142e-03      1.00000e+01      3.13629e-11
    1.03776e-01      1.46854e-03      1.00000e+01      3.18036e-11
    1.05111e-01      1.46563e-03      1.00000e+01      3.22499e-11
    1.06463e-01      1.46268e-03      1.00000e+01      3.27019e-11
    1.07833e-01      1.45969e-03      1.00000e+01      3.31598e-11
    1.09220e-01      1.45666e-03      1.00000e+01      3.36236e-11
    1.10625e-01      1.45361e-03      1.00000e+01      3.40896e-11
    1.12048e-01      1.45071e-03      1.00000e+01      3.45211e-11
    1.13490e-01      1.44778e-03      1.00000e+01      3.49582e-11
    1.14950e-01      1.44481e-03      1.00000e+01      3.54009e-11
    1.16428e-01      1.44180e-03      1.00000e+01      3.58493e-11
    1.17926e-01      1.43875e-03      1.00000e+01      3.63035e-11
    1.19443e-01      1.43567e-03      1.00000e+01      3.67635e-11
    1.20980e-01      1.43254e-03      1.00000e+01      3.72295e-11
    1.22537e-01      1.42938e-03      1.00000e+01      3.77014e-11
    1.24113e-01      1.42617e-03      1.00000e+01      3.81795e-11
    1.25710e-01      1.42292e-03      1.00000e+01      3.86636e-11
    1.27327e-01      1.41963e-03      1.00000e+01      3.91541e-11
    1.28965e-01      1.41630e-03      1.00000e+01      3.96508e-11
    1.30625e-01      1.41292e-03      1.00000e+01      4.01539e-11
    1.32305e-01      1.40950e-03      1.00000e+01      4.06635e-11
    1.34008e-01      1.40604e-03      1.00000e+01      4.11797e-11
    1.35732e-01      1.40253e-03      1.00000e+01      4.17025e-11
    1.37478e-01      1.39898e-03      1.00000e+01      4.22321e-11
    1.39247e-01      1.39538e-03      1.00000e+01      4.27684e-11
    1.41039e-01      1.39178e-03      1.00000e+01      4.33112e-11
    1.42854e-01      1.38833e-03      1.00000e+01      4.38583e-11
    1.44692e-01      1.38485e-03      1.00000e+01      4.44125e-11
    1.46553e-01      1.38132e-03      1.00000e+01      4.49738e-11
    1.48439e-01      1.37774e-03      1.00000e+01      4.55423e-11
    1.50349e-01      1.37412e-03      1.00000e+01      4.61181e-11
    1.52284e-01      1.37045e-03      1.00000e+01      4.67013e-11
    1.54243e-01      1.36673e-03      1.00000e+01      4.72921e-11
    1.56228e-01      1.36297e-03      1.00000e+01      4.78904e-11
    1.58238e-01      1.35916e-03      1.00000e+01      4.84965e-11
    1.60275e-01      1.35530e-03      1.00000e+01      4.91104e-11
    1.62337e-01      1.35139e-03      1.00000e+01      4.97321e-11
    1.64426e-01      1.34742e-03      1.00000e+01      5.03619e-11
    1.66542e-01      1.34341e-03      1.00000e+01      5.09998e-11
    1.68685e-01      1.33935e-03      1.00000e+01      5.16459e-11
    1.70856e-01      1.33523e-03      1.00000e+01      5.23003e-11
    1.73054e-01      1.33130e-03      1.00000e+01      5.29603e-11
    1.75281e-01      1.32734e-03      1.00000e+01      5.36285e-11
    1.77537e-01      1.32332e-03      1.00000e+01      5.43054e-11
    1.79822e-01      1.31926e-03      1.00000e+01      5.49909e-11
    1.82136e-01      1.31514e-03      1.00000e+01      5.56853e-11
    1.84480e-01      1.31096e-03      1.00000e+01      5.63886e-11
    1.86854e-01      1.30674e-03      1.00000e+01      5.71010e-11
    1.89258e-01      1.30246e-03      1.00000e+01      5.78226e-11
    1.91694e-01      1.29812e-03      1.00000e+01      5.85534e-11
    1.94161e-01      1.29373e-03      1.00000e+01      5.92937e-11
    1.96660e-01      1.28929e-03      1.00000e+01      6.00435e-11
    1.99191e-01      1.28478e-03      1.00000e+01      6.08029e-11
    2.01754e-01      1.28027e-03      1.00000e+01      6.15715e-11
    2.04351e-01      1.27592e-03      1.00000e+01      6.23474e-11
    2.06981e-01      1.27152e-03      1.00000e+01      6.31332e-11
    2.09644e-01      1.26705e-03      1.00000e+01      6.39291e-11
    2.12342e-01      1.26254e-03      1.00000e+01      6.47353e-11
    2.15075e-01      1.25796e-03      1.00000e+01      6.55519e-11
    2.17843e-01      1.25332e-03      1.00000e+01      6.63790e-11
    2.20647e-01      1.24863e-03      1.00000e+01      6.72167e-11
    2.23487e-01      1.24387e-03      1.00000e+01      6.80652e-11
    2.26363e-01      1.23905e-03      1.00000e+01      6.89247e-11
    2.29276e-01      1.23417e-03      1.00000e+01      6.97952e-11
    2.32227e-01      1.22929e-03      1.00000e+01      7.06770e-11
    2.35216e-01      1.22456e-03      1.00000e+01      7.15705e-11
    2.38244e-01      1.21977e-03      1.00000e+01      7.24756e-11
    2.41310e-01      1.21492e-03      1.00000e+01      7.33923e-11
    2.44416e-01      1.21000e-03      1.00000e+01      7.43208e-11
    2.47562e-01      1.20502e-03      1.00000e+01      7.52613e-11
    2.50748e-01      1.19998e-03      1.00000e+01      7.62139e-11
    2.53975e-01      1.19487e-03      1.00000e+01      7.71787e-11
    2.57244e-01      1.18970e-03      1.00000e+01      7.81560e-11
    2.60555e-01      1.18446e-03      1.00000e+01      7.91458e-11
    2.63909e-01      1.17932e-03      1.00000e+01      8.01408e-11
    2.67306e-01      1.17423e-03      1.00000e+01      8.11442e-11
    2.70746e-01      1.16907e-03      1.00000e+01      8.21605e-11
    2.74231e-01      1.16384e-03      1.00000e+01      8.31899e-11
    2.77761e-01      1.15855e-03      1.00000e+01      8.42326e-11
    2.81336e-01      1.15318e-03      1.00000e+01      8.52887e-11
    2.84957e-01      1.14775e-03      1.00000e+01      8.63584e-11
    2.88625e-01      1.14225e-03      1.00000e+01      8.74419e-11
    2.92340e-01      1.13670e-03      1.00000e+01      8.85394e-11
    2.96103e-01      1.13134e-03      1.00000e+01      8.96523e-11
    2.99914e-01      1.12591e-03      1.00000e+01      9.07795e-11
    3.03775e-01      1.12042e-03      1.00000e+01      9.19212e-11
    3.07685e-01      1.11485e-03      1.00000e+01      9.30776e-11
    3.11645e-01      1.10921e-03      1.00000e+01      9.42489e-11
    3.15657e-01      1.10349e-03      1.00000e+01      9.54353e-11
    3.19720e-01      1.09771e-03      1.00000e+01      9.66370e-11
    3.23835e-01      1.09195e-03      1.00000e+01      9.78505e-11
    3.28004e-01      1.08631e-03      1.00000e+01      9.90736e-11
    3.32226e-01      1.08059e-03      1.00000e+01      1.00313e-10
    3.36502e-01      1.07480e-03      1.00000e+01      1.01567e-10
    3.40834e-01      1.06893e-03      1.00000e+01      1.02838e-10
    3.45221e-01      1.06298e-03      1.00000e+01      1.04126e-10
    3.49665e-01      1.05697e-03      1.00000e+01      1.05430e-10
    3.54166e-01      1.05097e-03      1.00000e+01      1.06754e-10
    3.58725e-01      1.04509e-03      1.00000e+01      1.08102e-10
    3.63343e-01      1.03912e-03      1.00000e+01      1.09466e-10
    3.68020e-01      1.03308e-03      1.00000e+01      1.10849e-10
    3.72757e-01      1.02697e-03      1.00000e+01      1.12249e-10
    3.77556e-01      1.02077e-03      1.00000e+01      1.13668e-10
    3.82416e-01      1.01449e-03      1.00000e+01      1.15104e-10
    3.87338e-01      1.00841e-03      1.00000e+01      1.16549e-10
    3.92324e-01      1.00227e-03      1.00000e+01      1.18012e-10
    3.97375e-01      9.96046e-04      1.00000e+01      1.19493e-10
    4.02490e-01      9.89745e-04      1.00000e+01      1.20994e-10
    4.07671e-01      9.83363e-04      1.00000e+01      1.22514e-10
    4.12919e-01      9.76899e-04      1.00000e+01      1.24054e-10
    4.18235e-01      9.70635e-04      1.00000e+01      1.25608e-10
    4.23619e-01      9.64297e-04      1.00000e+01      1.27183e-10
    4.29072e-01      9.57878e-04      1.00000e+01      1.28777e-10
    4.34595e-01      9.51376e-04      1.00000e+01      1.30393e-10
    4.40190e-01      9.44790e-04      1.00000e+01      1.32029e-10
    4.45857e-01      9.38252e-04      1.00000e+01      1.33684e-10
    4.51596e-01      9.31790e-04      1.00000e+01      1.35357e-10
    4.57410e-01      9.25245e-04      1.00000e+01      1.37052e-10
    4.63298e-01      9.18615e-04      1.00000e+01      1.38769e-10
    4.69262e-01      9.11901e-04      1.00000e+01      1.40508e-10
    4.75303e-01      9.05185e-04      1.00000e+01      1.42268e-10
    4.81422e-01      8.98592e-04      1.00000e+01      1.44047e-10
    4.87619e-01      8.91914e-04      1.00000e+01      1.45848e-10
    4.93897e-01      8.85150e-04      1.00000e+01      1.47673e-10
    5.00255e-01      8.78299e-04      1.00000e+01      1.49522e-10
    5.06695e-01      8.71490e-04      1.00000e+01      1.51392e-10
    5.13218e-01      8.64754e-04      1.00000e+01      1.53283e-10
    5.19825e-01      8.57932e-04      1.00000e+01      1.55199e-10
    5.26517e-01      8.51021e-04      1.00000e+01      1.57139e-10
    5.33295e-01      8.44022e-04      1.00000e+01      1.59104e-10
    5.40160e-01      8.37188e-04      1.00000e+01      1.61090e-10
    5.47114e-01      8.30298e-04      1.00000e+01      1.63101e-10
    5.54158e-01      8.23319e-04      1.00000e+01      1.65137e-10
    5.61292e-01      8.16251e-04      1.00000e+01      1.67200e-10
    5.68518e-01      8.09262e-04      1.00000e+01      1.69286e-10
    5.75837e-01      8.02307e-04      1.00000e+01      1.71397e-10
    5.83250e-01      7.95263e-04      1.00000e+01      1.73535e-10
    5.90758e-01      7.88128e-04      1.00000e+01      1.75701e-10
    5.98364e-01      7.81046e-04      1.00000e+01      1.77900e-10
    6.06067e-01      7.74019e-04      1.00000e+01      1.80133e-10
    6.13869e-01      7.66901e-04      1.00000e+01      1.82394e-10
    6.21772e-01      7.59691e-04      1.00000e+01      1.84685e-10
    6.29777e-01      7.52566e-04      1.00000e+01      1.86992e-10
    6.37885e-01      7.45458e-04      1.00000e+01      1.89320e-10
    6.46097e-01      7.38258e-04      1.00000e+01      1.91679e-10
    6.54415e-01      7.30966e-04      1.00000e+01      1.94067e-10
    6.62840e-01      7.23844e-04      1.00000e+01      1.96480e-10
    6.71373e-01      7.16652e-04      1.00000e+01      1.98923e-10
    6.80017e-01      7.09367e-04      1.00000e+01      2.01397e-10
    6.88771e-01      7.02100e-04      1.00000e+01      2.03894e-10
    6.97639e-01      6.94911e-04      1.00000e+01      2.06409e-10
    7.06620e-01      6.87630e-04      1.00000e+01      2.08956e-10
    7.15717e-01      6.80261e-04      1.00000e+01      2.11537e-10
    7.24932e-01      6.73074e-04      1.00000e+01      2.14164e-10
    7.34265e-01      6.65794e-04      1.00000e+01      2.16825e-10
    7.43718e-01      6.58421e-04      1.00000e+01      2.19520e-10
    7.53293e-01      6.51173e-04      1.00000e+01      2.22246e-10
    7.62991e-01      6.43894e-04      1.00000e+01      2.25006e-10
    7.72814e-01      6.36522e-04      1.00000e+01      2.27801e-10
    7.82763e-01      6.29239e-04      1.00000e+01      2.30629e-10
    7.92841e-01      6.21953e-04      1.00000e+01      2.33491e-10
    8.03048e-01      6.14574e-04      1.00000e+01      2.36390e-10
    8.13387e-01      6.07286e-04      1.00000e+01      2.39314e-10
    8.23859e-01      5.99993e-04      1.00000e+01      2.42270e-10
    8.34466e-01      5.92606e-04      1.00000e+01      2.45265e-10
    8.45209e-01      5.85346e-04      1.00000e+01      2.48313e-10
    8.56091e-01      5.78047e-04      1.00000e+01      2.51405e-10
    8.67113e-01      5.70661e-04      1.00000e+01      2.54535e-10
    8.78276e-01      5.63442e-04      1.00000e+01      2.57672e-10
    8.89584e-01      5.56130e-04      1.00000e+01      2.60850e-10
    9.01037e-01      5.48816e-04      1.00000e+01      2.64085e-10
    9.12637e-01      5.41582e-04      1.00000e+01      2.67394e-10
    9.24387e-01      5.34255e-04      1.00000e+01      2.70746e-10
    9.36288e-01      5.27032e-04      1.00000e+01      2.74086e-10
    9.48343e-01      5.19781e-04      1.00000e+01      2.77450e-10
    9.60552e-01      5.12501e-04      1.00000e+01      2.80863e-10
    9.72919e-01      5.05330e-04      1.00000e+01      2.84334e-10
    9.85445e-01      4.98065e-04      1.00000e+01      2.87850e-10
    9.98133e-01      4.91079e-04      1.00000e+01      2.94777e-10
    1.01098e+00      4.84089e-04      1.00000e+01      3.02582e-10
    1.02400e+00      4.77033e-04      1.00000e+01      3.08602e-10
    1.03718e+00      4.69916e-04      1.00000e+01      3.12411e-10
    1.05054e+00      4.62747e-04      1.00000e+01      3.16267e-10
    1.06406e+00      4.55697e-04      1.00000e+01      3.20168e-10
    1.07776e+00      4.48556e-04      1.00000e+01      3.24120e-10
    1.09164e+00      4.41559e-04      1.00000e+01      3.28111e-10
    1.10569e+00      4.34487e-04      1.00000e+01      3.32154e-10
    1.11993e+00      4.27518e-04      1.00000e+01      3.36248e-10
    1.13435e+00      4.20514e-04      1.00000e+01      3.40396e-10
    1.14895e+00      4.13586e-04      1.00000e+01      3.44583e-10
    1.16374e+00      4.06649e-04      1.00000e+01      3.48818e-10
    1.17873e+00      3.99774e-04      1.00000e+01      3.53106e-10
    1.19390e+00      3.92902e-04      1.00000e+01      3.57449e-10
    1.20928e+00      3.86091e-04      1.00000e+01      3.61845e-10
    1.22484e+00      3.79282e-04      1.00000e+01      3.66297e-10
    1.24061e+00      3.72545e-04      1.00000e+01      3.70759e-10
    1.25659e+00      3.65796e-04      1.00000e+01      3.75257e-10
    1.27277e+00      3.59141e-04      1.00000e+01      3.79894e-10
    1.28915e+00      3.52450e-04      1.00000e+01      3.84614e-10
    1.30575e+00      3.45888e-04      1.00000e+01      3.89335e-10
    1.32256e+00      3.39284e-04      1.00000e+01      3.94113e-10
    1.33959e+00      3.32797e-04      1.00000e+01      3.98944e-10
    1.35684e+00      3.26304e-04      1.00000e+01      4.03836e-10
    1.37431e+00      3.19873e-04      1.00000e+01      4.08784e-10
    1.39200e+00      3.13494e-04      1.00000e+01      4.13792e-10
    1.40992e+00      3.07118e-04      1.00000e+01      4.18862e-10
    1.42808e+00      3.00858e-04      1.00000e+01      4.23988e-10
    1.44646e+00      2.94592e-04      1.00000e+01      4.29178e-10
    1.46509e+00      2.88404e-04      1.00000e+01      4.34429e-10
    1.48395e+00      2.82272e-04      1.00000e+01      4.39743e-10
    1.50306e+00      2.76148e-04      1.00000e+01      4.45121e-10
    1.52241e+00      2.70144e-04      1.00000e+01      4.50553e-10
    1.54201e+00      2.64162e-04      1.00000e+01      4.56051e-10
    1.56186e+00      2.58207e-04      1.00000e+01      4.61616e-10
    1.58197e+00      2.52369e-04      1.00000e+01      4.67275e-10
    1.60234e+00      2.46555e-04      1.00000e+01      4.73013e-10
    1.62297e+00      2.40773e-04      1.00000e+01      4.78833e-10
    1.64387e+00      2.35113e-04      1.00000e+01      4.84670e-10
    1.66503e+00      2.29487e-04      1.00000e+01      4.90550e-10
    1.68647e+00      2.23902e-04      1.00000e+01      4.96485e-10
    1.70819e+00      2.18408e-04      1.00000e+01      5.02533e-10
    1.73018e+00      2.12982e-04      1.00000e+01      5.08651e-10
    1.75246e+00      2.07603e-04      1.00000e+01      5.14841e-10
    1.77502e+00      2.02277e-04      1.00000e+01      5.21104e-10
    1.79787e+00      1.97058e-04      1.00000e+01      5.27439e-10
    1.82102e+00      1.91896e-04      1.00000e+01      5.33851e-10
    1.84447e+00      1.86791e-04      1.00000e+01      5.40339e-10
    1.86822e+00      1.81746e-04      1.00000e+01      5.46904e-10
    1.89227e+00      1.76788e-04      1.00000e+01      5.53556e-10
    1.91663e+00      1.71914e-04      1.00000e+01      5.60260e-10
    1.94131e+00      1.67104e-04      1.00000e+01      5.67049e-10
    1.96631e+00      1.62361e-04      1.00000e+01      5.73922e-10
    1.99162e+00      1.57771e-04      1.00000e+01      5.84298e-10
    2.01727e+00      1.53550e-04      1.00000e+01      6.06878e-10
    2.04324e+00      1.49040e-04      1.00000e+01      6.14148e-10
    2.06955e+00      1.44608e-04      1.00000e+01      6.21565e-10
    2.09619e+00      1.40249e-04      1.00000e+01      6.29141e-10
    2.12318e+00      1.35966e-04      1.00000e+01      6.36780e-10
    2.15052e+00      1.31759e-04      1.00000e+01      6.44476e-10
    2.17821e+00      1.27629e-04      1.00000e+01      6.52263e-10
    2.20625e+00      1.23578e-04      1.00000e+01      6.60137e-10
    2.23466e+00      1.19606e-04      1.00000e+01      6.68104e-10
    2.26343e+00      1.15714e-04      1.00000e+01      6.76167e-10
    2.29257e+00      1.11904e-04      1.00000e+01      6.84316e-10
    2.32209e+00      1.08175e-04      1.00000e+01      6.92558e-10
    2.35199e+00      1.04529e-04      1.00000e+01      7.00863e-10
    2.38227e+00      1.00961e-04      1.00000e+01      7.09325e-10
    2.41295e+00      9.74780e-05      1.00000e+01      7.17902e-10
    2.44401e+00      9.40768e-05      1.00000e+01      7.26529e-10
    2.47548e+00      9.07573e-05      1.00000e+01      7.35266e-10
    2.50736e+00      8.75203e-05      1.00000e+01      7.44099e-10
    2.53964e+00      8.43622e-05      1.00000e+01      7.53064e-10
    2.57234e+00      8.12877e-05      1.00000e+01      7.62163e-10
    2.60546e+00      7.82949e-05      1.00000e+01      7.71304e-10
    2.63901e+00      7.53821e-05      1.00000e+01      7.80546e-10
    2.67298e+00      7.25485e-05      1.00000e+01      7.89846e-10
    2.70740e+00      6.97943e-05      1.00000e+01      7.99285e-10
    2.74226e+00      6.71197e-05      1.00000e+01      8.08852e-10
    2.77757e+00      6.45346e-05      1.00000e+01      8.18529e-10
    2.81333e+00      6.20290e-05      1.00000e+01      8.28317e-10
    2.84955e+00      5.95995e-05      1.00000e+01      8.38216e-10
    2.88624e+00      5.72470e-05      1.00000e+01      8.48229e-10
    2.92341e+00      5.49681e-05      1.00000e+01      8.58386e-10
    2.96105e+00      5.27789e-05      1.00000e+01      8.68595e-10
    2.99917e+00      5.06630e-05      1.00000e+01      8.78913e-10
    3.03779e+00      4.86201e-05      1.00000e+01      8.89347e-10
    3.07690e+00      4.66504e-05      1.00000e+01      9.00013e-10
    3.11652e+00      4.47655e-05      1.00000e+01      9.10728e-10
    3.15665e+00      4.29477e-05      1.00000e+01      9.21561e-10
    3.19729e+00      4.11989e-05      1.00000e+01      9.32519e-10
    3.23846e+00      3.95318e-05      1.00000e+01      9.43597e-10
    3.28015e+00      3.79308e-05      1.00000e+01      9.54809e-10
    3.32239e+00      3.63973e-05      1.00000e+01      9.66137e-10
    3.36517e+00      3.49369e-05      1.00000e+01      9.77605e-10
    3.40849e+00      3.35375e-05      1.00000e+01      9.89188e-10
    3.45238e+00      3.22125e-05      1.00000e+01      1.00089e-09
    3.49683e+00      3.09452e-05      1.00000e+01      1.01273e-09
    3.54186e+00      2.97464e-05      1.00000e+01      1.02474e-09
    3.58746e+00      2.86051e-05      1.00000e+01      1.03686e-09
    3.63365e+00      2.75299e-05      1.00000e+01      1.04920e-09
    3.68044e+00      2.65060e-05      1.00000e+01      1.06160e-09
    3.72783e+00      2.55482e-05      1.00000e+01      1.07412e-09
    3.77582e+00      2.46406e-05      1.00000e+01      1.08671e-09
    3.82444e+00      2.37895e-05      1.00000e+01      1.09951e-09
    3.87368e+00      2.29914e-05      1.00000e+01      1.11246e-09
    3.92356e+00      2.22406e-05      1.00000e+01      1.12556e-09
    3.97408e+00      2.15441e-05      1.00000e+01      1.13879e-09
    4.02525e+00      2.08929e-05      1.00000e+01      1.15217e-09
    4.07708e+00      2.02860e-05      1.00000e+01      1.16570e-09
    4.12957e+00      1.97239e-05      1.00000e+01      1.17941e-09
    4.18274e+00      1.92063e-05      1.00000e+01      1.19322e-09
    4.23660e+00      1.87253e-05      1.00000e+01      1.20715e-09
    4.29115e+00      1.82853e-05      1.00000e+01      1.22125e-09
    4.34640e+00      1.78781e-05      1.00000e+01      1.23561e-09
    4.40236e+00      1.75108e-05      1.00000e+01      1.25006e-09
    4.45905e+00      1.71735e-05      1.00000e+01      1.26466e-09
    4.51646e+00      1.68680e-05      1.00000e+01      1.27943e-09
    4.57461e+00      1.65915e-05      1.00000e+01      1.29435e-09
    4.63351e+00      1.63420e-05      1.00000e+01      1.30944e-09
    4.69317e+00      1.61183e-05      1.00000e+01      1.32469e-09
    4.75360e+00      1.59184e-05      1.00000e+01      1.34011e-09
    4.81481e+00      1.57404e-05      1.00000e+01      1.35575e-09
    4.87680e+00      1.55828e-05      1.00000e+01      1.37153e-09
    4.93960e+00      1.54439e-05      1.00000e+01      1.38747e-09
    5.00320e+00      1.53219e-05      1.00000e+01      1.40351e-09
    5.06762e+00      1.52154e-05      1.00000e+01      1.41976e-09
    5.13287e+00      1.51229e-05      1.00000e+01      1.43621e-09
    5.19896e+00      1.50432e-05      1.00000e+01      1.45283e-09
    5.26590e+00      1.49744e-05      1.00000e+01      1.46962e-09
    5.33370e+00      1.49156e-05      1.00000e+01      1.48660e-09
    5.40238e+00      1.48650e-05      1.00000e+01      1.50376e-09
    5.47194e+00      1.48224e-05      1.00000e+01      1.52110e-09
    5.54239e+00      1.47860e-05      1.00000e+01      1.53868e-09
    5.61375e+00      1.47551e-05      1.00000e+01      1.55638e-09
    5.68604e+00      1.47289e-05      1.00000e+01      1.57418e-09
    5.75925e+00      1.47065e-05      1.00000e+01      1.59234e-09
    5.83340e+00      1.46873e-05      1.00000e+01      1.61062e-09
    5.90851e+00      1.46707e-05      1.00000e+01      1.62910e-09
    5.98459e+00      1.46561e-05      1.00000e+01      1.64777e-09
    6.06165e+00      1.46433e-05      1.00000e+01      1.66663e-09
    6.13970e+00      1.46318e-05      1.00000e+01      1.68562e-09
    6.21875e+00      1.46213e-05      1.00000e+01      1.70488e-09
    6.29882e+00      1.46116e-05      1.00000e+01      1.72437e-09
    6.37992e+00      1.46026e-05      1.00000e+01      1.74415e-09
    6.46207e+00      1.45940e-05      1.00000e+01      1.76405e-09
    6.54527e+00      1.45858e-05      1.00000e+01      1.78415e-09
    6.62955e+00      1.45779e-05      1.00000e+01      1.80444e-09
    6.71491e+00      1.45702e-05      1.00000e+01      1.82485e-09
    6.80137e+00      1.45626e-05      1.00000e+01      1.84556e-09
    6.88895e+00      1.45552e-05      1.00000e+01      1.86649e-09
    6.97765e+00      1.45478e-05      1.00000e+01      1.88763e-09
    7.06749e+00      1.45405e-05      1.00000e+01      1.90898e-09
    7.15849e+00      1.45333e-05      1.00000e+01      1.93060e-09
    7.25066e+00      1.45261e-05      1.00000e+01      1.95239e-09
    7.34402e+00      1.45189e-05      1.00000e+01      1.97432e-09
    7.43858e+00      1.45118e-05      1.00000e+01      1.99660e-09
    7.53436e+00      1.45046e-05      1.00000e+01      2.01907e-09
    7.63137e+00      1.44975e-05      1.00000e+01      2.04177e-09
    7.72963e+00      1.44903e-05      1.00000e+01      2.06469e-09
    7.82916e+00      1.44832e-05      1.00000e+01      2.08778e-09
    7.92997e+00      1.44761e-05      1.00000e+01      2.11116e-09
    8.03207e+00      1.44689e-05      1.00000e+01      2.13480e-09
    8.13549e+00      1.44618e-05      1.00000e+01      2.15876e-09
    8.24024e+00      1.44546e-05      1.00000e+01      2.18289e-09
    8.34634e+00      1.44474e-05      1.00000e+01      2.20725e-09
    8.45381e+00      1.44402e-05      1.00000e+01      2.23176e-09
    8.56266e+00      1.44329e-05      1.00000e+01      2.25658e-09
    8.67291e+00      1.44256e-05      1.00000e+01      2.28164e-09
    8.78458e+00      1.44182e-05      1.00000e+01      2.30697e-09
    8.89769e+00      1.44107e-05      1.00000e+01      2.33253e-09
    9.01226e+00      1.44032e-05      1.00000e+01      2.35839e-09
    9.12830e+00      1.43957e-05      1.00000e+01      2.38444e-09
    9.24583e+00      1.43881e-05      1.00000e+01      2.41073e-09
    9.36488e+00      1.43804e-05      1.00000e+01      2.43730e-09
    9.48546e+00      1.43726e-05      1.00000e+01      2.46414e-09
    9.60760e+00      1.43648e-05      1.00000e+01      2.49125e-09
    9.73131e+00      1.43569e-05      1.00000e+01      2.51857e-09
    9.85660e+00      1.43490e-05      1.00000e+01      2.54615e-09
    9.98352e+00      1.43409e-05      1.00000e+01      2.57407e-09
    1.01121e+01      1.43328e-05      1.00000e+01      2.60231e-09
    1.02423e+01      1.43246e-05      1.00000e+01      2.63073e-09
    1.03741e+01      1.43162e-05      1.00000e+01      2.65943e-09
    1.05077e+01      1.43078e-05      1.00000e+01      2.68838e-09
    1.06430e+01      1.42993e-05      1.00000e+01      2.71759e-09
    1.07801e+01      1.42906e-05      1.00000e+01      2.74713e-09
    1.09189e+01      1.42819e-05      1.00000e+01      2.77694e-09
    1.10595e+01      1.42730e-05      1.00000e+01      2.80699e-09
    1.12019e+01      1.42641e-05      1.00000e+01      2.83730e-09
    1.13461e+01      1.42551e-05      1.00000e+01      2.86787e-09
    1.14922e+01      1.42460e-05      1.00000e+01      2.89877e-09
    1.16402e+01      1.42368e-05      1.00000e+01      2.92996e-09
    1.17900e+01      1.42275e-05      1.00000e+01      2.96143e-09
    1.19418e+01      1.42180e-05      1.00000e+01      2.99315e-09
    1.20956e+01      1.42085e-05      1.00000e+01      3.02527e-09
    1.22513e+01      1.41988e-05      1.00000e+01      3.05758e-09
    1.24091e+01      1.41891e-05      1.00000e+01      3.09025e-09
    1.25689e+01      1.41792e-05      1.00000e+01      3.12325e-09
    1.27307e+01      1.41692e-05      1.00000e+01      3.15645e-09
    1.28946e+01      1.41591e-05      1.00000e+01      3.18997e-09
    1.30607e+01      1.41489e-05      1.00000e+01      3.22383e-09
    1.32288e+01      1.41386e-05      1.00000e+01      3.25799e-09
    1.33992e+01      1.41282e-05      1.00000e+01      3.29235e-09
    1.35717e+01      1.41176e-05      1.00000e+01      3.32702e-09
    1.37464e+01      1.41069e-05      1.00000e+01      3.36209e-09
    1.39234e+01      1.40961e-05      1.00000e+01      3.39741e-09
    1.41027e+01      1.40850e-05      1.00000e+01      3.43302e-09
    1.42843e+01      1.40739e-05      1.00000e+01      3.46893e-09
    1.44682e+01      1.40627e-05      1.00000e+01      3.50524e-09
    1.46545e+01      1.40514e-05      1.00000e+01      3.54177e-09
    1.48432e+01      1.40400e-05      1.00000e+01      3.57869e-09
    1.50343e+01      1.40284e-05      1.00000e+01      3.61588e-09
    1.52279e+01      1.40166e-05      1.00000e+01      3.65338e-09
    1.54240e+01      1.40047e-05      1.00000e+01      3.69121e-09
    1.56226e+01      1.39927e-05      1.00000e+01      3.72934e-09
    1.58237e+01      1.39805e-05      1.00000e+01      3.76777e-09
    1.60275e+01      1.39682e-05      1.00000e+01      3.80648e-09
    1.62338e+01      1.39558e-05      1.00000e+01      3.84557e-09
    1.64429e+01      1.39433e-05      1.00000e+01      3.88498e-09
    1.66546e+01      1.39305e-05      1.00000e+01      3.92470e-09
    1.68690e+01      1.39177e-05      1.00000e+01      3.96474e-09
    1.70862e+01      1.39046e-05      1.00000e+01      4.00508e-09
    1.73062e+01      1.38914e-05      1.00000e+01      4.04576e-09
    1.75291e+01      1.38781e-05      1.00000e+01      4.08675e-09
    1.77548e+01      1.38647e-05      1.00000e+01      4.12807e-09
    1.79834e+01      1.38511e-05      1.00000e+01      4.16972e-09
    1.82149e+01      1.38374e-05      1.00000e+01      4.21175e-09
    1.84495e+01      1.38235e-05      1.00000e+01      4.25395e-09
    1.86870e+01      1.38094e-05      1.00000e+01      4.29659e-09
    1.89276e+01      1.37952e-05      1.00000e+01      4.33955e-09
    1.91714e+01      1.37809e-05      1.00000e+01      4.38285e-09
    1.94182e+01      1.37663e-05      1.00000e+01      4.42645e-09
    1.96682e+01      1.37516e-05      1.00000e+01      4.47036e-09
    1.99215e+01      1.37368e-05      1.00000e+01      4.51459e-09
    2.01780e+01      1.37218e-05      1.00000e+01      4.55916e-09
    2.04378e+01      1.37066e-05      1.00000e+01      4.60405e-09
    2.07010e+01      1.36913e-05      1.00000e+01      4.64925e-09
    2.09675e+01      1.36758e-05      1.00000e+01      4.69479e-09
    2.12375e+01      1.36601e-05      1.00000e+01      4.74066e-09
    2.15109e+01      1.36442e-05      1.00000e+01      4.78687e-09
    2.17879e+01      1.36282e-05      1.00000e+01      4.83340e-09
    2.20685e+01      1.36120e-05      1.00000e+01      4.88028e-09
    2.23526e+01      1.35956e-05      1.00000e+01      4.92748e-09
    2.26404e+01      1.35791e-05      1.00000e+01      4.97497e-09
    2.29319e+01      1.35623e-05      1.00000e+01      5.02276e-09
    2.32272e+01      1.35454e-05      1.00000e+01      5.07087e-09
    2.35263e+01      1.35282e-05      1.00000e+01      5.11931e-09
    2.38292e+01      1.35109e-05      1.00000e+01      5.16803e-09
    2.41360e+01      1.34934e-05      1.00000e+01      5.21709e-09
    2.44468e+01      1.34757e-05      1.00000e+01      5.26648e-09
    2.47616e+01      1.34578e-05      1.00000e+01      5.31621e-09
    2.50804e+01      1.34398e-05      1.00000e+01      5.36628e-09
    2.54034e+01      1.34215e-05      1.00000e+01      5.41666e-09
    2.57304e+01      1.34031e-05      1.00000e+01      5.46731e-09
    2.60618e+01      1.33844e-05      1.00000e+01      5.51825e-09
    2.63973e+01      1.33655e-05      1.00000e+01      5.56948e-09
    2.67372e+01      1.33465e-05      1.00000e+01      5.62103e-09
    2.70815e+01      1.33272e-05      1.00000e+01      5.67288e-09
    2.74302e+01      1.33078e-05      1.00000e+01      5.72502e-09
    2.77834e+01      1.32881e-05      1.00000e+01      5.77748e-09
    2.81411e+01      1.32681e-05      1.00000e+01      5.83024e-09
    2.85035e+01      1.32480e-05      1.00000e+01      5.88332e-09
    2.88705e+01      1.32276e-05      1.00000e+01      5.93668e-09
    2.92422e+01      1.32070e-05      1.00000e+01      5.99030e-09
    2.96187e+01      1.31862e-05      1.00000e+01      6.04419e-09
    3.00001e+01      1.31652e-05      1.00000e+01      6.09835e-09
