    Er (keV)         SM dN/dE         BG dN/dE        BSM dN/dE (events/kg/day/keV)
    1.01000e-02      8.67295e-01      5.00000e+00      3.01322e-12
    1.02614e-02      8.62747e-01      5.00000e+00      3.06137e-12
    1.04254e-02      8.58125e-01      5.00000e+00      3.11031e-12
    1.05921e-02      8.53428e-01      5.00000e+00      3.16003e-12
    1.07615e-02      8.48656e-01      5.00000e+00      3.21055e-12
    1.09336e-02      8.43806e-01      5.00000e+00      3.26189e-12
    1.11084e-02      8.38879e-01      5.00000e+00      3.31405e-12
    1.12861e-02      8.33871e-01      5.00000e+00      3.36706e-12
    1.14667e-02      8.28783e-01      5.00000e+00      3.42093e-12
    1.16502e-02      8.23613e-01      5.00000e+00      3.47566e-12
    1.18366e-02      8.18359e-01      5.00000e+00      3.53128e-12
    1.20261e-02      8.13021e-01      5.00000e+00      3.58780e-12
    1.22186e-02      8.07596e-01      5.00000e+00      3.64522e-12
    1.24142e-02      8.02084e-01      5.00000e+00      3.70358e-12
    1.26129e-02      7.96483e-01      5.00000e+00      3.76288e-12
    1.28149e-02      7.90791e-01      5.00000e+00      3.82313e-12
    1.30202e-02      7.85008e-01      5.00000e+00      3.88436e-12
    1.32287e-02      7.79131e-01      5.00000e+00      3.94657e-12
    1.34406e-02      7.73159e-01      5.00000e+00      4.00979e-12
    1.36560e-02      7.67091e-01      5.00000e+00      4.07403e-12
    1.38748e-02      7.60925e-01      5.00000e+00      4.13931e-12
    1.40971e-02      7.54660e-01      5.00000e+00      4.20564e-12
    1.43231e-02      7.48293e-01      5.00000e+00      4.27304e-12
    1.45527e-02      7.41823e-01      5.00000e+00      4.34153e-12
    1.47859e-02      7.35249e-01      5.00000e+00      4.41112e-12
    1.50230e-02      7.28569e-01      5.00000e+00      4.48184e-12
    1.52639e-02      7.21782e-01      5.00000e+00      4.55370e-12
    1.55086e-02      7.14884e-01      5.00000e+00      4.62672e-12
    1.57574e-02      7.07876e-01      5.00000e+00      4.70091e-12
    1.60101e-02      7.00754e-01      5.00000e+00      4.77631e-12
    1.62669e-02      6.93517e-01      5.00000e+00      4.85292e-12
    1.65279e-02      6.86163e-01      5.00000e+00      4.93077e-12
    1.67931e-02      6.78691e-01      5.00000e+00      5.00988e-12
    1.70625e-02      6.71098e-01      5.00000e+00      5.09026e-12
    1.73363e-02      6.63382e-01      5.00000e+00      5.17194e-12
    1.76145e-02      6.55542e-01      5.00000e+00      5.25494e-12
    1.78972e-02      6.47576e-01      5.00000e+00      5.33928e-12
    1.81845e-02      6.39480e-01      5.00000e+00      5.42498e-12
    1.84764e-02      6.31255e-01      5.00000e+00      5.51206e-12
    1.87731e-02      6.22896e-01      5.00000e+00      5.60055e-12
    1.90745e-02      6.14402e-01      5.00000e+00      5.69046e-12
    1.93808e-02      6.05772e-01      5.00000e+00      5.78183e-12
    1.96920e-02      5.97002e-01      5.00000e+00      5.87468e-12
    2.00082e-02      5.88090e-01      5.00000e+00      5.96902e-12
    2.03296e-02      5.79035e-01      5.00000e+00      6.06488e-12
    2.06561e-02      5.69833e-01      5.00000e+00      6.16230e-12
    2.09879e-02      5.60483e-01      5.00000e+00      6.26128e-12
    2.13251e-02      5.50982e-01      5.00000e+00      6.36186e-12
    2.16677e-02      5.41328e-01      5.00000e+00      6.46407e-12
    2.20158e-02      5.31517e-01      5.00000e+00      6.56792e-12
    2.23696e-02      5.21549e-01      5.00000e+00      6.67346e-12
    2.27291e-02      5.11419e-01      5.00000e+00      6.78069e-12
    2.30943e-02      5.01126e-01      5.00000e+00      6.88966e-12
    2.34655e-02      4.90667e-01      5.00000e+00      7.00038e-12
    2.38426e-02      4.80039e-01      5.00000e+00      7.11289e-12
    2.42259e-02      4.69240e-01      5.00000e+00      7.22722e-12
    2.46153e-02      4.58266e-01      5.00000e+00      7.34340e-12
    2.50110e-02      4.47115e-01      5.00000e+00      7.46145e-12
    2.54131e-02      4.35784e-01      5.00000e+00      7.58140e-12
    2.58217e-02      4.24270e-01      5.00000e+00      7.70329e-12
    2.62369e-02      4.12570e-01      5.00000e+00      7.82715e-12
    2.66588e-02      4.00682e-01      5.00000e+00      7.95301e-12
    2.70875e-02      3.88601e-01      5.00000e+00      8.08090e-12
    2.75231e-02      3.76326e-01      5.00000e+00      8.21085e-12
    2.79658e-02      3.63852e-01      5.00000e+00      8.34290e-12
    2.84156e-02      3.51177e-01      5.00000e+00      8.47709e-12
    2.88727e-02      3.38298e-01      5.00000e+00      8.61344e-12
    2.93371e-02      3.25210e-01      5.00000e+00      8.75199e-12
    2.98090e-02      3.11912e-01      5.00000e+00      8.89277e-12
    3.02886e-02      2.98398e-01      5.00000e+00      9.03583e-12
    3.07759e-02      2.84667e-01      5.00000e+00      9.18120e-12
    3.12710e-02      2.70714e-01      5.00000e+00      9.32891e-12
    3.17742e-02      2.56535e-01      5.00000e+00      9.47901e-12
    3.22855e-02      2.42128e-01      5.00000e+00      9.63154e-12
    3.28050e-02      2.27488e-01      5.00000e+00      9.78652e-12
    3.33329e-02      2.12612e-01      5.00000e+00      9.94400e-12
    3.38693e-02      1.97496e-01      5.00000e+00      1.01040e-11
    3.44144e-02      1.82136e-01      5.00000e+00      1.02666e-11
    3.49683e-02      1.66528e-01      5.00000e+00      1.04319e-11
    3.55311e-02      1.50667e-01      5.00000e+00      1.05998e-11
    3.61031e-02      1.34551e-01      5.00000e+00      1.07704e-11
    3.66842e-02      1.18175e-01      5.00000e+00      1.09438e-11
    3.72747e-02      1.01534e-01      5.00000e+00      1.11199e-11
    3.78748e-02      8.46253e-02      5.00000e+00      1.12989e-11
    3.84845e-02      6.74431e-02      5.00000e+00      1.14808e-11
    3.91041e-02      4.99836e-02      5.00000e+00      1.16657e-11
    3.97337e-02      3.22423e-02      5.00000e+00      1.18535e-11
    4.03735e-02      1.64446e-02      5.00000e+00      1.20443e-11
    4.10236e-02      1.61239e-02      5.00000e+00      1.22382e-11
    4.16841e-02      1.57981e-02      5.00000e+00      1.24353e-11
    4.23554e-02      1.54670e-02      5.00000e+00      1.26355e-11
    4.30374e-02      1.51306e-02      5.00000e+00      1.28389e-11
    4.37305e-02      1.47887e-02      5.00000e+00      1.30456e-11
    4.44348e-02      1.44414e-02      5.00000e+00      1.32557e-11
    4.51504e-02      1.40884e-02      5.00000e+00      1.34691e-11
    4.58776e-02      1.37297e-02      5.00000e+00      1.36860e-11
    4.66165e-02      1.33652e-02      5.00000e+00      1.39064e-11
    4.73674e-02      1.29949e-02      5.00000e+00      1.41304e-11
    4.81304e-02      1.26185e-02      5.00000e+00      1.43579e-11
    4.89056e-02      1.22361e-02      5.00000e+00      1.45892e-11
    4.96934e-02      1.18475e-02      5.00000e+00      1.48242e-11
    5.04940e-02      1.14527e-02      5.00000e+00      1.50629e-11
    5.13074e-02      1.10515e-02      5.00000e+00      1.53055e-11
    5.21340e-02      1.06438e-02      5.00000e+00      1.55521e-11
    5.29739e-02      1.02295e-02      5.00000e+00      1.58026e-11
    5.38274e-02      9.80851e-03      5.00000e+00      1.60572e-11
    5.46946e-02      9.38074e-03      5.00000e+00      1.63158e-11
    5.55758e-02      8.94607e-03      5.00000e+00      1.65787e-11
    5.64713e-02      8.50438e-03      5.00000e+00      1.68458e-11
    5.73812e-02      8.05556e-03      5.00000e+00      1.71172e-11
    5.83059e-02      7.59950e-03      5.00000e+00      1.73930e-11
    5.92454e-02      7.13607e-03      5.00000e+00      1.76732e-11
    6.02001e-02      6.66517e-03      5.00000e+00      1.79579e-11
    6.11702e-02      6.18666e-03      5.00000e+00      1.82473e-11
    6.21560e-02      5.70044e-03      5.00000e+00      1.85413e-11
    6.31577e-02      5.20636e-03      5.00000e+00      1.88401e-11
    6.41755e-02      4.70430e-03      5.00000e+00      1.91437e-11
    6.52098e-02      4.19415e-03      5.00000e+00      1.94522e-11
    6.62608e-02      3.67576e-03      5.00000e+00      1.97656e-11
    6.73287e-02      3.14900e-03      5.00000e+00      2.00842e-11
    6.84139e-02      2.61373e-03      5.00000e+00      2.04078e-11
    6.95166e-02      2.06983e-03      5.00000e+00      2.07367e-11
    7.06371e-02      1.54231e-03      5.00000e+00      2.10727e-11
    7.17757e-02      1.53975e-03      5.00000e+00      2.14511e-11
    7.29326e-02      1.53716e-03      5.00000e+00      2.18356e-11
    7.41083e-02      1.53452e-03      5.00000e+00      2.22263e-11
    7.53029e-02      1.53184e-03      5.00000e+00      2.26233e-11
    7.65168e-02      1.52911e-03      5.00000e+00      2.30267e-11
    7.77503e-02      1.52634e-03      5.00000e+00      2.34366e-11
    7.90037e-02      1.52353e-03      5.00000e+00      2.38531e-11
    8.02773e-02      1.52067e-03      5.00000e+00      2.42764e-11
    8.15715e-02      1.51777e-03      5.00000e+00      2.47065e-11
    8.28866e-02      1.51481e-03      5.00000e+00      2.51435e-11
    8.42229e-02      1.51182e-03      5.00000e+00      2.55876e-11
    8.55808e-02      1.50877e-03      5.00000e+00      2.60389e-11
    8.69606e-02      1.50567e-03      5.00000e+00      2.64974e-11
    8.83627e-02      1.50252e-03      5.00000e+00      2.69634e-11
    8.97874e-02      1.49933e-03      5.00000e+00      2.74368e-11
    9.12351e-02      1.49608e-03      5.00000e+00      2.79179e-11
    9.27061e-02      1.49278e-03      5.00000e+00      2.84068e-11
    9.42009e-02      1.48942e-03      5.00000e+00      2.89036e-11
    9.57199e-02      1.48601e-03      5.00000e+00      2.94084e-11
    9.72633e-02      1.48255e-03      5.00000e+00      2.99213e-11
    9.88317e-02      1.47903e-03      5.00000e+00      3.04425e-11
    1.00425e-01      1.47545e-03      5.00000e+00      3.09721e-11
    1.02045e-01      1.47200e-03      5.00000e+00      3.14769e-11
    1.03690e-01      1.46858e-03      5.00000e+00      3.19766e-11
    1.05362e-01      1.46509e-03      5.00000e+00      3.24843e-11
    1.07062e-01      1.46155e-03      5.00000e+00      3.30003e-11
    1.08788e-01      1.45796e-03      5.00000e+00      3.35245e-11
    1.10543e-01      1.45430e-03      5.00000e+00      3.40573e-11
    1.12325e-01      1.45059e-03      5.00000e+00      3.45986e-11
    1.14137e-01      1.44682e-03      5.00000e+00      3.51487e-11
    1.15977e-01      1.44298e-03      5.00000e+00      3.57076e-11
    1.17848e-01      1.43909e-03      5.00000e+00      3.62756e-11
    1.19749e-01      1.43513e-03      5.00000e+00      3.68528e-11
    1.21680e-01      1.43110e-03      5.00000e+00      3.74392e-11
    1.23642e-01      1.42701e-03      5.00000e+00      3.80352e-11
    1.25637e-01      1.42286e-03      5.00000e+00      3.86407e-11
    1.27663e-01      1.41864e-03      5.00000e+00      3.92560e-11
    1.29722e-01      1.41435e-03      5.00000e+00      3.98813e-11
    1.31814e-01      1.41009e-03      5.00000e+00      4.05157e-11
    1.33940e-01      1.40597e-03      5.00000e+00      4.11581e-11
    1.36101e-01      1.40178e-03      5.00000e+00      4.18109e-11
    1.38296e-01      1.39752e-03      5.00000e+00      4.24742e-11
    1.40527e-01      1.39320e-03      5.00000e+00      4.31482e-11
    1.42794e-01      1.38881e-03      5.00000e+00      4.38331e-11
    1.45097e-01      1.38435e-03      5.00000e+00      4.45291e-11
    1.47437e-01      1.37981e-03      5.00000e+00      4.52363e-11
    1.49816e-01      1.37520e-03      5.00000e+00      4.59549e-11
    1.52232e-01      1.37052e-03      5.00000e+00      4.66851e-11
    1.54688e-01      1.36576e-03      5.00000e+00      4.74271e-11
    1.57183e-01      1.36092e-03      5.00000e+00      4.81811e-11
    1.59719e-01      1.35601e-03      5.00000e+00      4.89472e-11
    1.62295e-01      1.35112e-03      5.00000e+00      4.97243e-11
    1.64913e-01      1.34637e-03      5.00000e+00      5.05110e-11
    1.67574e-01      1.34154e-03      5.00000e+00      5.13104e-11
    1.70277e-01      1.33664e-03      5.00000e+00      5.21226e-11
    1.73024e-01      1.33165e-03      5.00000e+00      5.29480e-11
    1.75815e-01      1.32659e-03      5.00000e+00      5.37867e-11
    1.78652e-01      1.32144e-03      5.00000e+00      5.46389e-11
    1.81534e-01      1.31621e-03      5.00000e+00      5.55049e-11
    1.84462e-01      1.31090e-03      5.00000e+00      5.63849e-11
    1.87438e-01      1.30550e-03      5.00000e+00      5.72791e-11
    1.90462e-01      1.30001e-03      5.00000e+00      5.81877e-11
    1.93535e-01      1.29463e-03      5.00000e+00      5.91086e-11
    1.96657e-01      1.28930e-03      5.00000e+00      6.00428e-11
    1.99830e-01      1.28388e-03      5.00000e+00      6.09920e-11
    2.03054e-01      1.27838e-03      5.00000e+00      6.19565e-11
    2.06330e-01      1.27279e-03      5.00000e+00      6.29366e-11
    2.09659e-01      1.26711e-03      5.00000e+00      6.39325e-11
    2.13042e-01      1.26133e-03      5.00000e+00      6.49445e-11
    2.16479e-01      1.25547e-03      5.00000e+00      6.59729e-11
    2.19971e-01      1.24951e-03      5.00000e+00      6.70178e-11
    2.23521e-01      1.24359e-03      5.00000e+00      6.80800e-11
    2.27127e-01      1.23779e-03      5.00000e+00      6.91598e-11
    2.30791e-01      1.23188e-03      5.00000e+00      7.02571e-11
    2.34515e-01      1.22589e-03      5.00000e+00      7.13721e-11
    2.38299e-01      1.21980e-03      5.00000e+00      7.25050e-11
    2.42144e-01      1.21360e-03      5.00000e+00      7.36563e-11
    2.46051e-01      1.20731e-03      5.00000e+00      7.48262e-11
    2.50021e-01      1.20092e-03      5.00000e+00      7.60149e-11
    2.54055e-01      1.19457e-03      5.00000e+00      7.72162e-11
    2.58154e-01      1.18832e-03      5.00000e+00      7.84278e-11
    2.62320e-01      1.18196e-03      5.00000e+00      7.96589e-11
    2.66552e-01      1.17551e-03      5.00000e+00      8.09099e-11
    2.70853e-01      1.16895e-03      5.00000e+00      8.21810e-11
    2.75224e-01      1.16228e-03      5.00000e+00      8.34727e-11
    2.79665e-01      1.15551e-03      5.00000e+00      8.47853e-11
    2.84177e-01      1.14875e-03      5.00000e+00      8.61197e-11
    2.88763e-01      1.14211e-03      5.00000e+00      8.74772e-11
    2.93422e-01      1.13537e-03      5.00000e+00      8.88565e-11
    2.98157e-01      1.12852e-03      5.00000e+00      9.02581e-11
    3.02968e-01      1.12156e-03      5.00000e+00      9.16823e-11
    3.07857e-01      1.11448e-03      5.00000e+00      9.31295e-11
    3.12825e-01      1.10730e-03      5.00000e+00      9.46001e-11
    3.17873e-01      1.10035e-03      5.00000e+00      9.60902e-11
    3.23002e-01      1.09329e-03      5.00000e+00      9.76042e-11
    3.28214e-01      1.08612e-03      5.00000e+00      9.91426e-11
    3.33510e-01      1.07884e-03      5.00000e+00      1.00706e-10
    3.38892e-01      1.07144e-03      5.00000e+00      1.02294e-10
    3.44361e-01      1.06399e-03      5.00000e+00      1.03908e-10
    3.49918e-01      1.05671e-03      5.00000e+00      1.05543e-10
    3.55564e-01      1.04931e-03      5.00000e+00      1.07205e-10
    3.61302e-01      1.04179e-03      5.00000e+00      1.08894e-10
    3.67133e-01      1.03415e-03      5.00000e+00      1.10611e-10
    3.73057e-01      1.02639e-03      5.00000e+00      1.12355e-10
    3.79077e-01      1.01884e-03      5.00000e+00      1.14123e-10
    3.85194e-01      1.01120e-03      5.00000e+00      1.15919e-10
    3.91411e-01      1.00343e-03      5.00000e+00      1.17745e-10
    3.97727e-01      9.95538e-04      5.00000e+00      1.19600e-10
    4.04145e-01      9.87537e-04      5.00000e+00      1.21485e-10
    4.10667e-01      9.79754e-04      5.00000e+00      1.23401e-10
    4.17294e-01      9.71846e-04      5.00000e+00      1.25348e-10
    4.24029e-01      9.63810e-04      5.00000e+00      1.27326e-10
    4.30872e-01      9.55644e-04      5.00000e+00      1.29337e-10
    4.37825e-01      9.47541e-04      5.00000e+00      1.31368e-10
    4.44890e-01      9.39478e-04      5.00000e+00      1.33422e-10
    4.52070e-01      9.31285e-04      5.00000e+00      1.35509e-10
    4.59366e-01      9.22959e-04      5.00000e+00      1.37630e-10
    4.66779e-01      9.14617e-04      5.00000e+00      1.39785e-10
    4.74312e-01      9.06394e-04      5.00000e+00      1.41977e-10
    4.81966e-01      8.98039e-04      5.00000e+00      1.44204e-10
    4.89745e-01      8.89548e-04      5.00000e+00      1.46468e-10
    4.97648e-01      8.81056e-04      5.00000e+00      1.48765e-10
    5.05679e-01      8.72657e-04      5.00000e+00      1.51095e-10
    5.13840e-01      8.64123e-04      5.00000e+00      1.53463e-10
    5.22133e-01      8.55451e-04      5.00000e+00      1.55870e-10
    5.30559e-01      8.46876e-04      5.00000e+00      1.58310e-10
    5.39122e-01      8.38286e-04      5.00000e+00      1.60788e-10
    5.47823e-01      8.29558e-04      5.00000e+00      1.63306e-10
    5.56664e-01      8.20745e-04      5.00000e+00      1.65863e-10
    5.65648e-01      8.12101e-04      5.00000e+00      1.68456e-10
    5.74776e-01      8.03318e-04      5.00000e+00      1.71091e-10
    5.84053e-01      7.94393e-04      5.00000e+00      1.73769e-10
    5.93479e-01      7.85632e-04      5.00000e+00      1.76501e-10
    6.03057e-01      7.76790e-04      5.00000e+00      1.79279e-10
    6.12789e-01      7.67805e-04      5.00000e+00      1.82102e-10
    6.22679e-01      7.58921e-04      5.00000e+00      1.84952e-10
    6.32729e-01      7.50008e-04      5.00000e+00      1.87840e-10
    6.42940e-01      7.40950e-04      5.00000e+00      1.90774e-10
    6.53317e-01      7.31993e-04      5.00000e+00      1.93750e-10
    6.63861e-01      7.23003e-04      5.00000e+00      1.96771e-10
    6.74575e-01      7.13868e-04      5.00000e+00      1.99841e-10
    6.85462e-01      7.04881e-04      5.00000e+00      2.02936e-10
    6.96525e-01      6.95811e-04      5.00000e+00      2.06074e-10
    7.07766e-01      6.86626e-04      5.00000e+00      2.09265e-10
    7.19189e-01      6.77616e-04      5.00000e+00      2.12524e-10
    7.30796e-01      6.68460e-04      5.00000e+00      2.15836e-10
    7.42591e-01      6.59323e-04      5.00000e+00      2.19198e-10
    7.54576e-01      6.50228e-04      5.00000e+00      2.22611e-10
    7.66755e-01      6.40987e-04      5.00000e+00      2.26080e-10
    7.79130e-01      6.31928e-04      5.00000e+00      2.29587e-10
    7.91704e-01      6.22739e-04      5.00000e+00      2.33150e-10
    8.04482e-01      6.13584e-04      5.00000e+00      2.36771e-10
    8.17466e-01      6.04443e-04      5.00000e+00      2.40451e-10
    8.30660e-01      5.95225e-04      5.00000e+00      2.44192e-10
    8.44066e-01      5.86137e-04      5.00000e+00      2.48001e-10
    8.57689e-01      5.76902e-04      5.00000e+00      2.51870e-10
    8.71532e-01      5.67845e-04      5.00000e+00      2.55763e-10
    8.85599e-01      5.58655e-04      5.00000e+00      2.59717e-10
    8.99892e-01      5.49583e-04      5.00000e+00      2.63762e-10
    9.14416e-01      5.40433e-04      5.00000e+00      2.67880e-10
    9.29175e-01      5.31366e-04      5.00000e+00      2.72060e-10
    9.44171e-01      5.22253e-04      5.00000e+00      2.76307e-10
    9.59410e-01      5.13218e-04      5.00000e+00      2.80579e-10
    9.74895e-01      5.04147e-04      5.00000e+00      2.84899e-10
    9.90630e-01      4.95337e-04      5.00000e+00      2.92952e-10
    1.00662e+00      4.86550e-04      5.00000e+00      3.02616e-10
    1.02287e+00      4.77679e-04      5.00000e+00      3.08273e-10
    1.03937e+00      4.68679e-04      5.00000e+00      3.13043e-10
    1.05615e+00      4.59837e-04      5.00000e+00      3.17886e-10
    1.07320e+00      4.50919e-04      5.00000e+00      3.22803e-10
    1.09052e+00      4.42118e-04      5.00000e+00      3.27788e-10
    1.10812e+00      4.33310e-04      5.00000e+00      3.32854e-10
    1.12600e+00      4.24538e-04      5.00000e+00      3.38001e-10
    1.14418e+00      4.15853e-04      5.00000e+00      3.43213e-10
    1.16265e+00      4.07134e-04      5.00000e+00      3.48501e-10
    1.18141e+00      3.98555e-04      5.00000e+00      3.53873e-10
    1.20048e+00      3.89980e-04      5.00000e+00      3.59330e-10
    1.21986e+00      3.81427e-04      5.00000e+00      3.64872e-10
    1.23954e+00      3.73003e-04      5.00000e+00      3.70486e-10
    1.25955e+00      3.64580e-04      5.00000e+00      3.76188e-10
    1.27988e+00      3.56204e-04      5.00000e+00      3.81979e-10
    1.30054e+00      3.47948e-04      5.00000e+00      3.87854e-10
    1.32153e+00      3.39714e-04      5.00000e+00      3.93818e-10
    1.34286e+00      3.31515e-04      5.00000e+00      3.99873e-10
    1.36453e+00      3.23462e-04      5.00000e+00      4.06016e-10
    1.38656e+00      3.15449e-04      5.00000e+00      4.12252e-10
    1.40894e+00      3.07482e-04      5.00000e+00      4.18582e-10
    1.43168e+00      2.99592e-04      5.00000e+00      4.25006e-10
    1.45479e+00      2.91821e-04      5.00000e+00      4.31526e-10
    1.47827e+00      2.84111e-04      5.00000e+00      4.38137e-10
    1.50213e+00      2.76467e-04      5.00000e+00      4.44847e-10
    1.52637e+00      2.68897e-04      5.00000e+00      4.51667e-10
    1.55101e+00      2.61444e-04      5.00000e+00      4.58569e-10
    1.57604e+00      2.54083e-04      5.00000e+00      4.65614e-10
    1.60148e+00      2.46803e-04      5.00000e+00      4.72788e-10
    1.62733e+00      2.39608e-04      5.00000e+00      4.80050e-10
    1.65360e+00      2.32505e-04      5.00000e+00      4.87368e-10
    1.68029e+00      2.25498e-04      5.00000e+00      4.94761e-10
    1.70741e+00      2.18588e-04      5.00000e+00      5.02318e-10
    1.73497e+00      2.11790e-04      5.00000e+00      5.09984e-10
    1.76297e+00      2.05104e-04      5.00000e+00      5.17762e-10
    1.79143e+00      1.98520e-04      5.00000e+00      5.25652e-10
    1.82034e+00      1.92038e-04      5.00000e+00      5.33663e-10
    1.84972e+00      1.85663e-04      5.00000e+00      5.41792e-10
    1.87958e+00      1.79399e-04      5.00000e+00      5.50050e-10
    1.90992e+00      1.73247e-04      5.00000e+00      5.58423e-10
    1.94074e+00      1.67208e-04      5.00000e+00      5.66899e-10
    1.97207e+00      1.61282e-04      5.00000e+00      5.75506e-10
    2.00390e+00      1.55854e-04      5.00000e+00      5.99751e-10
    2.03624e+00      1.50243e-04      5.00000e+00      6.12253e-10
    2.06911e+00      1.44666e-04      5.00000e+00      6.21446e-10
    2.10251e+00      1.39221e-04      5.00000e+00      6.30956e-10
    2.13644e+00      1.33901e-04      5.00000e+00      6.40515e-10
    2.17093e+00      1.28702e-04      5.00000e+00      6.50216e-10
    2.20597e+00      1.23623e-04      5.00000e+00      6.60057e-10
    2.24158e+00      1.18663e-04      5.00000e+00      6.70045e-10
    2.27776e+00      1.13826e-04      5.00000e+00      6.80173e-10
    2.31452e+00      1.09117e-04      5.00000e+00      6.90446e-10
    2.35188e+00      1.04550e-04      5.00000e+00      7.00832e-10
    2.38984e+00      1.00100e-04      5.00000e+00      7.11452e-10
    2.42842e+00      9.57711e-05      5.00000e+00      7.22198e-10
    2.46761e+00      9.15743e-05      5.00000e+00      7.33079e-10
    2.50744e+00      8.75152e-05      5.00000e+00      7.44123e-10
    2.54792e+00      8.35699e-05      5.00000e+00      7.55325e-10
    2.58904e+00      7.97577e-05      5.00000e+00      7.66776e-10
    2.63083e+00      7.60809e-05      5.00000e+00      7.78295e-10
    2.67329e+00      7.25166e-05      5.00000e+00      7.89918e-10
    2.71644e+00      6.90946e-05      5.00000e+00      8.01765e-10
    2.76029e+00      6.57890e-05      5.00000e+00      8.13796e-10
    2.80484e+00      6.26133e-05      5.00000e+00      8.25996e-10
    2.85012e+00      5.95601e-05      5.00000e+00      8.38371e-10
    2.89612e+00      5.66329e-05      5.00000e+00      8.50930e-10
    2.94287e+00      5.38250e-05      5.00000e+00      8.63658e-10
    2.99037e+00      5.11425e-05      5.00000e+00      8.76561e-10
    3.03864e+00      4.85715e-05      5.00000e+00      8.89580e-10
    3.08768e+00      4.61319e-05      5.00000e+00      9.02931e-10
    3.13752e+00      4.38010e-05      5.00000e+00      9.16401e-10
    3.18817e+00      4.15829e-05      5.00000e+00      9.30059e-10
    3.23963e+00      3.94856e-05      5.00000e+00      9.43912e-10
    3.29192e+00      3.74961e-05      5.00000e+00      9.57968e-10
    3.34505e+00      3.56093e-05      5.00000e+00      9.72219e-10
    3.39905e+00      3.38367e-05      5.00000e+00      9.86662e-10
    3.45391e+00      3.21673e-05      5.00000e+00      1.00129e-09
    3.50966e+00      3.05980e-05      5.00000e+00      1.01616e-09
    3.56631e+00      2.91264e-05      5.00000e+00      1.03124e-09
    3.62388e+00      2.77514e-05      5.00000e+00      1.04661e-09
    3.68237e+00      2.64680e-05      5.00000e+00      1.06211e-09
    3.74181e+00      2.52763e-05      5.00000e+00      1.07780e-09
    3.80220e+00      2.41709e-05      5.00000e+00      1.09366e-09
    3.86358e+00      2.31496e-05      5.00000e+00      1.10981e-09
    3.92594e+00      2.22081e-05      5.00000e+00      1.12618e-09
    3.98931e+00      2.13446e-05      5.00000e+00      1.14277e-09
    4.05370e+00      2.05541e-05      5.00000e+00      1.15960e-09
    4.11913e+00      1.98324e-05      5.00000e+00      1.17669e-09
    4.18562e+00      1.91788e-05      5.00000e+00      1.19396e-09
    4.25318e+00      1.85861e-05      5.00000e+00      1.21140e-09
    4.32183e+00      1.80553e-05      5.00000e+00      1.22926e-09
    4.39159e+00      1.75794e-05      5.00000e+00      1.24728e-09
    4.46248e+00      1.71534e-05      5.00000e+00      1.26555e-09
    4.53451e+00      1.67789e-05      5.00000e+00      1.28407e-09
    4.60770e+00      1.64473e-05      5.00000e+00      1.30283e-09
    4.68208e+00      1.61576e-05      5.00000e+00      1.32186e-09
    4.75765e+00      1.59057e-05      5.00000e+00      1.34114e-09
    4.83444e+00      1.56880e-05      5.00000e+00      1.36076e-09
    4.91248e+00      1.55013e-05      5.00000e+00      1.38059e-09
    4.99177e+00      1.53425e-05      5.00000e+00      1.40064e-09
    5.07235e+00      1.52081e-05      5.00000e+00      1.42095e-09
    5.15422e+00      1.50959e-05      5.00000e+00      1.44158e-09
    5.23742e+00      1.50022e-05      5.00000e+00      1.46248e-09
    5.32196e+00      1.49251e-05      5.00000e+00      1.48367e-09
    5.40786e+00      1.48614e-05      5.00000e+00      1.50513e-09
    5.49515e+00      1.48096e-05      5.00000e+00      1.52689e-09
    5.58385e+00      1.47673e-05      5.00000e+00      1.54897e-09
    5.67398e+00      1.47329e-05      5.00000e+00      1.57120e-09
    5.76556e+00      1.47047e-05      5.00000e+00      1.59390e-09
    5.85863e+00      1.46814e-05      5.00000e+00      1.61683e-09
    5.95319e+00      1.46619e-05      5.00000e+00      1.64007e-09
    6.04929e+00      1.46452e-05      5.00000e+00      1.66361e-09
    6.14693e+00      1.46308e-05      5.00000e+00      1.68739e-09
    6.24615e+00      1.46179e-05      5.00000e+00      1.71155e-09
    6.34697e+00      1.46062e-05      5.00000e+00      1.73609e-09
    6.44942e+00      1.45953e-05      5.00000e+00      1.76099e-09
    6.55352e+00      1.45850e-05      5.00000e+00      1.78614e-09
    6.65931e+00      1.45752e-05      5.00000e+00      1.81155e-09
    6.76680e+00      1.45656e-05      5.00000e+00      1.83729e-09
    6.87602e+00      1.45563e-05      5.00000e+00      1.86340e-09
    6.98701e+00      1.45471e-05      5.00000e+00      1.88986e-09
    7.09979e+00      1.45379e-05      5.00000e+00      1.91665e-09
    7.21439e+00      1.45289e-05      5.00000e+00      1.94382e-09
    7.33084e+00      1.45199e-05      5.00000e+00      1.97122e-09
    7.44917e+00      1.45110e-05      5.00000e+00      1.99909e-09
    7.56941e+00      1.45020e-05      5.00000e+00      2.02728e-09
    7.69159e+00      1.44931e-05      5.00000e+00      2.05583e-09
    7.81575e+00      1.44842e-05      5.00000e+00      2.08466e-09
    7.94190e+00      1.44752e-05      5.00000e+00      2.11393e-09
    8.07010e+00      1.44663e-05      5.00000e+00      2.14360e-09
    8.20036e+00      1.44574e-05      5.00000e+00      2.17371e-09
    8.33273e+00      1.44483e-05      5.00000e+00      2.20413e-09
    8.46723e+00      1.44393e-05      5.00000e+00      2.23482e-09
    8.60390e+00      1.44302e-05      5.00000e+00      2.26596e-09
    8.74278e+00      1.44209e-05      5.00000e+00      2.29750e-09
    8.88390e+00      1.44116e-05      5.00000e+00      2.32942e-09
    9.02730e+00      1.44022e-05      5.00000e+00      2.36177e-09
    9.17301e+00      1.43928e-05      5.00000e+00      2.39444e-09
    9.32108e+00      1.43832e-05      5.00000e+00      2.42751e-09
    9.47154e+00      1.43735e-05      5.00000e+00      2.46104e-09
    9.62442e+00      1.43637e-05      5.00000e+00      2.49497e-09
    9.77977e+00      1.43538e-05      5.00000e+00      2.52925e-09
    9.93763e+00      1.43438e-05      5.00000e+00      2.56397e-09
    1.00980e+01      1.43337e-05      5.00000e+00      2.59924e-09
    1.02610e+01      1.43234e-05      5.00000e+00      2.63482e-09
    1.04267e+01      1.43129e-05      5.00000e+00      2.67084e-09
    1.05950e+01      1.43023e-05      5.00000e+00      2.70719e-09
    1.07660e+01      1.42915e-05      5.00000e+00      2.74410e-09
    1.09398e+01      1.42805e-05      5.00000e+00      2.78141e-09
    1.11163e+01      1.42695e-05      5.00000e+00      2.81912e-09
    1.12958e+01      1.42583e-05      5.00000e+00      2.85720e-09
    1.14781e+01      1.42469e-05      5.00000e+00      2.89580e-09
    1.16634e+01      1.42353e-05      5.00000e+00      2.93485e-09
    1.18517e+01      1.42236e-05      5.00000e+00      2.97433e-09
    1.20430e+01      1.42117e-05      5.00000e+00      3.01431e-09
    1.22373e+01      1.41997e-05      5.00000e+00      3.05467e-09
    1.24349e+01      1.41875e-05      5.00000e+00      3.09558e-09
    1.26356e+01      1.41751e-05      5.00000e+00      3.13697e-09
    1.28395e+01      1.41625e-05      5.00000e+00      3.17871e-09
    1.30468e+01      1.41498e-05      5.00000e+00      3.22101e-09
    1.32574e+01      1.41368e-05      5.00000e+00      3.26377e-09
    1.34714e+01      1.41237e-05      5.00000e+00      3.30689e-09
    1.36888e+01      1.41104e-05      5.00000e+00      3.35056e-09
    1.39098e+01      1.40969e-05      5.00000e+00      3.39469e-09
    1.41343e+01      1.40831e-05      5.00000e+00      3.43927e-09
    1.43625e+01      1.40691e-05      5.00000e+00      3.48442e-09
    1.45943e+01      1.40551e-05      5.00000e+00      3.52996e-09
    1.48299e+01      1.40408e-05      5.00000e+00      3.57609e-09
    1.50693e+01      1.40262e-05      5.00000e+00      3.62266e-09
    1.53125e+01      1.40115e-05      5.00000e+00      3.66971e-09
    1.55597e+01      1.39965e-05      5.00000e+00      3.71728e-09
    1.58108e+01      1.39813e-05      5.00000e+00      3.76531e-09
    1.60660e+01      1.39659e-05      5.00000e+00      3.81380e-09
    1.63254e+01      1.39503e-05      5.00000e+00      3.86285e-09
    1.65889e+01      1.39345e-05      5.00000e+00      3.91239e-09
    1.68566e+01      1.39184e-05      5.00000e+00      3.96244e-09
    1.71287e+01      1.39021e-05      5.00000e+00      4.01295e-09
    1.74052e+01      1.38855e-05      5.00000e+00      4.06399e-09
    1.76862e+01      1.38688e-05      5.00000e+00      4.11553e-09
    1.79716e+01      1.38518e-05      5.00000e+00      4.16758e-09
    1.82617e+01      1.38346e-05      5.00000e+00      4.22017e-09
    1.85565e+01      1.38171e-05      5.00000e+00      4.27319e-09
    1.88560e+01      1.37995e-05      5.00000e+00      4.32679e-09
    1.91604e+01      1.37815e-05      5.00000e+00      4.38091e-09
    1.94697e+01      1.37633e-05      5.00000e+00      4.43551e-09
    1.97840e+01      1.37448e-05      5.00000e+00      4.49060e-09
    2.01033e+01      1.37261e-05      5.00000e+00      4.54621e-09
    2.04278e+01      1.37072e-05      5.00000e+00      4.60232e-09
    2.07575e+01      1.36880e-05      5.00000e+00      4.65894e-09
    2.10926e+01      1.36685e-05      5.00000e+00      4.71608e-09
    2.14331e+01      1.36488e-05      5.00000e+00      4.77373e-09
    2.17790e+01      1.36287e-05      5.00000e+00      4.83191e-09
    2.21306e+01      1.36084e-05      5.00000e+00      4.89062e-09
    2.24878e+01      1.35879e-05      5.00000e+00      4.94983e-09
    2.28508e+01      1.35670e-05      5.00000e+00      5.00949e-09
    2.32196e+01      1.35458e-05      5.00000e+00      5.06964e-09
    2.35944e+01      1.35244e-05      5.00000e+00      5.13030e-09
    2.39753e+01      1.35026e-05      5.00000e+00      5.19142e-09
    2.43623e+01      1.34805e-05      5.00000e+00      5.25308e-09
    2.47555e+01      1.34582e-05      5.00000e+00      5.31526e-09
    2.51551e+01      1.34355e-05      5.00000e+00      5.37796e-09
    2.55612e+01      1.34126e-05      5.00000e+00      5.44114e-09
    2.59738e+01      1.33893e-05      5.00000e+00      5.50476e-09
    2.63930e+01      1.33658e-05      5.00000e+00      5.56882e-09
    2.68190e+01      1.33419e-05      5.00000e+00      5.63339e-09
    2.72519e+01      1.33177e-05      5.00000e+00      5.69840e-09
    2.76918e+01      1.32932e-05      5.00000e+00      5.76392e-09
    2.81388e+01      1.32682e-05      5.00000e+00      5.82990e-09
    2.85930e+01      1.32430e-05      5.00000e+00      5.89638e-09
    2.90546e+01      1.32174e-05      5.00000e+00      5.96328e-09
    2.95235e+01      1.31915e-05      5.00000e+00      6.03060e-09
    3.00001e+01      1.31652e-05      5.00000e+00      6.09835e-09
