    Er (keV)         SM dN/dE         BG dN/dE        BSM dN/dE (events/kg/day/keV)
    1.00100e-01      1.51655e+01      1.00000e+01      1.52321e-02
    1.01306e-01      1.50786e+01      1.00000e+01      1.50125e-02
    1.02526e-01      1.49905e+01      1.00000e+01      1.47902e-02
    1.03760e-01      1.49015e+01      1.00000e+01      1.45652e-02
    1.05010e-01      1.48114e+01      1.00000e+01      1.43376e-02
    1.06275e-01      1.47201e+01      1.00000e+01      1.41072e-02
    1.07555e-01      1.46278e+01      1.00000e+01      1.38740e-02
    1.08850e-01      1.45344e+01      1.00000e+01      1.36380e-02
    1.10161e-01      1.44398e+01      1.00000e+01      1.33991e-02
    1.11488e-01      1.43441e+01      1.00000e+01      1.31574e-02
    1.12830e-01      1.42473e+01      1.00000e+01      1.29128e-02
    1.14189e-01      1.41492e+01      1.00000e+01      1.26652e-02
    1.15565e-01      1.40500e+01      1.00000e+01      1.24146e-02
    1.16957e-01      1.39496e+01      1.00000e+01      1.21610e-02
    1.18365e-01      1.38480e+01      1.00000e+01      1.19044e-02
    1.19791e-01      1.37452e+01      1.00000e+01      1.16446e-02
    1.21234e-01      1.36411e+01      1.00000e+01      1.13818e-02
    1.22694e-01      1.35358e+01      1.00000e+01      1.11157e-02
    1.24172e-01      1.34292e+01      1.00000e+01      1.08465e-02
    1.25668e-01      1.33213e+01      1.00000e+01      1.05740e-02
    1.27182e-01      1.32121e+01      1.00000e+01      1.02982e-02
    1.28713e-01      1.31016e+01      1.00000e+01      1.00191e-02
    1.30264e-01      1.29898e+01      1.00000e+01      9.73664e-03
    1.31833e-01      1.28766e+01      1.00000e+01      9.45077e-03
    1.33421e-01      1.27620e+01      1.00000e+01      9.16145e-03
    1.35028e-01      1.26461e+01      1.00000e+01      8.86864e-03
    1.36655e-01      1.25288e+01      1.00000e+01      8.57230e-03
    1.38301e-01      1.24101e+01      1.00000e+01      8.27239e-03
    1.39967e-01      1.22899e+01      1.00000e+01      7.96887e-03
    1.41653e-01      1.21960e+01      1.00000e+01      7.80545e-03
    1.43360e-01      1.21080e+01      1.00000e+01      7.67627e-03
    1.45087e-01      1.20189e+01      1.00000e+01      7.54554e-03
    1.46834e-01      1.19287e+01      1.00000e+01      7.41323e-03
    1.48603e-01      1.18375e+01      1.00000e+01      7.27932e-03
    1.50393e-01      1.17451e+01      1.00000e+01      7.14380e-03
    1.52205e-01      1.16516e+01      1.00000e+01      7.00665e-03
    1.54039e-01      1.15570e+01      1.00000e+01      6.86784e-03
    1.55895e-01      1.14613e+01      1.00000e+01      6.72736e-03
    1.57773e-01      1.13644e+01      1.00000e+01      6.58519e-03
    1.59673e-01      1.12664e+01      1.00000e+01      6.44130e-03
    1.61597e-01      1.11671e+01      1.00000e+01      6.29568e-03
    1.63544e-01      1.10667e+01      1.00000e+01      6.14830e-03
    1.65514e-01      1.09650e+01      1.00000e+01      5.99915e-03
    1.67508e-01      1.08622e+01      1.00000e+01      5.84820e-03
    1.69526e-01      1.07580e+01      1.00000e+01      5.69542e-03
    1.71569e-01      1.06527e+01      1.00000e+01      5.54081e-03
    1.73636e-01      1.05460e+01      1.00000e+01      5.38433e-03
    1.75728e-01      1.04381e+01      1.00000e+01      5.22597e-03
    1.77845e-01      1.03289e+01      1.00000e+01      5.06570e-03
    1.79988e-01      1.02184e+01      1.00000e+01      4.90349e-03
    1.82156e-01      1.01253e+01      1.00000e+01      4.79301e-03
    1.84351e-01      1.00387e+01      1.00000e+01      4.70285e-03
    1.86572e-01      9.95108e+00      1.00000e+01      4.61161e-03
    1.88820e-01      9.86239e+00      1.00000e+01      4.51927e-03
    1.91095e-01      9.77264e+00      1.00000e+01      4.42582e-03
    1.93398e-01      9.68180e+00      1.00000e+01      4.33123e-03
    1.95728e-01      9.58987e+00      1.00000e+01      4.23551e-03
    1.98086e-01      9.49683e+00      1.00000e+01      4.13864e-03
    2.00473e-01      9.40266e+00      1.00000e+01      4.04059e-03
    2.02888e-01      9.30736e+00      1.00000e+01      3.94137e-03
    2.05333e-01      9.21092e+00      1.00000e+01      3.84095e-03
    2.07807e-01      9.11331e+00      1.00000e+01      3.73932e-03
    2.10311e-01      9.01452e+00      1.00000e+01      3.63646e-03
    2.12845e-01      8.91455e+00      1.00000e+01      3.53236e-03
    2.15410e-01      8.81336e+00      1.00000e+01      3.42701e-03
    2.18005e-01      8.71096e+00      1.00000e+01      3.32039e-03
    2.20632e-01      8.60733e+00      1.00000e+01      3.21248e-03
    2.23291e-01      8.52236e+00      1.00000e+01      3.14261e-03
    2.25981e-01      8.43872e+00      1.00000e+01      3.07653e-03
    2.28704e-01      8.35407e+00      1.00000e+01      3.00964e-03
    2.31460e-01      8.26840e+00      1.00000e+01      2.94196e-03
    2.34249e-01      8.18170e+00      1.00000e+01      2.87345e-03
    2.37072e-01      8.09395e+00      1.00000e+01      2.80412e-03
    2.39928e-01      8.00514e+00      1.00000e+01      2.73396e-03
    2.42820e-01      7.91526e+00      1.00000e+01      2.66295e-03
    2.45746e-01      7.82430e+00      1.00000e+01      2.59108e-03
    2.48707e-01      7.73224e+00      1.00000e+01      2.51835e-03
    2.51704e-01      7.63908e+00      1.00000e+01      2.44474e-03
    2.54737e-01      7.54479e+00      1.00000e+01      2.37024e-03
    2.57807e-01      7.44936e+00      1.00000e+01      2.29484e-03
    2.60913e-01      7.35278e+00      1.00000e+01      2.21854e-03
    2.64057e-01      7.27241e+00      1.00000e+01      2.16670e-03
    2.67239e-01      7.19291e+00      1.00000e+01      2.11695e-03
    2.70460e-01      7.11246e+00      1.00000e+01      2.06659e-03
    2.73719e-01      7.03103e+00      1.00000e+01      2.01563e-03
    2.77017e-01      6.94863e+00      1.00000e+01      1.96405e-03
    2.80356e-01      6.86523e+00      1.00000e+01      1.91185e-03
    2.83734e-01      6.78082e+00      1.00000e+01      1.85902e-03
    2.87153e-01      6.69540e+00      1.00000e+01      1.80555e-03
    2.90614e-01      6.60895e+00      1.00000e+01      1.75144e-03
    2.94116e-01      6.52145e+00      1.00000e+01      1.69667e-03
    2.97660e-01      6.43290e+00      1.00000e+01      1.64125e-03
    3.01247e-01      6.34328e+00      1.00000e+01      1.58516e-03
    3.04878e-01      6.26804e+00      1.00000e+01      1.54612e-03
    3.08552e-01      6.19313e+00      1.00000e+01      1.50803e-03
    3.12270e-01      6.11732e+00      1.00000e+01      1.46949e-03
    3.16033e-01      6.04060e+00      1.00000e+01      1.43048e-03
    3.19842e-01      5.96295e+00      1.00000e+01      1.39100e-03
    3.23696e-01      5.88436e+00      1.00000e+01      1.35105e-03
    3.27597e-01      5.80483e+00      1.00000e+01      1.31062e-03
    3.31545e-01      5.72434e+00      1.00000e+01      1.26969e-03
    3.35541e-01      5.64288e+00      1.00000e+01      1.22828e-03
    3.39585e-01      5.56043e+00      1.00000e+01      1.18636e-03
    3.43677e-01      5.48348e+00      1.00000e+01      1.15009e-03
    3.47819e-01      5.41348e+00      1.00000e+01      1.12087e-03
    3.52011e-01      5.34263e+00      1.00000e+01      1.09130e-03
    3.56253e-01      5.27093e+00      1.00000e+01      1.06137e-03
    3.60547e-01      5.19837e+00      1.00000e+01      1.03108e-03
    3.64892e-01      5.12493e+00      1.00000e+01      1.00042e-03
    3.69289e-01      5.05061e+00      1.00000e+01      9.69394e-04
    3.73740e-01      4.97539e+00      1.00000e+01      9.37993e-04
    3.78244e-01      4.89926e+00      1.00000e+01      9.06214e-04
    3.82803e-01      4.82406e+00      1.00000e+01      8.75476e-04
    3.87416e-01      4.75852e+00      1.00000e+01      8.52561e-04
    3.92085e-01      4.69219e+00      1.00000e+01      8.29371e-04
    3.96811e-01      4.62506e+00      1.00000e+01      8.05901e-04
    4.01593e-01      4.55712e+00      1.00000e+01      7.82148e-04
    4.06433e-01      4.48837e+00      1.00000e+01      7.58108e-04
    4.11331e-01      4.41878e+00      1.00000e+01      7.33779e-04
    4.16289e-01      4.34835e+00      1.00000e+01      7.09156e-04
    4.21306e-01      4.27708e+00      1.00000e+01      6.84237e-04
    4.26383e-01      4.21338e+00      1.00000e+01      6.64415e-04
    4.31522e-01      4.15133e+00      1.00000e+01      6.45896e-04
    4.36723e-01      4.08852e+00      1.00000e+01      6.27154e-04
    4.41987e-01      4.02496e+00      1.00000e+01      6.08186e-04
    4.47314e-01      3.96063e+00      1.00000e+01      5.88990e-04
    4.52705e-01      3.89553e+00      1.00000e+01      5.69562e-04
    4.58161e-01      3.82964e+00      1.00000e+01      5.49900e-04
    4.63683e-01      3.76459e+00      1.00000e+01      5.30891e-04
    4.69271e-01      3.70665e+00      1.00000e+01      5.15954e-04
    4.74927e-01      3.64802e+00      1.00000e+01      5.00838e-04
    4.80651e-01      3.58868e+00      1.00000e+01      4.85540e-04
    4.86444e-01      3.52862e+00      1.00000e+01      4.70057e-04
    4.92307e-01      3.46783e+00      1.00000e+01      4.54387e-04
    4.98241e-01      3.40632e+00      1.00000e+01      4.38528e-04
    5.04246e-01      3.34576e+00      1.00000e+01      4.23255e-04
    5.10323e-01      3.29127e+00      1.00000e+01      4.10895e-04
    5.16474e-01      3.23611e+00      1.00000e+01      3.98386e-04
    5.22699e-01      3.18029e+00      1.00000e+01      3.85727e-04
    5.28999e-01      3.12380e+00      1.00000e+01      3.72914e-04
    5.35375e-01      3.06663e+00      1.00000e+01      3.59947e-04
    5.41828e-01      3.00876e+00      1.00000e+01      3.46824e-04
    5.48358e-01      2.95607e+00      1.00000e+01      3.35876e-04
    5.54967e-01      2.90451e+00      1.00000e+01      3.25503e-04
    5.61656e-01      2.85234e+00      1.00000e+01      3.15004e-04
    5.68426e-01      2.79953e+00      1.00000e+01      3.04380e-04
    5.75277e-01      2.74609e+00      1.00000e+01      2.93627e-04
    5.82211e-01      2.69201e+00      1.00000e+01      2.82745e-04
    5.89228e-01      2.64273e+00      1.00000e+01      2.73630e-04
    5.96330e-01      2.59426e+00      1.00000e+01      2.64896e-04
    6.03518e-01      2.54521e+00      1.00000e+01      2.56057e-04
    6.10792e-01      2.49557e+00      1.00000e+01      2.47111e-04
    6.18154e-01      2.44533e+00      1.00000e+01      2.38058e-04
    6.25604e-01      2.39588e+00      1.00000e+01      2.29320e-04
    6.33145e-01      2.35072e+00      1.00000e+01      2.21971e-04
    6.40776e-01      2.30501e+00      1.00000e+01      2.14533e-04
    6.48500e-01      2.25876e+00      1.00000e+01      2.07006e-04
    6.56316e-01      2.21194e+00      1.00000e+01      1.99388e-04
    6.64227e-01      2.16457e+00      1.00000e+01      1.91678e-04
    6.72233e-01      2.12224e+00      1.00000e+01      1.85428e-04
    6.80335e-01      2.07942e+00      1.00000e+01      1.79106e-04
    6.88536e-01      2.03607e+00      1.00000e+01      1.72708e-04
    6.96835e-01      1.99221e+00      1.00000e+01      1.66232e-04
    7.05234e-01      1.94824e+00      1.00000e+01      1.59780e-04
    7.13734e-01      1.90847e+00      1.00000e+01      1.54397e-04
    7.22337e-01      1.86823e+00      1.00000e+01      1.48950e-04
    7.31044e-01      1.82750e+00      1.00000e+01      1.43436e-04
    7.39855e-01      1.78628e+00      1.00000e+01      1.37856e-04
    7.48773e-01      1.74670e+00      1.00000e+01      1.32662e-04
    7.57798e-01      1.70941e+00      1.00000e+01      1.27986e-04
    7.66932e-01      1.67168e+00      1.00000e+01      1.23255e-04
    7.76176e-01      1.63348e+00      1.00000e+01      1.18467e-04
    7.85532e-01      1.59499e+00      1.00000e+01      1.13656e-04
    7.95000e-01      1.55983e+00      1.00000e+01      1.09621e-04
    8.04583e-01      1.52424e+00      1.00000e+01      1.05538e-04
    8.14281e-01      1.48823e+00      1.00000e+01      1.01406e-04
    8.24096e-01      1.45178e+00      1.00000e+01      9.72239e-05
    8.34029e-01      1.41854e+00      1.00000e+01      9.36208e-05
    8.44082e-01      1.38548e+00      1.00000e+01      9.00752e-05
    8.54257e-01      1.35202e+00      1.00000e+01      8.64868e-05
    8.64553e-01      1.31816e+00      1.00000e+01      8.28552e-05
    8.74974e-01      1.28709e+00      1.00000e+01      7.97300e-05
    8.85521e-01      1.25605e+00      1.00000e+01      7.66399e-05
    8.96195e-01      1.22465e+00      1.00000e+01      7.35125e-05
    9.06997e-01      1.19315e+00      1.00000e+01      7.03928e-05
    9.17930e-01      1.16434e+00      1.00000e+01      6.77198e-05
    9.28994e-01      1.13519e+00      1.00000e+01      6.50145e-05
    9.40192e-01      1.10568e+00      1.00000e+01      6.22766e-05
    9.51525e-01      1.07719e+00      1.00000e+01      5.97067e-05
    9.62994e-01      1.05004e+00      1.00000e+01      5.73491e-05
    9.74602e-01      1.02255e+00      1.00000e+01      5.49630e-05
    9.86350e-01      9.94738e-01      1.00000e+01      5.25482e-05
    9.98239e-01      9.69338e-01      1.00000e+01      5.04737e-05
    1.01027e+00      9.43707e-01      1.00000e+01      4.83844e-05
    1.02245e+00      9.17768e-01      1.00000e+01      4.62700e-05
    1.03477e+00      8.93154e-01      1.00000e+01      4.43375e-05
    1.04725e+00      8.69205e-01      1.00000e+01      4.25034e-05
    1.05987e+00      8.44967e-01      1.00000e+01      4.06471e-05
    1.07265e+00      8.21400e-01      1.00000e+01      3.88864e-05
    1.08558e+00      7.98891e-01      1.00000e+01      3.72689e-05
    1.09866e+00      7.76111e-01      1.00000e+01      3.56318e-05
    1.11190e+00      7.53881e-01      1.00000e+01      3.40503e-05
    1.12531e+00      7.33101e-01      1.00000e+01      3.26066e-05
    1.13887e+00      7.12070e-01      1.00000e+01      3.11456e-05
    1.15260e+00      6.91324e-01      1.00000e+01      2.97410e-05
    1.16649e+00      6.71367e-01      1.00000e+01      2.84628e-05
    1.18055e+00      6.51170e-01      1.00000e+01      2.71692e-05
    1.19478e+00      6.31693e-01      1.00000e+01      2.59433e-05
    1.20919e+00      6.13109e-01      1.00000e+01      2.48002e-05
    1.22376e+00      5.94301e-01      1.00000e+01      2.36433e-05
    1.23851e+00      5.76450e-01      1.00000e+01      2.25800e-05
    1.25344e+00      5.58949e-01      1.00000e+01      2.15551e-05
    1.26855e+00      5.41236e-01      1.00000e+01      2.05180e-05
    1.28384e+00      5.24908e-01      1.00000e+01      1.96060e-05
    1.29932e+00      5.08409e-01      1.00000e+01      1.86853e-05
    1.31498e+00      4.92268e-01      1.00000e+01      1.77998e-05
    1.33083e+00      4.76869e-01      1.00000e+01      1.69814e-05
    1.34687e+00      4.61285e-01      1.00000e+01      1.61532e-05
    1.36311e+00      4.46686e-01      1.00000e+01      1.54080e-05
    1.37954e+00      4.32129e-01      1.00000e+01      1.46711e-05
    1.39617e+00      4.17895e-01      1.00000e+01      1.39622e-05
    1.41300e+00      4.04281e-01      1.00000e+01      1.33033e-05
    1.43003e+00      3.90505e-01      1.00000e+01      1.26367e-05
    1.44727e+00      3.77738e-01      1.00000e+01      1.20465e-05
    1.46471e+00      3.64816e-01      1.00000e+01      1.14492e-05
    1.48237e+00      3.52498e-01      1.00000e+01      1.08965e-05
    1.50024e+00      3.40388e-01      1.00000e+01      1.03614e-05
    1.51832e+00      3.28561e-01      1.00000e+01      9.84873e-06
    1.53662e+00      3.17175e-01      1.00000e+01      9.36926e-06
    1.55515e+00      3.05868e-01      1.00000e+01      8.89722e-06
    1.57389e+00      2.95156e-01      1.00000e+01      8.46459e-06
    1.59287e+00      2.84391e-01      1.00000e+01      8.03118e-06
    1.61207e+00      2.74297e-01      1.00000e+01      7.63968e-06
    1.63150e+00      2.64082e-01      1.00000e+01      7.24347e-06
    1.65116e+00      2.54562e-01      1.00000e+01      6.88918e-06
    1.67107e+00      2.44927e-01      1.00000e+01      6.53065e-06
    1.69121e+00      2.35908e-01      1.00000e+01      6.20851e-06
    1.71160e+00      2.26810e-01      1.00000e+01      5.88409e-06
    1.73223e+00      2.18290e-01      1.00000e+01      5.59159e-06
    1.75311e+00      2.09707e-01      1.00000e+01      5.29751e-06
    1.77424e+00      2.01658e-01      1.00000e+01      5.02972e-06
    1.79563e+00      1.93597e-01      1.00000e+01      4.76250e-06
    1.81728e+00      1.85982e-01      1.00000e+01      4.51648e-06
    1.83918e+00      1.78437e-01      1.00000e+01      4.27473e-06
    1.86135e+00      1.71219e-01      1.00000e+01      4.04877e-06
    1.88379e+00      1.64175e-01      1.00000e+01      3.83110e-06
    1.90650e+00      1.57349e-01      1.00000e+01      3.62358e-06
    1.92948e+00      1.50783e-01      1.00000e+01      3.42803e-06
    1.95274e+00      1.44293e-01      1.00000e+01      3.23672e-06
    1.97628e+00      1.38256e-01      1.00000e+01      3.06122e-06
    2.00010e+00      1.32261e-01      1.00000e+01      2.88888e-06
    2.02421e+00      1.26459e-01      1.00000e+01      2.72774e-06
    2.04861e+00      1.20864e-01      1.00000e+01      2.57403e-06
    2.07331e+00      1.15407e-01      1.00000e+01      2.42545e-06
    2.09830e+00      1.10267e-01      1.00000e+01      2.28922e-06
    2.12359e+00      1.05214e-01      1.00000e+01      2.15670e-06
    2.14919e+00      1.00350e-01      1.00000e+01      2.03152e-06
    2.17510e+00      9.57011e-02      1.00000e+01      1.91422e-06
    2.20132e+00      9.11546e-02      1.00000e+01      1.80094e-06
    2.22785e+00      8.68158e-02      1.00000e+01      1.69533e-06
    2.25471e+00      8.26428e-02      1.00000e+01      1.59579e-06
    2.28189e+00      7.85756e-02      1.00000e+01      1.50028e-06
    2.30940e+00      7.46932e-02      1.00000e+01      1.41139e-06
    2.33723e+00      7.09684e-02      1.00000e+01      1.32740e-06
    2.36541e+00      6.73482e-02      1.00000e+01      1.24667e-06
    2.39392e+00      6.38652e-02      1.00000e+01      1.17005e-06
    2.42278e+00      6.05641e-02      1.00000e+01      1.09858e-06
    2.45198e+00      5.73625e-02      1.00000e+01      1.03006e-06
    2.48154e+00      5.42638e-02      1.00000e+01      9.64572e-07
    2.51146e+00      5.13267e-02      1.00000e+01      9.03574e-07
    2.54173e+00      4.85158e-02      1.00000e+01      8.45978e-07
    2.57237e+00      4.58104e-02      1.00000e+01      7.91087e-07
    2.60338e+00      4.32111e-02      1.00000e+01      7.38871e-07
    2.63476e+00      4.07288e-02      1.00000e+01      6.89772e-07
    2.66652e+00      3.83681e-02      1.00000e+01      6.43777e-07
    2.69867e+00      3.61105e-02      1.00000e+01      6.00226e-07
    2.73120e+00      3.39514e-02      1.00000e+01      5.59080e-07
    2.76412e+00      3.18826e-02      1.00000e+01      5.20266e-07
    2.79744e+00      2.99147e-02      1.00000e+01      4.83942e-07
    2.83116e+00      2.80623e-02      1.00000e+01      4.50036e-07
    2.86529e+00      2.62937e-02      1.00000e+01      4.18132e-07
    2.89983e+00      2.46042e-02      1.00000e+01      3.88192e-07
    2.93479e+00      2.29946e-02      1.00000e+01      3.60168e-07
    2.97017e+00      2.14663e-02      1.00000e+01      3.33979e-07
    3.00597e+00      2.00142e-02      1.00000e+01      3.09488e-07
    3.04220e+00      1.86359e-02      1.00000e+01      2.86432e-07
    3.07888e+00      1.73390e-02      1.00000e+01      2.64920e-07
    3.11599e+00      1.61108e-02      1.00000e+01      2.44708e-07
    3.15355e+00      1.49504e-02      1.00000e+01      2.25761e-07
    3.19157e+00      1.38526e-02      1.00000e+01      2.08022e-07
    3.23004e+00      1.28167e-02      1.00000e+01      1.91445e-07
    3.26898e+00      1.18414e-02      1.00000e+01      1.75921e-07
    3.30839e+00      1.09248e-02      1.00000e+01      1.61377e-07
    3.34827e+00      1.00643e-02      1.00000e+01      1.47778e-07
    3.38863e+00      9.25800e-03      1.00000e+01      1.35090e-07
    3.42948e+00      8.50391e-03      1.00000e+01      1.23283e-07
    3.47082e+00      7.79977e-03      1.00000e+01      1.12322e-07
    3.51266e+00      7.14349e-03      1.00000e+01      1.02140e-07
    3.55500e+00      6.53291e-03      1.00000e+01      9.26790e-08
    3.59786e+00      5.96538e-03      1.00000e+01      8.39113e-08
    3.64123e+00      5.44034e-03      1.00000e+01      7.58096e-08
    3.68512e+00      4.95430e-03      1.00000e+01      6.83484e-08
    3.72955e+00      4.50736e-03      1.00000e+01      6.15347e-08
    3.77450e+00      4.09678e-03      1.00000e+01      5.53112e-08
    3.82000e+00      3.71920e-03      1.00000e+01      4.96000e-08
    3.86605e+00      3.37248e-03      1.00000e+01      4.43812e-08
    3.91266e+00      3.05496e-03      1.00000e+01      3.96329e-08
    3.95982e+00      2.76322e-03      1.00000e+01      3.53322e-08
    4.00756e+00      2.49751e-03      1.00000e+01      3.14623e-08
    4.05587e+00      2.25697e-03      1.00000e+01      2.79818e-08
    4.10476e+00      2.03846e-03      1.00000e+01      2.48035e-08
    4.15424e+00      1.84005e-03      1.00000e+01      2.18997e-08
    4.20432e+00      1.65992e-03      1.00000e+01      1.92621e-08
    4.25500e+00      1.47997e-03      1.00000e+01      1.68942e-08
    4.30629e+00      1.35439e-03      1.00000e+01      1.47890e-08
    4.35821e+00      1.22515e-03      1.00000e+01      1.28705e-08
    4.41074e+00      1.10945e-03      1.00000e+01      1.11220e-08
    4.46391e+00      1.00894e-03      1.00000e+01      9.56616e-09
    4.51772e+00      9.20302e-04      1.00000e+01      8.17018e-09
    4.57218e+00      8.42252e-04      1.00000e+01      6.92300e-09
    4.62730e+00      7.76343e-04      1.00000e+01      5.83764e-09
    4.68308e+00      7.18300e-04      1.00000e+01      4.87434e-09
    4.73954e+00      6.69145e-04      1.00000e+01      4.03300e-09
    4.79667e+00      6.28119e-04      1.00000e+01      3.31913e-09
    4.85449e+00      5.93065e-04      1.00000e+01      2.70837e-09
    4.91301e+00      5.64334e-04      1.00000e+01      2.21525e-09
    4.97224e+00      5.39890e-04      1.00000e+01      1.80835e-09
    5.03218e+00      5.19538e-04      1.00000e+01      1.49165e-09
    5.09284e+00      5.02092e-04      1.00000e+01      1.24402e-09
    5.15423e+00      4.87121e-04      1.00000e+01      1.06159e-09
    5.21636e+00      4.73868e-04      1.00000e+01      9.13568e-10
    5.27925e+00      4.62177e-04      1.00000e+01      7.95827e-10
    5.34289e+00      4.51689e-04      1.00000e+01      6.90100e-10
    5.40729e+00      4.42480e-04      1.00000e+01      5.95167e-10
    5.47248e+00      4.34331e-04      1.00000e+01      5.09429e-10
    5.53845e+00      4.27193e-04      1.00000e+01      4.32428e-10
    5.60521e+00      4.21086e-04      1.00000e+01      3.65035e-10
    5.67278e+00      4.15754e-04      1.00000e+01      3.05389e-10
    5.74117e+00      4.11199e-04      1.00000e+01      2.53846e-10
    5.81037e+00      4.07361e-04      1.00000e+01      2.10561e-10
    5.88042e+00      4.04089e-04      1.00000e+01      1.73877e-10
    5.95131e+00      4.01311e-04      1.00000e+01      1.42409e-10
    6.02305e+00      3.98987e-04      1.00000e+01      1.15981e-10
    6.09565e+00      3.97055e-04      1.00000e+01      9.44893e-11
    6.16914e+00      3.95429e-04      1.00000e+01      7.74175e-11
    6.24350e+00      3.94053e-04      1.00000e+01      6.35829e-11
    6.31877e+00      3.92891e-04      1.00000e+01      5.19667e-11
    6.39494e+00      3.91911e-04      1.00000e+01      4.24350e-11
    6.47203e+00      3.91084e-04      1.00000e+01      3.49024e-11
    6.55005e+00      3.90374e-04      1.00000e+01      2.91301e-11
    6.62901e+00      3.89762e-04      1.00000e+01      2.41372e-11
    6.70892e+00      3.89240e-04      1.00000e+01      1.97036e-11
    6.78979e+00      3.88801e-04      1.00000e+01      1.58015e-11
    6.87164e+00      3.88436e-04      1.00000e+01      1.24143e-11
    6.95448e+00      3.88140e-04      1.00000e+01      9.49982e-12
    7.03832e+00      3.87900e-04      1.00000e+01      7.01595e-12
    7.12316e+00      3.87713e-04      1.00000e+01      4.94499e-12
    7.20903e+00      3.87567e-04      1.00000e+01      3.26323e-12
    7.29593e+00      3.87457e-04      1.00000e+01      1.95112e-12
    7.38389e+00      3.87376e-04      1.00000e+01      9.91789e-13
    7.47290e+00      3.87309e-04      1.00000e+01      3.59771e-13
    7.56298e+00      3.87259e-04      1.00000e+01      4.81298e-14
    7.65415e+00      3.87211e-04      1.00000e+01      -1.69459e-193
    7.74642e+00      3.87168e-04      1.00000e+01      -3.80750e-193
    7.83980e+00      3.87117e-04      1.00000e+01      -5.85668e-193
    7.93431e+00      3.87070e-04      1.00000e+01      -7.83982e-193
    8.02996e+00      3.87020e-04      1.00000e+01      -9.76319e-193
    8.12676e+00      3.86970e-04      1.00000e+01      -1.16262e-192
    8.22473e+00      3.86919e-04      1.00000e+01      -1.34291e-192
    8.32387e+00      3.86871e-04      1.00000e+01      -1.51764e-192
    8.42422e+00      3.86818e-04      1.00000e+01      -1.68650e-192
    8.52577e+00      3.86764e-04      1.00000e+01      -1.85009e-192
    8.62855e+00      3.86712e-04      1.00000e+01      -2.00809e-192
    8.73256e+00      3.86659e-04      1.00000e+01      -2.16099e-192
    8.83783e+00      3.86604e-04      1.00000e+01      -2.30871e-192
    8.94437e+00      3.86550e-04      1.00000e+01      -2.45139e-192
    9.05220e+00      3.86495e-04      1.00000e+01      -2.58927e-192
    9.16132e+00      3.86439e-04      1.00000e+01      -2.72230e-192
    9.27176e+00      3.86384e-04      1.00000e+01      -2.85064e-192
    9.38353e+00      3.86326e-04      1.00000e+01      -2.97448e-192
    9.49664e+00      3.86269e-04      1.00000e+01      -3.09389e-192
    9.61113e+00      3.86210e-04      1.00000e+01      -3.20896e-192
    9.72699e+00      3.86152e-04      1.00000e+01      -3.31971e-192
    9.84424e+00      3.86094e-04      1.00000e+01      -3.42634e-192
    9.96292e+00      3.86032e-04      1.00000e+01      -3.52894e-192
    1.00830e+01      3.85972e-04      1.00000e+01      -3.62760e-192
    1.02046e+01      3.85910e-04      1.00000e+01      -3.72242e-192
    1.03276e+01      3.85849e-04      1.00000e+01      -3.81348e-192
    1.04521e+01      3.85786e-04      1.00000e+01      -3.90089e-192
    1.05781e+01      3.85722e-04      1.00000e+01      -3.98472e-192
    1.07056e+01      3.85658e-04      1.00000e+01      -4.06502e-192
    1.08347e+01      3.85594e-04      1.00000e+01      -4.14192e-192
    1.09653e+01      3.85530e-04      1.00000e+01      -4.21551e-192
    1.10974e+01      3.85463e-04      1.00000e+01      -4.28590e-192
    1.12312e+01      3.85394e-04      1.00000e+01      -4.35309e-192
    1.13666e+01      3.85328e-04      1.00000e+01      -4.41719e-192
    1.15036e+01      3.85261e-04      1.00000e+01      -4.47833e-192
    1.16423e+01      3.85194e-04      1.00000e+01      -4.53649e-192
    1.17827e+01      3.85123e-04      1.00000e+01      -4.59184e-192
    1.19247e+01      3.85052e-04      1.00000e+01      -4.64437e-192
    1.20685e+01      3.84980e-04      1.00000e+01      -4.69423e-192
    1.22139e+01      3.84907e-04      1.00000e+01      -4.74139e-192
    1.23612e+01      3.84833e-04      1.00000e+01      -4.78601e-192
    1.25102e+01      3.84762e-04      1.00000e+01      -4.82812e-192
    1.26610e+01      3.84686e-04      1.00000e+01      -4.86776e-192
    1.28136e+01      3.84611e-04      1.00000e+01      -4.90504e-192
    1.29681e+01      3.84535e-04      1.00000e+01      -4.94000e-192
    1.31244e+01      3.84459e-04      1.00000e+01      -4.97270e-192
    1.32826e+01      3.84380e-04      1.00000e+01      -5.00319e-192
    1.34428e+01      3.84301e-04      1.00000e+01      -5.03155e-192
    1.36048e+01      3.84222e-04      1.00000e+01      -5.05781e-192
    1.37688e+01      3.84139e-04      1.00000e+01      -5.08205e-192
    1.39348e+01      3.84059e-04      1.00000e+01      -5.10430e-192
    1.41028e+01      3.83978e-04      1.00000e+01      -5.12464e-192
    1.42728e+01      3.83896e-04      1.00000e+01      -5.14311e-192
    1.44448e+01      3.83807e-04      1.00000e+01      -5.15977e-192
    1.46190e+01      3.83724e-04      1.00000e+01      -5.17464e-192
    1.47952e+01      3.83636e-04      1.00000e+01      -5.18780e-192
    1.49736e+01      3.83550e-04      1.00000e+01      -5.19930e-192
    1.51541e+01      3.83463e-04      1.00000e+01      -5.20915e-192
    1.53367e+01      3.83375e-04      1.00000e+01      -5.21744e-192
    1.55216e+01      3.83285e-04      1.00000e+01      -5.22418e-192
    1.57087e+01      3.83195e-04      1.00000e+01      -5.22943e-192
    1.58981e+01      3.83104e-04      1.00000e+01      -5.23324e-192
    1.60898e+01      3.83011e-04      1.00000e+01      -5.23563e-192
    1.62837e+01      3.82918e-04      1.00000e+01      -5.23665e-192
    1.64800e+01      3.82823e-04      1.00000e+01      -5.23635e-192
    1.66787e+01      3.82729e-04      1.00000e+01      -5.23477e-192
    1.68797e+01      3.82631e-04      1.00000e+01      -5.23193e-192
    1.70832e+01      3.82535e-04      1.00000e+01      -5.22788e-192
    1.72892e+01      3.82435e-04      1.00000e+01      -5.22265e-192
    1.74976e+01      3.82335e-04      1.00000e+01      -5.21629e-192
    1.77085e+01      3.82236e-04      1.00000e+01      -5.20882e-192
    1.79220e+01      3.82134e-04      1.00000e+01      -5.20027e-192
    1.81380e+01      3.82031e-04      1.00000e+01      -5.19069e-192
    1.83567e+01      3.81930e-04      1.00000e+01      -5.18010e-192
    1.85780e+01      3.81825e-04      1.00000e+01      -5.16853e-192
    1.88019e+01      3.81719e-04      1.00000e+01      -5.15603e-192
    1.90286e+01      3.81613e-04      1.00000e+01      -5.14261e-192
    1.92580e+01      3.81503e-04      1.00000e+01      -5.12831e-192
    1.94901e+01      3.81395e-04      1.00000e+01      -5.11316e-192
    1.97251e+01      3.81280e-04      1.00000e+01      -5.09718e-192
    1.99629e+01      3.81173e-04      1.00000e+01      -5.08040e-192
    2.02035e+01      3.81058e-04      1.00000e+01      -5.06285e-192
    2.04471e+01      3.80945e-04      1.00000e+01      -5.04455e-192
    2.06936e+01      3.80828e-04      1.00000e+01      -5.02554e-192
    2.09430e+01      3.80709e-04      1.00000e+01      -5.00583e-192
    2.11955e+01      3.80595e-04      1.00000e+01      -4.98546e-192
    2.14510e+01      3.80475e-04      1.00000e+01      -4.96444e-192
    2.17096e+01      3.80355e-04      1.00000e+01      -4.94280e-192
    2.19713e+01      3.80235e-04      1.00000e+01      -4.92056e-192
    2.22362e+01      3.80111e-04      1.00000e+01      -4.89774e-192
    2.25042e+01      3.79988e-04      1.00000e+01      -4.87437e-192
    2.27755e+01      3.79861e-04      1.00000e+01      -4.85047e-192
    2.30501e+01      3.79735e-04      1.00000e+01      -4.82605e-192
    2.33279e+01      3.79614e-04      1.00000e+01      -4.80114e-192
    2.36092e+01      3.79477e-04      1.00000e+01      -4.77577e-192
    2.38938e+01      3.79348e-04      1.00000e+01      -4.74993e-192
    2.41818e+01      3.79219e-04      1.00000e+01      -4.72367e-192
    2.44733e+01      3.79085e-04      1.00000e+01      -4.69699e-192
    2.47683e+01      3.78951e-04      1.00000e+01      -4.66991e-192
    2.50669e+01      3.78815e-04      1.00000e+01      -4.64245e-192
    2.53691e+01      3.78679e-04      1.00000e+01      -4.61463e-192
    2.56749e+01      3.78539e-04      1.00000e+01      -4.58646e-192
    2.59844e+01      3.78399e-04      1.00000e+01      -4.55796e-192
    2.62977e+01      3.78259e-04      1.00000e+01      -4.52915e-192
    2.66147e+01      3.78115e-04      1.00000e+01      -4.50004e-192
    2.69355e+01      3.77969e-04      1.00000e+01      -4.47065e-192
    2.72602e+01      3.77803e-04      1.00000e+01      -4.44099e-192
    2.75889e+01      3.77677e-04      1.00000e+01      -4.41107e-192
    2.79214e+01      3.77528e-04      1.00000e+01      -4.38092e-192
    2.82580e+01      3.77377e-04      1.00000e+01      -4.35053e-192
    2.85987e+01      3.77226e-04      1.00000e+01      -4.31994e-192
    2.89434e+01      3.77072e-04      1.00000e+01      -4.28914e-192
    2.92924e+01      3.76918e-04      1.00000e+01      -4.25816e-192
    2.96455e+01      3.76761e-04      1.00000e+01      -4.22700e-192
    3.00029e+01      3.76602e-04      1.00000e+01      -4.19567e-192
    3.03645e+01      3.76444e-04      1.00000e+01      -4.16420e-192
    3.07306e+01      3.76282e-04      1.00000e+01      -4.13258e-192
    3.11010e+01      3.76117e-04      1.00000e+01      -4.10084e-192
    3.14760e+01      3.75955e-04      1.00000e+01      -4.06897e-192
    3.18554e+01      3.75786e-04      1.00000e+01      -4.03700e-192
    3.22394e+01      3.75620e-04      1.00000e+01      -4.00493e-192
    3.26281e+01      3.75453e-04      1.00000e+01      -3.97277e-192
    3.30214e+01      3.75282e-04      1.00000e+01      -3.94053e-192
    3.34195e+01      3.75109e-04      1.00000e+01      -3.90823e-192
    3.38223e+01      3.74935e-04      1.00000e+01      -3.87586e-192
    3.42301e+01      3.74759e-04      1.00000e+01      -3.84344e-192
    3.46427e+01      3.74581e-04      1.00000e+01      -3.81098e-192
    3.50603e+01      3.74402e-04      1.00000e+01      -3.77849e-192
    3.54830e+01      3.74219e-04      1.00000e+01      -3.74597e-192
    3.59107e+01      3.74038e-04      1.00000e+01      -3.71343e-192
    3.63436e+01      3.73852e-04      1.00000e+01      -3.68088e-192
    3.67817e+01      3.73666e-04      1.00000e+01      -3.64833e-192
    3.72251e+01      3.73477e-04      1.00000e+01      -3.61579e-192
    3.76739e+01      3.73289e-04      1.00000e+01      -3.58325e-192
    3.81281e+01      3.73034e-04      1.00000e+01      -3.55074e-192
    3.85877e+01      3.72899e-04      1.00000e+01      -3.51825e-192
    3.90529e+01      3.72706e-04      1.00000e+01      -3.48579e-192
    3.95236e+01      3.72508e-04      1.00000e+01      -3.45337e-192
    4.00001e+01      3.72309e-04      1.00000e+01      -3.42099e-192
