    Er (keV)         SM dN/dE         BG dN/dE        BSM dN/dE (events/kg/day/keV)
    1.01000e-02      2.47699e+02      5.00000e+00      3.27587e-11
    1.02614e-02      2.47060e+02      5.00000e+00      3.32010e-11
    1.04254e-02      2.46409e+02      5.00000e+00      3.36505e-11
    1.05921e-02      2.45749e+02      5.00000e+00      3.41072e-11
    1.07615e-02      2.45077e+02      5.00000e+00      3.45713e-11
    1.09336e-02      2.44395e+02      5.00000e+00      3.50429e-11
    1.11084e-02      2.43702e+02      5.00000e+00      3.55221e-11
    1.12861e-02      2.42998e+02      5.00000e+00      3.60090e-11
    1.14667e-02      2.42282e+02      5.00000e+00      3.65038e-11
    1.16502e-02      2.41555e+02      5.00000e+00      3.70065e-11
    1.18366e-02      2.40816e+02      5.00000e+00      3.75174e-11
    1.20261e-02      2.40065e+02      5.00000e+00      3.80366e-11
    1.22186e-02      2.39302e+02      5.00000e+00      3.85641e-11
    1.24142e-02      2.38526e+02      5.00000e+00      3.91001e-11
    1.26129e-02      2.37738e+02      5.00000e+00      3.96448e-11
    1.28149e-02      2.36938e+02      5.00000e+00      4.01983e-11
    1.30202e-02      2.36124e+02      5.00000e+00      4.07607e-11
    1.32287e-02      2.35298e+02      5.00000e+00      4.13322e-11
    1.34406e-02      2.34458e+02      5.00000e+00      4.19129e-11
    1.36560e-02      2.33604e+02      5.00000e+00      4.25030e-11
    1.38748e-02      2.32737e+02      5.00000e+00      4.31026e-11
    1.40971e-02      2.31855e+02      5.00000e+00      4.37118e-11
    1.43231e-02      2.30960e+02      5.00000e+00      4.43310e-11
    1.45527e-02      2.30050e+02      5.00000e+00      4.49601e-11
    1.47859e-02      2.29125e+02      5.00000e+00      4.55994e-11
    1.50230e-02      2.28185e+02      5.00000e+00      4.62489e-11
    1.52639e-02      2.27230e+02      5.00000e+00      4.69090e-11
    1.55086e-02      2.26260e+02      5.00000e+00      4.75798e-11
    1.57574e-02      2.25274e+02      5.00000e+00      4.82613e-11
    1.60101e-02      2.24273e+02      5.00000e+00      4.89539e-11
    1.62669e-02      2.23255e+02      5.00000e+00      4.96576e-11
    1.65279e-02      2.22220e+02      5.00000e+00      5.03727e-11
    1.67931e-02      2.21169e+02      5.00000e+00      5.10993e-11
    1.70625e-02      2.20101e+02      5.00000e+00      5.18377e-11
    1.73363e-02      2.19016e+02      5.00000e+00      5.25880e-11
    1.76145e-02      2.17913e+02      5.00000e+00      5.33504e-11
    1.78972e-02      2.16792e+02      5.00000e+00      5.41251e-11
    1.81845e-02      2.15653e+02      5.00000e+00      5.49123e-11
    1.84764e-02      2.14496e+02      5.00000e+00      5.57122e-11
    1.87731e-02      2.13321e+02      5.00000e+00      5.65250e-11
    1.90745e-02      2.12126e+02      5.00000e+00      5.73510e-11
    1.93808e-02      2.10912e+02      5.00000e+00      5.81903e-11
    1.96920e-02      2.09678e+02      5.00000e+00      5.90431e-11
    2.00082e-02      2.08425e+02      5.00000e+00      5.99097e-11
    2.03296e-02      2.07151e+02      5.00000e+00      6.07903e-11
    2.06561e-02      2.05856e+02      5.00000e+00      6.16851e-11
    2.09879e-02      2.04541e+02      5.00000e+00      6.25943e-11
    2.13251e-02      2.03205e+02      5.00000e+00      6.35182e-11
    2.16677e-02      2.01847e+02      5.00000e+00      6.44571e-11
    2.20158e-02      2.00467e+02      5.00000e+00      6.54110e-11
    2.23696e-02      1.99064e+02      5.00000e+00      6.63804e-11
    2.27291e-02      1.97640e+02      5.00000e+00      6.73655e-11
    2.30943e-02      1.96192e+02      5.00000e+00      6.83664e-11
    2.34655e-02      1.94720e+02      5.00000e+00      6.93835e-11
    2.38426e-02      1.93225e+02      5.00000e+00      7.04170e-11
    2.42259e-02      1.91706e+02      5.00000e+00      7.14672e-11
    2.46153e-02      1.90163e+02      5.00000e+00      7.25343e-11
    2.50110e-02      1.88594e+02      5.00000e+00      7.36187e-11
    2.54131e-02      1.87000e+02      5.00000e+00      7.47205e-11
    2.58217e-02      1.85381e+02      5.00000e+00      7.58402e-11
    2.62369e-02      1.83735e+02      5.00000e+00      7.69779e-11
    2.66588e-02      1.82062e+02      5.00000e+00      7.81340e-11
    2.70875e-02      1.80363e+02      5.00000e+00      7.93087e-11
    2.75231e-02      1.78636e+02      5.00000e+00      8.05025e-11
    2.79658e-02      1.76882e+02      5.00000e+00      8.17154e-11
    2.84156e-02      1.75099e+02      5.00000e+00      8.29480e-11
    2.88727e-02      1.73287e+02      5.00000e+00      8.42005e-11
    2.93371e-02      1.71446e+02      5.00000e+00      8.54731e-11
    2.98090e-02      1.69575e+02      5.00000e+00      8.67664e-11
    3.02886e-02      1.67675e+02      5.00000e+00      8.80804e-11
    3.07759e-02      1.65743e+02      5.00000e+00      8.94158e-11
    3.12710e-02      1.63780e+02      5.00000e+00      9.07726e-11
    3.17742e-02      1.61786e+02      5.00000e+00      9.21514e-11
    3.22855e-02      1.59759e+02      5.00000e+00      9.35524e-11
    3.28050e-02      1.57700e+02      5.00000e+00      9.49760e-11
    3.33329e-02      1.55607e+02      5.00000e+00      9.64226e-11
    3.38693e-02      1.53481e+02      5.00000e+00      9.78926e-11
    3.44144e-02      1.51320e+02      5.00000e+00      9.93863e-11
    3.49683e-02      1.49125e+02      5.00000e+00      1.00904e-10
    3.55311e-02      1.46894e+02      5.00000e+00      1.02446e-10
    3.61031e-02      1.44627e+02      5.00000e+00      1.04014e-10
    3.66842e-02      1.42323e+02      5.00000e+00      1.05606e-10
    3.72747e-02      1.39982e+02      5.00000e+00      1.07224e-10
    3.78748e-02      1.37604e+02      5.00000e+00      1.08869e-10
    3.84845e-02      1.35187e+02      5.00000e+00      1.10539e-10
    3.91041e-02      1.32731e+02      5.00000e+00      1.12237e-10
    3.97337e-02      1.30235e+02      5.00000e+00      1.13962e-10
    4.03735e-02      1.27910e+02      5.00000e+00      1.15704e-10
    4.10236e-02      1.27037e+02      5.00000e+00      1.17391e-10
    4.16841e-02      1.26149e+02      5.00000e+00      1.19104e-10
    4.23554e-02      1.25246e+02      5.00000e+00      1.20846e-10
    4.30374e-02      1.24329e+02      5.00000e+00      1.22616e-10
    4.37305e-02      1.23398e+02      5.00000e+00      1.24414e-10
    4.44348e-02      1.22451e+02      5.00000e+00      1.26241e-10
    4.51504e-02      1.21489e+02      5.00000e+00      1.28098e-10
    4.58776e-02      1.20512e+02      5.00000e+00      1.29985e-10
    4.66165e-02      1.19518e+02      5.00000e+00      1.31902e-10
    4.73674e-02      1.18509e+02      5.00000e+00      1.33850e-10
    4.81304e-02      1.17484e+02      5.00000e+00      1.35830e-10
    4.89056e-02      1.16441e+02      5.00000e+00      1.37841e-10
    4.96934e-02      1.15382e+02      5.00000e+00      1.39885e-10
    5.04940e-02      1.14306e+02      5.00000e+00      1.41962e-10
    5.13074e-02      1.13213e+02      5.00000e+00      1.44073e-10
    5.21340e-02      1.12102e+02      5.00000e+00      1.46217e-10
    5.29739e-02      1.10973e+02      5.00000e+00      1.48396e-10
    5.38274e-02      1.09826e+02      5.00000e+00      1.50611e-10
    5.46946e-02      1.08660e+02      5.00000e+00      1.52861e-10
    5.55758e-02      1.07475e+02      5.00000e+00      1.55147e-10
    5.64713e-02      1.06272e+02      5.00000e+00      1.57471e-10
    5.73812e-02      1.05049e+02      5.00000e+00      1.59832e-10
    5.83059e-02      1.03806e+02      5.00000e+00      1.62231e-10
    5.92454e-02      1.02543e+02      5.00000e+00      1.64668e-10
    6.02001e-02      1.01259e+02      5.00000e+00      1.67145e-10
    6.11702e-02      9.99554e+01      5.00000e+00      1.69662e-10
    6.21560e-02      9.86304e+01      5.00000e+00      1.72220e-10
    6.31577e-02      9.72839e+01      5.00000e+00      1.74819e-10
    6.41755e-02      9.59157e+01      5.00000e+00      1.77460e-10
    6.52098e-02      9.45254e+01      5.00000e+00      1.80143e-10
    6.62608e-02      9.31127e+01      5.00000e+00      1.82870e-10
    6.73287e-02      9.16772e+01      5.00000e+00      1.85641e-10
    6.84139e-02      9.02185e+01      5.00000e+00      1.88457e-10
    6.95166e-02      8.87362e+01      5.00000e+00      1.91318e-10
    7.06371e-02      8.72587e+01      5.00000e+00      1.94237e-10
    7.17757e-02      8.63653e+01      5.00000e+00      1.97465e-10
    7.29326e-02      8.54575e+01      5.00000e+00      2.00745e-10
    7.41083e-02      8.45350e+01      5.00000e+00      2.04077e-10
    7.53029e-02      8.35976e+01      5.00000e+00      2.07464e-10
    7.65168e-02      8.26451e+01      5.00000e+00      2.10905e-10
    7.77503e-02      8.16772e+01      5.00000e+00      2.14401e-10
    7.90037e-02      8.06937e+01      5.00000e+00      2.17954e-10
    8.02773e-02      7.96943e+01      5.00000e+00      2.21565e-10
    8.15715e-02      7.86788e+01      5.00000e+00      2.25234e-10
    8.28866e-02      7.76469e+01      5.00000e+00      2.28962e-10
    8.42229e-02      7.65983e+01      5.00000e+00      2.32750e-10
    8.55808e-02      7.55328e+01      5.00000e+00      2.36599e-10
    8.69606e-02      7.44501e+01      5.00000e+00      2.40510e-10
    8.83627e-02      7.33499e+01      5.00000e+00      2.44485e-10
    8.97874e-02      7.22320e+01      5.00000e+00      2.48523e-10
    9.12351e-02      7.10960e+01      5.00000e+00      2.52627e-10
    9.27061e-02      6.99417e+01      5.00000e+00      2.56797e-10
    9.42009e-02      6.87688e+01      5.00000e+00      2.61035e-10
    9.57199e-02      6.75769e+01      5.00000e+00      2.65341e-10
    9.72633e-02      6.63658e+01      5.00000e+00      2.69716e-10
    9.88317e-02      6.51351e+01      5.00000e+00      2.74162e-10
    1.00425e-01      6.38846e+01      5.00000e+00      2.78680e-10
    1.02045e-01      6.29332e+01      5.00000e+00      2.82959e-10
    1.03690e-01      6.20926e+01      5.00000e+00      2.87186e-10
    1.05362e-01      6.12384e+01      5.00000e+00      2.91480e-10
    1.07062e-01      6.03705e+01      5.00000e+00      2.95844e-10
    1.08788e-01      5.94885e+01      5.00000e+00      3.00278e-10
    1.10543e-01      5.85923e+01      5.00000e+00      3.04783e-10
    1.12325e-01      5.76816e+01      5.00000e+00      3.09362e-10
    1.14137e-01      5.67562e+01      5.00000e+00      3.14014e-10
    1.15977e-01      5.58159e+01      5.00000e+00      3.18741e-10
    1.17848e-01      5.48604e+01      5.00000e+00      3.23545e-10
    1.19749e-01      5.38895e+01      5.00000e+00      3.28426e-10
    1.21680e-01      5.29029e+01      5.00000e+00      3.33386e-10
    1.23642e-01      5.19004e+01      5.00000e+00      3.38426e-10
    1.25637e-01      5.08817e+01      5.00000e+00      3.43548e-10
    1.27663e-01      4.98466e+01      5.00000e+00      3.48752e-10
    1.29722e-01      4.87947e+01      5.00000e+00      3.54040e-10
    1.31814e-01      4.78267e+01      5.00000e+00      3.59392e-10
    1.33940e-01      4.70743e+01      5.00000e+00      3.64780e-10
    1.36101e-01      4.63098e+01      5.00000e+00      3.70254e-10
    1.38296e-01      4.55329e+01      5.00000e+00      3.75818e-10
    1.40527e-01      4.47435e+01      5.00000e+00      3.81471e-10
    1.42794e-01      4.39413e+01      5.00000e+00      3.87215e-10
    1.45097e-01      4.31262e+01      5.00000e+00      3.93053e-10
    1.47437e-01      4.22979e+01      5.00000e+00      3.98984e-10
    1.49816e-01      4.14563e+01      5.00000e+00      4.05011e-10
    1.52232e-01      4.06011e+01      5.00000e+00      4.11135e-10
    1.54688e-01      3.97320e+01      5.00000e+00      4.17359e-10
    1.57183e-01      3.88490e+01      5.00000e+00      4.23682e-10
    1.59719e-01      3.79517e+01      5.00000e+00      4.30108e-10
    1.62295e-01      3.71211e+01      5.00000e+00      4.36615e-10
    1.64913e-01      3.64508e+01      5.00000e+00      4.43180e-10
    1.67574e-01      3.57696e+01      5.00000e+00      4.49850e-10
    1.70277e-01      3.50774e+01      5.00000e+00      4.56628e-10
    1.73024e-01      3.43741e+01      5.00000e+00      4.63515e-10
    1.75815e-01      3.36594e+01      5.00000e+00      4.70514e-10
    1.78652e-01      3.29331e+01      5.00000e+00      4.77625e-10
    1.81534e-01      3.21952e+01      5.00000e+00      4.84852e-10
    1.84462e-01      3.14453e+01      5.00000e+00      4.92195e-10
    1.87438e-01      3.06833e+01      5.00000e+00      4.99656e-10
    1.90462e-01      2.99090e+01      5.00000e+00      5.07238e-10
    1.93535e-01      2.92342e+01      5.00000e+00      5.14903e-10
    1.96657e-01      2.86313e+01      5.00000e+00      5.22661e-10
    1.99830e-01      2.80187e+01      5.00000e+00      5.30545e-10
    2.03054e-01      2.73963e+01      5.00000e+00      5.38556e-10
    2.06330e-01      2.67638e+01      5.00000e+00      5.46697e-10
    2.09659e-01      2.61210e+01      5.00000e+00      5.54969e-10
    2.13042e-01      2.54679e+01      5.00000e+00      5.63374e-10
    2.16479e-01      2.48043e+01      5.00000e+00      5.71915e-10
    2.19971e-01      2.41299e+01      5.00000e+00      5.80594e-10
    2.23521e-01      2.35112e+01      5.00000e+00      5.89386e-10
    2.27127e-01      2.29782e+01      5.00000e+00      5.98282e-10
    2.30791e-01      2.24365e+01      5.00000e+00      6.07321e-10
    2.34515e-01      2.18861e+01      5.00000e+00      6.16507e-10
    2.38299e-01      2.13268e+01      5.00000e+00      6.25840e-10
    2.42144e-01      2.07585e+01      5.00000e+00      6.35324e-10
    2.46051e-01      2.01810e+01      5.00000e+00      6.44961e-10
    2.50021e-01      1.95942e+01      5.00000e+00      6.54754e-10
    2.54055e-01      1.90529e+01      5.00000e+00      6.64676e-10
    2.58154e-01      1.85786e+01      5.00000e+00      6.74718e-10
    2.62320e-01      1.80967e+01      5.00000e+00      6.84922e-10
    2.66552e-01      1.76070e+01      5.00000e+00      6.95291e-10
    2.70853e-01      1.71093e+01      5.00000e+00      7.05828e-10
    2.75224e-01      1.66037e+01      5.00000e+00      7.16534e-10
    2.79665e-01      1.60898e+01      5.00000e+00      7.27413e-10
    2.84177e-01      1.56050e+01      5.00000e+00      7.38444e-10
    2.88763e-01      1.51854e+01      5.00000e+00      7.49608e-10
    2.93422e-01      1.47591e+01      5.00000e+00      7.60952e-10
    2.98157e-01      1.43258e+01      5.00000e+00      7.72479e-10
    3.02968e-01      1.38856e+01      5.00000e+00      7.84193e-10
    3.07857e-01      1.34383e+01      5.00000e+00      7.96095e-10
    3.12825e-01      1.29837e+01      5.00000e+00      8.08189e-10
    3.17873e-01      1.26131e+01      5.00000e+00      8.20418e-10
    3.23002e-01      1.22384e+01      5.00000e+00      8.32843e-10
    3.28214e-01      1.18578e+01      5.00000e+00      8.45469e-10
    3.33510e-01      1.14709e+01      5.00000e+00      8.58298e-10
    3.38892e-01      1.10778e+01      5.00000e+00      8.71335e-10
    3.44361e-01      1.06945e+01      5.00000e+00      8.84568e-10
    3.49918e-01      1.03675e+01      5.00000e+00      8.97963e-10
    3.55564e-01      1.00352e+01      5.00000e+00      9.11573e-10
    3.61302e-01      9.69749e+00      5.00000e+00      9.25403e-10
    3.67133e-01      9.35435e+00      5.00000e+00      9.39456e-10
    3.73057e-01      9.00567e+00      5.00000e+00      9.53737e-10
    3.79077e-01      8.71266e+00      5.00000e+00      9.68179e-10
    3.85194e-01      8.42005e+00      5.00000e+00      9.82848e-10
    3.91411e-01      8.12272e+00      5.00000e+00      9.97754e-10
    3.97727e-01      7.82059e+00      5.00000e+00      1.01290e-09
    4.04145e-01      7.51653e+00      5.00000e+00      1.02829e-09
    4.10667e-01      7.26156e+00      5.00000e+00      1.04380e-09
    4.17294e-01      7.00248e+00      5.00000e+00      1.05956e-09
    4.24029e-01      6.73922e+00      5.00000e+00      1.07557e-09
    4.30872e-01      6.47170e+00      5.00000e+00      1.09184e-09
    4.37825e-01      6.22512e+00      5.00000e+00      1.10830e-09
    4.44890e-01      5.99681e+00      5.00000e+00      1.12495e-09
    4.52070e-01      5.76481e+00      5.00000e+00      1.14188e-09
    4.59366e-01      5.52906e+00      5.00000e+00      1.15907e-09
    4.66779e-01      5.30288e+00      5.00000e+00      1.17650e-09
    4.74312e-01      5.10169e+00      5.00000e+00      1.19411e-09
    4.81966e-01      4.89726e+00      5.00000e+00      1.21200e-09
    4.89745e-01      4.68952e+00      5.00000e+00      1.23018e-09
    4.97648e-01      4.49165e+00      5.00000e+00      1.24859e-09
    5.05679e-01      4.31300e+00      5.00000e+00      1.26721e-09
    5.13840e-01      4.13147e+00      5.00000e+00      1.28613e-09
    5.22133e-01      3.94701e+00      5.00000e+00      1.30535e-09
    5.30559e-01      3.77984e+00      5.00000e+00      1.32478e-09
    5.39122e-01      3.62048e+00      5.00000e+00      1.34448e-09
    5.47823e-01      3.45855e+00      5.00000e+00      1.36449e-09
    5.56664e-01      3.29815e+00      5.00000e+00      1.38480e-09
    5.65648e-01      3.15773e+00      5.00000e+00      1.40532e-09
    5.74776e-01      3.01504e+00      5.00000e+00      1.42616e-09
    5.84053e-01      2.87005e+00      5.00000e+00      1.44734e-09
    5.93479e-01      2.74172e+00      5.00000e+00      1.46872e-09
    6.03057e-01      2.61502e+00      5.00000e+00      1.49042e-09
    6.12789e-01      2.48627e+00      5.00000e+00      1.51248e-09
    6.22679e-01      2.36896e+00      5.00000e+00      1.53478e-09
    6.32729e-01      2.25594e+00      5.00000e+00      1.55740e-09
    6.42940e-01      2.14110e+00      5.00000e+00      1.58039e-09
    6.53317e-01      2.03619e+00      5.00000e+00      1.60363e-09
    6.63861e-01      1.93495e+00      5.00000e+00      1.62719e-09
    6.74575e-01      1.83208e+00      5.00000e+00      1.65113e-09
    6.85462e-01      1.73994e+00      5.00000e+00      1.67533e-09
    6.96525e-01      1.64893e+00      5.00000e+00      1.69988e-09
    7.07766e-01      1.55765e+00      5.00000e+00      1.72483e-09
    7.19189e-01      1.47700e+00      5.00000e+00      1.75003e-09
    7.30796e-01      1.39505e+00      5.00000e+00      1.77564e-09
    7.42591e-01      1.31730e+00      5.00000e+00      1.80158e-09
    7.54576e-01      1.24457e+00      5.00000e+00      1.82785e-09
    7.66755e-01      1.17067e+00      5.00000e+00      1.85454e-09
    7.79130e-01      1.10558e+00      5.00000e+00      1.88151e-09
    7.91704e-01      1.03992e+00      5.00000e+00      1.90892e-09
    8.04482e-01      9.78105e-01      5.00000e+00      1.93667e-09
    8.17466e-01      9.19578e-01      5.00000e+00      1.96479e-09
    8.30660e-01      8.61956e-01      5.00000e+00      1.99334e-09
    8.44066e-01      8.10542e-01      5.00000e+00      2.02221e-09
    8.57689e-01      7.58298e-01      5.00000e+00      2.05155e-09
    8.71532e-01      7.10727e-01      5.00000e+00      2.08120e-09
    8.85599e-01      6.62604e-01      5.00000e+00      2.11132e-09
    8.99892e-01      6.19403e-01      5.00000e+00      2.14180e-09
    9.14416e-01      5.76978e-01      5.00000e+00      2.17274e-09
    9.29175e-01      5.37868e-01      5.00000e+00      2.20405e-09
    9.44171e-01      4.99838e-01      5.00000e+00      2.23581e-09
    9.59410e-01      4.64637e-01      5.00000e+00      2.26798e-09
    9.74895e-01      4.30530e-01      5.00000e+00      2.30062e-09
    9.90630e-01      3.99158e-01      5.00000e+00      2.36306e-09
    1.00662e+00      3.68606e-01      5.00000e+00      2.43833e-09
    1.02287e+00      3.40881e-01      5.00000e+00      2.48113e-09
    1.03937e+00      3.13487e-01      5.00000e+00      2.51671e-09
    1.05615e+00      2.89233e-01      5.00000e+00      2.55268e-09
    1.07320e+00      2.65282e-01      5.00000e+00      2.58921e-09
    1.09052e+00      2.43691e-01      5.00000e+00      2.62619e-09
    1.10812e+00      2.23157e-01      5.00000e+00      2.66369e-09
    1.12600e+00      2.04182e-01      5.00000e+00      2.70168e-09
    1.14418e+00      1.86243e-01      5.00000e+00      2.74016e-09
    1.16265e+00      1.68729e-01      5.00000e+00      2.77920e-09
    1.18141e+00      1.53436e-01      5.00000e+00      2.81871e-09
    1.20048e+00      1.38876e-01      5.00000e+00      2.85876e-09
    1.21986e+00      1.25183e-01      5.00000e+00      2.89935e-09
    1.23954e+00      1.12968e-01      5.00000e+00      2.94046e-09
    1.25955e+00      1.01366e-01      5.00000e+00      2.98214e-09
    1.27988e+00      9.06322e-02      5.00000e+00      3.02434e-09
    1.30054e+00      8.10614e-02      5.00000e+00      3.06708e-09
    1.32153e+00      7.20910e-02      5.00000e+00      3.11041e-09
    1.34286e+00      6.37635e-02      5.00000e+00      3.15435e-09
    1.36453e+00      5.65210e-02      5.00000e+00      3.19880e-09
    1.38656e+00      4.97767e-02      5.00000e+00      3.24385e-09
    1.40894e+00      4.35922e-02      5.00000e+00      3.28953e-09
    1.43168e+00      3.81443e-02      5.00000e+00      3.33582e-09
    1.45479e+00      3.33212e-02      5.00000e+00      3.38266e-09
    1.47827e+00      2.89400e-02      5.00000e+00      3.43013e-09
    1.50213e+00      2.49956e-02      5.00000e+00      3.47823e-09
    1.52637e+00      2.14703e-02      5.00000e+00      3.52697e-09
    1.55101e+00      1.84181e-02      5.00000e+00      3.57634e-09
    1.57604e+00      1.57291e-02      5.00000e+00      3.62633e-09
    1.60148e+00      1.33478e-02      5.00000e+00      3.67693e-09
    1.62733e+00      1.12540e-02      5.00000e+00      3.72813e-09
    1.65360e+00      9.43215e-03      5.00000e+00      3.77994e-09
    1.68029e+00      7.86939e-03      5.00000e+00      3.83236e-09
    1.70741e+00      6.52471e-03      5.00000e+00      3.88543e-09
    1.73497e+00      5.40059e-03      5.00000e+00      3.93907e-09
    1.76297e+00      4.46119e-03      5.00000e+00      3.99334e-09
    1.79143e+00      3.68325e-03      5.00000e+00      4.04823e-09
    1.82034e+00      3.01329e-03      5.00000e+00      4.10376e-09
    1.84972e+00      2.51822e-03      5.00000e+00      4.15992e-09
    1.87958e+00      2.11659e-03      5.00000e+00      4.21678e-09
    1.90992e+00      1.78765e-03      5.00000e+00      4.27429e-09
    1.94074e+00      1.52520e-03      5.00000e+00      4.33244e-09
    1.97207e+00      1.31188e-03      5.00000e+00      4.39126e-09
    2.00390e+00      1.14841e-03      5.00000e+00      4.56882e-09
    2.03624e+00      1.00694e-03      5.00000e+00      4.65645e-09
    2.06911e+00      8.84259e-04      5.00000e+00      4.71918e-09
    2.10251e+00      7.82542e-04      5.00000e+00      4.78274e-09
    2.13644e+00      6.97501e-04      5.00000e+00      4.84690e-09
    2.17093e+00      6.26770e-04      5.00000e+00      4.91189e-09
    2.20597e+00      5.68502e-04      5.00000e+00      4.97754e-09
    2.24158e+00      5.20989e-04      5.00000e+00      5.04393e-09
    2.27776e+00      4.82605e-04      5.00000e+00      5.11109e-09
    2.31452e+00      4.52171e-04      5.00000e+00      5.17893e-09
    2.35188e+00      4.28547e-04      5.00000e+00      5.24756e-09
    2.38984e+00      4.09555e-04      5.00000e+00      5.31694e-09
    2.42842e+00      3.94382e-04      5.00000e+00      5.38708e-09
    2.46761e+00      3.82421e-04      5.00000e+00      5.45796e-09
    2.50744e+00      3.73080e-04      5.00000e+00      5.52957e-09
    2.54792e+00      3.65527e-04      5.00000e+00      5.60208e-09
    2.58904e+00      3.59572e-04      5.00000e+00      5.67528e-09
    2.63083e+00      3.55002e-04      5.00000e+00      5.74927e-09
    2.67329e+00      3.51454e-04      5.00000e+00      5.82409e-09
    2.71644e+00      3.48938e-04      5.00000e+00      5.89964e-09
    2.76029e+00      3.47175e-04      5.00000e+00      5.97602e-09
    2.80484e+00      3.46052e-04      5.00000e+00      6.05320e-09
    2.85012e+00      3.45398e-04      5.00000e+00      6.13122e-09
    2.89612e+00      3.45053e-04      5.00000e+00      6.21002e-09
    2.94287e+00      3.44887e-04      5.00000e+00      6.28962e-09
    2.99037e+00      3.44814e-04      5.00000e+00      6.37010e-09
    3.03864e+00      3.44780e-04      5.00000e+00      6.45143e-09
    3.08768e+00      3.44752e-04      5.00000e+00      6.53354e-09
    3.13752e+00      3.44724e-04      5.00000e+00      6.61628e-09
    3.18817e+00      3.44695e-04      5.00000e+00      6.70029e-09
    3.23963e+00      3.44668e-04      5.00000e+00      6.78491e-09
    3.29192e+00      3.44639e-04      5.00000e+00      6.87043e-09
    3.34505e+00      3.44610e-04      5.00000e+00      6.95676e-09
    3.39905e+00      3.44581e-04      5.00000e+00      7.04398e-09
    3.45391e+00      3.44549e-04      5.00000e+00      7.13205e-09
    3.50966e+00      3.44519e-04      5.00000e+00      7.22102e-09
    3.56631e+00      3.44490e-04      5.00000e+00      7.31090e-09
    3.62388e+00      3.44458e-04      5.00000e+00      7.40156e-09
    3.68237e+00      3.44426e-04      5.00000e+00      7.49316e-09
    3.74181e+00      3.44392e-04      5.00000e+00      7.58558e-09
    3.80220e+00      3.44361e-04      5.00000e+00      7.67900e-09
    3.86358e+00      3.44328e-04      5.00000e+00      7.77325e-09
    3.92594e+00      3.44294e-04      5.00000e+00      7.86839e-09
    3.98931e+00      3.44262e-04      5.00000e+00      7.96441e-09
    4.05370e+00      3.44226e-04      5.00000e+00      8.06131e-09
    4.11913e+00      3.44192e-04      5.00000e+00      8.15918e-09
    4.18562e+00      3.44156e-04      5.00000e+00      8.25791e-09
    4.25318e+00      3.44121e-04      5.00000e+00      8.35756e-09
    4.32183e+00      3.44084e-04      5.00000e+00      8.45801e-09
    4.39159e+00      3.44049e-04      5.00000e+00      8.55959e-09
    4.46248e+00      3.44010e-04      5.00000e+00      8.66196e-09
    4.53451e+00      3.43973e-04      5.00000e+00      8.76530e-09
    4.60770e+00      3.43934e-04      5.00000e+00      8.86949e-09
    4.68208e+00      3.43895e-04      5.00000e+00      8.97457e-09
    4.75765e+00      3.43856e-04      5.00000e+00      9.08064e-09
    4.83444e+00      3.43815e-04      5.00000e+00      9.18787e-09
    4.91248e+00      3.43775e-04      5.00000e+00      9.29758e-09
    4.99177e+00      3.43735e-04      5.00000e+00      9.40994e-09
    5.07235e+00      3.43693e-04      5.00000e+00      9.52500e-09
    5.15422e+00      3.43652e-04      5.00000e+00      9.64302e-09
    5.23742e+00      3.43610e-04      5.00000e+00      9.76399e-09
    5.32196e+00      3.43568e-04      5.00000e+00      9.88795e-09
    5.40786e+00      3.43526e-04      5.00000e+00      1.00160e-08
    5.49515e+00      3.43483e-04      5.00000e+00      1.01465e-08
    5.58385e+00      3.43440e-04      5.00000e+00      1.02787e-08
    5.67398e+00      3.43391e-04      5.00000e+00      1.04153e-08
    5.76556e+00      3.43355e-04      5.00000e+00      1.05556e-08
    5.85863e+00      3.43309e-04      5.00000e+00      1.06993e-08
    5.95319e+00      3.43264e-04      5.00000e+00      1.08466e-08
    6.04929e+00      3.43220e-04      5.00000e+00      1.09976e-08
    6.14693e+00      3.43174e-04      5.00000e+00      1.11523e-08
    6.24615e+00      3.43128e-04      5.00000e+00      1.13109e-08
    6.34697e+00      3.43082e-04      5.00000e+00      1.14729e-08
    6.44942e+00      3.43035e-04      5.00000e+00      1.16367e-08
    6.55352e+00      3.42988e-04      5.00000e+00      1.18027e-08
    6.65931e+00      3.42938e-04      5.00000e+00      1.19708e-08
    6.76680e+00      3.42888e-04      5.00000e+00      1.21412e-08
    6.87602e+00      3.42837e-04      5.00000e+00      1.23133e-08
    6.98701e+00      3.42787e-04      5.00000e+00      1.24880e-08
    7.09979e+00      3.42735e-04      5.00000e+00      1.26646e-08
    7.21439e+00      3.42683e-04      5.00000e+00      1.28435e-08
    7.33084e+00      3.42630e-04      5.00000e+00      1.30247e-08
    7.44917e+00      3.42574e-04      5.00000e+00      1.32078e-08
    7.56941e+00      3.42519e-04      5.00000e+00      1.33935e-08
    7.69159e+00      3.42462e-04      5.00000e+00      1.35814e-08
    7.81575e+00      3.42407e-04      5.00000e+00      1.37717e-08
    7.94190e+00      3.42351e-04      5.00000e+00      1.39642e-08
    8.07010e+00      3.42292e-04      5.00000e+00      1.41590e-08
    8.20036e+00      3.42232e-04      5.00000e+00      1.43562e-08
    8.33273e+00      3.42173e-04      5.00000e+00      1.45560e-08
    8.46723e+00      3.42111e-04      5.00000e+00      1.47580e-08
    8.60390e+00      3.42049e-04      5.00000e+00      1.49625e-08
    8.74278e+00      3.41986e-04      5.00000e+00      1.51694e-08
    8.88390e+00      3.41925e-04      5.00000e+00      1.53790e-08
    9.02730e+00      3.41858e-04      5.00000e+00      1.55910e-08
    9.17301e+00      3.41792e-04      5.00000e+00      1.58055e-08
    9.32108e+00      3.41725e-04      5.00000e+00      1.60227e-08
    9.47154e+00      3.41658e-04      5.00000e+00      1.62423e-08
    9.62442e+00      3.41588e-04      5.00000e+00      1.64647e-08
    9.77977e+00      3.41519e-04      5.00000e+00      1.66896e-08
    9.93763e+00      3.41449e-04      5.00000e+00      1.69172e-08
    1.00980e+01      3.41377e-04      5.00000e+00      1.71475e-08
    1.02610e+01      3.41303e-04      5.00000e+00      1.73804e-08
    1.04267e+01      3.41230e-04      5.00000e+00      1.76162e-08
    1.05950e+01      3.41154e-04      5.00000e+00      1.78548e-08
    1.07660e+01      3.41080e-04      5.00000e+00      1.80959e-08
    1.09398e+01      3.41003e-04      5.00000e+00      1.83400e-08
    1.11163e+01      3.40925e-04      5.00000e+00      1.85869e-08
    1.12958e+01      3.40845e-04      5.00000e+00      1.88367e-08
    1.14781e+01      3.40765e-04      5.00000e+00      1.90893e-08
    1.16634e+01      3.40685e-04      5.00000e+00      1.93447e-08
    1.18517e+01      3.40601e-04      5.00000e+00      1.96031e-08
    1.20430e+01      3.40517e-04      5.00000e+00      1.98646e-08
    1.22373e+01      3.40430e-04      5.00000e+00      2.01287e-08
    1.24349e+01      3.40345e-04      5.00000e+00      2.03962e-08
    1.26356e+01      3.40257e-04      5.00000e+00      2.06665e-08
    1.28395e+01      3.40168e-04      5.00000e+00      2.09399e-08
    1.30468e+01      3.40078e-04      5.00000e+00      2.12164e-08
    1.32574e+01      3.39984e-04      5.00000e+00      2.14959e-08
    1.34714e+01      3.39892e-04      5.00000e+00      2.17785e-08
    1.36888e+01      3.39797e-04      5.00000e+00      2.20644e-08
    1.39098e+01      3.39702e-04      5.00000e+00      2.23534e-08
    1.41343e+01      3.39605e-04      5.00000e+00      2.26453e-08
    1.43625e+01      3.39507e-04      5.00000e+00      2.29405e-08
    1.45943e+01      3.39405e-04      5.00000e+00      2.32390e-08
    1.48299e+01      3.39304e-04      5.00000e+00      2.35407e-08
    1.50693e+01      3.39201e-04      5.00000e+00      2.38457e-08
    1.53125e+01      3.39096e-04      5.00000e+00      2.41540e-08
    1.55597e+01      3.38990e-04      5.00000e+00      2.44655e-08
    1.58108e+01      3.38883e-04      5.00000e+00      2.47805e-08
    1.60660e+01      3.38774e-04      5.00000e+00      2.50988e-08
    1.63254e+01      3.38665e-04      5.00000e+00      2.54208e-08
    1.65889e+01      3.38553e-04      5.00000e+00      2.57456e-08
    1.68566e+01      3.38439e-04      5.00000e+00      2.60739e-08
    1.71287e+01      3.38324e-04      5.00000e+00      2.64058e-08
    1.74052e+01      3.38206e-04      5.00000e+00      2.67412e-08
    1.76862e+01      3.38087e-04      5.00000e+00      2.70799e-08
    1.79716e+01      3.37967e-04      5.00000e+00      2.74221e-08
    1.82617e+01      3.37849e-04      5.00000e+00      2.77684e-08
    1.85565e+01      3.37724e-04      5.00000e+00      2.81173e-08
    1.88560e+01      3.37598e-04      5.00000e+00      2.84698e-08
    1.91604e+01      3.37472e-04      5.00000e+00      2.88265e-08
    1.94697e+01      3.37343e-04      5.00000e+00      2.91862e-08
    1.97840e+01      3.37213e-04      5.00000e+00      2.95495e-08
    2.01033e+01      3.37079e-04      5.00000e+00      2.99160e-08
    2.04278e+01      3.36945e-04      5.00000e+00      3.02857e-08
    2.07575e+01      3.36805e-04      5.00000e+00      3.06586e-08
    2.10926e+01      3.36659e-04      5.00000e+00      3.10352e-08
    2.14331e+01      3.36528e-04      5.00000e+00      3.14145e-08
    2.17790e+01      3.36388e-04      5.00000e+00      3.17974e-08
    2.21306e+01      3.36242e-04      5.00000e+00      3.21835e-08
    2.24878e+01      3.36095e-04      5.00000e+00      3.25729e-08
    2.28508e+01      3.35949e-04      5.00000e+00      3.29658e-08
    2.32196e+01      3.35797e-04      5.00000e+00      3.33679e-08
    2.35944e+01      3.35645e-04      5.00000e+00      3.37604e-08
    2.39753e+01      3.35492e-04      5.00000e+00      3.41637e-08
    2.43623e+01      3.35336e-04      5.00000e+00      3.45695e-08
    2.47555e+01      3.35178e-04      5.00000e+00      3.49786e-08
    2.51551e+01      3.35017e-04      5.00000e+00      3.53908e-08
    2.55612e+01      3.34854e-04      5.00000e+00      3.58064e-08
    2.59738e+01      3.34688e-04      5.00000e+00      3.62254e-08
    2.63930e+01      3.34521e-04      5.00000e+00      3.66471e-08
    2.68190e+01      3.34351e-04      5.00000e+00      3.70722e-08
    2.72519e+01      3.34179e-04      5.00000e+00      3.75001e-08
    2.76918e+01      3.34005e-04      5.00000e+00      3.79320e-08
    2.81388e+01      3.33828e-04      5.00000e+00      3.83668e-08
    2.85930e+01      3.33650e-04      5.00000e+00      3.88045e-08
    2.90546e+01      3.33467e-04      5.00000e+00      3.92452e-08
    2.95235e+01      3.33284e-04      5.00000e+00      3.96892e-08
    3.00001e+01      3.33096e-04      5.00000e+00      4.01362e-08
