    Er (keV)         SM dN/dE         BG dN/dE        BSM dN/dE (events/kg/day/keV)
    1.00100e-01      2.05887e-03      1.00000e+01      3.72497e-11
    1.01306e-01      2.01932e-03      1.00000e+01      3.76910e-11
    1.02526e-01      1.97929e-03      1.00000e+01      3.81375e-11
    1.03760e-01      1.93878e-03      1.00000e+01      3.85895e-11
    1.05010e-01      1.89778e-03      1.00000e+01      3.90468e-11
    1.06275e-01      1.85629e-03      1.00000e+01      3.95097e-11
    1.07555e-01      1.81430e-03      1.00000e+01      3.99782e-11
    1.08850e-01      1.77180e-03      1.00000e+01      4.04523e-11
    1.10161e-01      1.72878e-03      1.00000e+01      4.09322e-11
    1.11488e-01      1.68525e-03      1.00000e+01      4.14178e-11
    1.12830e-01      1.64120e-03      1.00000e+01      4.19093e-11
    1.14189e-01      1.59661e-03      1.00000e+01      4.24067e-11
    1.15565e-01      1.55149e-03      1.00000e+01      4.29101e-11
    1.16957e-01      1.50582e-03      1.00000e+01      4.34196e-11
    1.18365e-01      1.45960e-03      1.00000e+01      4.39352e-11
    1.19791e-01      1.41282e-03      1.00000e+01      4.44570e-11
    1.21234e-01      1.36548e-03      1.00000e+01      4.49851e-11
    1.22694e-01      1.31757e-03      1.00000e+01      4.55196e-11
    1.24172e-01      1.26909e-03      1.00000e+01      4.60606e-11
    1.25668e-01      1.22001e-03      1.00000e+01      4.66080e-11
    1.27182e-01      1.17035e-03      1.00000e+01      4.71621e-11
    1.28713e-01      1.12009e-03      1.00000e+01      4.77228e-11
    1.30264e-01      1.06922e-03      1.00000e+01      4.82903e-11
    1.31833e-01      1.01774e-03      1.00000e+01      4.88646e-11
    1.33421e-01      9.65633e-04      1.00000e+01      4.94459e-11
    1.35028e-01      9.12902e-04      1.00000e+01      5.00341e-11
    1.36655e-01      8.59536e-04      1.00000e+01      5.06295e-11
    1.38301e-01      8.05526e-04      1.00000e+01      5.12320e-11
    1.39967e-01      7.50865e-04      1.00000e+01      5.18418e-11
    1.41653e-01      7.21555e-04      1.00000e+01      5.24553e-11
    1.43360e-01      6.98442e-04      1.00000e+01      5.30753e-11
    1.45087e-01      6.75050e-04      1.00000e+01      5.37027e-11
    1.46834e-01      6.51376e-04      1.00000e+01      5.43377e-11
    1.48603e-01      6.27417e-04      1.00000e+01      5.49804e-11
    1.50393e-01      6.03169e-04      1.00000e+01      5.56308e-11
    1.52205e-01      5.78629e-04      1.00000e+01      5.62890e-11
    1.54039e-01      5.53793e-04      1.00000e+01      5.69552e-11
    1.55895e-01      5.28657e-04      1.00000e+01      5.76294e-11
    1.57773e-01      5.03219e-04      1.00000e+01      5.83118e-11
    1.59673e-01      4.77473e-04      1.00000e+01      5.90024e-11
    1.61597e-01      4.51418e-04      1.00000e+01      5.97013e-11
    1.63544e-01      4.25048e-04      1.00000e+01      6.04086e-11
    1.65514e-01      3.98361e-04      1.00000e+01      6.11244e-11
    1.67508e-01      3.71352e-04      1.00000e+01      6.18489e-11
    1.69526e-01      3.44017e-04      1.00000e+01      6.25821e-11
    1.71569e-01      3.16352e-04      1.00000e+01      6.33242e-11
    1.73636e-01      2.88355e-04      1.00000e+01      6.40752e-11
    1.75728e-01      2.60019e-04      1.00000e+01      6.48352e-11
    1.77845e-01      2.31342e-04      1.00000e+01      6.56044e-11
    1.79988e-01      2.02320e-04      1.00000e+01      6.63829e-11
    1.82156e-01      1.93787e-04      1.00000e+01      6.71674e-11
    1.84351e-01      1.93561e-04      1.00000e+01      6.79599e-11
    1.86572e-01      1.93332e-04      1.00000e+01      6.87620e-11
    1.88820e-01      1.93101e-04      1.00000e+01      6.95738e-11
    1.91095e-01      1.92867e-04      1.00000e+01      7.03953e-11
    1.93398e-01      1.92630e-04      1.00000e+01      7.12268e-11
    1.95728e-01      1.92390e-04      1.00000e+01      7.20682e-11
    1.98086e-01      1.92147e-04      1.00000e+01      7.29199e-11
    2.00473e-01      1.91901e-04      1.00000e+01      7.37817e-11
    2.02888e-01      1.91653e-04      1.00000e+01      7.46540e-11
    2.05333e-01      1.91401e-04      1.00000e+01      7.55368e-11
    2.07807e-01      1.91146e-04      1.00000e+01      7.64303e-11
    2.10311e-01      1.90889e-04      1.00000e+01      7.73345e-11
    2.12845e-01      1.90628e-04      1.00000e+01      7.82496e-11
    2.15410e-01      1.90364e-04      1.00000e+01      7.91757e-11
    2.18005e-01      1.90097e-04      1.00000e+01      8.01130e-11
    2.20632e-01      1.89826e-04      1.00000e+01      8.10616e-11
    2.23291e-01      1.89563e-04      1.00000e+01      8.20200e-11
    2.25981e-01      1.89298e-04      1.00000e+01      8.29897e-11
    2.28704e-01      1.89030e-04      1.00000e+01      8.39710e-11
    2.31460e-01      1.88759e-04      1.00000e+01      8.49643e-11
    2.34249e-01      1.88484e-04      1.00000e+01      8.59695e-11
    2.37072e-01      1.88207e-04      1.00000e+01      8.69868e-11
    2.39928e-01      1.87925e-04      1.00000e+01      8.80164e-11
    2.42820e-01      1.87641e-04      1.00000e+01      8.90583e-11
    2.45746e-01      1.87353e-04      1.00000e+01      9.01129e-11
    2.48707e-01      1.87061e-04      1.00000e+01      9.11802e-11
    2.51704e-01      1.86766e-04      1.00000e+01      9.22603e-11
    2.54737e-01      1.86468e-04      1.00000e+01      9.33534e-11
    2.57807e-01      1.86165e-04      1.00000e+01      9.44598e-11
    2.60913e-01      1.85860e-04      1.00000e+01      9.55794e-11
    2.64057e-01      1.85562e-04      1.00000e+01      9.67013e-11
    2.67239e-01      1.85261e-04      1.00000e+01      9.78356e-11
    2.70460e-01      1.84957e-04      1.00000e+01      9.89835e-11
    2.73719e-01      1.84649e-04      1.00000e+01      1.00145e-10
    2.77017e-01      1.84338e-04      1.00000e+01      1.01321e-10
    2.80356e-01      1.84023e-04      1.00000e+01      1.02511e-10
    2.83734e-01      1.83704e-04      1.00000e+01      1.03715e-10
    2.87153e-01      1.83381e-04      1.00000e+01      1.04934e-10
    2.90614e-01      1.83054e-04      1.00000e+01      1.06168e-10
    2.94116e-01      1.82724e-04      1.00000e+01      1.07416e-10
    2.97660e-01      1.82389e-04      1.00000e+01      1.08679e-10
    3.01247e-01      1.82050e-04      1.00000e+01      1.09958e-10
    3.04878e-01      1.81720e-04      1.00000e+01      1.11251e-10
    3.08552e-01      1.81386e-04      1.00000e+01      1.12560e-10
    3.12270e-01      1.81049e-04      1.00000e+01      1.13884e-10
    3.16033e-01      1.80707e-04      1.00000e+01      1.15224e-10
    3.19842e-01      1.80362e-04      1.00000e+01      1.16581e-10
    3.23696e-01      1.80012e-04      1.00000e+01      1.17954e-10
    3.27597e-01      1.79658e-04      1.00000e+01      1.19343e-10
    3.31545e-01      1.79299e-04      1.00000e+01      1.20749e-10
    3.35541e-01      1.78936e-04      1.00000e+01      1.22172e-10
    3.39585e-01      1.78569e-04      1.00000e+01      1.23612e-10
    3.43677e-01      1.78204e-04      1.00000e+01      1.25068e-10
    3.47819e-01      1.77841e-04      1.00000e+01      1.26538e-10
    3.52011e-01      1.77474e-04      1.00000e+01      1.28025e-10
    3.56253e-01      1.77103e-04      1.00000e+01      1.29531e-10
    3.60547e-01      1.76727e-04      1.00000e+01      1.31054e-10
    3.64892e-01      1.76347e-04      1.00000e+01      1.32596e-10
    3.69289e-01      1.75962e-04      1.00000e+01      1.34157e-10
    3.73740e-01      1.75572e-04      1.00000e+01      1.35736e-10
    3.78244e-01      1.75178e-04      1.00000e+01      1.37335e-10
    3.82803e-01      1.74781e-04      1.00000e+01      1.38951e-10
    3.87416e-01      1.74391e-04      1.00000e+01      1.40583e-10
    3.92085e-01      1.73997e-04      1.00000e+01      1.42234e-10
    3.96811e-01      1.73598e-04      1.00000e+01      1.43905e-10
    4.01593e-01      1.73194e-04      1.00000e+01      1.45596e-10
    4.06433e-01      1.72785e-04      1.00000e+01      1.47308e-10
    4.11331e-01      1.72371e-04      1.00000e+01      1.49040e-10
    4.16289e-01      1.71952e-04      1.00000e+01      1.50793e-10
    4.21306e-01      1.71529e-04      1.00000e+01      1.52567e-10
    4.26383e-01      1.71111e-04      1.00000e+01      1.54357e-10
    4.31522e-01      1.70691e-04      1.00000e+01      1.56167e-10
    4.36723e-01      1.70266e-04      1.00000e+01      1.57998e-10
    4.41987e-01      1.69836e-04      1.00000e+01      1.59852e-10
    4.47314e-01      1.69401e-04      1.00000e+01      1.61728e-10
    4.52705e-01      1.68960e-04      1.00000e+01      1.63627e-10
    4.58161e-01      1.68515e-04      1.00000e+01      1.65548e-10
    4.63683e-01      1.68066e-04      1.00000e+01      1.67492e-10
    4.69271e-01      1.67624e-04      1.00000e+01      1.69452e-10
    4.74927e-01      1.67176e-04      1.00000e+01      1.71436e-10
    4.80651e-01      1.66723e-04      1.00000e+01      1.73444e-10
    4.86444e-01      1.66265e-04      1.00000e+01      1.75476e-10
    4.92307e-01      1.65801e-04      1.00000e+01      1.77533e-10
    4.98241e-01      1.65331e-04      1.00000e+01      1.79614e-10
    5.04246e-01      1.64859e-04      1.00000e+01      1.81719e-10
    5.10323e-01      1.64392e-04      1.00000e+01      1.83844e-10
    5.16474e-01      1.63920e-04      1.00000e+01      1.85993e-10
    5.22699e-01      1.63443e-04      1.00000e+01      1.88169e-10
    5.28999e-01      1.62959e-04      1.00000e+01      1.90371e-10
    5.35375e-01      1.62470e-04      1.00000e+01      1.92600e-10
    5.41828e-01      1.61975e-04      1.00000e+01      1.94855e-10
    5.48358e-01      1.61486e-04      1.00000e+01      1.97132e-10
    5.54967e-01      1.60994e-04      1.00000e+01      1.99434e-10
    5.61656e-01      1.60497e-04      1.00000e+01      2.01763e-10
    5.68426e-01      1.59994e-04      1.00000e+01      2.04121e-10
    5.75277e-01      1.59484e-04      1.00000e+01      2.06507e-10
    5.82211e-01      1.58969e-04      1.00000e+01      2.08922e-10
    5.89228e-01      1.58459e-04      1.00000e+01      2.11371e-10
    5.96330e-01      1.57946e-04      1.00000e+01      2.13850e-10
    6.03518e-01      1.57427e-04      1.00000e+01      2.16359e-10
    6.10792e-01      1.56902e-04      1.00000e+01      2.18898e-10
    6.18154e-01      1.56370e-04      1.00000e+01      2.21468e-10
    6.25604e-01      1.55836e-04      1.00000e+01      2.24064e-10
    6.33145e-01      1.55306e-04      1.00000e+01      2.26674e-10
    6.40776e-01      1.54770e-04      1.00000e+01      2.29316e-10
    6.48500e-01      1.54228e-04      1.00000e+01      2.31990e-10
    6.56316e-01      1.53679e-04      1.00000e+01      2.34696e-10
    6.64227e-01      1.53124e-04      1.00000e+01      2.37434e-10
    6.72233e-01      1.52577e-04      1.00000e+01      2.40180e-10
    6.80335e-01      1.52024e-04      1.00000e+01      2.42959e-10
    6.88536e-01      1.51464e-04      1.00000e+01      2.45771e-10
    6.96835e-01      1.50897e-04      1.00000e+01      2.48618e-10
    7.05234e-01      1.50325e-04      1.00000e+01      2.51499e-10
    7.13734e-01      1.49760e-04      1.00000e+01      2.54423e-10
    7.22337e-01      1.49188e-04      1.00000e+01      2.57383e-10
    7.31044e-01      1.48609e-04      1.00000e+01      2.60378e-10
    7.39855e-01      1.48024e-04      1.00000e+01      2.63409e-10
    7.48773e-01      1.47438e-04      1.00000e+01      2.66473e-10
    7.57798e-01      1.46854e-04      1.00000e+01      2.69570e-10
    7.66932e-01      1.46263e-04      1.00000e+01      2.72704e-10
    7.76176e-01      1.45666e-04      1.00000e+01      2.75876e-10
    7.85532e-01      1.45061e-04      1.00000e+01      2.79085e-10
    7.95000e-01      1.44464e-04      1.00000e+01      2.82317e-10
    8.04583e-01      1.43860e-04      1.00000e+01      2.85588e-10
    8.14281e-01      1.43249e-04      1.00000e+01      2.88899e-10
    8.24096e-01      1.42630e-04      1.00000e+01      2.92250e-10
    8.34029e-01      1.42018e-04      1.00000e+01      2.95647e-10
    8.44082e-01      1.41400e-04      1.00000e+01      2.99087e-10
    8.54257e-01      1.40775e-04      1.00000e+01      3.02569e-10
    8.64553e-01      1.40143e-04      1.00000e+01      3.06092e-10
    8.74974e-01      1.39517e-04      1.00000e+01      3.09643e-10
    8.85521e-01      1.38886e-04      1.00000e+01      3.13235e-10
    8.96195e-01      1.38246e-04      1.00000e+01      3.16870e-10
    9.06997e-01      1.37601e-04      1.00000e+01      3.20549e-10
    9.17930e-01      1.36962e-04      1.00000e+01      3.24279e-10
    9.28994e-01      1.36315e-04      1.00000e+01      3.28053e-10
    9.40192e-01      1.35661e-04      1.00000e+01      3.31874e-10
    9.51525e-01      1.35006e-04      1.00000e+01      3.35718e-10
    9.62994e-01      1.34351e-04      1.00000e+01      3.39582e-10
    9.74602e-01      1.33689e-04      1.00000e+01      3.43493e-10
    9.86350e-01      1.33019e-04      1.00000e+01      3.47451e-10
    9.98239e-01      1.32356e-04      1.00000e+01      3.51466e-10
    1.01027e+00      1.31686e-04      1.00000e+01      3.55529e-10
    1.02245e+00      1.31008e-04      1.00000e+01      3.59642e-10
    1.03477e+00      1.30332e-04      1.00000e+01      3.63798e-10
    1.04725e+00      1.29655e-04      1.00000e+01      3.68000e-10
    1.05987e+00      1.28968e-04      1.00000e+01      3.72253e-10
    1.07265e+00      1.28281e-04      1.00000e+01      3.76551e-10
    1.08558e+00      1.27594e-04      1.00000e+01      3.80894e-10
    1.09866e+00      1.26899e-04      1.00000e+01      3.85289e-10
    1.11190e+00      1.26201e-04      1.00000e+01      3.89735e-10
    1.12531e+00      1.25505e-04      1.00000e+01      3.94232e-10
    1.13887e+00      1.24800e-04      1.00000e+01      3.98783e-10
    1.15260e+00      1.24093e-04      1.00000e+01      4.03381e-10
    1.16649e+00      1.23388e-04      1.00000e+01      4.08020e-10
    1.18055e+00      1.22674e-04      1.00000e+01      4.12716e-10
    1.19478e+00      1.21960e-04      1.00000e+01      4.17466e-10
    1.20919e+00      1.21245e-04      1.00000e+01      4.22273e-10
    1.22376e+00      1.20522e-04      1.00000e+01      4.27137e-10
    1.23851e+00      1.19801e-04      1.00000e+01      4.32068e-10
    1.25344e+00      1.19078e-04      1.00000e+01      4.37061e-10
    1.26855e+00      1.18345e-04      1.00000e+01      4.42115e-10
    1.28384e+00      1.17619e-04      1.00000e+01      4.47163e-10
    1.29932e+00      1.16885e-04      1.00000e+01      4.52271e-10
    1.31498e+00      1.16148e-04      1.00000e+01      4.57448e-10
    1.33083e+00      1.15412e-04      1.00000e+01      4.62699e-10
    1.34687e+00      1.14667e-04      1.00000e+01      4.68013e-10
    1.36311e+00      1.13927e-04      1.00000e+01      4.73381e-10
    1.37954e+00      1.13180e-04      1.00000e+01      4.78813e-10
    1.39617e+00      1.12431e-04      1.00000e+01      4.84305e-10
    1.41300e+00      1.11681e-04      1.00000e+01      4.89856e-10
    1.43003e+00      1.10923e-04      1.00000e+01      4.95474e-10
    1.44727e+00      1.10172e-04      1.00000e+01      5.01149e-10
    1.46471e+00      1.09412e-04      1.00000e+01      5.06892e-10
    1.48237e+00      1.08654e-04      1.00000e+01      5.12696e-10
    1.50024e+00      1.07892e-04      1.00000e+01      5.18567e-10
    1.51832e+00      1.07128e-04      1.00000e+01      5.24497e-10
    1.53662e+00      1.06364e-04      1.00000e+01      5.30484e-10
    1.55515e+00      1.05594e-04      1.00000e+01      5.36548e-10
    1.57389e+00      1.04828e-04      1.00000e+01      5.42701e-10
    1.59287e+00      1.04053e-04      1.00000e+01      5.48929e-10
    1.61207e+00      1.03284e-04      1.00000e+01      5.55236e-10
    1.63150e+00      1.02506e-04      1.00000e+01      5.61620e-10
    1.65116e+00      1.01734e-04      1.00000e+01      5.67987e-10
    1.67107e+00      1.00952e-04      1.00000e+01      5.74430e-10
    1.69121e+00      1.00177e-04      1.00000e+01      5.80979e-10
    1.71160e+00      9.93920e-05      1.00000e+01      5.87608e-10
    1.73223e+00      9.86136e-05      1.00000e+01      5.94302e-10
    1.75311e+00      9.78268e-05      1.00000e+01      6.01075e-10
    1.77424e+00      9.70455e-05      1.00000e+01      6.07916e-10
    1.79563e+00      9.62569e-05      1.00000e+01      6.14838e-10
    1.81728e+00      9.54726e-05      1.00000e+01      6.21836e-10
    1.83918e+00      9.46832e-05      1.00000e+01      6.28914e-10
    1.86135e+00      9.38954e-05      1.00000e+01      6.36066e-10
    1.88379e+00      9.31052e-05      1.00000e+01      6.43302e-10
    1.90650e+00      9.23139e-05      1.00000e+01      6.50623e-10
    1.92948e+00      9.15238e-05      1.00000e+01      6.58006e-10
    1.95274e+00      9.07292e-05      1.00000e+01      6.65465e-10
    1.97628e+00      8.99404e-05      1.00000e+01      6.73011e-10
    2.00010e+00      8.91465e-05      1.00000e+01      6.80647e-10
    2.02421e+00      8.83543e-05      1.00000e+01      6.88368e-10
    2.04861e+00      8.75612e-05      1.00000e+01      6.96132e-10
    2.07331e+00      8.67650e-05      1.00000e+01      7.03953e-10
    2.09830e+00      8.59733e-05      1.00000e+01      7.11979e-10
    2.12359e+00      8.51778e-05      1.00000e+01      7.20082e-10
    2.14919e+00      8.43826e-05      1.00000e+01      7.28230e-10
    2.17510e+00      8.35901e-05      1.00000e+01      7.36465e-10
    2.20132e+00      8.27954e-05      1.00000e+01      7.44794e-10
    2.22785e+00      8.20036e-05      1.00000e+01      7.53215e-10
    2.25471e+00      8.12121e-05      1.00000e+01      7.61720e-10
    2.28189e+00      8.04183e-05      1.00000e+01      7.70317e-10
    2.30940e+00      7.96263e-05      1.00000e+01      7.79010e-10
    2.33723e+00      7.88360e-05      1.00000e+01      7.87774e-10
    2.36541e+00      7.80447e-05      1.00000e+01      7.96643e-10
    2.39392e+00      7.72544e-05      1.00000e+01      8.05646e-10
    2.42278e+00      7.64671e-05      1.00000e+01      8.14740e-10
    2.45198e+00      7.56788e-05      1.00000e+01      8.23926e-10
    2.48154e+00      7.48900e-05      1.00000e+01      8.33205e-10
    2.51146e+00      7.41053e-05      1.00000e+01      8.42574e-10
    2.54173e+00      7.33226e-05      1.00000e+01      8.52104e-10
    2.57237e+00      7.25403e-05      1.00000e+01      8.61720e-10
    2.60338e+00      7.17588e-05      1.00000e+01      8.71398e-10
    2.63476e+00      7.09800e-05      1.00000e+01      8.81174e-10
    2.66652e+00      7.02040e-05      1.00000e+01      8.91002e-10
    2.69867e+00      6.94290e-05      1.00000e+01      9.00962e-10
    2.73120e+00      6.86553e-05      1.00000e+01      9.11060e-10
    2.76412e+00      6.78827e-05      1.00000e+01      9.21276e-10
    2.79744e+00      6.71124e-05      1.00000e+01      9.31591e-10
    2.83116e+00      6.63459e-05      1.00000e+01      9.42016e-10
    2.86529e+00      6.55818e-05      1.00000e+01      9.52554e-10
    2.89983e+00      6.48196e-05      1.00000e+01      9.63221e-10
    2.93479e+00      6.40596e-05      1.00000e+01      9.73991e-10
    2.97017e+00      6.33025e-05      1.00000e+01      9.84846e-10
    3.00597e+00      6.25481e-05      1.00000e+01      9.95830e-10
    3.04220e+00      6.17965e-05      1.00000e+01      1.00686e-09
    3.07888e+00      6.10491e-05      1.00000e+01      1.01816e-09
    3.11599e+00      6.03043e-05      1.00000e+01      1.02952e-09
    3.15355e+00      5.95633e-05      1.00000e+01      1.04098e-09
    3.19157e+00      5.88259e-05      1.00000e+01      1.05257e-09
    3.23004e+00      5.80917e-05      1.00000e+01      1.06428e-09
    3.26898e+00      5.73606e-05      1.00000e+01      1.07612e-09
    3.30839e+00      5.66334e-05      1.00000e+01      1.08809e-09
    3.34827e+00      5.59096e-05      1.00000e+01      1.10017e-09
    3.38863e+00      5.51894e-05      1.00000e+01      1.11238e-09
    3.42948e+00      5.44738e-05      1.00000e+01      1.12473e-09
    3.47082e+00      5.37630e-05      1.00000e+01      1.13718e-09
    3.51266e+00      5.30566e-05      1.00000e+01      1.14979e-09
    3.55500e+00      5.23541e-05      1.00000e+01      1.16253e-09
    3.59786e+00      5.16556e-05      1.00000e+01      1.17548e-09
    3.64123e+00      5.09619e-05      1.00000e+01      1.18851e-09
    3.68512e+00      5.02732e-05      1.00000e+01      1.20166e-09
    3.72955e+00      4.95897e-05      1.00000e+01      1.21493e-09
    3.77450e+00      4.89109e-05      1.00000e+01      1.22825e-09
    3.82000e+00      4.82370e-05      1.00000e+01      1.24180e-09
    3.86605e+00      4.75688e-05      1.00000e+01      1.25549e-09
    3.91266e+00      4.69058e-05      1.00000e+01      1.26933e-09
    3.95982e+00      4.62481e-05      1.00000e+01      1.28331e-09
    4.00756e+00      4.55956e-05      1.00000e+01      1.29743e-09
    4.05587e+00      4.49495e-05      1.00000e+01      1.31170e-09
    4.10476e+00      4.43088e-05      1.00000e+01      1.32613e-09
    4.15424e+00      4.36735e-05      1.00000e+01      1.34071e-09
    4.20432e+00      4.30434e-05      1.00000e+01      1.35540e-09
    4.25500e+00      4.24195e-05      1.00000e+01      1.37015e-09
    4.30629e+00      4.18036e-05      1.00000e+01      1.38521e-09
    4.35821e+00      4.11932e-05      1.00000e+01      1.40045e-09
    4.41074e+00      4.05884e-05      1.00000e+01      1.41577e-09
    4.46391e+00      3.99915e-05      1.00000e+01      1.43126e-09
    4.51772e+00      3.93999e-05      1.00000e+01      1.44691e-09
    4.57218e+00      3.88134e-05      1.00000e+01      1.46271e-09
    4.62730e+00      3.82364e-05      1.00000e+01      1.47867e-09
    4.68308e+00      3.76658e-05      1.00000e+01      1.49480e-09
    4.73954e+00      3.71013e-05      1.00000e+01      1.51110e-09
    4.79667e+00      3.65443e-05      1.00000e+01      1.52758e-09
    4.85449e+00      3.59931e-05      1.00000e+01      1.54425e-09
    4.91301e+00      3.54500e-05      1.00000e+01      1.56106e-09
    4.97224e+00      3.49137e-05      1.00000e+01      1.57804e-09
    5.03218e+00      3.43862e-05      1.00000e+01      1.59508e-09
    5.09284e+00      3.38651e-05      1.00000e+01      1.61239e-09
    5.15423e+00      3.33516e-05      1.00000e+01      1.62987e-09
    5.21636e+00      3.28446e-05      1.00000e+01      1.64753e-09
    5.27925e+00      3.23468e-05      1.00000e+01      1.66535e-09
    5.34289e+00      3.18554e-05      1.00000e+01      1.68337e-09
    5.40729e+00      3.13720e-05      1.00000e+01      1.70156e-09
    5.47248e+00      3.08964e-05      1.00000e+01      1.71993e-09
    5.53845e+00      3.04288e-05      1.00000e+01      1.73854e-09
    5.60521e+00      2.99696e-05      1.00000e+01      1.75727e-09
    5.67278e+00      2.95181e-05      1.00000e+01      1.77608e-09
    5.74117e+00      2.90739e-05      1.00000e+01      1.79526e-09
    5.81037e+00      2.86385e-05      1.00000e+01      1.81457e-09
    5.88042e+00      2.82107e-05      1.00000e+01      1.83407e-09
    5.95131e+00      2.77906e-05      1.00000e+01      1.85376e-09
    6.02305e+00      2.73793e-05      1.00000e+01      1.87364e-09
    6.09565e+00      2.69766e-05      1.00000e+01      1.89371e-09
    6.16914e+00      2.65821e-05      1.00000e+01      1.91390e-09
    6.24350e+00      2.61952e-05      1.00000e+01      1.93437e-09
    6.31877e+00      2.58159e-05      1.00000e+01      1.95507e-09
    6.39494e+00      2.54455e-05      1.00000e+01      1.97608e-09
    6.47203e+00      2.50836e-05      1.00000e+01      1.99718e-09
    6.55005e+00      2.47300e-05      1.00000e+01      2.01848e-09
    6.62901e+00      2.43846e-05      1.00000e+01      2.03998e-09
    6.70892e+00      2.40462e-05      1.00000e+01      2.06158e-09
    6.78979e+00      2.37173e-05      1.00000e+01      2.08348e-09
    6.87164e+00      2.33973e-05      1.00000e+01      2.10560e-09
    6.95448e+00      2.30846e-05      1.00000e+01      2.12794e-09
    7.03832e+00      2.27799e-05      1.00000e+01      2.15049e-09
    7.12316e+00      2.24836e-05      1.00000e+01      2.17326e-09
    7.20903e+00      2.21957e-05      1.00000e+01      2.19628e-09
    7.29593e+00      2.19152e-05      1.00000e+01      2.21942e-09
    7.38389e+00      2.16432e-05      1.00000e+01      2.24279e-09
    7.47290e+00      2.13790e-05      1.00000e+01      2.26649e-09
    7.56298e+00      2.11230e-05      1.00000e+01      2.29037e-09
    7.65415e+00      2.08751e-05      1.00000e+01      2.31447e-09
    7.74642e+00      2.06346e-05      1.00000e+01      2.33874e-09
    7.83980e+00      2.04016e-05      1.00000e+01      2.36326e-09
    7.93431e+00      2.01768e-05      1.00000e+01      2.38804e-09
    8.02996e+00      1.99595e-05      1.00000e+01      2.41308e-09
    8.12676e+00      1.97499e-05      1.00000e+01      2.43844e-09
    8.22473e+00      1.95478e-05      1.00000e+01      2.46396e-09
    8.32387e+00      1.93523e-05      1.00000e+01      2.48972e-09
    8.42422e+00      1.91646e-05      1.00000e+01      2.51565e-09
    8.52577e+00      1.89838e-05      1.00000e+01      2.54182e-09
    8.62855e+00      1.88109e-05      1.00000e+01      2.56825e-09
    8.73256e+00      1.86441e-05      1.00000e+01      2.59496e-09
    8.83783e+00      1.84836e-05      1.00000e+01      2.62190e-09
    8.94437e+00      1.83311e-05      1.00000e+01      2.64909e-09
    9.05220e+00      1.81845e-05      1.00000e+01      2.67659e-09
    9.16132e+00      1.80441e-05      1.00000e+01      2.70424e-09
    9.27176e+00      1.79104e-05      1.00000e+01      2.73214e-09
    9.38353e+00      1.77829e-05      1.00000e+01      2.76034e-09
    9.49664e+00      1.76611e-05      1.00000e+01      2.78880e-09
    9.61113e+00      1.75454e-05      1.00000e+01      2.81752e-09
    9.72699e+00      1.74354e-05      1.00000e+01      2.84644e-09
    9.84424e+00      1.73310e-05      1.00000e+01      2.87563e-09
    9.96292e+00      1.72320e-05      1.00000e+01      2.90519e-09
    1.00830e+01      1.71382e-05      1.00000e+01      2.93501e-09
    1.02046e+01      1.70496e-05      1.00000e+01      2.96504e-09
    1.03276e+01      1.69657e-05      1.00000e+01      2.99534e-09
    1.04521e+01      1.68869e-05      1.00000e+01      3.02589e-09
    1.05781e+01      1.68124e-05      1.00000e+01      3.05672e-09
    1.07056e+01      1.67424e-05      1.00000e+01      3.08775e-09
    1.08347e+01      1.66764e-05      1.00000e+01      3.11919e-09
    1.09653e+01      1.66151e-05      1.00000e+01      3.15087e-09
    1.10974e+01      1.65571e-05      1.00000e+01      3.18278e-09
    1.12312e+01      1.65029e-05      1.00000e+01      3.21491e-09
    1.13666e+01      1.64525e-05      1.00000e+01      3.24736e-09
    1.15036e+01      1.64051e-05      1.00000e+01      3.28012e-09
    1.16423e+01      1.63612e-05      1.00000e+01      3.31317e-09
    1.17827e+01      1.63201e-05      1.00000e+01      3.34647e-09
    1.19247e+01      1.62818e-05      1.00000e+01      3.38007e-09
    1.20685e+01      1.62462e-05      1.00000e+01      3.41401e-09
    1.22139e+01      1.62130e-05      1.00000e+01      3.44815e-09
    1.23612e+01      1.61821e-05      1.00000e+01      3.48267e-09
    1.25102e+01      1.61534e-05      1.00000e+01      3.51751e-09
    1.26610e+01      1.61265e-05      1.00000e+01      3.55260e-09
    1.28136e+01      1.61015e-05      1.00000e+01      3.58791e-09
    1.29681e+01      1.60781e-05      1.00000e+01      3.62359e-09
    1.31244e+01      1.60562e-05      1.00000e+01      3.65960e-09
    1.32826e+01      1.60357e-05      1.00000e+01      3.69583e-09
    1.34428e+01      1.60162e-05      1.00000e+01      3.73230e-09
    1.36048e+01      1.59980e-05      1.00000e+01      3.76914e-09
    1.37688e+01      1.59805e-05      1.00000e+01      3.80628e-09
    1.39348e+01      1.59639e-05      1.00000e+01      3.84371e-09
    1.41028e+01      1.59478e-05      1.00000e+01      3.88144e-09
    1.42728e+01      1.59324e-05      1.00000e+01      3.91944e-09
    1.44448e+01      1.59175e-05      1.00000e+01      3.95787e-09
    1.46190e+01      1.59031e-05      1.00000e+01      3.99648e-09
    1.47952e+01      1.58889e-05      1.00000e+01      4.03552e-09
    1.49736e+01      1.58749e-05      1.00000e+01      4.07481e-09
    1.51541e+01      1.58611e-05      1.00000e+01      4.11441e-09
    1.53367e+01      1.58474e-05      1.00000e+01      4.15432e-09
    1.55216e+01      1.58337e-05      1.00000e+01      4.19455e-09
    1.57087e+01      1.58201e-05      1.00000e+01      4.23508e-09
    1.58981e+01      1.58065e-05      1.00000e+01      4.27590e-09
    1.60898e+01      1.57929e-05      1.00000e+01      4.31701e-09
    1.62837e+01      1.57792e-05      1.00000e+01      4.35850e-09
    1.64800e+01      1.57655e-05      1.00000e+01      4.40030e-09
    1.66787e+01      1.57517e-05      1.00000e+01      4.44241e-09
    1.68797e+01      1.57377e-05      1.00000e+01      4.48484e-09
    1.70832e+01      1.57236e-05      1.00000e+01      4.52756e-09
    1.72892e+01      1.57094e-05      1.00000e+01      4.57062e-09
    1.74976e+01      1.56951e-05      1.00000e+01      4.61399e-09
    1.77085e+01      1.56807e-05      1.00000e+01      4.65769e-09
    1.79220e+01      1.56662e-05      1.00000e+01      4.70171e-09
    1.81380e+01      1.56515e-05      1.00000e+01      4.74604e-09
    1.83567e+01      1.56367e-05      1.00000e+01      4.79069e-09
    1.85780e+01      1.56217e-05      1.00000e+01      4.83568e-09
    1.88019e+01      1.56066e-05      1.00000e+01      4.88101e-09
    1.90286e+01      1.55914e-05      1.00000e+01      4.92666e-09
    1.92580e+01      1.55760e-05      1.00000e+01      4.97263e-09
    1.94901e+01      1.55605e-05      1.00000e+01      5.01891e-09
    1.97251e+01      1.55448e-05      1.00000e+01      5.06550e-09
    1.99629e+01      1.55289e-05      1.00000e+01      5.11240e-09
    2.02035e+01      1.55129e-05      1.00000e+01      5.15964e-09
    2.04471e+01      1.54968e-05      1.00000e+01      5.20720e-09
    2.06936e+01      1.54805e-05      1.00000e+01      5.25506e-09
    2.09430e+01      1.54640e-05      1.00000e+01      5.30327e-09
    2.11955e+01      1.54474e-05      1.00000e+01      5.35180e-09
    2.14510e+01      1.54306e-05      1.00000e+01      5.40066e-09
    2.17096e+01      1.54136e-05      1.00000e+01      5.44985e-09
    2.19713e+01      1.53964e-05      1.00000e+01      5.49939e-09
    2.22362e+01      1.53791e-05      1.00000e+01      5.54924e-09
    2.25042e+01      1.53617e-05      1.00000e+01      5.59940e-09
    2.27755e+01      1.53440e-05      1.00000e+01      5.64984e-09
    2.30501e+01      1.53261e-05      1.00000e+01      5.70058e-09
    2.33279e+01      1.53081e-05      1.00000e+01      5.75167e-09
    2.36092e+01      1.52899e-05      1.00000e+01      5.80306e-09
    2.38938e+01      1.52715e-05      1.00000e+01      5.85473e-09
    2.41818e+01      1.52529e-05      1.00000e+01      5.90675e-09
    2.44733e+01      1.52341e-05      1.00000e+01      5.95910e-09
    2.47683e+01      1.52151e-05      1.00000e+01      6.01178e-09
    2.50669e+01      1.51960e-05      1.00000e+01      6.06479e-09
    2.53691e+01      1.51767e-05      1.00000e+01      6.11811e-09
    2.56749e+01      1.51572e-05      1.00000e+01      6.17171e-09
    2.59844e+01      1.51375e-05      1.00000e+01      6.22560e-09
    2.62977e+01      1.51176e-05      1.00000e+01      6.27977e-09
    2.66147e+01      1.50974e-05      1.00000e+01      6.33425e-09
    2.69355e+01      1.50772e-05      1.00000e+01      6.38902e-09
    2.72602e+01      1.50567e-05      1.00000e+01      6.44409e-09
    2.75889e+01      1.50359e-05      1.00000e+01      6.49948e-09
    2.79214e+01      1.50149e-05      1.00000e+01      6.55516e-09
    2.82580e+01      1.49937e-05      1.00000e+01      6.61115e-09
    2.85987e+01      1.49723e-05      1.00000e+01      6.66745e-09
    2.89434e+01      1.49507e-05      1.00000e+01      6.72401e-09
    2.92924e+01      1.49289e-05      1.00000e+01      6.78084e-09
    2.96455e+01      1.49068e-05      1.00000e+01      6.83794e-09
    3.00029e+01      1.48846e-05      1.00000e+01      6.89530e-09
    3.03645e+01      1.48621e-05      1.00000e+01      6.95295e-09
    3.07306e+01      1.48395e-05      1.00000e+01      7.01084e-09
    3.11010e+01      1.48166e-05      1.00000e+01      7.06902e-09
    3.14760e+01      1.47935e-05      1.00000e+01      7.12750e-09
    3.18554e+01      1.47702e-05      1.00000e+01      7.18630e-09
    3.22394e+01      1.47467e-05      1.00000e+01      7.24537e-09
    3.26281e+01      1.47230e-05      1.00000e+01      7.30468e-09
    3.30214e+01      1.46991e-05      1.00000e+01      7.36422e-09
    3.34195e+01      1.46749e-05      1.00000e+01      7.42399e-09
    3.38223e+01      1.46505e-05      1.00000e+01      7.48398e-09
    3.42301e+01      1.46257e-05      1.00000e+01      7.54419e-09
    3.46427e+01      1.46007e-05      1.00000e+01      7.60462e-09
    3.50603e+01      1.45755e-05      1.00000e+01      7.66527e-09
    3.54830e+01      1.45499e-05      1.00000e+01      7.72620e-09
    3.59107e+01      1.45242e-05      1.00000e+01      7.78737e-09
    3.63436e+01      1.44982e-05      1.00000e+01      7.84875e-09
    3.67817e+01      1.44720e-05      1.00000e+01      7.91030e-09
    3.72251e+01      1.44455e-05      1.00000e+01      7.97205e-09
    3.76739e+01      1.44188e-05      1.00000e+01      8.03399e-09
    3.81281e+01      1.43918e-05      1.00000e+01      8.09613e-09
    3.85877e+01      1.43646e-05      1.00000e+01      8.15847e-09
    3.90529e+01      1.43371e-05      1.00000e+01      8.22099e-09
    3.95236e+01      1.43095e-05      1.00000e+01      8.28375e-09
    4.00001e+01      1.42816e-05      1.00000e+01      8.34670e-09
