    Er (keV)         SM dN/dE         BG dN/dE        BSM dN/dE (events/kg/day/keV)
    2.50100e-01      7.66155e+00      1.00000e+02      7.89884e-10
    2.52651e-01      7.59394e+00      1.00000e+02      7.97415e-10
    2.55227e-01      7.52564e+00      1.00000e+02      8.05022e-10
    2.57830e-01      7.45665e+00      1.00000e+02      8.12708e-10
    2.60459e-01      7.38695e+00      1.00000e+02      8.20472e-10
    2.63115e-01      7.31654e+00      1.00000e+02      8.28315e-10
    2.65799e-01      7.24541e+00      1.00000e+02      8.36238e-10
    2.68509e-01      7.17356e+00      1.00000e+02      8.44242e-10
    2.71248e-01      7.10097e+00      1.00000e+02      8.52327e-10
    2.74014e-01      7.02764e+00      1.00000e+02      8.60495e-10
    2.76808e-01      6.95357e+00      1.00000e+02      8.68747e-10
    2.79631e-01      6.87873e+00      1.00000e+02      8.77082e-10
    2.82483e-01      6.80314e+00      1.00000e+02      8.85503e-10
    2.85364e-01      6.72677e+00      1.00000e+02      8.94010e-10
    2.88274e-01      6.64963e+00      1.00000e+02      9.02603e-10
    2.91214e-01      6.57694e+00      1.00000e+02      9.11260e-10
    2.94184e-01      6.51286e+00      1.00000e+02      9.19963e-10
    2.97185e-01      6.44813e+00      1.00000e+02      9.28754e-10
    3.00215e-01      6.38274e+00      1.00000e+02      9.37635e-10
    3.03277e-01      6.31668e+00      1.00000e+02      9.46607e-10
    3.06370e-01      6.24995e+00      1.00000e+02      9.55671e-10
    3.09495e-01      6.18254e+00      1.00000e+02      9.64826e-10
    3.12651e-01      6.11444e+00      1.00000e+02      9.74076e-10
    3.15840e-01      6.04564e+00      1.00000e+02      9.83419e-10
    3.19061e-01      5.97615e+00      1.00000e+02      9.92858e-10
    3.22315e-01      5.90594e+00      1.00000e+02      1.00239e-09
    3.25602e-01      5.83502e+00      1.00000e+02      1.01203e-09
    3.28923e-01      5.76337e+00      1.00000e+02      1.02176e-09
    3.32278e-01      5.69843e+00      1.00000e+02      1.03155e-09
    3.35667e-01      5.63809e+00      1.00000e+02      1.04141e-09
    3.39090e-01      5.57712e+00      1.00000e+02      1.05137e-09
    3.42549e-01      5.51553e+00      1.00000e+02      1.06144e-09
    3.46042e-01      5.45332e+00      1.00000e+02      1.07160e-09
    3.49572e-01      5.39047e+00      1.00000e+02      1.08187e-09
    3.53137e-01      5.32698e+00      1.00000e+02      1.09225e-09
    3.56739e-01      5.26284e+00      1.00000e+02      1.10273e-09
    3.60377e-01      5.19804e+00      1.00000e+02      1.11332e-09
    3.64053e-01      5.13259e+00      1.00000e+02      1.12401e-09
    3.67766e-01      5.06647e+00      1.00000e+02      1.13482e-09
    3.71517e-01      5.00274e+00      1.00000e+02      1.14571e-09
    3.75306e-01      4.94621e+00      1.00000e+02      1.15667e-09
    3.79134e-01      4.88911e+00      1.00000e+02      1.16773e-09
    3.83001e-01      4.83142e+00      1.00000e+02      1.17891e-09
    3.86907e-01      4.77315e+00      1.00000e+02      1.19020e-09
    3.90853e-01      4.71428e+00      1.00000e+02      1.20160e-09
    3.94840e-01      4.65481e+00      1.00000e+02      1.21313e-09
    3.98867e-01      4.59473e+00      1.00000e+02      1.22477e-09
    4.02935e-01      4.53404e+00      1.00000e+02      1.23652e-09
    4.07045e-01      4.47273e+00      1.00000e+02      1.24840e-09
    4.11196e-01      4.41213e+00      1.00000e+02      1.26038e-09
    4.15391e-01      4.35903e+00      1.00000e+02      1.27237e-09
    4.19627e-01      4.30538e+00      1.00000e+02      1.28448e-09
    4.23907e-01      4.25119e+00      1.00000e+02      1.29671e-09
    4.28231e-01      4.19644e+00      1.00000e+02      1.30906e-09
    4.32599e-01      4.14114e+00      1.00000e+02      1.32154e-09
    4.37011e-01      4.08527e+00      1.00000e+02      1.33415e-09
    4.41469e-01      4.02883e+00      1.00000e+02      1.34689e-09
    4.45971e-01      3.97182e+00      1.00000e+02      1.35976e-09
    4.50520e-01      3.91422e+00      1.00000e+02      1.37276e-09
    4.55115e-01      3.86453e+00      1.00000e+02      1.38575e-09
    4.59758e-01      3.81480e+00      1.00000e+02      1.39887e-09
    4.64447e-01      3.76456e+00      1.00000e+02      1.41212e-09
    4.69184e-01      3.71381e+00      1.00000e+02      1.42551e-09
    4.73970e-01      3.66254e+00      1.00000e+02      1.43903e-09
    4.78804e-01      3.61075e+00      1.00000e+02      1.45269e-09
    4.83688e-01      3.55843e+00      1.00000e+02      1.46649e-09
    4.88622e-01      3.50557e+00      1.00000e+02      1.48044e-09
    4.93606e-01      3.45546e+00      1.00000e+02      1.49444e-09
    4.98640e-01      3.40764e+00      1.00000e+02      1.50851e-09
    5.03726e-01      3.35934e+00      1.00000e+02      1.52273e-09
    5.08865e-01      3.31054e+00      1.00000e+02      1.53709e-09
    5.14055e-01      3.26124e+00      1.00000e+02      1.55159e-09
    5.19298e-01      3.21145e+00      1.00000e+02      1.56625e-09
    5.24595e-01      3.16114e+00      1.00000e+02      1.58105e-09
    5.29946e-01      3.11032e+00      1.00000e+02      1.59601e-09
    5.35352e-01      3.06485e+00      1.00000e+02      1.61100e-09
    5.40812e-01      3.02045e+00      1.00000e+02      1.62610e-09
    5.46329e-01      2.97560e+00      1.00000e+02      1.64136e-09
    5.51901e-01      2.93030e+00      1.00000e+02      1.65677e-09
    5.57531e-01      2.88453e+00      1.00000e+02      1.67235e-09
    5.63218e-01      2.83829e+00      1.00000e+02      1.68808e-09
    5.68963e-01      2.79159e+00      1.00000e+02      1.70397e-09
    5.74766e-01      2.74803e+00      1.00000e+02      1.71993e-09
    5.80629e-01      2.70636e+00      1.00000e+02      1.73599e-09
    5.86552e-01      2.66426e+00      1.00000e+02      1.75221e-09
    5.92535e-01      2.62173e+00      1.00000e+02      1.76860e-09
    5.98579e-01      2.57877e+00      1.00000e+02      1.78515e-09
    6.04684e-01      2.53537e+00      1.00000e+02      1.80188e-09
    6.10852e-01      2.49152e+00      1.00000e+02      1.81878e-09
    6.17083e-01      2.45221e+00      1.00000e+02      1.83570e-09
    6.23378e-01      2.41295e+00      1.00000e+02      1.85278e-09
    6.29736e-01      2.37329e+00      1.00000e+02      1.87004e-09
    6.36160e-01      2.33323e+00      1.00000e+02      1.88747e-09
    6.42649e-01      2.29276e+00      1.00000e+02      1.90508e-09
    6.49204e-01      2.25187e+00      1.00000e+02      1.92287e-09
    6.55827e-01      2.21375e+00      1.00000e+02      1.94073e-09
    6.62516e-01      2.17697e+00      1.00000e+02      1.95872e-09
    6.69274e-01      2.13981e+00      1.00000e+02      1.97689e-09
    6.76101e-01      2.10228e+00      1.00000e+02      1.99525e-09
    6.82998e-01      2.06436e+00      1.00000e+02      2.01379e-09
    6.89965e-01      2.02606e+00      1.00000e+02      2.03252e-09
    6.97003e-01      1.99077e+00      1.00000e+02      2.05133e-09
    7.04113e-01      1.95623e+00      1.00000e+02      2.07028e-09
    7.11295e-01      1.92133e+00      1.00000e+02      2.08943e-09
    7.18551e-01      1.88608e+00      1.00000e+02      2.10877e-09
    7.25880e-01      1.85047e+00      1.00000e+02      2.12831e-09
    7.33285e-01      1.81528e+00      1.00000e+02      2.14802e-09
    7.40765e-01      1.78298e+00      1.00000e+02      2.16780e-09
    7.48321e-01      1.75034e+00      1.00000e+02      2.18777e-09
    7.55954e-01      1.71738e+00      1.00000e+02      2.20796e-09
    7.63666e-01      1.68408e+00      1.00000e+02      2.22834e-09
    7.71456e-01      1.65043e+00      1.00000e+02      2.24894e-09
    7.79325e-01      1.61999e+00      1.00000e+02      2.26959e-09
    7.87275e-01      1.58949e+00      1.00000e+02      2.29045e-09
    7.95305e-01      1.55868e+00      1.00000e+02      2.31151e-09
    8.03418e-01      1.52755e+00      1.00000e+02      2.33279e-09
    8.11614e-01      1.49610e+00      1.00000e+02      2.35429e-09
    8.19893e-01      1.46760e+00      1.00000e+02      2.37585e-09
    8.28256e-01      1.43903e+00      1.00000e+02      2.39761e-09
    8.36705e-01      1.41016e+00      1.00000e+02      2.41960e-09
    8.45240e-01      1.38100e+00      1.00000e+02      2.44181e-09
    8.53862e-01      1.35212e+00      1.00000e+02      2.46422e-09
    8.62573e-01      1.32550e+00      1.00000e+02      2.48671e-09
    8.71372e-01      1.29861e+00      1.00000e+02      2.50943e-09
    8.80260e-01      1.27145e+00      1.00000e+02      2.53239e-09
    8.89240e-01      1.24401e+00      1.00000e+02      2.55558e-09
    8.98311e-01      1.21818e+00      1.00000e+02      2.57890e-09
    9.07474e-01      1.19312e+00      1.00000e+02      2.60240e-09
    9.16731e-01      1.16781e+00      1.00000e+02      2.62615e-09
    9.26083e-01      1.14223e+00      1.00000e+02      2.65014e-09
    9.35530e-01      1.11722e+00      1.00000e+02      2.67432e-09
    9.45073e-01      1.09377e+00      1.00000e+02      2.69862e-09
    9.54714e-01      1.07009e+00      1.00000e+02      2.72318e-09
    9.64453e-01      1.04616e+00      1.00000e+02      2.74798e-09
    9.74291e-01      1.02239e+00      1.00000e+02      2.77301e-09
    9.84230e-01      1.00048e+00      1.00000e+02      2.79816e-09
    9.94270e-01      9.78356e-01      1.00000e+02      2.82357e-09
    1.00441e+00      9.56002e-01      1.00000e+02      2.84923e-09
    1.01466e+00      9.33789e-01      1.00000e+02      2.87512e-09
    1.02501e+00      9.13120e-01      1.00000e+02      2.90110e-09
    1.03547e+00      8.92240e-01      1.00000e+02      2.92734e-09
    1.04603e+00      8.71147e-01      1.00000e+02      2.95385e-09
    1.05670e+00      8.50568e-01      1.00000e+02      2.98059e-09
    1.06748e+00      8.31183e-01      1.00000e+02      3.00752e-09
    1.07837e+00      8.11601e-01      1.00000e+02      3.03472e-09
    1.08937e+00      7.91819e-01      1.00000e+02      3.06219e-09
    1.10048e+00      7.73088e-01      1.00000e+02      3.08981e-09
    1.11171e+00      7.54827e-01      1.00000e+02      3.11764e-09
    1.12305e+00      7.36379e-01      1.00000e+02      3.14576e-09
    1.13450e+00      7.17922e-01      1.00000e+02      3.17414e-09
    1.14608e+00      7.00863e-01      1.00000e+02      3.20267e-09
    1.15777e+00      6.83630e-01      1.00000e+02      3.23150e-09
    1.16958e+00      6.66221e-01      1.00000e+02      3.26062e-09
    1.18151e+00      6.49708e-01      1.00000e+02      3.28991e-09
    1.19356e+00      6.33555e-01      1.00000e+02      3.31943e-09
    1.20574e+00      6.17237e-01      1.00000e+02      3.34926e-09
    1.21804e+00      6.01348e-01      1.00000e+02      3.37933e-09
    1.23046e+00      5.86376e-01      1.00000e+02      3.40959e-09
    1.24302e+00      5.71251e-01      1.00000e+02      3.44017e-09
    1.25570e+00      5.56151e-01      1.00000e+02      3.47103e-09
    1.26851e+00      5.41922e-01      1.00000e+02      3.50206e-09
    1.28145e+00      5.27548e-01      1.00000e+02      3.53341e-09
    1.29452e+00      5.13089e-01      1.00000e+02      3.56507e-09
    1.30772e+00      4.99808e-01      1.00000e+02      3.59687e-09
    1.32107e+00      4.86393e-01      1.00000e+02      3.62899e-09
    1.33454e+00      4.72880e-01      1.00000e+02      3.66143e-09
    1.34816e+00      4.60383e-01      1.00000e+02      3.69403e-09
    1.36191e+00      4.47760e-01      1.00000e+02      3.72696e-09
    1.37580e+00      4.35132e-01      1.00000e+02      3.76021e-09
    1.38984e+00      4.23374e-01      1.00000e+02      3.79365e-09
    1.40401e+00      4.11497e-01      1.00000e+02      3.82743e-09
    1.41834e+00      3.99780e-01      1.00000e+02      3.86149e-09
    1.43281e+00      3.88696e-01      1.00000e+02      3.89574e-09
    1.44742e+00      3.77498e-01      1.00000e+02      3.93033e-09
    1.46219e+00      3.66674e-01      1.00000e+02      3.96522e-09
    1.47711e+00      3.56199e-01      1.00000e+02      4.00043e-09
    1.49217e+00      3.45617e-01      1.00000e+02      4.03599e-09
    1.50740e+00      3.35674e-01      1.00000e+02      4.07174e-09
    1.52277e+00      3.25780e-01      1.00000e+02      4.10781e-09
    1.53831e+00      3.15967e-01      1.00000e+02      4.14421e-09
    1.55400e+00      3.06697e-01      1.00000e+02      4.18083e-09
    1.56985e+00      2.97333e-01      1.00000e+02      4.21783e-09
    1.58587e+00      2.88387e-01      1.00000e+02      4.25505e-09
    1.60205e+00      2.79596e-01      1.00000e+02      4.29257e-09
    1.61839e+00      2.70855e-01      1.00000e+02      4.33042e-09
    1.63490e+00      2.62595e-01      1.00000e+02      4.36846e-09
    1.65158e+00      2.54251e-01      1.00000e+02      4.40689e-09
    1.66843e+00      2.46334e-01      1.00000e+02      4.44550e-09
    1.68545e+00      2.38484e-01      1.00000e+02      4.48445e-09
    1.70264e+00      2.30803e-01      1.00000e+02      4.52370e-09
    1.72001e+00      2.23394e-01      1.00000e+02      4.56321e-09
    1.73756e+00      2.15973e-01      1.00000e+02      4.60309e-09
    1.75528e+00      2.08995e-01      1.00000e+02      4.64315e-09
    1.77319e+00      2.01946e-01      1.00000e+02      4.68361e-09
    1.79128e+00      1.95289e-01      1.00000e+02      4.72426e-09
    1.80955e+00      1.88641e-01      1.00000e+02      4.76528e-09
    1.82801e+00      1.82251e-01      1.00000e+02      4.80654e-09
    1.84666e+00      1.75967e-01      1.00000e+02      4.84813e-09
    1.86550e+00      1.69867e-01      1.00000e+02      4.89004e-09
    1.88453e+00      1.63956e-01      1.00000e+02      4.93228e-09
    1.90375e+00      1.58161e-01      1.00000e+02      4.97485e-09
    1.92318e+00      1.52586e-01      1.00000e+02      5.01766e-09
    1.94279e+00      1.47082e-01      1.00000e+02      5.06082e-09
    1.96261e+00      1.41787e-01      1.00000e+02      5.10425e-09
    1.98264e+00      1.36561e-01      1.00000e+02      5.14804e-09
    2.00286e+00      1.31563e-01      1.00000e+02      5.19208e-09
    2.02329e+00      1.26429e-01      1.00000e+02      5.23649e-09
    2.04393e+00      1.21065e-01      1.00000e+02      5.28120e-09
    2.06479e+00      1.16278e-01      1.00000e+02      5.32625e-09
    2.08585e+00      1.12473e-01      1.00000e+02      5.37160e-09
    2.10713e+00      1.08466e-01      1.00000e+02      5.41727e-09
    2.12862e+00      1.04238e-01      1.00000e+02      5.46325e-09
    2.15034e+00      1.00159e-01      1.00000e+02      5.50957e-09
    2.17228e+00      9.61621e-02      1.00000e+02      5.55627e-09
    2.19444e+00      9.23483e-02      1.00000e+02      5.60324e-09
    2.21682e+00      8.85613e-02      1.00000e+02      5.65063e-09
    2.23944e+00      8.50014e-02      1.00000e+02      5.69821e-09
    2.26228e+00      8.14646e-02      1.00000e+02      5.74622e-09
    2.28536e+00      7.80945e-02      1.00000e+02      5.79452e-09
    2.30868e+00      7.48016e-02      1.00000e+02      5.84318e-09
    2.33223e+00      7.16023e-02      1.00000e+02      5.89220e-09
    2.35602e+00      6.85415e-02      1.00000e+02      5.94151e-09
    2.38006e+00      6.55212e-02      1.00000e+02      5.99123e-09
    2.40434e+00      6.26669e-02      1.00000e+02      6.04114e-09
    2.42887e+00      5.98668e-02      1.00000e+02      6.09150e-09
    2.45364e+00      5.71474e-02      1.00000e+02      6.14230e-09
    2.47868e+00      5.45717e-02      1.00000e+02      6.19333e-09
    2.50396e+00      5.20463e-02      1.00000e+02      6.24476e-09
    2.52951e+00      4.96287e-02      1.00000e+02      6.29654e-09
    2.55531e+00      4.72966e-02      1.00000e+02      6.34864e-09
    2.58138e+00      4.50181e-02      1.00000e+02      6.40113e-09
    2.60771e+00      4.28667e-02      1.00000e+02      6.45395e-09
    2.63432e+00      4.07771e-02      1.00000e+02      6.50710e-09
    2.66119e+00      3.87395e-02      1.00000e+02      6.56063e-09
    2.68834e+00      3.68193e-02      1.00000e+02      6.61457e-09
    2.71577e+00      3.49616e-02      1.00000e+02      6.66884e-09
    2.74347e+00      3.31600e-02      1.00000e+02      6.72350e-09
    2.77146e+00      3.14583e-02      1.00000e+02      6.77847e-09
    2.79973e+00      2.98191e-02      1.00000e+02      6.83381e-09
    2.82830e+00      2.82271e-02      1.00000e+02      6.88956e-09
    2.85715e+00      2.66933e-02      1.00000e+02      6.94569e-09
    2.88630e+00      2.52510e-02      1.00000e+02      7.00212e-09
    2.91574e+00      2.38587e-02      1.00000e+02      7.05893e-09
    2.94549e+00      2.25166e-02      1.00000e+02      7.11615e-09
    2.97554e+00      2.12396e-02      1.00000e+02      7.17379e-09
    3.00589e+00      2.00252e-02      1.00000e+02      7.23172e-09
    3.03656e+00      1.88570e-02      1.00000e+02      7.29006e-09
    3.06753e+00      1.77355e-02      1.00000e+02      7.34882e-09
    3.09883e+00      1.66654e-02      1.00000e+02      7.40790e-09
    3.13044e+00      1.56564e-02      1.00000e+02      7.46714e-09
    3.16238e+00      1.46919e-02      1.00000e+02      7.52705e-09
    3.19464e+00      1.37688e-02      1.00000e+02      7.58743e-09
    3.22723e+00      1.28857e-02      1.00000e+02      7.64812e-09
    3.26015e+00      1.20485e-02      1.00000e+02      7.70915e-09
    3.29341e+00      1.12622e-02      1.00000e+02      7.77052e-09
    3.32701e+00      1.05142e-02      1.00000e+02      7.83228e-09
    3.36095e+00      9.80424e-03      1.00000e+02      7.89449e-09
    3.39524e+00      9.13113e-03      1.00000e+02      7.95710e-09
    3.42988e+00      8.49398e-03      1.00000e+02      8.02007e-09
    3.46487e+00      7.89315e-03      1.00000e+02      8.08341e-09
    3.50022e+00      7.32864e-03      1.00000e+02      8.14714e-09
    3.53592e+00      6.79979e-03      1.00000e+02      8.21138e-09
    3.57200e+00      6.30222e-03      1.00000e+02      8.27593e-09
    3.60844e+00      5.83376e-03      1.00000e+02      8.34086e-09
    3.64525e+00      5.39584e-03      1.00000e+02      8.40621e-09
    3.68244e+00      4.98640e-03      1.00000e+02      8.47197e-09
    3.72000e+00      4.60307e-03      1.00000e+02      8.53810e-09
    3.75796e+00      4.24533e-03      1.00000e+02      8.60465e-09
    3.79629e+00      3.91208e-03      1.00000e+02      8.67166e-09
    3.83502e+00      3.60229e-03      1.00000e+02      8.73898e-09
    3.87415e+00      3.31475e-03      1.00000e+02      8.80679e-09
    3.91367e+00      3.04757e-03      1.00000e+02      8.87497e-09
    3.95360e+00      2.80049e-03      1.00000e+02      8.94355e-09
    3.99393e+00      2.57167e-03      1.00000e+02      9.01254e-09
    4.03467e+00      2.36000e-03      1.00000e+02      9.08194e-09
    4.07584e+00      2.16474e-03      1.00000e+02      9.15169e-09
    4.11742e+00      1.98448e-03      1.00000e+02      9.22191e-09
    4.15942e+00      1.82016e-03      1.00000e+02      9.29258e-09
    4.20185e+00      1.66977e-03      1.00000e+02      9.36363e-09
    4.24472e+00      1.53152e-03      1.00000e+02      9.43507e-09
    4.28803e+00      1.40406e-03      1.00000e+02      9.50691e-09
    4.33177e+00      1.28887e-03      1.00000e+02      9.57920e-09
    4.37596e+00      1.18440e-03      1.00000e+02      9.65193e-09
    4.42061e+00      1.09000e-03      1.00000e+02      9.72506e-09
    4.46570e+00      1.00454e-03      1.00000e+02      9.79856e-09
    4.51126e+00      9.29813e-04      1.00000e+02      9.87246e-09
    4.55728e+00      8.62752e-04      1.00000e+02      9.94674e-09
    4.60378e+00      8.03200e-04      1.00000e+02      1.00217e-08
    4.65074e+00      7.51036e-04      1.00000e+02      1.00968e-08
    4.69819e+00      7.04458e-04      1.00000e+02      1.01327e-08
    4.74612e+00      6.63828e-04      1.00000e+02      1.02474e-08
    4.79454e+00      6.20757e-04      1.00000e+02      1.03249e-08
    4.84345e+00      5.99493e-04      1.00000e+02      1.04022e-08
    4.89286e+00      5.73692e-04      1.00000e+02      1.04807e-08
    4.94278e+00      5.50223e-04      1.00000e+02      1.05605e-08
    4.99321e+00      5.32299e-04      1.00000e+02      1.06412e-08
    5.04415e+00      5.15876e-04      1.00000e+02      1.07234e-08
    5.09561e+00      5.01427e-04      1.00000e+02      1.08110e-08
    5.14759e+00      4.88577e-04      1.00000e+02      1.08918e-08
    5.20010e+00      4.77178e-04      1.00000e+02      1.09778e-08
    5.25316e+00      4.66866e-04      1.00000e+02      1.10665e-08
    5.30675e+00      4.57439e-04      1.00000e+02      1.11542e-08
    5.36089e+00      4.48891e-04      1.00000e+02      1.12444e-08
    5.41558e+00      4.41365e-04      1.00000e+02      1.13361e-08
    5.47083e+00      4.34480e-04      1.00000e+02      1.14292e-08
    5.52664e+00      4.28420e-04      1.00000e+02      1.15237e-08
    5.58302e+00      4.23407e-04      1.00000e+02      1.16198e-08
    5.63998e+00      4.18243e-04      1.00000e+02      1.17174e-08
    5.69752e+00      4.14071e-04      1.00000e+02      1.18164e-08
    5.75564e+00      4.10352e-04      1.00000e+02      1.19172e-08
    5.81436e+00      4.07164e-04      1.00000e+02      1.20194e-08
    5.87368e+00      4.04360e-04      1.00000e+02      1.21231e-08
    5.93360e+00      4.01964e-04      1.00000e+02      1.22287e-08
    5.99413e+00      3.99870e-04      1.00000e+02      1.23358e-08
    6.05528e+00      3.98093e-04      1.00000e+02      1.24447e-08
    6.11706e+00      3.96545e-04      1.00000e+02      1.25552e-08
    6.17946e+00      3.95223e-04      1.00000e+02      1.26676e-08
    6.24251e+00      3.94068e-04      1.00000e+02      1.27817e-08
    6.30619e+00      3.93070e-04      1.00000e+02      1.28974e-08
    6.37053e+00      3.92207e-04      1.00000e+02      1.30140e-08
    6.43552e+00      3.91455e-04      1.00000e+02      1.31315e-08
    6.50117e+00      3.90807e-04      1.00000e+02      1.32502e-08
    6.56750e+00      3.90356e-04      1.00000e+02      1.33695e-08
    6.63450e+00      3.89723e-04      1.00000e+02      1.34899e-08
    6.70218e+00      3.89283e-04      1.00000e+02      1.36112e-08
    6.77056e+00      3.88900e-04      1.00000e+02      1.37336e-08
    6.83963e+00      3.88571e-04      1.00000e+02      1.38568e-08
    6.90941e+00      3.88295e-04      1.00000e+02      1.39811e-08
    6.97990e+00      3.88063e-04      1.00000e+02      1.41064e-08
    7.05110e+00      3.87869e-04      1.00000e+02      1.42326e-08
    7.12304e+00      3.87713e-04      1.00000e+02      1.43598e-08
    7.19571e+00      3.87586e-04      1.00000e+02      1.44881e-08
    7.26912e+00      3.87486e-04      1.00000e+02      1.46173e-08
    7.34328e+00      3.87410e-04      1.00000e+02      1.47476e-08
    7.41819e+00      3.87348e-04      1.00000e+02      1.48788e-08
    7.49387e+00      3.87297e-04      1.00000e+02      1.50111e-08
    7.57032e+00      3.87255e-04      1.00000e+02      1.51444e-08
    7.64755e+00      3.87215e-04      1.00000e+02      1.52787e-08
    7.72557e+00      3.87175e-04      1.00000e+02      1.54142e-08
    7.80439e+00      3.87136e-04      1.00000e+02      1.55509e-08
    7.88401e+00      3.87095e-04      1.00000e+02      1.56881e-08
    7.96444e+00      3.87054e-04      1.00000e+02      1.58268e-08
    8.04569e+00      3.87012e-04      1.00000e+02      1.59664e-08
    8.12777e+00      3.86969e-04      1.00000e+02      1.61071e-08
    8.21069e+00      3.86927e-04      1.00000e+02      1.62489e-08
    8.29446e+00      3.86885e-04      1.00000e+02      1.63920e-08
    8.37908e+00      3.86840e-04      1.00000e+02      1.65360e-08
    8.46456e+00      3.86796e-04      1.00000e+02      1.66809e-08
    8.55092e+00      3.86752e-04      1.00000e+02      1.68272e-08
    8.63815e+00      3.86707e-04      1.00000e+02      1.69745e-08
    8.72628e+00      3.86662e-04      1.00000e+02      1.71230e-08
    8.81530e+00      3.86616e-04      1.00000e+02      1.72726e-08
    8.90523e+00      3.86572e-04      1.00000e+02      1.74234e-08
    8.99608e+00      3.86524e-04      1.00000e+02      1.75753e-08
    9.08786e+00      3.86477e-04      1.00000e+02      1.77281e-08
    9.18058e+00      3.86429e-04      1.00000e+02      1.78824e-08
    9.27424e+00      3.86382e-04      1.00000e+02      1.80379e-08
    9.36885e+00      3.86332e-04      1.00000e+02      1.81945e-08
    9.46443e+00      3.86285e-04      1.00000e+02      1.83520e-08
    9.56099e+00      3.86239e-04      1.00000e+02      1.85109e-08
    9.65853e+00      3.86188e-04      1.00000e+02      1.86712e-08
    9.75706e+00      3.86137e-04      1.00000e+02      1.88323e-08
    9.85660e+00      3.86088e-04      1.00000e+02      1.89948e-08
    9.95716e+00      3.86035e-04      1.00000e+02      1.91583e-08
    1.00587e+01      3.85984e-04      1.00000e+02      1.93235e-08
    1.01614e+01      3.85932e-04      1.00000e+02      1.94895e-08
    1.02650e+01      3.85879e-04      1.00000e+02      1.96570e-08
    1.03697e+01      3.85825e-04      1.00000e+02      1.98256e-08
    1.04755e+01      3.85774e-04      1.00000e+02      1.99955e-08
    1.05824e+01      3.85721e-04      1.00000e+02      2.01668e-08
    1.06904e+01      3.85665e-04      1.00000e+02      2.03390e-08
    1.07994e+01      3.85609e-04      1.00000e+02      2.05122e-08
    1.09096e+01      3.85558e-04      1.00000e+02      2.06876e-08
    1.10209e+01      3.85502e-04      1.00000e+02      2.08640e-08
    1.11333e+01      3.85445e-04      1.00000e+02      2.10414e-08
    1.12469e+01      3.85389e-04      1.00000e+02      2.12201e-08
    1.13617e+01      3.85331e-04      1.00000e+02      2.14003e-08
    1.14776e+01      3.85273e-04      1.00000e+02      2.15817e-08
    1.15947e+01      3.85219e-04      1.00000e+02      2.17644e-08
    1.17130e+01      3.85157e-04      1.00000e+02      2.19484e-08
    1.18325e+01      3.85097e-04      1.00000e+02      2.21338e-08
    1.19532e+01      3.85037e-04      1.00000e+02      2.23206e-08
    1.20751e+01      3.84977e-04      1.00000e+02      2.25086e-08
    1.21983e+01      3.84914e-04      1.00000e+02      2.26978e-08
    1.23228e+01      3.84851e-04      1.00000e+02      2.28888e-08
    1.24485e+01      3.84792e-04      1.00000e+02      2.30809e-08
    1.25755e+01      3.84729e-04      1.00000e+02      2.32745e-08
    1.27038e+01      3.84666e-04      1.00000e+02      2.34693e-08
    1.28334e+01      3.84598e-04      1.00000e+02      2.36655e-08
    1.29643e+01      3.84537e-04      1.00000e+02      2.38632e-08
    1.30966e+01      3.84472e-04      1.00000e+02      2.40622e-08
    1.32302e+01      3.84405e-04      1.00000e+02      2.42627e-08
    1.33651e+01      3.84339e-04      1.00000e+02      2.44645e-08
    1.35015e+01      3.84274e-04      1.00000e+02      2.46678e-08
    1.36392e+01      3.84203e-04      1.00000e+02      2.48724e-08
    1.37784e+01      3.84137e-04      1.00000e+02      2.50786e-08
    1.39189e+01      3.84069e-04      1.00000e+02      2.52859e-08
    1.40609e+01      3.83998e-04      1.00000e+02      2.54951e-08
    1.42044e+01      3.83931e-04      1.00000e+02      2.57060e-08
    1.43493e+01      3.83857e-04      1.00000e+02      2.59175e-08
    1.44957e+01      3.83784e-04      1.00000e+02      2.61309e-08
    1.46436e+01      3.83712e-04      1.00000e+02      2.63458e-08
    1.47930e+01      3.83639e-04      1.00000e+02      2.65621e-08
    1.49439e+01      3.83566e-04      1.00000e+02      2.67800e-08
    1.50963e+01      3.83492e-04      1.00000e+02      2.69992e-08
    1.52504e+01      3.83418e-04      1.00000e+02      2.72201e-08
    1.54059e+01      3.83342e-04      1.00000e+02      2.74423e-08
    1.55631e+01      3.83264e-04      1.00000e+02      2.76658e-08
    1.57219e+01      3.83187e-04      1.00000e+02      2.78910e-08
    1.58823e+01      3.83112e-04      1.00000e+02      2.81182e-08
    1.60443e+01      3.83032e-04      1.00000e+02      2.83465e-08
    1.62080e+01      3.82954e-04      1.00000e+02      2.85763e-08
    1.63733e+01      3.82875e-04      1.00000e+02      2.88077e-08
    1.65404e+01      3.82794e-04      1.00000e+02      2.90406e-08
    1.67091e+01      3.82714e-04      1.00000e+02      2.92752e-08
    1.68796e+01      3.82631e-04      1.00000e+02      2.95112e-08
    1.70518e+01      3.82550e-04      1.00000e+02      2.97488e-08
    1.72258e+01      3.82465e-04      1.00000e+02      2.99881e-08
    1.74015e+01      3.82381e-04      1.00000e+02      3.02287e-08
    1.75790e+01      3.82296e-04      1.00000e+02      3.04709e-08
    1.77584e+01      3.82210e-04      1.00000e+02      3.07150e-08
    1.79395e+01      3.82126e-04      1.00000e+02      3.09603e-08
    1.81226e+01      3.82038e-04      1.00000e+02      3.12077e-08
    1.83075e+01      3.81955e-04      1.00000e+02      3.14565e-08
    1.84942e+01      3.81865e-04      1.00000e+02      3.17065e-08
    1.86829e+01      3.81774e-04      1.00000e+02      3.19580e-08
    1.88735e+01      3.81684e-04      1.00000e+02      3.22115e-08
    1.90661e+01      3.81595e-04      1.00000e+02      3.24670e-08
    1.92606e+01      3.81501e-04      1.00000e+02      3.27237e-08
    1.94571e+01      3.81410e-04      1.00000e+02      3.29817e-08
    1.96556e+01      3.81313e-04      1.00000e+02      3.32413e-08
    1.98561e+01      3.81222e-04      1.00000e+02      3.35031e-08
    2.00587e+01      3.81127e-04      1.00000e+02      3.37657e-08
    2.02633e+01      3.81031e-04      1.00000e+02      3.40297e-08
    2.04700e+01      3.80934e-04      1.00000e+02      3.42955e-08
    2.06789e+01      3.80833e-04      1.00000e+02      3.45626e-08
    2.08898e+01      3.80735e-04      1.00000e+02      3.48314e-08
    2.11029e+01      3.80636e-04      1.00000e+02      3.51018e-08
    2.13182e+01      3.80535e-04      1.00000e+02      3.53732e-08
    2.15357e+01      3.80436e-04      1.00000e+02      3.56464e-08
    2.17554e+01      3.80334e-04      1.00000e+02      3.59211e-08
    2.19774e+01      3.80230e-04      1.00000e+02      3.61975e-08
    2.22016e+01      3.80127e-04      1.00000e+02      3.64750e-08
    2.24281e+01      3.75127e-04      1.00000e+02      3.67541e-08
    2.26569e+01      3.79914e-04      1.00000e+02      3.70347e-08
    2.28880e+01      3.79810e-04      1.00000e+02      3.73168e-08
    2.31215e+01      3.79703e-04      1.00000e+02      3.76004e-08
    2.33574e+01      3.79595e-04      1.00000e+02      3.78854e-08
    2.35957e+01      3.79482e-04      1.00000e+02      3.81715e-08
    2.38364e+01      3.79374e-04      1.00000e+02      3.84602e-08
    2.40796e+01      3.79264e-04      1.00000e+02      3.87500e-08
    2.43253e+01      3.79152e-04      1.00000e+02      3.90408e-08
    2.45735e+01      3.79038e-04      1.00000e+02      3.93336e-08
    2.48242e+01      3.78924e-04      1.00000e+02      3.96274e-08
    2.50774e+01      3.78810e-04      1.00000e+02      3.99231e-08
    2.53332e+01      3.78695e-04      1.00000e+02      4.02205e-08
    2.55917e+01      3.78577e-04      1.00000e+02      4.05183e-08
    2.58528e+01      3.78458e-04      1.00000e+02      4.08180e-08
    2.61165e+01      3.78339e-04      1.00000e+02      4.11195e-08
    2.63830e+01      3.78218e-04      1.00000e+02      4.14223e-08
    2.66521e+01      3.78098e-04      1.00000e+02      4.17264e-08
    2.69240e+01      3.77975e-04      1.00000e+02      4.20320e-08
    2.71987e+01      3.77850e-04      1.00000e+02      4.23387e-08
    2.74762e+01      3.77726e-04      1.00000e+02      4.26480e-08
    2.77565e+01      3.77601e-04      1.00000e+02      4.29577e-08
    2.80397e+01      3.77475e-04      1.00000e+02      4.32692e-08
    2.83257e+01      3.77348e-04      1.00000e+02      4.35821e-08
    2.86147e+01      3.77219e-04      1.00000e+02      4.38964e-08
    2.89067e+01      3.77088e-04      1.00000e+02      4.42120e-08
    2.92016e+01      3.76956e-04      1.00000e+02      4.45294e-08
    2.94995e+01      3.76825e-04      1.00000e+02      4.48474e-08
    2.98004e+01      3.76692e-04      1.00000e+02      4.51673e-08
    3.01045e+01      3.76557e-04      1.00000e+02      4.54886e-08
    3.04116e+01      3.76422e-04      1.00000e+02      4.58110e-08
    3.07218e+01      3.76286e-04      1.00000e+02      4.61347e-08
    3.10353e+01      3.76147e-04      1.00000e+02      4.64601e-08
    3.13519e+01      3.76011e-04      1.00000e+02      4.67870e-08
    3.16717e+01      3.75868e-04      1.00000e+02      4.71145e-08
    3.19948e+01      3.75726e-04      1.00000e+02      4.74442e-08
    3.23213e+01      3.75585e-04      1.00000e+02      4.77751e-08
    3.26510e+01      3.75443e-04      1.00000e+02      4.81067e-08
    3.29841e+01      3.75298e-04      1.00000e+02      4.84405e-08
    3.33206e+01      3.75152e-04      1.00000e+02      4.87746e-08
    3.36605e+01      3.75004e-04      1.00000e+02      4.91102e-08
    3.40040e+01      3.74857e-04      1.00000e+02      4.94435e-08
    3.43509e+01      3.74707e-04      1.00000e+02      4.97858e-08
    3.47013e+01      3.74555e-04      1.00000e+02      5.01249e-08
    3.50553e+01      3.74403e-04      1.00000e+02      5.04664e-08
    3.54130e+01      3.74249e-04      1.00000e+02      5.08081e-08
    3.57743e+01      3.74095e-04      1.00000e+02      5.11513e-08
    3.61392e+01      3.73939e-04      1.00000e+02      5.14960e-08
    3.65079e+01      3.73782e-04      1.00000e+02      5.18416e-08
    3.68804e+01      3.73624e-04      1.00000e+02      5.21883e-08
    3.72566e+01      3.73465e-04      1.00000e+02      5.25360e-08
    3.76367e+01      3.73304e-04      1.00000e+02      5.28852e-08
    3.80207e+01      3.73141e-04      1.00000e+02      5.32353e-08
    3.84086e+01      3.72978e-04      1.00000e+02      5.35863e-08
    3.88004e+01      3.72812e-04      1.00000e+02      5.39393e-08
    3.91963e+01      3.72645e-04      1.00000e+02      5.42922e-08
    3.95961e+01      3.72479e-04      1.00000e+02      5.46467e-08
    4.00001e+01      3.72309e-04      1.00000e+02      5.50018e-08
