    Er (keV)         SM dN/dE         BG dN/dE        BSM dN/dE (events/kg/day/keV)
    1.00100e-01      2.05887e-03      1.00000e+01      5.55116e-06
    1.01306e-01      2.01932e-03      1.00000e+01      5.51502e-06
    1.02526e-01      1.97929e-03      1.00000e+01      5.47844e-06
    1.03760e-01      1.93878e-03      1.00000e+01      5.44143e-06
    1.05010e-01      1.89778e-03      1.00000e+01      5.40397e-06
    1.06275e-01      1.85629e-03      1.00000e+01      5.36605e-06
    1.07555e-01      1.81430e-03      1.00000e+01      5.32768e-06
    1.08850e-01      1.77180e-03      1.00000e+01      5.28885e-06
    1.10161e-01      1.72878e-03      1.00000e+01      5.24955e-06
    1.11488e-01      1.68525e-03      1.00000e+01      5.20977e-06
    1.12830e-01      1.64120e-03      1.00000e+01      5.16952e-06
    1.14189e-01      1.59661e-03      1.00000e+01      5.12878e-06
    1.15565e-01      1.55149e-03      1.00000e+01      5.08755e-06
    1.16957e-01      1.50582e-03      1.00000e+01      5.04582e-06
    1.18365e-01      1.45960e-03      1.00000e+01      5.00359e-06
    1.19791e-01      1.41282e-03      1.00000e+01      4.96085e-06
    1.21234e-01      1.36548e-03      1.00000e+01      4.91760e-06
    1.22694e-01      1.31757e-03      1.00000e+01      4.87382e-06
    1.24172e-01      1.26909e-03      1.00000e+01      4.82952e-06
    1.25668e-01      1.22001e-03      1.00000e+01      4.78468e-06
    1.27182e-01      1.17035e-03      1.00000e+01      4.73930e-06
    1.28713e-01      1.12009e-03      1.00000e+01      4.69338e-06
    1.30264e-01      1.06922e-03      1.00000e+01      4.64690e-06
    1.31833e-01      1.01774e-03      1.00000e+01      4.59986e-06
    1.33421e-01      9.65633e-04      1.00000e+01      4.55225e-06
    1.35028e-01      9.12902e-04      1.00000e+01      4.50407e-06
    1.36655e-01      8.59536e-04      1.00000e+01      4.45531e-06
    1.38301e-01      8.05526e-04      1.00000e+01      4.40596e-06
    1.39967e-01      7.50865e-04      1.00000e+01      4.35602e-06
    1.41653e-01      7.21555e-04      1.00000e+01      4.20074e-06
    1.43360e-01      6.98442e-04      1.00000e+01      4.01722e-06
    1.45087e-01      6.75050e-04      1.00000e+01      3.83148e-06
    1.46834e-01      6.51376e-04      1.00000e+01      3.64350e-06
    1.48603e-01      6.27417e-04      1.00000e+01      3.45326e-06
    1.50393e-01      6.03169e-04      1.00000e+01      3.26072e-06
    1.52205e-01      5.78629e-04      1.00000e+01      3.06586e-06
    1.54039e-01      5.53793e-04      1.00000e+01      2.86866e-06
    1.55895e-01      5.28657e-04      1.00000e+01      2.66907e-06
    1.57773e-01      5.03219e-04      1.00000e+01      2.46708e-06
    1.59673e-01      4.77473e-04      1.00000e+01      2.26266e-06
    1.61597e-01      4.51418e-04      1.00000e+01      2.05577e-06
    1.63544e-01      4.25048e-04      1.00000e+01      1.84638e-06
    1.65514e-01      3.98361e-04      1.00000e+01      1.63447e-06
    1.67508e-01      3.71352e-04      1.00000e+01      1.42001e-06
    1.69526e-01      3.44017e-04      1.00000e+01      1.20296e-06
    1.71569e-01      3.16352e-04      1.00000e+01      9.83301e-07
    1.73636e-01      2.88355e-04      1.00000e+01      7.60988e-07
    1.75728e-01      2.60019e-04      1.00000e+01      5.35996e-07
    1.77845e-01      2.31342e-04      1.00000e+01      3.08292e-07
    1.79988e-01      2.02320e-04      1.00000e+01      7.78422e-08
    1.82156e-01      1.93787e-04      1.00000e+01      1.12718e-08
    1.84351e-01      1.93561e-04      1.00000e+01      1.11530e-08
    1.86572e-01      1.93332e-04      1.00000e+01      1.10327e-08
    1.88820e-01      1.93101e-04      1.00000e+01      1.09109e-08
    1.91095e-01      1.92867e-04      1.00000e+01      1.07877e-08
    1.93398e-01      1.92630e-04      1.00000e+01      1.06630e-08
    1.95728e-01      1.92390e-04      1.00000e+01      1.05368e-08
    1.98086e-01      1.92147e-04      1.00000e+01      1.04091e-08
    2.00473e-01      1.91901e-04      1.00000e+01      1.02798e-08
    2.02888e-01      1.91653e-04      1.00000e+01      1.01490e-08
    2.05333e-01      1.91401e-04      1.00000e+01      1.00166e-08
    2.07807e-01      1.91146e-04      1.00000e+01      9.88260e-09
    2.10311e-01      1.90889e-04      1.00000e+01      9.74699e-09
    2.12845e-01      1.90628e-04      1.00000e+01      9.60975e-09
    2.15410e-01      1.90364e-04      1.00000e+01      9.47085e-09
    2.18005e-01      1.90097e-04      1.00000e+01      9.33028e-09
    2.20632e-01      1.89826e-04      1.00000e+01      9.18801e-09
    2.23291e-01      1.89563e-04      1.00000e+01      9.08090e-09
    2.25981e-01      1.89298e-04      1.00000e+01      8.97685e-09
    2.28704e-01      1.89030e-04      1.00000e+01      8.87154e-09
    2.31460e-01      1.88759e-04      1.00000e+01      8.76496e-09
    2.34249e-01      1.88484e-04      1.00000e+01      8.65710e-09
    2.37072e-01      1.88207e-04      1.00000e+01      8.54793e-09
    2.39928e-01      1.87925e-04      1.00000e+01      8.43745e-09
    2.42820e-01      1.87641e-04      1.00000e+01      8.32564e-09
    2.45746e-01      1.87353e-04      1.00000e+01      8.21248e-09
    2.48707e-01      1.87061e-04      1.00000e+01      8.09795e-09
    2.51704e-01      1.86766e-04      1.00000e+01      7.98205e-09
    2.54737e-01      1.86468e-04      1.00000e+01      7.86475e-09
    2.57807e-01      1.86165e-04      1.00000e+01      7.74603e-09
    2.60913e-01      1.85860e-04      1.00000e+01      7.62588e-09
    2.64057e-01      1.85562e-04      1.00000e+01      7.53229e-09
    2.67239e-01      1.85261e-04      1.00000e+01      7.44055e-09
    2.70460e-01      1.84957e-04      1.00000e+01      7.34771e-09
    2.73719e-01      1.84649e-04      1.00000e+01      7.25375e-09
    2.77017e-01      1.84338e-04      1.00000e+01      7.15865e-09
    2.80356e-01      1.84023e-04      1.00000e+01      7.06241e-09
    2.83734e-01      1.83704e-04      1.00000e+01      6.96500e-09
    2.87153e-01      1.83381e-04      1.00000e+01      6.86643e-09
    2.90614e-01      1.83054e-04      1.00000e+01      6.76666e-09
    2.94116e-01      1.82724e-04      1.00000e+01      6.66569e-09
    2.97660e-01      1.82389e-04      1.00000e+01      6.56351e-09
    3.01247e-01      1.82050e-04      1.00000e+01      6.46009e-09
    3.04878e-01      1.81720e-04      1.00000e+01      6.37767e-09
    3.08552e-01      1.81386e-04      1.00000e+01      6.29604e-09
    3.12270e-01      1.81049e-04      1.00000e+01      6.21343e-09
    3.16033e-01      1.80707e-04      1.00000e+01      6.12983e-09
    3.19842e-01      1.80362e-04      1.00000e+01      6.04521e-09
    3.23696e-01      1.80012e-04      1.00000e+01      5.95958e-09
    3.27597e-01      1.79658e-04      1.00000e+01      5.87292e-09
    3.31545e-01      1.79299e-04      1.00000e+01      5.78521e-09
    3.35541e-01      1.78936e-04      1.00000e+01      5.69644e-09
    3.39585e-01      1.78569e-04      1.00000e+01      5.60660e-09
    3.43677e-01      1.78204e-04      1.00000e+01      5.52431e-09
    3.47819e-01      1.77841e-04      1.00000e+01      5.45151e-09
    3.52011e-01      1.77474e-04      1.00000e+01      5.37784e-09
    3.56253e-01      1.77103e-04      1.00000e+01      5.30328e-09
    3.60547e-01      1.76727e-04      1.00000e+01      5.22782e-09
    3.64892e-01      1.76347e-04      1.00000e+01      5.15144e-09
    3.69289e-01      1.75962e-04      1.00000e+01      5.07415e-09
    3.73740e-01      1.75572e-04      1.00000e+01      4.99593e-09
    3.78244e-01      1.75178e-04      1.00000e+01      4.91677e-09
    3.82803e-01      1.74781e-04      1.00000e+01      4.83894e-09
    3.87416e-01      1.74391e-04      1.00000e+01      4.77342e-09
    3.92085e-01      1.73997e-04      1.00000e+01      4.70710e-09
    3.96811e-01      1.73598e-04      1.00000e+01      4.63998e-09
    4.01593e-01      1.73194e-04      1.00000e+01      4.57206e-09
    4.06433e-01      1.72785e-04      1.00000e+01      4.50331e-09
    4.11331e-01      1.72371e-04      1.00000e+01      4.43374e-09
    4.16289e-01      1.71952e-04      1.00000e+01      4.36333e-09
    4.21306e-01      1.71529e-04      1.00000e+01      4.29207e-09
    4.26383e-01      1.71111e-04      1.00000e+01      4.22993e-09
    4.31522e-01      1.70691e-04      1.00000e+01      4.16989e-09
    4.36723e-01      1.70266e-04      1.00000e+01      4.10914e-09
    4.41987e-01      1.69836e-04      1.00000e+01      4.04764e-09
    4.47314e-01      1.69401e-04      1.00000e+01      3.98541e-09
    4.52705e-01      1.68960e-04      1.00000e+01      3.92243e-09
    4.58161e-01      1.68515e-04      1.00000e+01      3.85869e-09
    4.63683e-01      1.68066e-04      1.00000e+01      3.79602e-09
    4.69271e-01      1.67624e-04      1.00000e+01      3.74152e-09
    4.74927e-01      1.67176e-04      1.00000e+01      3.68636e-09
    4.80651e-01      1.66723e-04      1.00000e+01      3.63053e-09
    4.86444e-01      1.66265e-04      1.00000e+01      3.57403e-09
    4.92307e-01      1.65801e-04      1.00000e+01      3.51685e-09
    4.98241e-01      1.65331e-04      1.00000e+01      3.45899e-09
    5.04246e-01      1.64859e-04      1.00000e+01      3.40225e-09
    5.10323e-01      1.64392e-04      1.00000e+01      3.35214e-09
    5.16474e-01      1.63920e-04      1.00000e+01      3.30142e-09
    5.22699e-01      1.63443e-04      1.00000e+01      3.25009e-09
    5.28999e-01      1.62959e-04      1.00000e+01      3.19814e-09
    5.35375e-01      1.62470e-04      1.00000e+01      3.14557e-09
    5.41828e-01      1.61975e-04      1.00000e+01      3.09236e-09
    5.48358e-01      1.61486e-04      1.00000e+01      3.04454e-09
    5.54967e-01      1.60994e-04      1.00000e+01      2.99796e-09
    5.61656e-01      1.60497e-04      1.00000e+01      2.95082e-09
    5.68426e-01      1.59994e-04      1.00000e+01      2.90311e-09
    5.75277e-01      1.59484e-04      1.00000e+01      2.85483e-09
    5.82211e-01      1.58969e-04      1.00000e+01      2.80596e-09
    5.89228e-01      1.58459e-04      1.00000e+01      2.76191e-09
    5.96330e-01      1.57946e-04      1.00000e+01      2.71872e-09
    6.03518e-01      1.57427e-04      1.00000e+01      2.67501e-09
    6.10792e-01      1.56902e-04      1.00000e+01      2.63078e-09
    6.18154e-01      1.56370e-04      1.00000e+01      2.58601e-09
    6.25604e-01      1.55836e-04      1.00000e+01      2.54201e-09
    6.33145e-01      1.55306e-04      1.00000e+01      2.50211e-09
    6.40776e-01      1.54770e-04      1.00000e+01      2.46173e-09
    6.48500e-01      1.54228e-04      1.00000e+01      2.42086e-09
    6.56316e-01      1.53679e-04      1.00000e+01      2.37950e-09
    6.64227e-01      1.53124e-04      1.00000e+01      2.33764e-09
    6.72233e-01      1.52577e-04      1.00000e+01      2.30050e-09
    6.80335e-01      1.52024e-04      1.00000e+01      2.26292e-09
    6.88536e-01      1.51464e-04      1.00000e+01      2.22488e-09
    6.96835e-01      1.50897e-04      1.00000e+01      2.18639e-09
    7.05234e-01      1.50325e-04      1.00000e+01      2.14780e-09
    7.13734e-01      1.49760e-04      1.00000e+01      2.11301e-09
    7.22337e-01      1.49188e-04      1.00000e+01      2.07780e-09
    7.31044e-01      1.48609e-04      1.00000e+01      2.04216e-09
    7.39855e-01      1.48024e-04      1.00000e+01      2.00609e-09
    7.48773e-01      1.47438e-04      1.00000e+01      1.97140e-09
    7.57798e-01      1.46854e-04      1.00000e+01      1.93861e-09
    7.66932e-01      1.46263e-04      1.00000e+01      1.90542e-09
    7.76176e-01      1.45666e-04      1.00000e+01      1.87184e-09
    7.85532e-01      1.45061e-04      1.00000e+01      1.83800e-09
    7.95000e-01      1.44464e-04      1.00000e+01      1.80730e-09
    8.04583e-01      1.43860e-04      1.00000e+01      1.77623e-09
    8.14281e-01      1.43249e-04      1.00000e+01      1.74479e-09
    8.24096e-01      1.42630e-04      1.00000e+01      1.71296e-09
    8.34029e-01      1.42018e-04      1.00000e+01      1.68363e-09
    8.44082e-01      1.41400e-04      1.00000e+01      1.65440e-09
    8.54257e-01      1.40775e-04      1.00000e+01      1.62482e-09
    8.64553e-01      1.40143e-04      1.00000e+01      1.59489e-09
    8.74974e-01      1.39517e-04      1.00000e+01      1.56725e-09
    8.85521e-01      1.38886e-04      1.00000e+01      1.53963e-09
    8.96195e-01      1.38246e-04      1.00000e+01      1.51167e-09
    9.06997e-01      1.37601e-04      1.00000e+01      1.48362e-09
    9.17930e-01      1.36962e-04      1.00000e+01      1.45772e-09
    9.28994e-01      1.36315e-04      1.00000e+01      1.43151e-09
    9.40192e-01      1.35661e-04      1.00000e+01      1.40499e-09
    9.51525e-01      1.35006e-04      1.00000e+01      1.37928e-09
    9.62994e-01      1.34351e-04      1.00000e+01      1.35462e-09
    9.74602e-01      1.33689e-04      1.00000e+01      1.32966e-09
    9.86350e-01      1.33019e-04      1.00000e+01      1.30440e-09
    9.98239e-01      1.32356e-04      1.00000e+01      1.28105e-09
    1.01027e+00      1.31686e-04      1.00000e+01      1.25749e-09
    1.02245e+00      1.31008e-04      1.00000e+01      1.23364e-09
    1.03477e+00      1.30332e-04      1.00000e+01      1.21082e-09
    1.04725e+00      1.29655e-04      1.00000e+01      1.18850e-09
    1.05987e+00      1.28968e-04      1.00000e+01      1.16591e-09
    1.07265e+00      1.28281e-04      1.00000e+01      1.14385e-09
    1.08558e+00      1.27594e-04      1.00000e+01      1.12264e-09
    1.09866e+00      1.26899e-04      1.00000e+01      1.10118e-09
    1.11190e+00      1.26201e-04      1.00000e+01      1.08004e-09
    1.12531e+00      1.25505e-04      1.00000e+01      1.05984e-09
    1.13887e+00      1.24800e-04      1.00000e+01      1.03939e-09
    1.15260e+00      1.24093e-04      1.00000e+01      1.01926e-09
    1.16649e+00      1.23388e-04      1.00000e+01      9.99965e-10
    1.18055e+00      1.22674e-04      1.00000e+01      9.80439e-10
    1.19478e+00      1.21960e-04      1.00000e+01      9.61378e-10
    1.20919e+00      1.21245e-04      1.00000e+01      9.42907e-10
    1.22376e+00      1.20522e-04      1.00000e+01      9.24214e-10
    1.23851e+00      1.19801e-04      1.00000e+01      9.06253e-10
    1.25344e+00      1.19078e-04      1.00000e+01      8.88533e-10
    1.26855e+00      1.18345e-04      1.00000e+01      8.70600e-10
    1.28384e+00      1.17619e-04      1.00000e+01      8.53743e-10
    1.29932e+00      1.16885e-04      1.00000e+01      8.36703e-10
    1.31498e+00      1.16148e-04      1.00000e+01      8.19916e-10
    1.33083e+00      1.15412e-04      1.00000e+01      8.03696e-10
    1.34687e+00      1.14667e-04      1.00000e+01      7.87281e-10
    1.36311e+00      1.13927e-04      1.00000e+01      7.71636e-10
    1.37954e+00      1.13180e-04      1.00000e+01      7.55984e-10
    1.39617e+00      1.12431e-04      1.00000e+01      7.40555e-10
    1.41300e+00      1.11681e-04      1.00000e+01      7.25596e-10
    1.43003e+00      1.10923e-04      1.00000e+01      7.10458e-10
    1.44727e+00      1.10172e-04      1.00000e+01      6.96148e-10
    1.46471e+00      1.09412e-04      1.00000e+01      6.81665e-10
    1.48237e+00      1.08654e-04      1.00000e+01      6.67649e-10
    1.50024e+00      1.07892e-04      1.00000e+01      6.53765e-10
    1.51832e+00      1.07128e-04      1.00000e+01      6.40092e-10
    1.53662e+00      1.06364e-04      1.00000e+01      6.26769e-10
    1.55515e+00      1.05594e-04      1.00000e+01      6.13475e-10
    1.57389e+00      1.04828e-04      1.00000e+01      6.00666e-10
    1.59287e+00      1.04053e-04      1.00000e+01      5.87771e-10
    1.61207e+00      1.03284e-04      1.00000e+01      5.75445e-10
    1.63150e+00      1.02506e-04      1.00000e+01      5.62969e-10
    1.65116e+00      1.01734e-04      1.00000e+01      5.51088e-10
    1.67107e+00      1.00952e-04      1.00000e+01      5.39064e-10
    1.69121e+00      1.00177e-04      1.00000e+01      5.27574e-10
    1.71160e+00      9.93920e-05      1.00000e+01      5.15973e-10
    1.73223e+00      9.86136e-05      1.00000e+01      5.04881e-10
    1.75311e+00      9.78268e-05      1.00000e+01      4.93694e-10
    1.77424e+00      9.70455e-05      1.00000e+01      4.82985e-10
    1.79563e+00      9.62569e-05      1.00000e+01      4.72227e-10
    1.81728e+00      9.54726e-05      1.00000e+01      4.61859e-10
    1.83918e+00      9.46832e-05      1.00000e+01      4.51525e-10
    1.86135e+00      9.38954e-05      1.00000e+01      4.41477e-10
    1.88379e+00      9.31052e-05      1.00000e+01      4.31559e-10
    1.90650e+00      9.23139e-05      1.00000e+01      4.21813e-10
    1.92948e+00      9.15238e-05      1.00000e+01      4.12302e-10
    1.95274e+00      9.07292e-05      1.00000e+01      4.02839e-10
    1.97628e+00      8.99404e-05      1.00000e+01      3.93728e-10
    2.00010e+00      8.91465e-05      1.00000e+01      3.84647e-10
    2.02421e+00      8.83543e-05      1.00000e+01      3.75809e-10
    2.04861e+00      8.75612e-05      1.00000e+01      3.67120e-10
    2.07331e+00      8.67650e-05      1.00000e+01      3.58517e-10
    2.09830e+00      8.59733e-05      1.00000e+01      3.50209e-10
    2.12359e+00      8.51778e-05      1.00000e+01      3.41962e-10
    2.14919e+00      8.43826e-05      1.00000e+01      3.33887e-10
    2.17510e+00      8.35901e-05      1.00000e+01      3.26010e-10
    2.20132e+00      8.27954e-05      1.00000e+01      3.18211e-10
    2.22785e+00      8.20036e-05      1.00000e+01      3.10614e-10
    2.25471e+00      8.12121e-05      1.00000e+01      3.03170e-10
    2.28189e+00      8.04183e-05      1.00000e+01      2.95814e-10
    2.30940e+00      7.96263e-05      1.00000e+01      2.88642e-10
    2.33723e+00      7.88360e-05      1.00000e+01      2.81624e-10
    2.36541e+00      7.80447e-05      1.00000e+01      2.74702e-10
    2.39392e+00      7.72544e-05      1.00000e+01      2.67917e-10
    2.42278e+00      7.64671e-05      1.00000e+01      2.61315e-10
    2.45198e+00      7.56788e-05      1.00000e+01      2.54810e-10
    2.48154e+00      7.48900e-05      1.00000e+01      2.48408e-10
    2.51146e+00      7.41053e-05      1.00000e+01      2.42173e-10
    2.54173e+00      7.33226e-05      1.00000e+01      2.36071e-10
    2.57237e+00      7.25403e-05      1.00000e+01      2.30070e-10
    2.60338e+00      7.17588e-05      1.00000e+01      2.24174e-10
    2.63476e+00      7.09800e-05      1.00000e+01      2.18418e-10
    2.66652e+00      7.02040e-05      1.00000e+01      2.12797e-10
    2.69867e+00      6.94290e-05      1.00000e+01      2.07278e-10
    2.73120e+00      6.86553e-05      1.00000e+01      2.01862e-10
    2.76412e+00      6.78827e-05      1.00000e+01      1.96551e-10
    2.79744e+00      6.71124e-05      1.00000e+01      1.91361e-10
    2.83116e+00      6.63459e-05      1.00000e+01      1.86296e-10
    2.86529e+00      6.55818e-05      1.00000e+01      1.81332e-10
    2.89983e+00      6.48196e-05      1.00000e+01      1.76466e-10
    2.93479e+00      6.40596e-05      1.00000e+01      1.71700e-10
    2.97017e+00      6.33025e-05      1.00000e+01      1.67033e-10
    3.00597e+00      6.25481e-05      1.00000e+01      1.62465e-10
    3.04220e+00      6.17965e-05      1.00000e+01      1.57994e-10
    3.07888e+00      6.10491e-05      1.00000e+01      1.53636e-10
    3.11599e+00      6.03043e-05      1.00000e+01      1.49370e-10
    3.15355e+00      5.95633e-05      1.00000e+01      1.45196e-10
    3.19157e+00      5.88259e-05      1.00000e+01      1.41114e-10
    3.23004e+00      5.80917e-05      1.00000e+01      1.37120e-10
    3.26898e+00      5.73606e-05      1.00000e+01      1.33215e-10
    3.30839e+00      5.66334e-05      1.00000e+01      1.29397e-10
    3.34827e+00      5.59096e-05      1.00000e+01      1.25665e-10
    3.38863e+00      5.51894e-05      1.00000e+01      1.22016e-10
    3.42948e+00      5.44738e-05      1.00000e+01      1.18451e-10
    3.47082e+00      5.37630e-05      1.00000e+01      1.14968e-10
    3.51266e+00      5.30566e-05      1.00000e+01      1.11565e-10
    3.55500e+00      5.23541e-05      1.00000e+01      1.08240e-10
    3.59786e+00      5.16556e-05      1.00000e+01      1.04991e-10
    3.64123e+00      5.09619e-05      1.00000e+01      1.01819e-10
    3.68512e+00      5.02732e-05      1.00000e+01      9.87199e-11
    3.72955e+00      4.95897e-05      1.00000e+01      9.56991e-11
    3.77450e+00      4.89109e-05      1.00000e+01      9.27530e-11
    3.82000e+00      4.82370e-05      1.00000e+01      8.98761e-11
    3.86605e+00      4.75688e-05      1.00000e+01      8.70687e-11
    3.91266e+00      4.69058e-05      1.00000e+01      8.43275e-11
    3.95982e+00      4.62481e-05      1.00000e+01      8.16517e-11
    4.00756e+00      4.55956e-05      1.00000e+01      7.90397e-11
    4.05587e+00      4.49495e-05      1.00000e+01      7.64996e-11
    4.10476e+00      4.43088e-05      1.00000e+01      7.40230e-11
    4.15424e+00      4.36735e-05      1.00000e+01      7.16061e-11
    4.20432e+00      4.30434e-05      1.00000e+01      6.92469e-11
    4.25500e+00      4.24195e-05      1.00000e+01      6.69489e-11
    4.30629e+00      4.18036e-05      1.00000e+01      6.47166e-11
    4.35821e+00      4.11932e-05      1.00000e+01      6.25373e-11
    4.41074e+00      4.05884e-05      1.00000e+01      6.04107e-11
    4.46391e+00      3.99915e-05      1.00000e+01      5.83481e-11
    4.51772e+00      3.93999e-05      1.00000e+01      5.63367e-11
    4.57218e+00      3.88134e-05      1.00000e+01      5.43734e-11
    4.62730e+00      3.82364e-05      1.00000e+01      5.24714e-11
    4.68308e+00      3.76658e-05      1.00000e+01      5.06171e-11
    4.73954e+00      3.71013e-05      1.00000e+01      4.88114e-11
    4.79667e+00      3.65443e-05      1.00000e+01      4.70594e-11
    4.85449e+00      3.59931e-05      1.00000e+01      4.53500e-11
    4.91301e+00      3.54500e-05      1.00000e+01      4.36944e-11
    4.97224e+00      3.49137e-05      1.00000e+01      4.20804e-11
    5.03218e+00      3.43862e-05      1.00000e+01      4.05168e-11
    5.09284e+00      3.38651e-05      1.00000e+01      3.89937e-11
    5.15423e+00      3.33516e-05      1.00000e+01      3.75179e-11
    5.21636e+00      3.28446e-05      1.00000e+01      3.60806e-11
    5.27925e+00      3.23468e-05      1.00000e+01      3.46907e-11
    5.34289e+00      3.18554e-05      1.00000e+01      3.33373e-11
    5.40729e+00      3.13720e-05      1.00000e+01      3.20272e-11
    5.47248e+00      3.08964e-05      1.00000e+01      3.07554e-11
    5.53845e+00      3.04288e-05      1.00000e+01      2.95209e-11
    5.60521e+00      2.99696e-05      1.00000e+01      2.83273e-11
    5.67278e+00      2.95181e-05      1.00000e+01      2.71685e-11
    5.74117e+00      2.90739e-05      1.00000e+01      2.60448e-11
    5.81037e+00      2.86385e-05      1.00000e+01      2.49593e-11
    5.88042e+00      2.82107e-05      1.00000e+01      2.39070e-11
    5.95131e+00      2.77906e-05      1.00000e+01      2.28873e-11
    6.02305e+00      2.73793e-05      1.00000e+01      2.19014e-11
    6.09565e+00      2.69766e-05      1.00000e+01      2.09489e-11
    6.16914e+00      2.65821e-05      1.00000e+01      2.00279e-11
    6.24350e+00      2.61952e-05      1.00000e+01      1.91368e-11
    6.31877e+00      2.58159e-05      1.00000e+01      1.82754e-11
    6.39494e+00      2.54455e-05      1.00000e+01      1.74437e-11
    6.47203e+00      2.50836e-05      1.00000e+01      1.66407e-11
    6.55005e+00      2.47300e-05      1.00000e+01      1.58659e-11
    6.62901e+00      2.43846e-05      1.00000e+01      1.51185e-11
    6.70892e+00      2.40462e-05      1.00000e+01      1.43973e-11
    6.78979e+00      2.37173e-05      1.00000e+01      1.37026e-11
    6.87164e+00      2.33973e-05      1.00000e+01      1.30339e-11
    6.95448e+00      2.30846e-05      1.00000e+01      1.23893e-11
    7.03832e+00      2.27799e-05      1.00000e+01      1.17689e-11
    7.12316e+00      2.24836e-05      1.00000e+01      1.11720e-11
    7.20903e+00      2.21957e-05      1.00000e+01      1.05983e-11
    7.29593e+00      2.19152e-05      1.00000e+01      1.00461e-11
    7.38389e+00      2.16432e-05      1.00000e+01      9.51600e-12
    7.47290e+00      2.13790e-05      1.00000e+01      9.00646e-12
    7.56298e+00      2.11230e-05      1.00000e+01      8.51831e-12
    7.65415e+00      2.08751e-05      1.00000e+01      8.05005e-12
    7.74642e+00      2.06346e-05      1.00000e+01      7.60086e-12
    7.83980e+00      2.04016e-05      1.00000e+01      7.17026e-12
    7.93431e+00      2.01768e-05      1.00000e+01      6.75873e-12
    8.02996e+00      1.99595e-05      1.00000e+01      6.36463e-12
    8.12676e+00      1.97499e-05      1.00000e+01      5.98786e-12
    8.22473e+00      1.95478e-05      1.00000e+01      5.62823e-12
    8.32387e+00      1.93523e-05      1.00000e+01      5.28407e-12
    8.42422e+00      1.91646e-05      1.00000e+01      4.95657e-12
    8.52577e+00      1.89838e-05      1.00000e+01      4.64362e-12
    8.62855e+00      1.88109e-05      1.00000e+01      4.34656e-12
    8.73256e+00      1.86441e-05      1.00000e+01      4.06303e-12
    8.83783e+00      1.84836e-05      1.00000e+01      3.79325e-12
    8.94437e+00      1.83311e-05      1.00000e+01      3.53776e-12
    9.05220e+00      1.81845e-05      1.00000e+01      3.29457e-12
    9.16132e+00      1.80441e-05      1.00000e+01      3.06411e-12
    9.27176e+00      1.79104e-05      1.00000e+01      2.84592e-12
    9.38353e+00      1.77829e-05      1.00000e+01      2.63940e-12
    9.49664e+00      1.76611e-05      1.00000e+01      2.44400e-12
    9.61113e+00      1.75454e-05      1.00000e+01      2.25958e-12
    9.72699e+00      1.74354e-05      1.00000e+01      2.08572e-12
    9.84424e+00      1.73310e-05      1.00000e+01      1.92202e-12
    9.96292e+00      1.72320e-05      1.00000e+01      1.76791e-12
    1.00830e+01      1.71382e-05      1.00000e+01      1.62313e-12
    1.02046e+01      1.70496e-05      1.00000e+01      1.48735e-12
    1.03276e+01      1.69657e-05      1.00000e+01      1.36004e-12
    1.04521e+01      1.68869e-05      1.00000e+01      1.24116e-12
    1.05781e+01      1.68124e-05      1.00000e+01      1.12993e-12
    1.07056e+01      1.67424e-05      1.00000e+01      1.02647e-12
    1.08347e+01      1.66764e-05      1.00000e+01      9.30045e-13
    1.09653e+01      1.66151e-05      1.00000e+01      8.40767e-13
    1.10974e+01      1.65571e-05      1.00000e+01      7.57726e-13
    1.12312e+01      1.65029e-05      1.00000e+01      6.81020e-13
    1.13666e+01      1.64525e-05      1.00000e+01      6.10407e-13
    1.15036e+01      1.64051e-05      1.00000e+01      5.45085e-13
    1.16423e+01      1.63612e-05      1.00000e+01      4.85485e-13
    1.17827e+01      1.63201e-05      1.00000e+01      4.30710e-13
    1.19247e+01      1.62818e-05      1.00000e+01      3.80746e-13
    1.20685e+01      1.62462e-05      1.00000e+01      3.35276e-13
    1.22139e+01      1.62130e-05      1.00000e+01      2.94016e-13
    1.23612e+01      1.61821e-05      1.00000e+01      2.56749e-13
    1.25102e+01      1.61534e-05      1.00000e+01      2.23204e-13
    1.26610e+01      1.61265e-05      1.00000e+01      1.92998e-13
    1.28136e+01      1.61015e-05      1.00000e+01      1.66200e-13
    1.29681e+01      1.60781e-05      1.00000e+01      1.42298e-13
    1.31244e+01      1.60562e-05      1.00000e+01      1.21152e-13
    1.32826e+01      1.60357e-05      1.00000e+01      1.02614e-13
    1.34428e+01      1.60162e-05      1.00000e+01      8.62598e-14
    1.36048e+01      1.59980e-05      1.00000e+01      7.22775e-14
    1.37688e+01      1.59805e-05      1.00000e+01      6.00584e-14
    1.39348e+01      1.59639e-05      1.00000e+01      4.96538e-14
    1.41028e+01      1.59478e-05      1.00000e+01      4.07663e-14
    1.42728e+01      1.59324e-05      1.00000e+01      3.33104e-14
    1.44448e+01      1.59175e-05      1.00000e+01      2.70825e-14
    1.46190e+01      1.59031e-05      1.00000e+01      2.19151e-14
    1.47952e+01      1.58889e-05      1.00000e+01      1.76504e-14
    1.49736e+01      1.58749e-05      1.00000e+01      1.41949e-14
    1.51541e+01      1.58611e-05      1.00000e+01      1.14364e-14
    1.53367e+01      1.58474e-05      1.00000e+01      9.19819e-15
    1.55216e+01      1.58337e-05      1.00000e+01      7.41802e-15
    1.57087e+01      1.58201e-05      1.00000e+01      6.01525e-15
    1.58981e+01      1.58065e-05      1.00000e+01      4.91939e-15
    1.60898e+01      1.57929e-05      1.00000e+01      4.04734e-15
    1.62837e+01      1.57792e-05      1.00000e+01      3.36063e-15
    1.64800e+01      1.57655e-05      1.00000e+01      2.82707e-15
    1.66787e+01      1.57517e-05      1.00000e+01      2.39785e-15
    1.68797e+01      1.57377e-05      1.00000e+01      2.05997e-15
    1.70832e+01      1.57236e-05      1.00000e+01      1.78648e-15
    1.72892e+01      1.57094e-05      1.00000e+01      1.56489e-15
    1.74976e+01      1.56951e-05      1.00000e+01      1.38259e-15
    1.77085e+01      1.56807e-05      1.00000e+01      1.23023e-15
    1.79220e+01      1.56662e-05      1.00000e+01      1.10146e-15
    1.81380e+01      1.56515e-05      1.00000e+01      9.90576e-16
    1.83567e+01      1.56367e-05      1.00000e+01      8.93447e-16
    1.85780e+01      1.56217e-05      1.00000e+01      8.07258e-16
    1.88019e+01      1.56066e-05      1.00000e+01      7.30242e-16
    1.90286e+01      1.55914e-05      1.00000e+01      6.60575e-16
    1.92580e+01      1.55760e-05      1.00000e+01      5.96848e-16
    1.94901e+01      1.55605e-05      1.00000e+01      5.38277e-16
    1.97251e+01      1.55448e-05      1.00000e+01      4.84665e-16
    1.99629e+01      1.55289e-05      1.00000e+01      4.34900e-16
    2.02035e+01      1.55129e-05      1.00000e+01      3.88727e-16
    2.04471e+01      1.54968e-05      1.00000e+01      3.45981e-16
    2.06936e+01      1.54805e-05      1.00000e+01      3.06408e-16
    2.09430e+01      1.54640e-05      1.00000e+01      2.70423e-16
    2.11955e+01      1.54474e-05      1.00000e+01      2.37522e-16
    2.14510e+01      1.54306e-05      1.00000e+01      2.07336e-16
    2.17096e+01      1.54136e-05      1.00000e+01      1.79836e-16
    2.19713e+01      1.53964e-05      1.00000e+01      1.54858e-16
    2.22362e+01      1.53791e-05      1.00000e+01      1.32148e-16
    2.25042e+01      1.53617e-05      1.00000e+01      1.12165e-16
    2.27755e+01      1.53440e-05      1.00000e+01      9.43266e-17
    2.30501e+01      1.53261e-05      1.00000e+01      7.84046e-17
    2.33279e+01      1.53081e-05      1.00000e+01      6.43064e-17
    2.36092e+01      1.52899e-05      1.00000e+01      5.21004e-17
    2.38938e+01      1.52715e-05      1.00000e+01      4.16352e-17
    2.41818e+01      1.52529e-05      1.00000e+01      3.25595e-17
    2.44733e+01      1.52341e-05      1.00000e+01      2.49646e-17
    2.47683e+01      1.52151e-05      1.00000e+01      1.86811e-17
    2.50669e+01      1.51960e-05      1.00000e+01      1.35411e-17
    2.53691e+01      1.51767e-05      1.00000e+01      9.46030e-18
    2.56749e+01      1.51572e-05      1.00000e+01      6.36221e-18
    2.59844e+01      1.51375e-05      1.00000e+01      4.05086e-18
    2.62977e+01      1.51176e-05      1.00000e+01      2.47138e-18
    2.66147e+01      1.50974e-05      1.00000e+01      1.51210e-18
    2.69355e+01      1.50772e-05      1.00000e+01      1.13486e-18
    2.72602e+01      1.50567e-05      1.00000e+01      9.06303e-19
    2.75889e+01      1.50359e-05      1.00000e+01      7.06561e-19
    2.79214e+01      1.50149e-05      1.00000e+01      5.34516e-19
    2.82580e+01      1.49937e-05      1.00000e+01      3.88966e-19
    2.85987e+01      1.49723e-05      1.00000e+01      2.68731e-19
    2.89434e+01      1.49507e-05      1.00000e+01      1.72318e-19
    2.92924e+01      1.49289e-05      1.00000e+01      9.85759e-20
    2.96455e+01      1.49068e-05      1.00000e+01      4.63027e-20
    3.00029e+01      1.48846e-05      1.00000e+01      1.39240e-20
    3.03645e+01      1.48621e-05      1.00000e+01      5.04366e-22
    3.07306e+01      1.48395e-05      1.00000e+01      -1.90774e-190
    3.11010e+01      1.48166e-05      1.00000e+01      -1.88271e-190
    3.14760e+01      1.47935e-05      1.00000e+01      -1.85797e-190
    3.18554e+01      1.47702e-05      1.00000e+01      -1.83351e-190
    3.22394e+01      1.47467e-05      1.00000e+01      -1.80933e-190
    3.26281e+01      1.47230e-05      1.00000e+01      -1.78543e-190
    3.30214e+01      1.46991e-05      1.00000e+01      -1.76180e-190
    3.34195e+01      1.46749e-05      1.00000e+01      -1.73845e-190
    3.38223e+01      1.46505e-05      1.00000e+01      -1.71536e-190
    3.42301e+01      1.46257e-05      1.00000e+01      -1.69254e-190
    3.46427e+01      1.46007e-05      1.00000e+01      -1.66999e-190
    3.50603e+01      1.45755e-05      1.00000e+01      -1.64769e-190
    3.54830e+01      1.45499e-05      1.00000e+01      -1.62565e-190
    3.59107e+01      1.45242e-05      1.00000e+01      -1.60386e-190
    3.63436e+01      1.44982e-05      1.00000e+01      -1.58233e-190
    3.67817e+01      1.44720e-05      1.00000e+01      -1.56105e-190
    3.72251e+01      1.44455e-05      1.00000e+01      -1.54001e-190
    3.76739e+01      1.44188e-05      1.00000e+01      -1.51922e-190
    3.81281e+01      1.43918e-05      1.00000e+01      -1.49867e-190
    3.85877e+01      1.43646e-05      1.00000e+01      -1.47835e-190
    3.90529e+01      1.43371e-05      1.00000e+01      -1.45828e-190
    3.95236e+01      1.43095e-05      1.00000e+01      -1.43843e-190
    4.00001e+01      1.42816e-05      1.00000e+01      -1.41882e-190
