    Er (keV)         SM dN/dE         BG dN/dE        BSM dN/dE (events/kg/day/keV)
    1.00100e-01      1.47613e-03      1.00000e+02      3.08874e-11
    1.01247e-01      1.47373e-03      1.00000e+02      3.12357e-11
    1.02408e-01      1.47131e-03      1.00000e+02      3.15880e-11
    1.03582e-01      1.46886e-03      1.00000e+02      3.19444e-11
    1.04769e-01      1.46638e-03      1.00000e+02      3.23049e-11
    1.05970e-01      1.46387e-03      1.00000e+02      3.26694e-11
    1.07184e-01      1.46134e-03      1.00000e+02      3.30382e-11
    1.08413e-01      1.45877e-03      1.00000e+02      3.34112e-11
    1.09655e-01      1.45618e-03      1.00000e+02      3.37885e-11
    1.10912e-01      1.45355e-03      1.00000e+02      3.41701e-11
    1.12184e-01      1.45090e-03      1.00000e+02      3.45561e-11
    1.13470e-01      1.44821e-03      1.00000e+02      3.49465e-11
    1.14770e-01      1.44550e-03      1.00000e+02      3.53414e-11
    1.16086e-01      1.44275e-03      1.00000e+02      3.57409e-11
    1.17417e-01      1.43997e-03      1.00000e+02      3.61449e-11
    1.18763e-01      1.43716e-03      1.00000e+02      3.65535e-11
    1.20124e-01      1.43432e-03      1.00000e+02      3.69669e-11
    1.21501e-01      1.43145e-03      1.00000e+02      3.73849e-11
    1.22894e-01      1.42854e-03      1.00000e+02      3.78078e-11
    1.24303e-01      1.42560e-03      1.00000e+02      3.82356e-11
    1.25728e-01      1.42262e-03      1.00000e+02      3.86682e-11
    1.27169e-01      1.41961e-03      1.00000e+02      3.91058e-11
    1.28627e-01      1.41657e-03      1.00000e+02      3.95484e-11
    1.30101e-01      1.41349e-03      1.00000e+02      3.99961e-11
    1.31593e-01      1.41058e-03      1.00000e+02      4.04470e-11
    1.33101e-01      1.40765e-03      1.00000e+02      4.09029e-11
    1.34627e-01      1.40468e-03      1.00000e+02      4.13641e-11
    1.36171e-01      1.40168e-03      1.00000e+02      4.18305e-11
    1.37732e-01      1.39865e-03      1.00000e+02      4.23023e-11
    1.39311e-01      1.39559e-03      1.00000e+02      4.27796e-11
    1.40908e-01      1.39248e-03      1.00000e+02      4.32622e-11
    1.42523e-01      1.38935e-03      1.00000e+02      4.37505e-11
    1.44157e-01      1.38617e-03      1.00000e+02      4.42443e-11
    1.45810e-01      1.38296e-03      1.00000e+02      4.47438e-11
    1.47482e-01      1.37971e-03      1.00000e+02      4.52490e-11
    1.49173e-01      1.37643e-03      1.00000e+02      4.57601e-11
    1.50883e-01      1.37311e-03      1.00000e+02      4.62769e-11
    1.52613e-01      1.36975e-03      1.00000e+02      4.67998e-11
    1.54363e-01      1.36635e-03      1.00000e+02      4.73286e-11
    1.56133e-01      1.36291e-03      1.00000e+02      4.78634e-11
    1.57923e-01      1.35943e-03      1.00000e+02      4.84045e-11
    1.59733e-01      1.35592e-03      1.00000e+02      4.89517e-11
    1.61565e-01      1.35250e-03      1.00000e+02      4.95033e-11
    1.63417e-01      1.34913e-03      1.00000e+02      5.00600e-11
    1.65291e-01      1.34573e-03      1.00000e+02      5.06232e-11
    1.67186e-01      1.34228e-03      1.00000e+02      5.11928e-11
    1.69103e-01      1.33879e-03      1.00000e+02      5.17689e-11
    1.71042e-01      1.33527e-03      1.00000e+02      5.23517e-11
    1.73003e-01      1.33170e-03      1.00000e+02      5.29411e-11
    1.74987e-01      1.32809e-03      1.00000e+02      5.35373e-11
    1.76994e-01      1.32444e-03      1.00000e+02      5.41404e-11
    1.79023e-01      1.32075e-03      1.00000e+02      5.47503e-11
    1.81076e-01      1.31702e-03      1.00000e+02      5.53673e-11
    1.83152e-01      1.31324e-03      1.00000e+02      5.59913e-11
    1.85252e-01      1.30942e-03      1.00000e+02      5.66225e-11
    1.87377e-01      1.30556e-03      1.00000e+02      5.72610e-11
    1.89525e-01      1.30165e-03      1.00000e+02      5.79067e-11
    1.91698e-01      1.29782e-03      1.00000e+02      5.85585e-11
    1.93897e-01      1.29406e-03      1.00000e+02      5.92162e-11
    1.96120e-01      1.29025e-03      1.00000e+02      5.98815e-11
    1.98369e-01      1.28641e-03      1.00000e+02      6.05545e-11
    2.00644e-01      1.28252e-03      1.00000e+02      6.12351e-11
    2.02944e-01      1.27858e-03      1.00000e+02      6.19236e-11
    2.05272e-01      1.27460e-03      1.00000e+02      6.26199e-11
    2.07626e-01      1.27057e-03      1.00000e+02      6.33243e-11
    2.10006e-01      1.26650e-03      1.00000e+02      6.40367e-11
    2.12415e-01      1.26238e-03      1.00000e+02      6.47573e-11
    2.14851e-01      1.25821e-03      1.00000e+02      6.54862e-11
    2.17314e-01      1.25400e-03      1.00000e+02      6.62235e-11
    2.19806e-01      1.24973e-03      1.00000e+02      6.69692e-11
    2.22327e-01      1.24557e-03      1.00000e+02      6.77238e-11
    2.24877e-01      1.24145e-03      1.00000e+02      6.84874e-11
    2.27455e-01      1.23729e-03      1.00000e+02      6.92597e-11
    2.30064e-01      1.23308e-03      1.00000e+02      7.00409e-11
    2.32702e-01      1.22882e-03      1.00000e+02      7.08311e-11
    2.35371e-01      1.22451e-03      1.00000e+02      7.16303e-11
    2.38070e-01      1.22016e-03      1.00000e+02      7.24387e-11
    2.40800e-01      1.21575e-03      1.00000e+02      7.32563e-11
    2.43562e-01      1.21129e-03      1.00000e+02      7.40834e-11
    2.46355e-01      1.20679e-03      1.00000e+02      7.49199e-11
    2.49180e-01      1.20223e-03      1.00000e+02      7.57661e-11
    2.52038e-01      1.19770e-03      1.00000e+02      7.66179e-11
    2.54928e-01      1.19328e-03      1.00000e+02      7.74723e-11
    2.57852e-01      1.18881e-03      1.00000e+02      7.83365e-11
    2.60809e-01      1.18429e-03      1.00000e+02      7.92106e-11
    2.63800e-01      1.17972e-03      1.00000e+02      8.00948e-11
    2.66826e-01      1.17509e-03      1.00000e+02      8.09890e-11
    2.69886e-01      1.17041e-03      1.00000e+02      8.18936e-11
    2.72981e-01      1.16568e-03      1.00000e+02      8.28085e-11
    2.76112e-01      1.16089e-03      1.00000e+02      8.37339e-11
    2.79278e-01      1.15605e-03      1.00000e+02      8.46700e-11
    2.82481e-01      1.15125e-03      1.00000e+02      8.56174e-11
    2.85721e-01      1.14655e-03      1.00000e+02      8.65768e-11
    2.88998e-01      1.14180e-03      1.00000e+02      8.75471e-11
    2.92313e-01      1.13699e-03      1.00000e+02      8.85286e-11
    2.95665e-01      1.13213e-03      1.00000e+02      8.95214e-11
    2.99056e-01      1.12721e-03      1.00000e+02      9.05255e-11
    3.02486e-01      1.12224e-03      1.00000e+02      9.15412e-11
    3.05955e-01      1.11720e-03      1.00000e+02      9.25685e-11
    3.09464e-01      1.11211e-03      1.00000e+02      9.36076e-11
    3.13013e-01      1.10708e-03      1.00000e+02      9.46571e-11
    3.16603e-01      1.10213e-03      1.00000e+02      9.57167e-11
    3.20235e-01      1.09712e-03      1.00000e+02      9.67884e-11
    3.23908e-01      1.09206e-03      1.00000e+02      9.78725e-11
    3.27623e-01      1.08693e-03      1.00000e+02      9.89689e-11
    3.31380e-01      1.08175e-03      1.00000e+02      1.00078e-10
    3.35181e-01      1.07651e-03      1.00000e+02      1.01200e-10
    3.39025e-01      1.07121e-03      1.00000e+02      1.02334e-10
    3.42914e-01      1.06593e-03      1.00000e+02      1.03481e-10
    3.46847e-01      1.06077e-03      1.00000e+02      1.04639e-10
    3.50825e-01      1.05554e-03      1.00000e+02      1.05810e-10
    3.54849e-01      1.05026e-03      1.00000e+02      1.06995e-10
    3.58919e-01      1.04491e-03      1.00000e+02      1.08193e-10
    3.63035e-01      1.03950e-03      1.00000e+02      1.09405e-10
    3.67199e-01      1.03403e-03      1.00000e+02      1.10631e-10
    3.71411e-01      1.02850e-03      1.00000e+02      1.11871e-10
    3.75671e-01      1.02314e-03      1.00000e+02      1.13122e-10
    3.79980e-01      1.01774e-03      1.00000e+02      1.14388e-10
    3.84338e-01      1.01228e-03      1.00000e+02      1.15668e-10
    3.88747e-01      1.00676e-03      1.00000e+02      1.16963e-10
    3.93205e-01      1.00117e-03      1.00000e+02      1.18272e-10
    3.97716e-01      9.95518e-04      1.00000e+02      1.19597e-10
    4.02277e-01      9.89817e-04      1.00000e+02      1.20937e-10
    4.06891e-01      9.84296e-04      1.00000e+02      1.22293e-10
    4.11559e-01      9.78711e-04      1.00000e+02      1.23664e-10
    4.16279e-01      9.73063e-04      1.00000e+02      1.25052e-10
    4.21054e-01      9.67350e-04      1.00000e+02      1.26455e-10
    4.25883e-01      9.61571e-04      1.00000e+02      1.27874e-10
    4.30768e-01      9.55726e-04      1.00000e+02      1.29310e-10
    4.35709e-01      9.49995e-04      1.00000e+02      1.30751e-10
    4.40707e-01      9.44276e-04      1.00000e+02      1.32204e-10
    4.45762e-01      9.38490e-04      1.00000e+02      1.33674e-10
    4.50875e-01      9.32639e-04      1.00000e+02      1.35160e-10
    4.56047e-01      9.26720e-04      1.00000e+02      1.36663e-10
    4.61278e-01      9.20733e-04      1.00000e+02      1.38184e-10
    4.66569e-01      9.14884e-04      1.00000e+02      1.39724e-10
    4.71921e-01      9.09025e-04      1.00000e+02      1.41281e-10
    4.77334e-01      9.03099e-04      1.00000e+02      1.42856e-10
    4.82809e-01      8.97105e-04      1.00000e+02      1.44450e-10
    4.88347e-01      8.91042e-04      1.00000e+02      1.46062e-10
    4.93949e-01      8.84970e-04      1.00000e+02      1.47691e-10
    4.99615e-01      8.79027e-04      1.00000e+02      1.49335e-10
    5.05345e-01      8.73016e-04      1.00000e+02      1.50998e-10
    5.11142e-01      8.66936e-04      1.00000e+02      1.52681e-10
    5.17005e-01      8.60787e-04      1.00000e+02      1.54382e-10
    5.22936e-01      8.54571e-04      1.00000e+02      1.56103e-10
    5.28934e-01      8.48536e-04      1.00000e+02      1.57839e-10
    5.35001e-01      8.42431e-04      1.00000e+02      1.59595e-10
    5.41138e-01      8.36256e-04      1.00000e+02      1.61372e-10
    5.47345e-01      8.30010e-04      1.00000e+02      1.63168e-10
    5.53624e-01      8.23717e-04      1.00000e+02      1.64985e-10
    5.59974e-01      8.17588e-04      1.00000e+02      1.66818e-10
    5.66398e-01      8.11388e-04      1.00000e+02      1.68673e-10
    5.72895e-01      8.05117e-04      1.00000e+02      1.70548e-10
    5.79466e-01      7.98774e-04      1.00000e+02      1.72446e-10
    5.86113e-01      7.92471e-04      1.00000e+02      1.74369e-10
    5.92837e-01      7.86245e-04      1.00000e+02      1.76319e-10
    5.99637e-01      7.79946e-04      1.00000e+02      1.78293e-10
    6.06516e-01      7.73576e-04      1.00000e+02      1.80288e-10
    6.13473e-01      7.67134e-04      1.00000e+02      1.82307e-10
    6.20510e-01      7.60872e-04      1.00000e+02      1.84329e-10
    6.27628e-01      7.54538e-04      1.00000e+02      1.86375e-10
    6.34827e-01      7.48131e-04      1.00000e+02      1.88444e-10
    6.42110e-01      7.41651e-04      1.00000e+02      1.90536e-10
    6.49475e-01      7.35297e-04      1.00000e+02      1.92649e-10
    6.56926e-01      7.28924e-04      1.00000e+02      1.94784e-10
    6.64461e-01      7.22478e-04      1.00000e+02      1.96944e-10
    6.72083e-01      7.15958e-04      1.00000e+02      1.99128e-10
    6.79793e-01      7.09558e-04      1.00000e+02      2.01321e-10
    6.87591e-01      7.03143e-04      1.00000e+02      2.03534e-10
    6.95478e-01      6.96654e-04      1.00000e+02      2.05772e-10
    7.03456e-01      6.90091e-04      1.00000e+02      2.08036e-10
    7.11526e-01      6.83685e-04      1.00000e+02      2.10338e-10
    7.19688e-01      6.77224e-04      1.00000e+02      2.12667e-10
    7.27944e-01      6.70689e-04      1.00000e+02      2.15023e-10
    7.36294e-01      6.64141e-04      1.00000e+02      2.17405e-10
    7.44741e-01      6.57708e-04      1.00000e+02      2.19811e-10
    7.53284e-01      6.51202e-04      1.00000e+02      2.22244e-10
    7.61925e-01      6.44621e-04      1.00000e+02      2.24705e-10
    7.70665e-01      6.38140e-04      1.00000e+02      2.27186e-10
    7.79506e-01      6.31656e-04      1.00000e+02      2.29690e-10
    7.88448e-01      6.25098e-04      1.00000e+02      2.32224e-10
    7.97492e-01      6.18541e-04      1.00000e+02      2.34787e-10
    8.06641e-01      6.12076e-04      1.00000e+02      2.37382e-10
    8.15894e-01      6.05537e-04      1.00000e+02      2.40006e-10
    8.25254e-01      5.98933e-04      1.00000e+02      2.42661e-10
    8.34721e-01      5.92491e-04      1.00000e+02      2.45350e-10
    8.44296e-01      5.85974e-04      1.00000e+02      2.48070e-10
    8.53981e-01      5.79383e-04      1.00000e+02      2.50821e-10
    8.63778e-01      5.72931e-04      1.00000e+02      2.53578e-10
    8.73687e-01      5.66432e-04      1.00000e+02      2.56364e-10
    8.83709e-01      5.59858e-04      1.00000e+02      2.59181e-10
    8.93847e-01      5.53411e-04      1.00000e+02      2.62052e-10
    9.04101e-01      5.46926e-04      1.00000e+02      2.64960e-10
    9.14472e-01      5.40366e-04      1.00000e+02      2.67902e-10
    9.24963e-01      5.33944e-04      1.00000e+02      2.70874e-10
    9.35574e-01      5.27469e-04      1.00000e+02      2.73880e-10
    9.46306e-01      5.20935e-04      1.00000e+02      2.76917e-10
    9.57162e-01      5.14548e-04      1.00000e+02      2.79946e-10
    9.68142e-01      5.08088e-04      1.00000e+02      2.83009e-10
    9.79248e-01      5.01678e-04      1.00000e+02      2.87211e-10
    9.90482e-01      4.95478e-04      1.00000e+02      2.94000e-10
    1.00184e+00      4.89207e-04      1.00000e+02      3.00867e-10
    1.01334e+00      4.82896e-04      1.00000e+02      3.05518e-10
    1.02496e+00      4.76531e-04      1.00000e+02      3.08878e-10
    1.03672e+00      4.70102e-04      1.00000e+02      3.12276e-10
    1.04861e+00      4.63815e-04      1.00000e+02      3.15710e-10
    1.06064e+00      4.57456e-04      1.00000e+02      3.19183e-10
    1.07281e+00      4.51140e-04      1.00000e+02      3.22691e-10
    1.08512e+00      4.44859e-04      1.00000e+02      3.26233e-10
    1.09757e+00      4.38522e-04      1.00000e+02      3.29817e-10
    1.11016e+00      4.32319e-04      1.00000e+02      3.33435e-10
    1.12289e+00      4.26044e-04      1.00000e+02      3.37094e-10
    1.13577e+00      4.19850e-04      1.00000e+02      3.40792e-10
    1.14880e+00      4.13652e-04      1.00000e+02      3.44531e-10
    1.16198e+00      4.07464e-04      1.00000e+02      3.48310e-10
    1.17531e+00      4.01340e-04      1.00000e+02      3.52127e-10
    1.18880e+00      3.95170e-04      1.00000e+02      3.55988e-10
    1.20243e+00      3.89121e-04      1.00000e+02      3.59887e-10
    1.21623e+00      3.83003e-04      1.00000e+02      3.63831e-10
    1.23018e+00      3.77006e-04      1.00000e+02      3.67812e-10
    1.24429e+00      3.70958e-04      1.00000e+02      3.71839e-10
    1.25857e+00      3.64998e-04      1.00000e+02      3.75932e-10
    1.27301e+00      3.59020e-04      1.00000e+02      3.80078e-10
    1.28761e+00      3.53109e-04      1.00000e+02      3.84223e-10
    1.30238e+00      3.47200e-04      1.00000e+02      3.88391e-10
    1.31732e+00      3.41348e-04      1.00000e+02      3.92624e-10
    1.33243e+00      3.35509e-04      1.00000e+02      3.96915e-10
    1.34772e+00      3.29724e-04      1.00000e+02      4.01251e-10
    1.36318e+00      3.23949e-04      1.00000e+02      4.05633e-10
    1.37882e+00      3.18240e-04      1.00000e+02      4.10062e-10
    1.39464e+00      3.12532e-04      1.00000e+02      4.14540e-10
    1.41064e+00      3.06903e-04      1.00000e+02      4.19062e-10
    1.42682e+00      3.01258e-04      1.00000e+02      4.23634e-10
    1.44319e+00      2.95716e-04      1.00000e+02      4.28253e-10
    1.45974e+00      2.90142e-04      1.00000e+02      4.32924e-10
    1.47649e+00      2.84687e-04      1.00000e+02      4.37633e-10
    1.49343e+00      2.79214e-04      1.00000e+02      4.42399e-10
    1.51056e+00      2.73821e-04      1.00000e+02      4.47227e-10
    1.52789e+00      2.68454e-04      1.00000e+02      4.52097e-10
    1.54542e+00      2.63120e-04      1.00000e+02      4.57005e-10
    1.56315e+00      2.57862e-04      1.00000e+02      4.61990e-10
    1.58108e+00      2.52598e-04      1.00000e+02      4.67040e-10
    1.59922e+00      2.47439e-04      1.00000e+02      4.72161e-10
    1.61757e+00      2.42293e-04      1.00000e+02      4.77320e-10
    1.63612e+00      2.37193e-04      1.00000e+02      4.82507e-10
    1.65489e+00      2.32169e-04      1.00000e+02      4.87714e-10
    1.67388e+00      2.27156e-04      1.00000e+02      4.92975e-10
    1.69308e+00      2.22226e-04      1.00000e+02      4.98327e-10
    1.71250e+00      2.17340e-04      1.00000e+02      5.03735e-10
    1.73215e+00      2.12474e-04      1.00000e+02      5.09201e-10
    1.75202e+00      2.07708e-04      1.00000e+02      5.14721e-10
    1.77212e+00      2.02976e-04      1.00000e+02      5.20299e-10
    1.79245e+00      1.98272e-04      1.00000e+02      5.25935e-10
    1.81302e+00      1.93663e-04      1.00000e+02      5.31634e-10
    1.83382e+00      1.89094e-04      1.00000e+02      5.37392e-10
    1.85485e+00      1.84559e-04      1.00000e+02      5.43211e-10
    1.87613e+00      1.80106e-04      1.00000e+02      5.49088e-10
    1.89766e+00      1.75712e-04      1.00000e+02      5.55035e-10
    1.91943e+00      1.71359e-04      1.00000e+02      5.61039e-10
    1.94145e+00      1.67056e-04      1.00000e+02      5.67089e-10
    1.96372e+00      1.62843e-04      1.00000e+02      5.73212e-10
    1.98625e+00      1.58887e-04      1.00000e+02      5.87958e-10
    2.00903e+00      1.55022e-04      1.00000e+02      6.04547e-10
    2.03208e+00      1.50957e-04      1.00000e+02      6.11076e-10
    2.05540e+00      1.46980e-04      1.00000e+02      6.17594e-10
    2.07898e+00      1.43054e-04      1.00000e+02      6.24275e-10
    2.10283e+00      1.39182e-04      1.00000e+02      6.31044e-10
    2.12695e+00      1.35366e-04      1.00000e+02      6.37843e-10
    2.15135e+00      1.31620e-04      1.00000e+02      6.44711e-10
    2.17603e+00      1.27946e-04      1.00000e+02      6.51651e-10
    2.20100e+00      1.24331e-04      1.00000e+02      6.58662e-10
    2.22625e+00      1.20774e-04      1.00000e+02      6.65748e-10
    2.25179e+00      1.17276e-04      1.00000e+02      6.72908e-10
    2.27762e+00      1.13841e-04      1.00000e+02      6.80135e-10
    2.30375e+00      1.10471e-04      1.00000e+02      6.87440e-10
    2.33018e+00      1.07180e-04      1.00000e+02      6.94820e-10
    2.35691e+00      1.03947e-04      1.00000e+02      7.02253e-10
    2.38395e+00      1.00777e-04      1.00000e+02      7.09793e-10
    2.41130e+00      9.76709e-05      1.00000e+02      7.17427e-10
    2.43897e+00      9.46285e-05      1.00000e+02      7.25126e-10
    2.46695e+00      9.16507e-05      1.00000e+02      7.32890e-10
    2.49525e+00      8.87381e-05      1.00000e+02      7.40742e-10
    2.52387e+00      8.58889e-05      1.00000e+02      7.48676e-10
    2.55283e+00      8.31039e-05      1.00000e+02      7.56707e-10
    2.58212e+00      8.03872e-05      1.00000e+02      7.64864e-10
    2.61174e+00      7.77345e-05      1.00000e+02      7.73036e-10
    2.64170e+00      7.51472e-05      1.00000e+02      7.81278e-10
    2.67201e+00      7.26245e-05      1.00000e+02      7.89557e-10
    2.70266e+00      7.01659e-05      1.00000e+02      7.97982e-10
    2.73367e+00      6.77734e-05      1.00000e+02      8.06491e-10
    2.76503e+00      6.54433e-05      1.00000e+02      8.15097e-10
    2.79675e+00      6.31778e-05      1.00000e+02      8.23782e-10
    2.82884e+00      6.09748e-05      1.00000e+02      8.32558e-10
    2.86129e+00      5.88351e-05      1.00000e+02      8.41422e-10
    2.89412e+00      5.67583e-05      1.00000e+02      8.50393e-10
    2.92732e+00      5.47421e-05      1.00000e+02      8.59451e-10
    2.96091e+00      5.27875e-05      1.00000e+02      8.68564e-10
    2.99488e+00      5.08929e-05      1.00000e+02      8.77785e-10
    3.02923e+00      4.90583e-05      1.00000e+02      8.87030e-10
    3.06399e+00      4.72901e-05      1.00000e+02      8.96517e-10
    3.09914e+00      4.55826e-05      1.00000e+02      9.06028e-10
    3.13469e+00      4.39308e-05      1.00000e+02      9.15637e-10
    3.17066e+00      4.23357e-05      1.00000e+02      9.25339e-10
    3.20703e+00      4.07970e-05      1.00000e+02      9.35142e-10
    3.24382e+00      3.93163e-05      1.00000e+02      9.45042e-10
    3.28104e+00      3.78985e-05      1.00000e+02      9.55048e-10
    3.31868e+00      3.65304e-05      1.00000e+02      9.65149e-10
    3.35675e+00      3.52151e-05      1.00000e+02      9.75353e-10
    3.39527e+00      3.39565e-05      1.00000e+02      9.85658e-10
    3.43422e+00      3.27523e-05      1.00000e+02      9.96037e-10
    3.47362e+00      3.15981e-05      1.00000e+02      1.00653e-09
    3.51347e+00      3.04911e-05      1.00000e+02      1.01717e-09
    3.55378e+00      2.94410e-05      1.00000e+02      1.02791e-09
    3.59455e+00      2.84370e-05      1.00000e+02      1.03880e-09
    3.63579e+00      2.74788e-05      1.00000e+02      1.04977e-09
    3.67750e+00      2.65717e-05      1.00000e+02      1.06082e-09
    3.71969e+00      2.57069e-05      1.00000e+02      1.07198e-09
    3.76236e+00      2.48889e-05      1.00000e+02      1.08316e-09
    3.80553e+00      2.41135e-05      1.00000e+02      1.09454e-09
    3.84919e+00      2.33797e-05      1.00000e+02      1.10603e-09
    3.89335e+00      2.26891e-05      1.00000e+02      1.11762e-09
    3.93801e+00      2.20355e-05      1.00000e+02      1.12935e-09
    3.98319e+00      2.14243e-05      1.00000e+02      1.14117e-09
    4.02889e+00      2.08470e-05      1.00000e+02      1.15312e-09
    4.07511e+00      2.03093e-05      1.00000e+02      1.16519e-09
    4.12186e+00      1.98031e-05      1.00000e+02      1.17738e-09
    4.16915e+00      1.93344e-05      1.00000e+02      1.18971e-09
    4.21698e+00      1.88948e-05      1.00000e+02      1.20207e-09
    4.26536e+00      1.84876e-05      1.00000e+02      1.21456e-09
    4.31430e+00      1.81109e-05      1.00000e+02      1.22728e-09
    4.36379e+00      1.77603e-05      1.00000e+02      1.24011e-09
    4.41386e+00      1.74397e-05      1.00000e+02      1.25302e-09
    4.46450e+00      1.71432e-05      1.00000e+02      1.26607e-09
    4.51572e+00      1.68714e-05      1.00000e+02      1.27924e-09
    4.56752e+00      1.66228e-05      1.00000e+02      1.29254e-09
    4.61992e+00      1.63968e-05      1.00000e+02      1.30596e-09
    4.67293e+00      1.61911e-05      1.00000e+02      1.31952e-09
    4.72654e+00      1.60046e-05      1.00000e+02      1.33321e-09
    4.78076e+00      1.58357e-05      1.00000e+02      1.34703e-09
    4.83561e+00      1.56849e-05      1.00000e+02      1.36105e-09
    4.89109e+00      1.55494e-05      1.00000e+02      1.37516e-09
    4.94720e+00      1.54284e-05      1.00000e+02      1.38940e-09
    5.00396e+00      1.53206e-05      1.00000e+02      1.40369e-09
    5.06137e+00      1.52252e-05      1.00000e+02      1.41818e-09
    5.11944e+00      1.51408e-05      1.00000e+02      1.43282e-09
    5.17817e+00      1.50669e-05      1.00000e+02      1.44761e-09
    5.23758e+00      1.50018e-05      1.00000e+02      1.46252e-09
    5.29767e+00      1.49456e-05      1.00000e+02      1.47758e-09
    5.35844e+00      1.48962e-05      1.00000e+02      1.49279e-09
    5.41992e+00      1.48536e-05      1.00000e+02      1.50814e-09
    5.48210e+00      1.48167e-05      1.00000e+02      1.52363e-09
    5.54500e+00      1.47848e-05      1.00000e+02      1.53933e-09
    5.60861e+00      1.47572e-05      1.00000e+02      1.55507e-09
    5.67296e+00      1.47333e-05      1.00000e+02      1.57094e-09
    5.73804e+00      1.47126e-05      1.00000e+02      1.58707e-09
    5.80387e+00      1.46946e-05      1.00000e+02      1.60335e-09
    5.87046e+00      1.46787e-05      1.00000e+02      1.61974e-09
    5.93781e+00      1.46648e-05      1.00000e+02      1.63629e-09
    6.00593e+00      1.46524e-05      1.00000e+02      1.65300e-09
    6.07483e+00      1.46412e-05      1.00000e+02      1.66985e-09
    6.14453e+00      1.46311e-05      1.00000e+02      1.68680e-09
    6.21502e+00      1.46218e-05      1.00000e+02      1.70397e-09
    6.28633e+00      1.46131e-05      1.00000e+02      1.72133e-09
    6.35845e+00      1.46049e-05      1.00000e+02      1.73888e-09
    6.43140e+00      1.45972e-05      1.00000e+02      1.75663e-09
    6.50518e+00      1.45897e-05      1.00000e+02      1.77447e-09
    6.57981e+00      1.45826e-05      1.00000e+02      1.79247e-09
    6.65530e+00      1.45756e-05      1.00000e+02      1.81055e-09
    6.73166e+00      1.45687e-05      1.00000e+02      1.82887e-09
    6.80889e+00      1.45620e-05      1.00000e+02      1.84735e-09
    6.88700e+00      1.45554e-05      1.00000e+02      1.86602e-09
    6.96602e+00      1.45488e-05      1.00000e+02      1.88486e-09
    7.04593e+00      1.45423e-05      1.00000e+02      1.90386e-09
    7.12677e+00      1.45358e-05      1.00000e+02      1.92307e-09
    7.20853e+00      1.45294e-05      1.00000e+02      1.94244e-09
    7.29124e+00      1.45230e-05      1.00000e+02      1.96188e-09
    7.37489e+00      1.45166e-05      1.00000e+02      1.98158e-09
    7.45950e+00      1.45102e-05      1.00000e+02      2.00151e-09
    7.54508e+00      1.45038e-05      1.00000e+02      2.02158e-09
    7.63164e+00      1.44974e-05      1.00000e+02      2.04183e-09
    7.71920e+00      1.44911e-05      1.00000e+02      2.06226e-09
    7.80776e+00      1.44847e-05      1.00000e+02      2.08281e-09
    7.89733e+00      1.44784e-05      1.00000e+02      2.10360e-09
    7.98794e+00      1.44720e-05      1.00000e+02      2.12459e-09
    8.07958e+00      1.44657e-05      1.00000e+02      2.14580e-09
    8.17227e+00      1.44593e-05      1.00000e+02      2.16724e-09
    8.26603e+00      1.44529e-05      1.00000e+02      2.18882e-09
    8.36087e+00      1.44464e-05      1.00000e+02      2.21058e-09
    8.45679e+00      1.44400e-05      1.00000e+02      2.23244e-09
    8.55381e+00      1.44335e-05      1.00000e+02      2.25457e-09
    8.65195e+00      1.44270e-05      1.00000e+02      2.27688e-09
    8.75121e+00      1.44204e-05      1.00000e+02      2.29941e-09
    8.85161e+00      1.44137e-05      1.00000e+02      2.32213e-09
    8.95316e+00      1.44071e-05      1.00000e+02      2.34505e-09
    9.05588e+00      1.44004e-05      1.00000e+02      2.36821e-09
    9.15977e+00      1.43936e-05      1.00000e+02      2.39149e-09
    9.26486e+00      1.43868e-05      1.00000e+02      2.41498e-09
    9.37116e+00      1.43800e-05      1.00000e+02      2.43870e-09
    9.47867e+00      1.43731e-05      1.00000e+02      2.46263e-09
    9.58742e+00      1.43661e-05      1.00000e+02      2.48677e-09
    9.69741e+00      1.43591e-05      1.00000e+02      2.51108e-09
    9.80867e+00      1.43520e-05      1.00000e+02      2.53561e-09
    9.92120e+00      1.43449e-05      1.00000e+02      2.56036e-09
    1.00350e+01      1.43377e-05      1.00000e+02      2.58543e-09
    1.01502e+01      1.43304e-05      1.00000e+02      2.61064e-09
    1.02666e+01      1.43230e-05      1.00000e+02      2.63604e-09
    1.03844e+01      1.43156e-05      1.00000e+02      2.66166e-09
    1.05035e+01      1.43081e-05      1.00000e+02      2.68747e-09
    1.06240e+01      1.43005e-05      1.00000e+02      2.71348e-09
    1.07459e+01      1.42928e-05      1.00000e+02      2.73975e-09
    1.08692e+01      1.42850e-05      1.00000e+02      2.76627e-09
    1.09939e+01      1.42771e-05      1.00000e+02      2.79299e-09
    1.11200e+01      1.42692e-05      1.00000e+02      2.81991e-09
    1.12476e+01      1.42613e-05      1.00000e+02      2.84700e-09
    1.13767e+01      1.42532e-05      1.00000e+02      2.87433e-09
    1.15072e+01      1.42451e-05      1.00000e+02      2.90193e-09
    1.16392e+01      1.42368e-05      1.00000e+02      2.92976e-09
    1.17727e+01      1.42285e-05      1.00000e+02      2.95778e-09
    1.19078e+01      1.42201e-05      1.00000e+02      2.98607e-09
    1.20444e+01      1.42116e-05      1.00000e+02      3.01461e-09
    1.21826e+01      1.42031e-05      1.00000e+02      3.04330e-09
    1.23224e+01      1.41944e-05      1.00000e+02      3.07231e-09
    1.24637e+01      1.41857e-05      1.00000e+02      3.10154e-09
    1.26067e+01      1.41768e-05      1.00000e+02      3.13104e-09
    1.27514e+01      1.41679e-05      1.00000e+02      3.16068e-09
    1.28977e+01      1.41589e-05      1.00000e+02      3.19060e-09
    1.30456e+01      1.41498e-05      1.00000e+02      3.22077e-09
    1.31953e+01      1.41406e-05      1.00000e+02      3.25120e-09
    1.33467e+01      1.41314e-05      1.00000e+02      3.28177e-09
    1.34998e+01      1.41220e-05      1.00000e+02      3.31259e-09
    1.36547e+01      1.41125e-05      1.00000e+02      3.34372e-09
    1.38113e+01      1.41029e-05      1.00000e+02      3.37504e-09
    1.39698e+01      1.40933e-05      1.00000e+02      3.40664e-09
    1.41301e+01      1.40834e-05      1.00000e+02      3.43842e-09
    1.42922e+01      1.40734e-05      1.00000e+02      3.47049e-09
    1.44562e+01      1.40634e-05      1.00000e+02      3.50287e-09
    1.46220e+01      1.40534e-05      1.00000e+02      3.53539e-09
    1.47898e+01      1.40432e-05      1.00000e+02      3.56826e-09
    1.49594e+01      1.40329e-05      1.00000e+02      3.60132e-09
    1.51311e+01      1.40225e-05      1.00000e+02      3.63464e-09
    1.53047e+01      1.40119e-05      1.00000e+02      3.66820e-09
    1.54803e+01      1.40013e-05      1.00000e+02      3.70203e-09
    1.56579e+01      1.39905e-05      1.00000e+02      3.73610e-09
    1.58375e+01      1.39797e-05      1.00000e+02      3.77039e-09
    1.60192e+01      1.39687e-05      1.00000e+02      3.80491e-09
    1.62030e+01      1.39577e-05      1.00000e+02      3.83973e-09
    1.63889e+01      1.39465e-05      1.00000e+02      3.87482e-09
    1.65769e+01      1.39352e-05      1.00000e+02      3.91015e-09
    1.67671e+01      1.39238e-05      1.00000e+02      3.94573e-09
    1.69594e+01      1.39123e-05      1.00000e+02      3.98156e-09
    1.71540e+01      1.39005e-05      1.00000e+02      4.01763e-09
    1.73508e+01      1.38888e-05      1.00000e+02      4.05398e-09
    1.75499e+01      1.38769e-05      1.00000e+02      4.09056e-09
    1.77512e+01      1.38649e-05      1.00000e+02      4.12742e-09
    1.79549e+01      1.38528e-05      1.00000e+02      4.16454e-09
    1.81609e+01      1.38406e-05      1.00000e+02      4.20189e-09
    1.83692e+01      1.38282e-05      1.00000e+02      4.23951e-09
    1.85800e+01      1.38158e-05      1.00000e+02      4.27741e-09
    1.87932e+01      1.38032e-05      1.00000e+02      4.31557e-09
    1.90088e+01      1.37904e-05      1.00000e+02      4.35399e-09
    1.92268e+01      1.37776e-05      1.00000e+02      4.39267e-09
    1.94474e+01      1.37646e-05      1.00000e+02      4.43160e-09
    1.96705e+01      1.37515e-05      1.00000e+02      4.47077e-09
    1.98962e+01      1.37383e-05      1.00000e+02      4.51019e-09
    2.01245e+01      1.37249e-05      1.00000e+02      4.54988e-09
    2.03554e+01      1.37114e-05      1.00000e+02      4.58983e-09
    2.05889e+01      1.36978e-05      1.00000e+02      4.63003e-09
    2.08251e+01      1.36841e-05      1.00000e+02      4.67050e-09
    2.10640e+01      1.36702e-05      1.00000e+02      4.71122e-09
    2.13057e+01      1.36561e-05      1.00000e+02      4.75221e-09
    2.15501e+01      1.36420e-05      1.00000e+02      4.79347e-09
    2.17974e+01      1.36277e-05      1.00000e+02      4.83499e-09
    2.20475e+01      1.36132e-05      1.00000e+02      4.87678e-09
    2.23004e+01      1.35986e-05      1.00000e+02      4.91883e-09
    2.25563e+01      1.35839e-05      1.00000e+02      4.96112e-09
    2.28150e+01      1.35690e-05      1.00000e+02      5.00363e-09
    2.30768e+01      1.35540e-05      1.00000e+02      5.04639e-09
    2.33416e+01      1.35388e-05      1.00000e+02      5.08943e-09
    2.36093e+01      1.35235e-05      1.00000e+02      5.13270e-09
    2.38802e+01      1.35080e-05      1.00000e+02      5.17620e-09
    2.41542e+01      1.34924e-05      1.00000e+02      5.21999e-09
    2.44313e+01      1.34766e-05      1.00000e+02      5.26403e-09
    2.47116e+01      1.34606e-05      1.00000e+02      5.30834e-09
    2.49951e+01      1.34446e-05      1.00000e+02      5.35291e-09
    2.52819e+01      1.34284e-05      1.00000e+02      5.39774e-09
    2.55719e+01      1.34120e-05      1.00000e+02      5.44281e-09
    2.58653e+01      1.33954e-05      1.00000e+02      5.48809e-09
    2.61621e+01      1.33787e-05      1.00000e+02      5.53360e-09
    2.64622e+01      1.33619e-05      1.00000e+02      5.57935e-09
    2.67658e+01      1.33449e-05      1.00000e+02      5.62535e-09
    2.70729e+01      1.33277e-05      1.00000e+02      5.67159e-09
    2.73835e+01      1.33104e-05      1.00000e+02      5.71805e-09
    2.76977e+01      1.32929e-05      1.00000e+02      5.76478e-09
    2.80154e+01      1.32751e-05      1.00000e+02      5.81175e-09
    2.83369e+01      1.32572e-05      1.00000e+02      5.85896e-09
    2.86620e+01      1.32392e-05      1.00000e+02      5.90641e-09
    2.89908e+01      1.32209e-05      1.00000e+02      5.95408e-09
    2.93234e+01      1.32025e-05      1.00000e+02      6.00195e-09
    2.96598e+01      1.31840e-05      1.00000e+02      6.05004e-09
    3.00001e+01      1.31652e-05      1.00000e+02      6.09835e-09
