    Er (keV)         SM dN/dE         BG dN/dE        BSM dN/dE (events/kg/day/keV)
    2.50100e-01      7.66155e+00      1.00000e+02      2.43952e-03
    2.52651e-01      7.59394e+00      1.00000e+02      2.39451e-03
    2.55227e-01      7.52564e+00      1.00000e+02      2.34905e-03
    2.57830e-01      7.45665e+00      1.00000e+02      2.30311e-03
    2.60459e-01      7.38695e+00      1.00000e+02      2.25671e-03
    2.63115e-01      7.31654e+00      1.00000e+02      2.20984e-03
    2.65799e-01      7.24541e+00      1.00000e+02      2.16249e-03
    2.68509e-01      7.17356e+00      1.00000e+02      2.11465e-03
    2.71248e-01      7.10097e+00      1.00000e+02      2.06633e-03
    2.74014e-01      7.02764e+00      1.00000e+02      2.01751e-03
    2.76808e-01      6.95357e+00      1.00000e+02      1.96820e-03
    2.79631e-01      6.87873e+00      1.00000e+02      1.91838e-03
    2.82483e-01      6.80314e+00      1.00000e+02      1.86806e-03
    2.85364e-01      6.72677e+00      1.00000e+02      1.81722e-03
    2.88274e-01      6.64963e+00      1.00000e+02      1.76586e-03
    2.91214e-01      6.57694e+00      1.00000e+02      1.72038e-03
    2.94184e-01      6.51286e+00      1.00000e+02      1.68587e-03
    2.97185e-01      6.44813e+00      1.00000e+02      1.65100e-03
    3.00215e-01      6.38274e+00      1.00000e+02      1.61578e-03
    3.03277e-01      6.31668e+00      1.00000e+02      1.58020e-03
    3.06370e-01      6.24995e+00      1.00000e+02      1.54425e-03
    3.09495e-01      6.18254e+00      1.00000e+02      1.50794e-03
    3.12651e-01      6.11444e+00      1.00000e+02      1.47126e-03
    3.15840e-01      6.04564e+00      1.00000e+02      1.43421e-03
    3.19061e-01      5.97615e+00      1.00000e+02      1.39677e-03
    3.22315e-01      5.90594e+00      1.00000e+02      1.35896e-03
    3.25602e-01      5.83502e+00      1.00000e+02      1.32075e-03
    3.28923e-01      5.76337e+00      1.00000e+02      1.28216e-03
    3.32278e-01      5.69843e+00      1.00000e+02      1.25062e-03
    3.35667e-01      5.63809e+00      1.00000e+02      1.22400e-03
    3.39090e-01      5.57712e+00      1.00000e+02      1.19711e-03
    3.42549e-01      5.51553e+00      1.00000e+02      1.16995e-03
    3.46042e-01      5.45332e+00      1.00000e+02      1.14251e-03
    3.49572e-01      5.39047e+00      1.00000e+02      1.11479e-03
    3.53137e-01      5.32698e+00      1.00000e+02      1.08679e-03
    3.56739e-01      5.26284e+00      1.00000e+02      1.05850e-03
    3.60377e-01      5.19804e+00      1.00000e+02      1.02992e-03
    3.64053e-01      5.13259e+00      1.00000e+02      1.00105e-03
    3.67766e-01      5.06647e+00      1.00000e+02      9.71888e-04
    3.71517e-01      5.00274e+00      1.00000e+02      9.44948e-04
    3.75306e-01      4.94621e+00      1.00000e+02      9.24179e-04
    3.79134e-01      4.88911e+00      1.00000e+02      9.03198e-04
    3.83001e-01      4.83142e+00      1.00000e+02      8.82003e-04
    3.86907e-01      4.77315e+00      1.00000e+02      8.60591e-04
    3.90853e-01      4.71428e+00      1.00000e+02      8.38962e-04
    3.94840e-01      4.65481e+00      1.00000e+02      8.17112e-04
    3.98867e-01      4.59473e+00      1.00000e+02      7.95038e-04
    4.02935e-01      4.53404e+00      1.00000e+02      7.72740e-04
    4.07045e-01      4.47273e+00      1.00000e+02      7.50214e-04
    4.11196e-01      4.41213e+00      1.00000e+02      7.28361e-04
    4.15391e-01      4.35903e+00      1.00000e+02      7.11784e-04
    4.19627e-01      4.30538e+00      1.00000e+02      6.95039e-04
    4.23907e-01      4.25119e+00      1.00000e+02      6.78123e-04
    4.28231e-01      4.19644e+00      1.00000e+02      6.61034e-04
    4.32599e-01      4.14114e+00      1.00000e+02      6.43770e-04
    4.37011e-01      4.08527e+00      1.00000e+02      6.26331e-04
    4.41469e-01      4.02883e+00      1.00000e+02      6.08714e-04
    4.45971e-01      3.97182e+00      1.00000e+02      5.90916e-04
    4.50520e-01      3.91422e+00      1.00000e+02      5.72938e-04
    4.55115e-01      3.86453e+00      1.00000e+02      5.59301e-04
    4.59758e-01      3.81480e+00      1.00000e+02      5.45773e-04
    4.64447e-01      3.76456e+00      1.00000e+02      5.32108e-04
    4.69184e-01      3.71381e+00      1.00000e+02      5.18303e-04
    4.73970e-01      3.66254e+00      1.00000e+02      5.04358e-04
    4.78804e-01      3.61075e+00      1.00000e+02      4.90270e-04
    4.83688e-01      3.55843e+00      1.00000e+02      4.76038e-04
    4.88622e-01      3.50557e+00      1.00000e+02      4.61662e-04
    4.93606e-01      3.45546e+00      1.00000e+02      4.49050e-04
    4.98640e-01      3.40764e+00      1.00000e+02      4.37948e-04
    5.03726e-01      3.35934e+00      1.00000e+02      4.26733e-04
    5.08865e-01      3.31054e+00      1.00000e+02      4.15403e-04
    5.14055e-01      3.26124e+00      1.00000e+02      4.03958e-04
    5.19298e-01      3.21145e+00      1.00000e+02      3.92396e-04
    5.24595e-01      3.16114e+00      1.00000e+02      3.80716e-04
    5.29946e-01      3.11032e+00      1.00000e+02      3.68917e-04
    5.35352e-01      3.06485e+00      1.00000e+02      3.59180e-04
    5.40812e-01      3.02045e+00      1.00000e+02      3.49915e-04
    5.46329e-01      2.97560e+00      1.00000e+02      3.40557e-04
    5.51901e-01      2.93030e+00      1.00000e+02      3.31103e-04
    5.57531e-01      2.88453e+00      1.00000e+02      3.21552e-04
    5.63218e-01      2.83829e+00      1.00000e+02      3.11904e-04
    5.68963e-01      2.79159e+00      1.00000e+02      3.02158e-04
    5.74766e-01      2.74803e+00      1.00000e+02      2.93636e-04
    5.80629e-01      2.70636e+00      1.00000e+02      2.85873e-04
    5.86552e-01      2.66426e+00      1.00000e+02      2.78032e-04
    5.92535e-01      2.62173e+00      1.00000e+02      2.70110e-04
    5.98579e-01      2.57877e+00      1.00000e+02      2.62108e-04
    6.04684e-01      2.53537e+00      1.00000e+02      2.54024e-04
    6.10852e-01      2.49152e+00      1.00000e+02      2.45857e-04
    6.17083e-01      2.45221e+00      1.00000e+02      2.39189e-04
    6.23378e-01      2.41295e+00      1.00000e+02      2.32595e-04
    6.29736e-01      2.37329e+00      1.00000e+02      2.25933e-04
    6.36160e-01      2.33323e+00      1.00000e+02      2.19204e-04
    6.42649e-01      2.29276e+00      1.00000e+02      2.12406e-04
    6.49204e-01      2.25187e+00      1.00000e+02      2.05539e-04
    6.55827e-01      2.21375e+00      1.00000e+02      1.99513e-04
    6.62516e-01      2.17697e+00      1.00000e+02      1.93919e-04
    6.69274e-01      2.13981e+00      1.00000e+02      1.88268e-04
    6.76101e-01      2.10228e+00      1.00000e+02      1.82559e-04
    6.82998e-01      2.06436e+00      1.00000e+02      1.76792e-04
    6.89965e-01      2.02606e+00      1.00000e+02      1.70966e-04
    6.97003e-01      1.99077e+00      1.00000e+02      1.65934e-04
    7.04113e-01      1.95623e+00      1.00000e+02      1.61126e-04
    7.11295e-01      1.92133e+00      1.00000e+02      1.56270e-04
    7.18551e-01      1.88608e+00      1.00000e+02      1.51363e-04
    7.25880e-01      1.85047e+00      1.00000e+02      1.46407e-04
    7.33285e-01      1.81528e+00      1.00000e+02      1.41581e-04
    7.40765e-01      1.78298e+00      1.00000e+02      1.37446e-04
    7.48321e-01      1.75034e+00      1.00000e+02      1.33269e-04
    7.55954e-01      1.71738e+00      1.00000e+02      1.29050e-04
    7.63666e-01      1.68408e+00      1.00000e+02      1.24787e-04
    7.71456e-01      1.65043e+00      1.00000e+02      1.20481e-04
    7.79325e-01      1.61999e+00      1.00000e+02      1.16857e-04
    7.87275e-01      1.58949e+00      1.00000e+02      1.13247e-04
    7.95305e-01      1.55868e+00      1.00000e+02      1.09600e-04
    8.03418e-01      1.52755e+00      1.00000e+02      1.05916e-04
    8.11614e-01      1.49610e+00      1.00000e+02      1.02194e-04
    8.19893e-01      1.46760e+00      1.00000e+02      9.90470e-05
    8.28256e-01      1.43903e+00      1.00000e+02      9.59079e-05
    8.36705e-01      1.41016e+00      1.00000e+02      9.27368e-05
    8.45240e-01      1.38100e+00      1.00000e+02      8.95333e-05
    8.53862e-01      1.35212e+00      1.00000e+02      8.63983e-05
    8.62573e-01      1.32550e+00      1.00000e+02      8.36832e-05
    8.71372e-01      1.29861e+00      1.00000e+02      8.09404e-05
    8.80260e-01      1.27145e+00      1.00000e+02      7.81696e-05
    8.89240e-01      1.24401e+00      1.00000e+02      7.53706e-05
    8.98311e-01      1.21818e+00      1.00000e+02      7.28485e-05
    9.07474e-01      1.19312e+00      1.00000e+02      7.04676e-05
    9.16731e-01      1.16781e+00      1.00000e+02      6.80624e-05
    9.26083e-01      1.14223e+00      1.00000e+02      6.56327e-05
    9.35530e-01      1.11722e+00      1.00000e+02      6.33015e-05
    9.45073e-01      1.09377e+00      1.00000e+02      6.12206e-05
    9.54714e-01      1.07009e+00      1.00000e+02      5.91185e-05
    9.64453e-01      1.04616e+00      1.00000e+02      5.69948e-05
    9.74291e-01      1.02239e+00      1.00000e+02      5.49027e-05
    9.84230e-01      1.00048e+00      1.00000e+02      5.30730e-05
    9.94270e-01      9.78356e-01      1.00000e+02      5.12246e-05
    1.00441e+00      9.56002e-01      1.00000e+02      4.93573e-05
    1.01466e+00      9.33789e-01      1.00000e+02      4.75214e-05
    1.02501e+00      9.13120e-01      1.00000e+02      4.59087e-05
    1.03547e+00      8.92240e-01      1.00000e+02      4.42796e-05
    1.04603e+00      8.71147e-01      1.00000e+02      4.26338e-05
    1.05670e+00      8.50568e-01      1.00000e+02      4.10570e-05
    1.06748e+00      8.31183e-01      1.00000e+02      3.96297e-05
    1.07837e+00      8.11601e-01      1.00000e+02      3.81877e-05
    1.08937e+00      7.91819e-01      1.00000e+02      3.67311e-05
    1.10048e+00      7.73088e-01      1.00000e+02      3.53980e-05
    1.11171e+00      7.54827e-01      1.00000e+02      3.41245e-05
    1.12305e+00      7.36379e-01      1.00000e+02      3.28380e-05
    1.13450e+00      7.17922e-01      1.00000e+02      3.15571e-05
    1.14608e+00      7.00863e-01      1.00000e+02      3.04293e-05
    1.15777e+00      6.83630e-01      1.00000e+02      2.92900e-05
    1.16958e+00      6.66221e-01      1.00000e+02      2.81390e-05
    1.18151e+00      6.49708e-01      1.00000e+02      2.70855e-05
    1.19356e+00      6.33555e-01      1.00000e+02      2.60749e-05
    1.20574e+00      6.17237e-01      1.00000e+02      2.50541e-05
    1.21804e+00      6.01348e-01      1.00000e+02      2.40733e-05
    1.23046e+00      5.86376e-01      1.00000e+02      2.31739e-05
    1.24302e+00      5.71251e-01      1.00000e+02      2.22654e-05
    1.25570e+00      5.56151e-01      1.00000e+02      2.13660e-05
    1.26851e+00      5.41922e-01      1.00000e+02      2.05620e-05
    1.28145e+00      5.27548e-01      1.00000e+02      1.97498e-05
    1.29452e+00      5.13089e-01      1.00000e+02      1.89341e-05
    1.30772e+00      4.99808e-01      1.00000e+02      1.82147e-05
    1.32107e+00      4.86393e-01      1.00000e+02      1.74880e-05
    1.33454e+00      4.72880e-01      1.00000e+02      1.67571e-05
    1.34816e+00      4.60383e-01      1.00000e+02      1.61132e-05
    1.36191e+00      4.47760e-01      1.00000e+02      1.54626e-05
    1.37580e+00      4.35132e-01      1.00000e+02      1.48149e-05
    1.38984e+00      4.23374e-01      1.00000e+02      1.42362e-05
    1.40401e+00      4.11497e-01      1.00000e+02      1.36517e-05
    1.41834e+00      3.99780e-01      1.00000e+02      1.30816e-05
    1.43281e+00      3.88696e-01      1.00000e+02      1.25599e-05
    1.44742e+00      3.77498e-01      1.00000e+02      1.20328e-05
    1.46219e+00      3.66674e-01      1.00000e+02      1.15347e-05
    1.47711e+00      3.56199e-01      1.00000e+02      1.10638e-05
    1.49217e+00      3.45617e-01      1.00000e+02      1.05880e-05
    1.50740e+00      3.35674e-01      1.00000e+02      1.01575e-05
    1.52277e+00      3.25780e-01      1.00000e+02      9.73261e-06
    1.53831e+00      3.15967e-01      1.00000e+02      9.31507e-06
    1.55400e+00      3.06697e-01      1.00000e+02      8.93448e-06
    1.56985e+00      2.97333e-01      1.00000e+02      8.55001e-06
    1.58587e+00      2.88387e-01      1.00000e+02      8.19224e-06
    1.60205e+00      2.79596e-01      1.00000e+02      7.84547e-06
    1.61839e+00      2.70855e-01      1.00000e+02      7.50324e-06
    1.63490e+00      2.62595e-01      1.00000e+02      7.19052e-06
    1.65158e+00      2.54251e-01      1.00000e+02      6.87461e-06
    1.66843e+00      2.46334e-01      1.00000e+02      6.58415e-06
    1.68545e+00      2.38484e-01      1.00000e+02      6.29894e-06
    1.70264e+00      2.30803e-01      1.00000e+02      6.02476e-06
    1.72001e+00      2.23394e-01      1.00000e+02      5.76741e-06
    1.73756e+00      2.15973e-01      1.00000e+02      5.51045e-06
    1.75528e+00      2.08995e-01      1.00000e+02      5.27534e-06
    1.77319e+00      2.01946e-01      1.00000e+02      5.03784e-06
    1.79128e+00      1.95289e-01      1.00000e+02      4.81908e-06
    1.80955e+00      1.88641e-01      1.00000e+02      4.60164e-06
    1.82801e+00      1.82251e-01      1.00000e+02      4.39676e-06
    1.84666e+00      1.75967e-01      1.00000e+02      4.19763e-06
    1.86550e+00      1.69867e-01      1.00000e+02      4.00685e-06
    1.88453e+00      1.63956e-01      1.00000e+02      3.82459e-06
    1.90375e+00      1.58161e-01      1.00000e+02      3.64779e-06
    1.92318e+00      1.52586e-01      1.00000e+02      3.48067e-06
    1.94279e+00      1.47082e-01      1.00000e+02      3.31728e-06
    1.96261e+00      1.41787e-01      1.00000e+02      3.16348e-06
    1.98264e+00      1.36561e-01      1.00000e+02      3.01279e-06
    2.00286e+00      1.31563e-01      1.00000e+02      2.87127e-06
    2.02329e+00      1.26429e-01      1.00000e+02      2.73289e-06
    2.04393e+00      1.21065e-01      1.00000e+02      2.60274e-06
    2.06479e+00      1.16278e-01      1.00000e+02      2.47628e-06
    2.08585e+00      1.12473e-01      1.00000e+02      2.35671e-06
    2.10713e+00      1.08466e-01      1.00000e+02      2.24159e-06
    2.12862e+00      1.04238e-01      1.00000e+02      2.13154e-06
    2.15034e+00      1.00159e-01      1.00000e+02      2.02691e-06
    2.17228e+00      9.61621e-02      1.00000e+02      1.92545e-06
    2.19444e+00      9.23483e-02      1.00000e+02      1.83071e-06
    2.21682e+00      8.85613e-02      1.00000e+02      1.73727e-06
    2.23944e+00      8.50014e-02      1.00000e+02      1.65189e-06
    2.26228e+00      8.14646e-02      1.00000e+02      1.56765e-06
    2.28536e+00      7.80945e-02      1.00000e+02      1.48938e-06
    2.30868e+00      7.48016e-02      1.00000e+02      1.41382e-06
    2.33223e+00      7.16023e-02      1.00000e+02      1.34150e-06
    2.35602e+00      6.85415e-02      1.00000e+02      1.27326e-06
    2.38006e+00      6.55212e-02      1.00000e+02      1.20632e-06
    2.40434e+00      6.26669e-02      1.00000e+02      1.14411e-06
    2.42887e+00      5.98668e-02      1.00000e+02      1.08367e-06
    2.45364e+00      5.71474e-02      1.00000e+02      1.02578e-06
    2.47868e+00      5.45717e-02      1.00000e+02      9.71375e-07
    2.50396e+00      5.20463e-02      1.00000e+02      9.18407e-07
    2.52951e+00      4.96287e-02      1.00000e+02      8.68692e-07
    2.55531e+00      4.72966e-02      1.00000e+02      8.21194e-07
    2.58138e+00      4.50181e-02      1.00000e+02      7.75107e-07
    2.60771e+00      4.28667e-02      1.00000e+02      7.32111e-07
    2.63432e+00      4.07771e-02      1.00000e+02      6.90789e-07
    2.66119e+00      3.87395e-02      1.00000e+02      6.50876e-07
    2.68834e+00      3.68193e-02      1.00000e+02      6.13778e-07
    2.71577e+00      3.49616e-02      1.00000e+02      5.78253e-07
    2.74347e+00      3.31600e-02      1.00000e+02      5.44100e-07
    2.77146e+00      3.14583e-02      1.00000e+02      5.12139e-07
    2.79973e+00      2.98191e-02      1.00000e+02      4.81841e-07
    2.82830e+00      2.82271e-02      1.00000e+02      4.52802e-07
    2.85715e+00      2.66933e-02      1.00000e+02      4.25252e-07
    2.88630e+00      2.52510e-02      1.00000e+02      3.99618e-07
    2.91574e+00      2.38587e-02      1.00000e+02      3.75158e-07
    2.94549e+00      2.25166e-02      1.00000e+02      3.51891e-07
    2.97554e+00      2.12396e-02      1.00000e+02      3.30142e-07
    3.00589e+00      2.00252e-02      1.00000e+02      3.09689e-07
    3.03656e+00      1.88570e-02      1.00000e+02      2.90142e-07
    3.06753e+00      1.77355e-02      1.00000e+02      2.71484e-07
    3.09883e+00      1.66654e-02      1.00000e+02      2.53802e-07
    3.13044e+00      1.56564e-02      1.00000e+02      2.37272e-07
    3.16238e+00      1.46919e-02      1.00000e+02      2.21557e-07
    3.19464e+00      1.37688e-02      1.00000e+02      2.06655e-07
    3.22723e+00      1.28857e-02      1.00000e+02      1.92544e-07
    3.26015e+00      1.20485e-02      1.00000e+02      1.79210e-07
    3.29341e+00      1.12622e-02      1.00000e+02      1.66726e-07
    3.32701e+00      1.05142e-02      1.00000e+02      1.54885e-07
    3.36095e+00      9.80424e-03      1.00000e+02      1.43680e-07
    3.39524e+00      9.13113e-03      1.00000e+02      1.33102e-07
    3.42988e+00      8.49398e-03      1.00000e+02      1.23135e-07
    3.46487e+00      7.89315e-03      1.00000e+02      1.13767e-07
    3.50022e+00      7.32864e-03      1.00000e+02      1.05010e-07
    3.53592e+00      6.79979e-03      1.00000e+02      9.68127e-08
    3.57200e+00      6.30222e-03      1.00000e+02      8.91097e-08
    3.60844e+00      5.83376e-03      1.00000e+02      8.18912e-08
    3.64525e+00      5.39584e-03      1.00000e+02      7.51390e-08
    3.68244e+00      4.98640e-03      1.00000e+02      6.88436e-08
    3.72000e+00      4.60307e-03      1.00000e+02      6.29938e-08
    3.75796e+00      4.24533e-03      1.00000e+02      5.75614e-08
    3.79629e+00      3.91208e-03      1.00000e+02      5.25132e-08
    3.83502e+00      3.60229e-03      1.00000e+02      4.78331e-08
    3.87415e+00      3.31475e-03      1.00000e+02      4.35091e-08
    3.91367e+00      3.04757e-03      1.00000e+02      3.95216e-08
    3.95360e+00      2.80049e-03      1.00000e+02      3.58683e-08
    3.99393e+00      2.57167e-03      1.00000e+02      3.25325e-08
    4.03467e+00      2.36000e-03      1.00000e+02      2.94777e-08
    4.07584e+00      2.16474e-03      1.00000e+02      2.66465e-08
    4.11742e+00      1.98448e-03      1.00000e+02      2.40271e-08
    4.15942e+00      1.82016e-03      1.00000e+02      2.16121e-08
    4.20185e+00      1.66977e-03      1.00000e+02      1.93923e-08
    4.24472e+00      1.53152e-03      1.00000e+02      1.73634e-08
    4.28803e+00      1.40406e-03      1.00000e+02      1.55168e-08
    4.33177e+00      1.28887e-03      1.00000e+02      1.38212e-08
    4.37596e+00      1.18440e-03      1.00000e+02      1.22580e-08
    4.42061e+00      1.09000e-03      1.00000e+02      1.08213e-08
    4.46570e+00      1.00454e-03      1.00000e+02      9.50698e-09
    4.51126e+00      9.29813e-04      1.00000e+02      8.32224e-09
    4.55728e+00      8.62752e-04      1.00000e+02      7.25182e-09
    4.60378e+00      8.03200e-04      1.00000e+02      6.28711e-09
    4.65074e+00      7.51036e-04      1.00000e+02      5.41629e-09
    4.69819e+00      7.04458e-04      1.00000e+02      4.63565e-09
    4.74612e+00      6.63828e-04      1.00000e+02      3.94116e-09
    4.79454e+00      6.20757e-04      1.00000e+02      3.34976e-09
    4.84345e+00      5.99493e-04      1.00000e+02      2.82052e-09
    4.89286e+00      5.73692e-04      1.00000e+02      2.37500e-09
    4.94278e+00      5.50223e-04      1.00000e+02      1.99703e-09
    4.99321e+00      5.32299e-04      1.00000e+02      1.68708e-09
    5.04415e+00      5.15876e-04      1.00000e+02      1.43742e-09
    5.09561e+00      5.01427e-04      1.00000e+02      1.23625e-09
    5.14759e+00      4.88577e-04      1.00000e+02      1.07824e-09
    5.20010e+00      4.77178e-04      1.00000e+02      9.49679e-10
    5.25316e+00      4.66866e-04      1.00000e+02      8.42700e-10
    5.30675e+00      4.57439e-04      1.00000e+02      7.48404e-10
    5.36089e+00      4.48891e-04      1.00000e+02      6.62742e-10
    5.41558e+00      4.41365e-04      1.00000e+02      5.83727e-10
    5.47083e+00      4.34480e-04      1.00000e+02      5.11098e-10
    5.52664e+00      4.28420e-04      1.00000e+02      4.45746e-10
    5.58302e+00      4.23407e-04      1.00000e+02      3.86203e-10
    5.63998e+00      4.18243e-04      1.00000e+02      3.33071e-10
    5.69752e+00      4.14071e-04      1.00000e+02      2.85879e-10
    5.75564e+00      4.10352e-04      1.00000e+02      2.44245e-10
    5.81436e+00      4.07164e-04      1.00000e+02      2.08364e-10
    5.87368e+00      4.04360e-04      1.00000e+02      1.76944e-10
    5.93360e+00      4.01964e-04      1.00000e+02      1.49820e-10
    5.99413e+00      3.99870e-04      1.00000e+02      1.25999e-10
    6.05528e+00      3.98093e-04      1.00000e+02      1.05942e-10
    6.11706e+00      3.96545e-04      1.00000e+02      8.89795e-11
    6.17946e+00      3.95223e-04      1.00000e+02      7.53359e-11
    6.24251e+00      3.94068e-04      1.00000e+02      6.37339e-11
    6.30619e+00      3.93070e-04      1.00000e+02      5.37475e-11
    6.37053e+00      3.92207e-04      1.00000e+02      4.52991e-11
    6.43552e+00      3.91455e-04      1.00000e+02      3.82030e-11
    6.50117e+00      3.90807e-04      1.00000e+02      3.26083e-11
    6.56750e+00      3.90356e-04      1.00000e+02      2.79875e-11
    6.63450e+00      3.89723e-04      1.00000e+02      2.38138e-11
    6.70218e+00      3.89283e-04      1.00000e+02      2.00681e-11
    6.77056e+00      3.88900e-04      1.00000e+02      1.66940e-11
    6.83963e+00      3.88571e-04      1.00000e+02      1.36805e-11
    6.90941e+00      3.88295e-04      1.00000e+02      1.10315e-11
    6.97990e+00      3.88063e-04      1.00000e+02      8.70686e-12
    7.05110e+00      3.87869e-04      1.00000e+02      6.68092e-12
    7.12304e+00      3.87713e-04      1.00000e+02      4.94556e-12
    7.19571e+00      3.87586e-04      1.00000e+02      3.48894e-12
    7.26912e+00      3.87486e-04      1.00000e+02      2.31192e-12
    7.34328e+00      3.87410e-04      1.00000e+02      1.39073e-12
    7.41819e+00      3.87348e-04      1.00000e+02      7.12705e-13
    7.49387e+00      3.87297e-04      1.00000e+02      2.64457e-13
    7.57032e+00      3.87255e-04      1.00000e+02      3.81588e-14
    7.64755e+00      3.87215e-04      1.00000e+02      -1.54059e-193
    7.72557e+00      3.87175e-04      1.00000e+02      -3.33851e-193
    7.80439e+00      3.87136e-04      1.00000e+02      -5.08974e-193
    7.88401e+00      3.87095e-04      1.00000e+02      -6.79514e-193
    7.96444e+00      3.87054e-04      1.00000e+02      -8.45558e-193
    8.04569e+00      3.87012e-04      1.00000e+02      -1.00720e-192
    8.12777e+00      3.86969e-04      1.00000e+02      -1.16451e-192
    8.21069e+00      3.86927e-04      1.00000e+02      -1.31760e-192
    8.29446e+00      3.86885e-04      1.00000e+02      -1.46654e-192
    8.37908e+00      3.86840e-04      1.00000e+02      -1.61142e-192
    8.46456e+00      3.86796e-04      1.00000e+02      -1.75233e-192
    8.55092e+00      3.86752e-04      1.00000e+02      -1.88936e-192
    8.63815e+00      3.86707e-04      1.00000e+02      -2.02258e-192
    8.72628e+00      3.86662e-04      1.00000e+02      -2.15198e-192
    8.81530e+00      3.86616e-04      1.00000e+02      -2.27763e-192
    8.90523e+00      3.86572e-04      1.00000e+02      -2.39973e-192
    8.99608e+00      3.86524e-04      1.00000e+02      -2.51835e-192
    9.08786e+00      3.86477e-04      1.00000e+02      -2.63346e-192
    9.18058e+00      3.86429e-04      1.00000e+02      -2.74509e-192
    9.27424e+00      3.86382e-04      1.00000e+02      -2.85348e-192
    9.36885e+00      3.86332e-04      1.00000e+02      -2.95860e-192
    9.46443e+00      3.86285e-04      1.00000e+02      -3.06044e-192
    9.56099e+00      3.86239e-04      1.00000e+02      -3.15925e-192
    9.65853e+00      3.86188e-04      1.00000e+02      -3.25488e-192
    9.75706e+00      3.86137e-04      1.00000e+02      -3.34756e-192
    9.85660e+00      3.86088e-04      1.00000e+02      -3.43727e-192
    9.95716e+00      3.86035e-04      1.00000e+02      -3.52409e-192
    1.00587e+01      3.85984e-04      1.00000e+02      -3.60807e-192
    1.01614e+01      3.85932e-04      1.00000e+02      -3.68930e-192
    1.02650e+01      3.85879e-04      1.00000e+02      -3.76776e-192
    1.03697e+01      3.85825e-04      1.00000e+02      -3.84364e-192
    1.04755e+01      3.85774e-04      1.00000e+02      -3.91682e-192
    1.05824e+01      3.85721e-04      1.00000e+02      -3.98748e-192
    1.06904e+01      3.85665e-04      1.00000e+02      -4.05568e-192
    1.07994e+01      3.85609e-04      1.00000e+02      -4.12136e-192
    1.09096e+01      3.85558e-04      1.00000e+02      -4.18466e-192
    1.10209e+01      3.85502e-04      1.00000e+02      -4.24564e-192
    1.11333e+01      3.85445e-04      1.00000e+02      -4.30433e-192
    1.12469e+01      3.85389e-04      1.00000e+02      -4.36073e-192
    1.13617e+01      3.85331e-04      1.00000e+02      -4.41492e-192
    1.14776e+01      3.85273e-04      1.00000e+02      -4.46697e-192
    1.15947e+01      3.85219e-04      1.00000e+02      -4.51690e-192
    1.17130e+01      3.85157e-04      1.00000e+02      -4.56478e-192
    1.18325e+01      3.85097e-04      1.00000e+02      -4.61063e-192
    1.19532e+01      3.85037e-04      1.00000e+02      -4.65450e-192
    1.20751e+01      3.84977e-04      1.00000e+02      -4.69643e-192
    1.21983e+01      3.84914e-04      1.00000e+02      -4.73647e-192
    1.23228e+01      3.84851e-04      1.00000e+02      -4.77466e-192
    1.24485e+01      3.84792e-04      1.00000e+02      -4.81104e-192
    1.25755e+01      3.84729e-04      1.00000e+02      -4.84565e-192
    1.27038e+01      3.84666e-04      1.00000e+02      -4.87850e-192
    1.28334e+01      3.84598e-04      1.00000e+02      -4.90966e-192
    1.29643e+01      3.84537e-04      1.00000e+02      -4.93917e-192
    1.30966e+01      3.84472e-04      1.00000e+02      -4.96707e-192
    1.32302e+01      3.84405e-04      1.00000e+02      -4.99335e-192
    1.33651e+01      3.84339e-04      1.00000e+02      -5.01810e-192
    1.35015e+01      3.84274e-04      1.00000e+02      -5.04134e-192
    1.36392e+01      3.84203e-04      1.00000e+02      -5.06308e-192
    1.37784e+01      3.84137e-04      1.00000e+02      -5.08339e-192
    1.39189e+01      3.84069e-04      1.00000e+02      -5.10227e-192
    1.40609e+01      3.83998e-04      1.00000e+02      -5.11979e-192
    1.42044e+01      3.83931e-04      1.00000e+02      -5.13593e-192
    1.43493e+01      3.83857e-04      1.00000e+02      -5.15077e-192
    1.44957e+01      3.83784e-04      1.00000e+02      -5.16431e-192
    1.46436e+01      3.83712e-04      1.00000e+02      -5.17659e-192
    1.47930e+01      3.83639e-04      1.00000e+02      -5.18765e-192
    1.49439e+01      3.83566e-04      1.00000e+02      -5.19751e-192
    1.50963e+01      3.83492e-04      1.00000e+02      -5.20618e-192
    1.52504e+01      3.83418e-04      1.00000e+02      -5.21372e-192
    1.54059e+01      3.83342e-04      1.00000e+02      -5.22014e-192
    1.55631e+01      3.83264e-04      1.00000e+02      -5.22547e-192
    1.57219e+01      3.83187e-04      1.00000e+02      -5.22974e-192
    1.58823e+01      3.83112e-04      1.00000e+02      -5.23297e-192
    1.60443e+01      3.83032e-04      1.00000e+02      -5.23519e-192
    1.62080e+01      3.82954e-04      1.00000e+02      -5.23641e-192
    1.63733e+01      3.82875e-04      1.00000e+02      -5.23668e-192
    1.65404e+01      3.82794e-04      1.00000e+02      -5.23601e-192
    1.67091e+01      3.82714e-04      1.00000e+02      -5.23442e-192
    1.68796e+01      3.82631e-04      1.00000e+02      -5.23193e-192
    1.70518e+01      3.82550e-04      1.00000e+02      -5.22858e-192
    1.72258e+01      3.82465e-04      1.00000e+02      -5.22438e-192
    1.74015e+01      3.82381e-04      1.00000e+02      -5.21935e-192
    1.75790e+01      3.82296e-04      1.00000e+02      -5.21352e-192
    1.77584e+01      3.82210e-04      1.00000e+02      -5.20691e-192
    1.79395e+01      3.82126e-04      1.00000e+02      -5.19952e-192
    1.81226e+01      3.82038e-04      1.00000e+02      -5.19140e-192
    1.83075e+01      3.81955e-04      1.00000e+02      -5.18256e-192
    1.84942e+01      3.81865e-04      1.00000e+02      -5.17301e-192
    1.86829e+01      3.81774e-04      1.00000e+02      -5.16278e-192
    1.88735e+01      3.81684e-04      1.00000e+02      -5.15187e-192
    1.90661e+01      3.81595e-04      1.00000e+02      -5.14032e-192
    1.92606e+01      3.81501e-04      1.00000e+02      -5.12815e-192
    1.94571e+01      3.81410e-04      1.00000e+02      -5.11535e-192
    1.96556e+01      3.81313e-04      1.00000e+02      -5.10197e-192
    1.98561e+01      3.81222e-04      1.00000e+02      -5.08800e-192
    2.00587e+01      3.81127e-04      1.00000e+02      -5.07348e-192
    2.02633e+01      3.81031e-04      1.00000e+02      -5.05840e-192
    2.04700e+01      3.80934e-04      1.00000e+02      -5.04280e-192
    2.06789e+01      3.80833e-04      1.00000e+02      -5.02669e-192
    2.08898e+01      3.80735e-04      1.00000e+02      -5.01007e-192
    2.11029e+01      3.80636e-04      1.00000e+02      -4.99298e-192
    2.13182e+01      3.80535e-04      1.00000e+02      -4.97541e-192
    2.15357e+01      3.80436e-04      1.00000e+02      -4.95739e-192
    2.17554e+01      3.80334e-04      1.00000e+02      -4.93893e-192
    2.19774e+01      3.80230e-04      1.00000e+02      -4.92004e-192
    2.22016e+01      3.80127e-04      1.00000e+02      -4.90074e-192
    2.24281e+01      3.75127e-04      1.00000e+02      -4.88104e-192
    2.26569e+01      3.79914e-04      1.00000e+02      -4.86095e-192
    2.28880e+01      3.79810e-04      1.00000e+02      -4.84049e-192
    2.31215e+01      3.79703e-04      1.00000e+02      -4.81966e-192
    2.33574e+01      3.79595e-04      1.00000e+02      -4.79849e-192
    2.35957e+01      3.79482e-04      1.00000e+02      -4.77698e-192
    2.38364e+01      3.79374e-04      1.00000e+02      -4.75515e-192
    2.40796e+01      3.79264e-04      1.00000e+02      -4.73300e-192
    2.43253e+01      3.79152e-04      1.00000e+02      -4.71055e-192
    2.45735e+01      3.79038e-04      1.00000e+02      -4.68780e-192
    2.48242e+01      3.78924e-04      1.00000e+02      -4.66478e-192
    2.50774e+01      3.78810e-04      1.00000e+02      -4.64148e-192
    2.53332e+01      3.78695e-04      1.00000e+02      -4.61793e-192
    2.55917e+01      3.78577e-04      1.00000e+02      -4.59413e-192
    2.58528e+01      3.78458e-04      1.00000e+02      -4.57008e-192
    2.61165e+01      3.78339e-04      1.00000e+02      -4.54581e-192
    2.63830e+01      3.78218e-04      1.00000e+02      -4.52131e-192
    2.66521e+01      3.78098e-04      1.00000e+02      -4.49661e-192
    2.69240e+01      3.77975e-04      1.00000e+02      -4.47170e-192
    2.71987e+01      3.77850e-04      1.00000e+02      -4.44660e-192
    2.74762e+01      3.77726e-04      1.00000e+02      -4.42132e-192
    2.77565e+01      3.77601e-04      1.00000e+02      -4.39586e-192
    2.80397e+01      3.77475e-04      1.00000e+02      -4.37023e-192
    2.83257e+01      3.77348e-04      1.00000e+02      -4.34444e-192
    2.86147e+01      3.77219e-04      1.00000e+02      -4.31850e-192
    2.89067e+01      3.77088e-04      1.00000e+02      -4.29242e-192
    2.92016e+01      3.76956e-04      1.00000e+02      -4.26620e-192
    2.94995e+01      3.76825e-04      1.00000e+02      -4.23986e-192
    2.98004e+01      3.76692e-04      1.00000e+02      -4.21339e-192
    3.01045e+01      3.76557e-04      1.00000e+02      -4.18681e-192
    3.04116e+01      3.76422e-04      1.00000e+02      -4.16012e-192
    3.07218e+01      3.76286e-04      1.00000e+02      -4.13333e-192
    3.10353e+01      3.76147e-04      1.00000e+02      -4.10645e-192
    3.13519e+01      3.76011e-04      1.00000e+02      -4.07949e-192
    3.16717e+01      3.75868e-04      1.00000e+02      -4.05244e-192
    3.19948e+01      3.75726e-04      1.00000e+02      -4.02532e-192
    3.23213e+01      3.75585e-04      1.00000e+02      -3.99813e-192
    3.26510e+01      3.75443e-04      1.00000e+02      -3.97088e-192
    3.29841e+01      3.75298e-04      1.00000e+02      -3.94357e-192
    3.33206e+01      3.75152e-04      1.00000e+02      -3.91622e-192
    3.36605e+01      3.75004e-04      1.00000e+02      -3.88882e-192
    3.40040e+01      3.74857e-04      1.00000e+02      -3.86138e-192
    3.43509e+01      3.74707e-04      1.00000e+02      -3.83390e-192
    3.47013e+01      3.74555e-04      1.00000e+02      -3.80640e-192
    3.50553e+01      3.74403e-04      1.00000e+02      -3.77887e-192
    3.54130e+01      3.74249e-04      1.00000e+02      -3.75133e-192
    3.57743e+01      3.74095e-04      1.00000e+02      -3.72377e-192
    3.61392e+01      3.73939e-04      1.00000e+02      -3.69620e-192
    3.65079e+01      3.73782e-04      1.00000e+02      -3.66863e-192
    3.68804e+01      3.73624e-04      1.00000e+02      -3.64106e-192
    3.72566e+01      3.73465e-04      1.00000e+02      -3.61349e-192
    3.76367e+01      3.73304e-04      1.00000e+02      -3.58593e-192
    3.80207e+01      3.73141e-04      1.00000e+02      -3.55839e-192
    3.84086e+01      3.72978e-04      1.00000e+02      -3.53086e-192
    3.88004e+01      3.72812e-04      1.00000e+02      -3.50335e-192
    3.91963e+01      3.72645e-04      1.00000e+02      -3.47587e-192
    3.95961e+01      3.72479e-04      1.00000e+02      -3.44841e-192
    4.00001e+01      3.72309e-04      1.00000e+02      -3.42099e-192
