    Er (keV)         SM dN/dE         BG dN/dE        BSM dN/dE (events/kg/day/keV)
    1.01000e-02      2.49349e+02      1.00000e+01      3.26733e-03
    1.02859e-02      2.48445e+02      1.00000e+01      3.31896e-03
    1.04753e-02      2.47525e+02      1.00000e+01      3.37154e-03
    1.06682e-02      2.46587e+02      1.00000e+01      3.42511e-03
    1.08647e-02      2.45632e+02      1.00000e+01      3.47967e-03
    1.10648e-02      2.44660e+02      1.00000e+01      3.53524e-03
    1.12686e-02      2.43669e+02      1.00000e+01      3.59185e-03
    1.14763e-02      2.42660e+02      1.00000e+01      3.64951e-03
    1.16878e-02      2.41632e+02      1.00000e+01      3.70824e-03
    1.19032e-02      2.40585e+02      1.00000e+01      3.76806e-03
    1.21226e-02      2.39518e+02      1.00000e+01      3.82900e-03
    1.23462e-02      2.38432e+02      1.00000e+01      3.89107e-03
    1.25738e-02      2.37325e+02      1.00000e+01      3.95429e-03
    1.28057e-02      2.36198e+02      1.00000e+01      4.01869e-03
    1.30420e-02      2.35050e+02      1.00000e+01      4.08429e-03
    1.32826e-02      2.33880e+02      1.00000e+01      4.15110e-03
    1.35276e-02      2.32689e+02      1.00000e+01      4.21916e-03
    1.37773e-02      2.31476e+02      1.00000e+01      4.28848e-03
    1.40316e-02      2.30240e+02      1.00000e+01      4.35909e-03
    1.42906e-02      2.28981e+02      1.00000e+01      4.43102e-03
    1.45544e-02      2.27699e+02      1.00000e+01      4.50428e-03
    1.48231e-02      2.26392e+02      1.00000e+01      4.57890e-03
    1.50968e-02      2.25062e+02      1.00000e+01      4.65491e-03
    1.53757e-02      2.23707e+02      1.00000e+01      4.73234e-03
    1.56597e-02      2.22326e+02      1.00000e+01      4.81120e-03
    1.59489e-02      2.20920e+02      1.00000e+01      4.89153e-03
    1.62436e-02      2.19488e+02      1.00000e+01      4.97335e-03
    1.65437e-02      2.18030e+02      1.00000e+01      5.05670e-03
    1.68494e-02      2.16544e+02      1.00000e+01      5.14159e-03
    1.71608e-02      2.15030e+02      1.00000e+01      5.22806e-03
    1.74780e-02      2.13488e+02      1.00000e+01      5.31614e-03
    1.78011e-02      2.11918e+02      1.00000e+01      5.40586e-03
    1.81302e-02      2.10319e+02      1.00000e+01      5.49725e-03
    1.84654e-02      2.08689e+02      1.00000e+01      5.59033e-03
    1.88068e-02      2.07030e+02      1.00000e+01      5.68514e-03
    1.91546e-02      2.05339e+02      1.00000e+01      5.78172e-03
    1.95089e-02      2.03618e+02      1.00000e+01      5.88010e-03
    1.98697e-02      2.01864e+02      1.00000e+01      5.98030e-03
    2.02372e-02      2.00077e+02      1.00000e+01      6.08236e-03
    2.06116e-02      1.98258e+02      1.00000e+01      6.18632e-03
    2.09930e-02      1.96404e+02      1.00000e+01      6.29222e-03
    2.13814e-02      1.94516e+02      1.00000e+01      6.40008e-03
    2.17770e-02      1.92593e+02      1.00000e+01      6.50995e-03
    2.21800e-02      1.90634e+02      1.00000e+01      6.62186e-03
    2.25905e-02      1.88639e+02      1.00000e+01      6.73586e-03
    2.30087e-02      1.86607e+02      1.00000e+01      6.85197e-03
    2.34346e-02      1.84537e+02      1.00000e+01      6.97024e-03
    2.38684e-02      1.82428e+02      1.00000e+01      7.09071e-03
    2.43103e-02      1.80280e+02      1.00000e+01      7.21342e-03
    2.47604e-02      1.78093e+02      1.00000e+01      7.33841e-03
    2.52189e-02      1.75864e+02      1.00000e+01      7.46572e-03
    2.56859e-02      1.73594e+02      1.00000e+01      7.59540e-03
    2.61615e-02      1.71282e+02      1.00000e+01      7.72749e-03
    2.66461e-02      1.68928e+02      1.00000e+01      7.86204e-03
    2.71396e-02      1.66529e+02      1.00000e+01      7.99909e-03
    2.76423e-02      1.64085e+02      1.00000e+01      8.13868e-03
    2.81543e-02      1.61597e+02      1.00000e+01      8.28088e-03
    2.86759e-02      1.59061e+02      1.00000e+01      8.42571e-03
    2.92072e-02      1.56479e+02      1.00000e+01      8.57324e-03
    2.97483e-02      1.53849e+02      1.00000e+01      8.72351e-03
    3.02995e-02      1.51170e+02      1.00000e+01      8.87658e-03
    3.08610e-02      1.49980e+02      1.00000e+01      9.02526e-03
    3.14329e-02      1.48862e+02      1.00000e+01      9.17626e-03
    3.20154e-02      1.47724e+02      1.00000e+01      9.33007e-03
    3.26087e-02      1.46564e+02      1.00000e+01      9.48674e-03
    3.32131e-02      1.45382e+02      1.00000e+01      9.64632e-03
    3.38287e-02      1.44179e+02      1.00000e+01      9.80887e-03
    3.44558e-02      1.42953e+02      1.00000e+01      9.97444e-03
    3.50945e-02      1.41705e+02      1.00000e+01      1.01431e-02
    3.57451e-02      1.40433e+02      1.00000e+01      1.03149e-02
    3.64078e-02      1.39137e+02      1.00000e+01      1.04899e-02
    3.70828e-02      1.37818e+02      1.00000e+01      1.06681e-02
    3.77704e-02      1.36474e+02      1.00000e+01      1.08496e-02
    3.84707e-02      1.35105e+02      1.00000e+01      1.10346e-02
    3.91841e-02      1.33710e+02      1.00000e+01      1.12229e-02
    3.99107e-02      1.32290e+02      1.00000e+01      1.14148e-02
    4.06509e-02      1.30843e+02      1.00000e+01      1.16102e-02
    4.14048e-02      1.29370e+02      1.00000e+01      1.18093e-02
    4.21727e-02      1.27868e+02      1.00000e+01      1.20120e-02
    4.29549e-02      1.26339e+02      1.00000e+01      1.22186e-02
    4.37516e-02      1.24782e+02      1.00000e+01      1.24289e-02
    4.45631e-02      1.23196e+02      1.00000e+01      1.26432e-02
    4.53898e-02      1.21580e+02      1.00000e+01      1.28615e-02
    4.62318e-02      1.19934e+02      1.00000e+01      1.30838e-02
    4.70894e-02      1.18257e+02      1.00000e+01      1.33102e-02
    4.79630e-02      1.16550e+02      1.00000e+01      1.35409e-02
    4.88528e-02      1.14810e+02      1.00000e+01      1.37759e-02
    4.97592e-02      1.13038e+02      1.00000e+01      1.40152e-02
    5.06825e-02      1.11234e+02      1.00000e+01      1.42590e-02
    5.16229e-02      1.09757e+02      1.00000e+01      1.45042e-02
    5.25807e-02      1.08636e+02      1.00000e+01      1.47506e-02
    5.35564e-02      1.07495e+02      1.00000e+01      1.50016e-02
    5.45503e-02      1.06332e+02      1.00000e+01      1.52573e-02
    5.55626e-02      1.05148e+02      1.00000e+01      1.55178e-02
    5.65937e-02      1.03941e+02      1.00000e+01      1.57830e-02
    5.76440e-02      1.02712e+02      1.00000e+01      1.60533e-02
    5.87138e-02      1.01461e+02      1.00000e+01      1.63285e-02
    5.98035e-02      1.00186e+02      1.00000e+01      1.66089e-02
    6.09135e-02      9.88874e+01      1.00000e+01      1.68944e-02
    6.20441e-02      9.75647e+01      1.00000e+01      1.71853e-02
    6.31957e-02      9.62174e+01      1.00000e+01      1.74816e-02
    6.43688e-02      9.48451e+01      1.00000e+01      1.77834e-02
    6.55636e-02      9.34472e+01      1.00000e+01      1.80908e-02
    6.67807e-02      9.20233e+01      1.00000e+01      1.84039e-02
    6.80204e-02      9.05730e+01      1.00000e+01      1.87229e-02
    6.92831e-02      8.90957e+01      1.00000e+01      1.90477e-02
    7.05693e-02      8.75909e+01      1.00000e+01      1.93787e-02
    7.18794e-02      8.60582e+01      1.00000e+01      1.97157e-02
    7.32139e-02      8.49233e+01      1.00000e+01      2.00536e-02
    7.45732e-02      8.38081e+01      1.00000e+01      2.03972e-02
    7.59578e-02      8.26721e+01      1.00000e+01      2.07472e-02
    7.73681e-02      8.15149e+01      1.00000e+01      2.11037e-02
    7.88046e-02      8.03363e+01      1.00000e+01      2.14668e-02
    8.02678e-02      7.91357e+01      1.00000e+01      2.18367e-02
    8.17582e-02      7.79128e+01      1.00000e+01      2.22135e-02
    8.32764e-02      7.66672e+01      1.00000e+01      2.25972e-02
    8.48227e-02      7.53985e+01      1.00000e+01      2.29881e-02
    8.63979e-02      7.41061e+01      1.00000e+01      2.33863e-02
    8.80023e-02      7.27897e+01      1.00000e+01      2.37918e-02
    8.96365e-02      7.14489e+01      1.00000e+01      2.42049e-02
    9.13011e-02      7.00831e+01      1.00000e+01      2.46257e-02
    9.29966e-02      6.87290e+01      1.00000e+01      2.50624e-02
    9.47237e-02      6.76857e+01      1.00000e+01      2.55795e-02
    9.64829e-02      6.66230e+01      1.00000e+01      2.61063e-02
    9.82748e-02      6.55405e+01      1.00000e+01      2.66429e-02
    1.00100e-01      6.44379e+01      1.00000e+01      2.71895e-02
    1.01959e-01      6.33148e+01      1.00000e+01      2.77462e-02
    1.03853e-01      6.21708e+01      1.00000e+01      2.83133e-02
    1.05782e-01      6.10056e+01      1.00000e+01      2.88909e-02
    1.07747e-01      5.98186e+01      1.00000e+01      2.94793e-02
    1.09748e-01      5.86097e+01      1.00000e+01      3.00786e-02
    1.11786e-01      5.73782e+01      1.00000e+01      3.06890e-02
    1.13863e-01      5.61539e+01      1.00000e+01      3.13017e-02
    1.15978e-01      5.51838e+01      1.00000e+01      3.18417e-02
    1.18132e-01      5.41957e+01      1.00000e+01      3.23917e-02
    1.20326e-01      5.31892e+01      1.00000e+01      3.29520e-02
    1.22562e-01      5.21640e+01      1.00000e+01      3.35227e-02
    1.24838e-01      5.11197e+01      1.00000e+01      3.41040e-02
    1.27157e-01      5.00561e+01      1.00000e+01      3.46961e-02
    1.29520e-01      4.89726e+01      1.00000e+01      3.52993e-02
    1.31926e-01      4.78690e+01      1.00000e+01      3.59136e-02
    1.34376e-01      4.67449e+01      1.00000e+01      3.65394e-02
    1.36873e-01      4.58409e+01      1.00000e+01      3.71711e-02
    1.39416e-01      4.49315e+01      1.00000e+01      3.78143e-02
    1.42006e-01      4.40052e+01      1.00000e+01      3.84695e-02
    1.44644e-01      4.30617e+01      1.00000e+01      3.91369e-02
    1.47331e-01      4.21006e+01      1.00000e+01      3.98167e-02
    1.50068e-01      4.11217e+01      1.00000e+01      4.05091e-02
    1.52857e-01      4.01245e+01      1.00000e+01      4.12144e-02
    1.55697e-01      3.91360e+01      1.00000e+01      4.19321e-02
    1.58589e-01      3.83094e+01      1.00000e+01      4.26584e-02
    1.61536e-01      3.74675e+01      1.00000e+01      4.33982e-02
    1.64537e-01      3.66099e+01      1.00000e+01      4.41518e-02
    1.67594e-01      3.57363e+01      1.00000e+01      4.49193e-02
    1.70708e-01      3.48465e+01      1.00000e+01      4.57012e-02
    1.73880e-01      3.39401e+01      1.00000e+01      4.64975e-02
    1.77111e-01      3.30683e+01      1.00000e+01      4.73070e-02
    1.80402e-01      3.23037e+01      1.00000e+01      4.81276e-02
    1.83754e-01      3.15249e+01      1.00000e+01      4.89635e-02
    1.87168e-01      3.07317e+01      1.00000e+01      4.98149e-02
    1.90646e-01      2.99237e+01      1.00000e+01      5.06821e-02
    1.94189e-01      2.91007e+01      1.00000e+01      5.15654e-02
    1.97797e-01      2.82956e+01      1.00000e+01      5.24640e-02
    2.01472e-01      2.75915e+01      1.00000e+01      5.33749e-02
    2.05216e-01      2.68743e+01      1.00000e+01      5.43028e-02
    2.09030e-01      2.61438e+01      1.00000e+01      5.52480e-02
    2.12914e-01      2.53997e+01      1.00000e+01      5.62108e-02
    2.16870e-01      2.46418e+01      1.00000e+01      5.71914e-02
    2.20900e-01      2.39678e+01      1.00000e+01      5.81861e-02
    2.25005e-01      2.33117e+01      1.00000e+01      5.91980e-02
    2.29187e-01      2.26434e+01      1.00000e+01      6.02287e-02
    2.33446e-01      2.19627e+01      1.00000e+01      6.12785e-02
    2.37784e-01      2.12694e+01      1.00000e+01      6.23479e-02
    2.42203e-01      2.06563e+01      1.00000e+01      6.34329e-02
    2.46704e-01      2.00549e+01      1.00000e+01      6.45369e-02
    2.51289e-01      1.94422e+01      1.00000e+01      6.56615e-02
    2.55959e-01      1.88181e+01      1.00000e+01      6.68070e-02
    2.60715e-01      1.82077e+01      1.00000e+01      6.79723e-02
    2.65561e-01      1.76589e+01      1.00000e+01      6.91553e-02
    2.70496e-01      1.70999e+01      1.00000e+01      7.03603e-02
    2.75523e-01      1.65305e+01      1.00000e+01      7.15877e-02
    2.80643e-01      1.59562e+01      1.00000e+01      7.28375e-02
    2.85859e-01      1.54530e+01      1.00000e+01      7.41056e-02
    2.91172e-01      1.49405e+01      1.00000e+01      7.53972e-02
    2.96583e-01      1.44185e+01      1.00000e+01      7.67129e-02
    3.02095e-01      1.39003e+01      1.00000e+01      7.80522e-02
    3.07710e-01      1.34378e+01      1.00000e+01      7.94120e-02
    3.13429e-01      1.29667e+01      1.00000e+01      8.07972e-02
    3.19254e-01      1.24869e+01      1.00000e+01      8.22081e-02
    3.25187e-01      1.20354e+01      1.00000e+01      8.36421e-02
    3.31231e-01      1.16076e+01      1.00000e+01      8.51001e-02
    3.37387e-01      1.11718e+01      1.00000e+01      8.65851e-02
    3.43658e-01      1.07364e+01      1.00000e+01      8.80972e-02
    3.50045e-01      1.03473e+01      1.00000e+01      8.96331e-02
    3.56551e-01      9.95091e+00      1.00000e+01      9.11976e-02
    3.63178e-01      9.54718e+00      1.00000e+01      9.27911e-02
    3.69928e-01      9.18738e+00      1.00000e+01      9.44086e-02
    3.76804e-01      8.82467e+00      1.00000e+01      9.60557e-02
    3.83807e-01      8.45521e+00      1.00000e+01      9.77334e-02
    3.90941e-01      8.12387e+00      1.00000e+01      9.94322e-02
    3.98207e-01      7.79100e+00      1.00000e+01      1.01161e-01
    4.05609e-01      7.45378e+00      1.00000e+01      1.02922e-01
    4.13148e-01      7.15241e+00      1.00000e+01      1.04707e-01
    4.20827e-01      6.84543e+00      1.00000e+01      1.06524e-01
    4.28649e-01      6.54523e+00      1.00000e+01      1.08371e-01
    4.36616e-01      6.26616e+00      1.00000e+01      1.10243e-01
    4.44731e-01      5.98191e+00      1.00000e+01      1.12149e-01
    4.52998e-01      5.71955e+00      1.00000e+01      1.14083e-01
    4.61418e-01      5.46251e+00      1.00000e+01      1.16050e-01
    4.69994e-01      5.20868e+00      1.00000e+01      1.18050e-01
    4.78730e-01      4.97359e+00      1.00000e+01      1.20077e-01
    4.87628e-01      4.73413e+00      1.00000e+01      1.22142e-01
    4.96692e-01      4.51577e+00      1.00000e+01      1.24235e-01
    5.05925e-01      4.29654e+00      1.00000e+01      1.26365e-01
    5.15329e-01      4.08999e+00      1.00000e+01      1.28527e-01
    5.24907e-01      3.88985e+00      1.00000e+01      1.30724e-01
    5.34664e-01      3.69641e+00      1.00000e+01      1.32961e-01
    5.44603e-01      3.51242e+00      1.00000e+01      1.35238e-01
    5.54726e-01      3.33250e+00      1.00000e+01      1.37547e-01
    5.65037e-01      3.16303e+00      1.00000e+01      1.39878e-01
    5.75540e-01      2.99690e+00      1.00000e+01      1.42250e-01
    5.86238e-01      2.84041e+00      1.00000e+01      1.44660e-01
    5.97135e-01      2.68793e+00      1.00000e+01      1.47112e-01
    6.08235e-01      2.54318e+00      1.00000e+01      1.49604e-01
    6.19541e-01      2.40391e+00      1.00000e+01      1.52134e-01
    6.31057e-01      2.26957e+00      1.00000e+01      1.54705e-01
    6.42788e-01      2.14294e+00      1.00000e+01      1.57315e-01
    6.54736e-01      2.01818e+00      1.00000e+01      1.59969e-01
    6.66907e-01      1.90345e+00      1.00000e+01      1.62660e-01
    6.79304e-01      1.79019e+00      1.00000e+01      1.65398e-01
    6.91931e-01      1.68364e+00      1.00000e+01      1.68175e-01
    7.04793e-01      1.58176e+00      1.00000e+01      1.70997e-01
    7.17894e-01      1.48238e+00      1.00000e+01      1.73865e-01
    7.31239e-01      1.39111e+00      1.00000e+01      1.76774e-01
    7.44832e-01      1.30239e+00      1.00000e+01      1.79730e-01
    7.58678e-01      1.21711e+00      1.00000e+01      1.82734e-01
    7.72781e-01      1.13823e+00      1.00000e+01      1.85781e-01
    7.87146e-01      1.06209e+00      1.00000e+01      1.88877e-01
    8.01778e-01      9.89001e-01      1.00000e+01      1.92023e-01
    8.16682e-01      9.21628e-01      1.00000e+01      1.95213e-01
    8.31864e-01      8.57231e-01      1.00000e+01      1.98454e-01
    8.47327e-01      7.95696e-01      1.00000e+01      2.01746e-01
    8.63079e-01      7.37357e-01      1.00000e+01      2.05091e-01
    8.79123e-01      6.83365e-01      1.00000e+01      2.08486e-01
    8.95465e-01      6.31987e-01      1.00000e+01      2.11931e-01
    9.12111e-01      5.83274e-01      1.00000e+01      2.15430e-01
    9.29066e-01      5.37237e-01      1.00000e+01      2.18986e-01
    9.46337e-01      4.93973e-01      1.00000e+01      2.22592e-01
    9.63929e-01      4.53847e-01      1.00000e+01      2.26253e-01
    9.81848e-01      4.16089e-01      1.00000e+01      2.29970e-01
    1.00010e+00      3.80655e-01      1.00000e+01      2.38092e-01
    1.01869e+00      3.47496e-01      1.00000e+01      2.45496e-01
    1.03763e+00      3.16534e-01      1.00000e+01      2.49518e-01
    1.05692e+00      2.87676e-01      1.00000e+01      2.53600e-01
    1.07657e+00      2.60868e-01      1.00000e+01      2.57743e-01
    1.09658e+00      2.36022e-01      1.00000e+01      2.61950e-01
    1.11696e+00      2.12908e-01      1.00000e+01      2.66222e-01
    1.13773e+00      1.91250e-01      1.00000e+01      2.70554e-01
    1.15888e+00      1.72124e-01      1.00000e+01      2.74954e-01
    1.18042e+00      1.53975e-01      1.00000e+01      2.79420e-01
    1.20236e+00      1.37334e-01      1.00000e+01      2.83953e-01
    1.22472e+00      1.22062e-01      1.00000e+01      2.88553e-01
    1.24748e+00      1.08092e-01      1.00000e+01      2.93219e-01
    1.27067e+00      9.53501e-02      1.00000e+01      2.97958e-01
    1.29430e+00      8.37630e-02      1.00000e+01      3.02772e-01
    1.31836e+00      7.32528e-02      1.00000e+01      3.07657e-01
    1.34286e+00      6.37639e-02      1.00000e+01      3.12614e-01
    1.36783e+00      5.53612e-02      1.00000e+01      3.17642e-01
    1.39326e+00      4.78278e-02      1.00000e+01      3.22745e-01
    1.41916e+00      4.11021e-02      1.00000e+01      3.27924e-01
    1.44554e+00      3.51158e-02      1.00000e+01      3.33182e-01
    1.47241e+00      2.98897e-02      1.00000e+01      3.38512e-01
    1.49978e+00      2.53321e-02      1.00000e+01      3.43914e-01
    1.52767e+00      2.12976e-02      1.00000e+01      3.49390e-01
    1.55607e+00      1.78291e-02      1.00000e+01      3.54935e-01
    1.58499e+00      1.48274e-02      1.00000e+01      3.60555e-01
    1.61446e+00      1.22120e-02      1.00000e+01      3.66249e-01
    1.64447e+00      1.00007e-02      1.00000e+01      3.72016e-01
    1.67504e+00      8.11578e-03      1.00000e+01      3.77841e-01
    1.70618e+00      6.59161e-03      1.00000e+01      3.83775e-01
    1.73790e+00      5.28765e-03      1.00000e+01      3.89771e-01
    1.77021e+00      4.25265e-03      1.00000e+01      3.95841e-01
    1.80312e+00      3.39773e-03      1.00000e+01      4.01991e-01
    1.83664e+00      2.74096e-03      1.00000e+01      4.08215e-01
    1.87078e+00      2.22481e-03      1.00000e+01      4.14526e-01
    1.90556e+00      1.82256e-03      1.00000e+01      4.20862e-01
    1.94099e+00      1.52051e-03      1.00000e+01      4.27372e-01
    1.97707e+00      1.28252e-03      1.00000e+01      4.33841e-01
    2.01382e+00      1.10239e-03      1.00000e+01      4.54759e-01
    2.05126e+00      9.46927e-04      1.00000e+01      4.61683e-01
    2.08940e+00      8.20282e-04      1.00000e+01      4.68695e-01
    2.12824e+00      7.16347e-04      1.00000e+01      4.75791e-01
    2.16780e+00      6.31903e-04      1.00000e+01      4.82974e-01
    2.20810e+00      5.64768e-04      1.00000e+01      4.90190e-01
    2.24915e+00      5.11865e-04      1.00000e+01      4.97600e-01
    2.29097e+00      4.70820e-04      1.00000e+01      5.05045e-01
    2.33356e+00      4.39287e-04      1.00000e+01      5.12581e-01
    2.37694e+00      4.15189e-04      1.00000e+01      5.20201e-01
    2.42113e+00      3.96807e-04      1.00000e+01      5.27918e-01
    2.46614e+00      3.82763e-04      1.00000e+01      5.35720e-01
    2.51199e+00      3.72025e-04      1.00000e+01      5.43616e-01
    2.55869e+00      3.63779e-04      1.00000e+01      5.51597e-01
    2.60625e+00      3.57500e-04      1.00000e+01      5.59678e-01
    2.65471e+00      3.52813e-04      1.00000e+01      5.67840e-01
    2.70406e+00      3.49534e-04      1.00000e+01      5.76104e-01
    2.75433e+00      3.47338e-04      1.00000e+01      5.84460e-01
    2.80553e+00      3.46007e-04      1.00000e+01      5.92899e-01
    2.85769e+00      3.45297e-04      1.00000e+01      6.01443e-01
    2.91082e+00      3.44964e-04      1.00000e+01      6.10081e-01
    2.96493e+00      3.44824e-04      1.00000e+01      6.18810e-01
    3.02005e+00      3.44768e-04      1.00000e+01      6.27635e-01
    3.07620e+00      3.44735e-04      1.00000e+01      6.36553e-01
    3.13339e+00      3.44703e-04      1.00000e+01      6.45562e-01
    3.19164e+00      3.44671e-04      1.00000e+01      6.54680e-01
    3.25097e+00      3.44637e-04      1.00000e+01      6.63882e-01
    3.31141e+00      3.44603e-04      1.00000e+01      6.73181e-01
    3.37297e+00      3.44567e-04      1.00000e+01      6.82583e-01
    3.43568e+00      3.44533e-04      1.00000e+01      6.92075e-01
    3.49955e+00      3.44496e-04      1.00000e+01      7.01665e-01
    3.56461e+00      3.44461e-04      1.00000e+01      7.11353e-01
    3.63088e+00      3.44424e-04      1.00000e+01      7.21131e-01
    3.69838e+00      3.44385e-04      1.00000e+01      7.31003e-01
    3.76714e+00      3.44348e-04      1.00000e+01      7.40980e-01
    3.83717e+00      3.44311e-04      1.00000e+01      7.51051e-01
    3.90851e+00      3.44271e-04      1.00000e+01      7.61218e-01
    3.98117e+00      3.44230e-04      1.00000e+01      7.71480e-01
    4.05519e+00      3.44189e-04      1.00000e+01      7.81837e-01
    4.13058e+00      3.44148e-04      1.00000e+01      7.92285e-01
    4.20737e+00      3.44105e-04      1.00000e+01      8.02831e-01
    4.28559e+00      3.44062e-04      1.00000e+01      8.13565e-01
    4.36526e+00      3.44020e-04      1.00000e+01      8.24623e-01
    4.44641e+00      3.43976e-04      1.00000e+01      8.36001e-01
    4.52908e+00      3.43932e-04      1.00000e+01      8.47811e-01
    4.61328e+00      3.43889e-04      1.00000e+01      8.59837e-01
    4.69904e+00      3.43845e-04      1.00000e+01      8.72322e-01
    4.78640e+00      3.43799e-04      1.00000e+01      8.85148e-01
    4.87538e+00      3.43754e-04      1.00000e+01      8.98396e-01
    4.96602e+00      3.43709e-04      1.00000e+01      9.12029e-01
    5.05835e+00      3.43664e-04      1.00000e+01      9.26104e-01
    5.15239e+00      3.43617e-04      1.00000e+01      9.40598e-01
    5.24817e+00      3.43572e-04      1.00000e+01      9.55541e-01
    5.34574e+00      3.43525e-04      1.00000e+01      9.70939e-01
    5.44513e+00      3.43478e-04      1.00000e+01      9.86825e-01
    5.54636e+00      3.43430e-04      1.00000e+01      1.00294e+00
    5.64947e+00      3.43382e-04      1.00000e+01      1.01932e+00
    5.75450e+00      3.43332e-04      1.00000e+01      1.03592e+00
    5.86148e+00      3.43280e-04      1.00000e+01      1.05276e+00
    5.97045e+00      3.43230e-04      1.00000e+01      1.06983e+00
    6.08145e+00      3.43177e-04      1.00000e+01      1.08714e+00
    6.19451e+00      3.43124e-04      1.00000e+01      1.10469e+00
    6.30967e+00      3.43070e-04      1.00000e+01      1.12249e+00
    6.42698e+00      3.43012e-04      1.00000e+01      1.14052e+00
    6.54646e+00      3.42955e-04      1.00000e+01      1.15880e+00
    6.66817e+00      3.42899e-04      1.00000e+01      1.17733e+00
    6.79214e+00      3.42841e-04      1.00000e+01      1.19612e+00
    6.91841e+00      3.42782e-04      1.00000e+01      1.21517e+00
    7.04703e+00      3.42724e-04      1.00000e+01      1.23449e+00
    7.17804e+00      3.42659e-04      1.00000e+01      1.25402e+00
    7.31149e+00      3.42597e-04      1.00000e+01      1.27385e+00
    7.44742e+00      3.42532e-04      1.00000e+01      1.29394e+00
    7.58588e+00      3.42469e-04      1.00000e+01      1.31430e+00
    7.72691e+00      3.42401e-04      1.00000e+01      1.33491e+00
    7.87056e+00      3.42327e-04      1.00000e+01      1.35583e+00
    8.01688e+00      3.42269e-04      1.00000e+01      1.37700e+00
    8.16592e+00      3.42197e-04      1.00000e+01      1.39845e+00
    8.31774e+00      3.42125e-04      1.00000e+01      1.42018e+00
    8.47237e+00      3.42053e-04      1.00000e+01      1.44219e+00
    8.62989e+00      3.41979e-04      1.00000e+01      1.46450e+00
    8.79033e+00      3.41905e-04      1.00000e+01      1.48709e+00
    8.95375e+00      3.41829e-04      1.00000e+01      1.50996e+00
    9.12021e+00      3.41754e-04      1.00000e+01      1.53313e+00
    9.28976e+00      3.41673e-04      1.00000e+01      1.55659e+00
    9.46247e+00      3.41594e-04      1.00000e+01      1.58035e+00
    9.63839e+00      3.41514e-04      1.00000e+01      1.60442e+00
    9.81758e+00      3.41431e-04      1.00000e+01      1.62877e+00
    1.00001e+01      3.41346e-04      1.00000e+01      1.65342e+00
    1.01860e+01      3.41261e-04      1.00000e+01      1.67840e+00
    1.03754e+01      3.41173e-04      1.00000e+01      1.70367e+00
    1.05683e+01      3.41085e-04      1.00000e+01      1.72926e+00
    1.07648e+01      3.40993e-04      1.00000e+01      1.75516e+00
    1.09649e+01      3.40903e-04      1.00000e+01      1.78137e+00
    1.11687e+01      3.40808e-04      1.00000e+01      1.80789e+00
    1.13764e+01      3.40712e-04      1.00000e+01      1.83473e+00
    1.15879e+01      3.40615e-04      1.00000e+01      1.86191e+00
    1.18033e+01      3.40515e-04      1.00000e+01      1.88939e+00
    1.20227e+01      3.40414e-04      1.00000e+01      1.91719e+00
    1.22463e+01      3.40313e-04      1.00000e+01      1.94533e+00
    1.24739e+01      3.40207e-04      1.00000e+01      1.97377e+00
    1.27058e+01      3.40103e-04      1.00000e+01      2.00257e+00
    1.29421e+01      3.39995e-04      1.00000e+01      2.03169e+00
    1.31827e+01      3.39885e-04      1.00000e+01      2.06112e+00
    1.34277e+01      3.39774e-04      1.00000e+01      2.09091e+00
    1.36774e+01      3.39657e-04      1.00000e+01      2.12102e+00
    1.39317e+01      3.39544e-04      1.00000e+01      2.15146e+00
    1.41907e+01      3.39427e-04      1.00000e+01      2.18224e+00
    1.44545e+01      3.39311e-04      1.00000e+01      2.21338e+00
    1.47232e+01      3.39519e-04      1.00000e+01      2.24482e+00
    1.49969e+01      3.39065e-04      1.00000e+01      2.27662e+00
    1.52758e+01      3.38939e-04      1.00000e+01      2.30873e+00
    1.55598e+01      3.38811e-04      1.00000e+01      2.34117e+00
    1.58490e+01      3.38680e-04      1.00000e+01      2.37387e+00
    1.61437e+01      3.38544e-04      1.00000e+01      2.40689e+00
    1.64438e+01      3.38412e-04      1.00000e+01      2.44019e+00
    1.67495e+01      3.38274e-04      1.00000e+01      2.47379e+00
    1.70609e+01      3.38135e-04      1.00000e+01      2.50772e+00
    1.73781e+01      3.37992e-04      1.00000e+01      2.54187e+00
    1.77012e+01      3.37846e-04      1.00000e+01      2.57633e+00
    1.80303e+01      3.37699e-04      1.00000e+01      2.61107e+00
    1.83655e+01      3.37550e-04      1.00000e+01      2.64610e+00
    1.87069e+01      3.37398e-04      1.00000e+01      2.68143e+00
    1.90547e+01      3.37243e-04      1.00000e+01      2.71698e+00
    1.94090e+01      3.37084e-04      1.00000e+01      2.75282e+00
    1.97698e+01      3.36924e-04      1.00000e+01      2.78892e+00
    2.01373e+01      3.36761e-04      1.00000e+01      2.82534e+00
    2.05117e+01      3.36593e-04      1.00000e+01      2.86187e+00
    2.08931e+01      3.36424e-04      1.00000e+01      2.89879e+00
    2.12815e+01      3.36250e-04      1.00000e+01      2.93592e+00
    2.16771e+01      3.36076e-04      1.00000e+01      2.97327e+00
    2.20801e+01      3.35899e-04      1.00000e+01      3.01087e+00
    2.24906e+01      3.35722e-04      1.00000e+01      3.04870e+00
    2.29088e+01      3.35527e-04      1.00000e+01      3.08675e+00
    2.33347e+01      3.35345e-04      1.00000e+01      3.12498e+00
    2.37685e+01      3.35152e-04      1.00000e+01      3.16350e+00
    2.42104e+01      3.34957e-04      1.00000e+01      3.20217e+00
    2.46605e+01      3.34761e-04      1.00000e+01      3.24107e+00
    2.51190e+01      3.34560e-04      1.00000e+01      3.28014e+00
    2.55860e+01      3.34355e-04      1.00000e+01      3.31940e+00
    2.60616e+01      3.34146e-04      1.00000e+01      3.35880e+00
    2.65462e+01      3.33934e-04      1.00000e+01      3.39839e+00
    2.70397e+01      3.33721e-04      1.00000e+01      3.43817e+00
    2.75424e+01      3.33499e-04      1.00000e+01      3.47801e+00
    2.80544e+01      3.33276e-04      1.00000e+01      3.51803e+00
    2.85760e+01      3.33049e-04      1.00000e+01      3.55814e+00
    2.91073e+01      3.32818e-04      1.00000e+01      3.59834e+00
    2.96484e+01      3.32576e-04      1.00000e+01      3.63848e+00
    3.01996e+01      3.32343e-04      1.00000e+01      3.67882e+00
    3.07611e+01      3.32099e-04      1.00000e+01      3.71912e+00
    3.13330e+01      3.31850e-04      1.00000e+01      3.75940e+00
    3.19155e+01      3.31598e-04      1.00000e+01      3.79970e+00
    3.25088e+01      3.31340e-04      1.00000e+01      3.83996e+00
    3.31132e+01      3.31079e-04      1.00000e+01      3.88017e+00
    3.37288e+01      3.30816e-04      1.00000e+01      3.92033e+00
    3.43559e+01      3.30543e-04      1.00000e+01      3.96040e+00
    3.49946e+01      3.30269e-04      1.00000e+01      4.00038e+00
    3.56452e+01      3.29988e-04      1.00000e+01      4.04028e+00
    3.63079e+01      3.29701e-04      1.00000e+01      4.07994e+00
    3.69829e+01      3.29410e-04      1.00000e+01      4.11953e+00
    3.76705e+01      3.29119e-04      1.00000e+01      4.15894e+00
    3.83708e+01      3.28817e-04      1.00000e+01      4.19810e+00
    3.90842e+01      3.28511e-04      1.00000e+01      4.23714e+00
    3.98108e+01      3.28199e-04      1.00000e+01      4.27571e+00
    4.05510e+01      3.27882e-04      1.00000e+01      4.31423e+00
    4.13049e+01      3.27560e-04      1.00000e+01      4.35237e+00
    4.20728e+01      3.27231e-04      1.00000e+01      4.39018e+00
    4.28550e+01      3.26896e-04      1.00000e+01      4.42758e+00
    4.36517e+01      3.26556e-04      1.00000e+01      4.46472e+00
    4.44632e+01      3.26209e-04      1.00000e+01      4.50136e+00
    4.52899e+01      3.25855e-04      1.00000e+01      4.53746e+00
    4.61319e+01      3.25494e-04      1.00000e+01      4.57291e+00
    4.69895e+01      3.25130e-04      1.00000e+01      4.60781e+00
    4.78631e+01      3.24757e-04      1.00000e+01      4.64201e+00
    4.87529e+01      3.24379e-04      1.00000e+01      4.67569e+00
    4.96593e+01      3.23991e-04      1.00000e+01      4.70825e+00
    5.05826e+01      3.23595e-04      1.00000e+01      4.74020e+00
    5.15230e+01      3.23192e-04      1.00000e+01      4.77134e+00
    5.24808e+01      3.22782e-04      1.00000e+01      4.80192e+00
    5.34565e+01      3.22365e-04      1.00000e+01      4.83084e+00
    5.44504e+01      3.21942e-04      1.00000e+01      4.85931e+00
    5.54627e+01      3.21510e-04      1.00000e+01      4.88667e+00
    5.64938e+01      3.21067e-04      1.00000e+01      4.91298e+00
    5.75441e+01      3.20620e-04      1.00000e+01      4.93820e+00
    5.86139e+01      3.20170e-04      1.00000e+01      4.96228e+00
    5.97036e+01      3.19693e-04      1.00000e+01      4.98514e+00
    6.08136e+01      3.19221e-04      1.00000e+01      5.00678e+00
    6.19442e+01      3.18736e-04      1.00000e+01      5.02727e+00
    6.30958e+01      3.18255e-04      1.00000e+01      5.04983e+00
    6.42689e+01      3.17782e-04      1.00000e+01      5.07578e+00
    6.54637e+01      3.17312e-04      1.00000e+01      5.10436e+00
    6.66808e+01      3.16834e-04      1.00000e+01      5.13233e+00
    6.79205e+01      3.16348e-04      1.00000e+01      5.15905e+00
    6.91832e+01      3.15853e-04      1.00000e+01      5.18462e+00
    7.04694e+01      3.15347e-04      1.00000e+01      5.20895e+00
    7.17795e+01      3.14833e-04      1.00000e+01      5.23206e+00
    7.31140e+01      3.14308e-04      1.00000e+01      5.25378e+00
    7.44733e+01      3.13770e-04      1.00000e+01      5.27398e+00
    7.58579e+01      3.13230e-04      1.00000e+01      5.29316e+00
    7.72682e+01      3.12670e-04      1.00000e+01      5.31087e+00
    7.87047e+01      3.12105e-04      1.00000e+01      5.32724e+00
    8.01679e+01      3.11528e-04      1.00000e+01      5.34213e+00
    8.16583e+01      3.10944e-04      1.00000e+01      5.35582e+00
    8.31765e+01      3.10347e-04      1.00000e+01      5.36783e+00
    8.47228e+01      3.09741e-04      1.00000e+01      5.37835e+00
    8.62980e+01      3.09123e-04      1.00000e+01      5.38726e+00
    8.79024e+01      3.08491e-04      1.00000e+01      5.39452e+00
    8.95366e+01      3.07850e-04      1.00000e+01      5.40007e+00
    9.12012e+01      3.07196e-04      1.00000e+01      5.40386e+00
    9.28967e+01      3.06532e-04      1.00000e+01      5.40587e+00
    9.46238e+01      3.05853e-04      1.00000e+01      5.40590e+00
    9.63830e+01      3.05163e-04      1.00000e+01      5.40403e+00
    9.81749e+01      3.04458e-04      1.00000e+01      5.40016e+00
    1.00000e+02      3.03748e-04      1.00000e+01      5.39570e+00
