    Er (keV)         SM dN/dE         BG dN/dE        BSM dN/dE (events/kg/day/keV)
    1.00100e-01      1.51655e+01      1.00000e+01      3.35200e-10
    1.01306e-01      1.50786e+01      1.00000e+01      3.38927e-10
    1.02526e-01      1.49905e+01      1.00000e+01      3.42699e-10
    1.03760e-01      1.49015e+01      1.00000e+01      3.46516e-10
    1.05010e-01      1.48114e+01      1.00000e+01      3.50380e-10
    1.06275e-01      1.47201e+01      1.00000e+01      3.54290e-10
    1.07555e-01      1.46278e+01      1.00000e+01      3.58247e-10
    1.08850e-01      1.45344e+01      1.00000e+01      3.62251e-10
    1.10161e-01      1.44398e+01      1.00000e+01      3.66304e-10
    1.11488e-01      1.43441e+01      1.00000e+01      3.70406e-10
    1.12830e-01      1.42473e+01      1.00000e+01      3.74558e-10
    1.14189e-01      1.41492e+01      1.00000e+01      3.78759e-10
    1.15565e-01      1.40500e+01      1.00000e+01      3.83011e-10
    1.16957e-01      1.39496e+01      1.00000e+01      3.87314e-10
    1.18365e-01      1.38480e+01      1.00000e+01      3.91669e-10
    1.19791e-01      1.37452e+01      1.00000e+01      3.96077e-10
    1.21234e-01      1.36411e+01      1.00000e+01      4.00538e-10
    1.22694e-01      1.35358e+01      1.00000e+01      4.05052e-10
    1.24172e-01      1.34292e+01      1.00000e+01      4.09621e-10
    1.25668e-01      1.33213e+01      1.00000e+01      4.14245e-10
    1.27182e-01      1.32121e+01      1.00000e+01      4.18925e-10
    1.28713e-01      1.31016e+01      1.00000e+01      4.23661e-10
    1.30264e-01      1.29898e+01      1.00000e+01      4.28455e-10
    1.31833e-01      1.28766e+01      1.00000e+01      4.33306e-10
    1.33421e-01      1.27620e+01      1.00000e+01      4.38215e-10
    1.35028e-01      1.26461e+01      1.00000e+01      4.43184e-10
    1.36655e-01      1.25288e+01      1.00000e+01      4.48213e-10
    1.38301e-01      1.24101e+01      1.00000e+01      4.53302e-10
    1.39967e-01      1.22899e+01      1.00000e+01      4.58453e-10
    1.41653e-01      1.21960e+01      1.00000e+01      4.63596e-10
    1.43360e-01      1.21080e+01      1.00000e+01      4.68784e-10
    1.45087e-01      1.20189e+01      1.00000e+01      4.74035e-10
    1.46834e-01      1.19287e+01      1.00000e+01      4.79349e-10
    1.48603e-01      1.18375e+01      1.00000e+01      4.84727e-10
    1.50393e-01      1.17451e+01      1.00000e+01      4.90170e-10
    1.52205e-01      1.16516e+01      1.00000e+01      4.95679e-10
    1.54039e-01      1.15570e+01      1.00000e+01      5.01253e-10
    1.55895e-01      1.14613e+01      1.00000e+01      5.06895e-10
    1.57773e-01      1.13644e+01      1.00000e+01      5.12606e-10
    1.59673e-01      1.12664e+01      1.00000e+01      5.18385e-10
    1.61597e-01      1.11671e+01      1.00000e+01      5.24233e-10
    1.63544e-01      1.10667e+01      1.00000e+01      5.30152e-10
    1.65514e-01      1.09650e+01      1.00000e+01      5.36143e-10
    1.67508e-01      1.08622e+01      1.00000e+01      5.42205e-10
    1.69526e-01      1.07580e+01      1.00000e+01      5.48341e-10
    1.71569e-01      1.06527e+01      1.00000e+01      5.54551e-10
    1.73636e-01      1.05460e+01      1.00000e+01      5.60836e-10
    1.75728e-01      1.04381e+01      1.00000e+01      5.67196e-10
    1.77845e-01      1.03289e+01      1.00000e+01      5.73633e-10
    1.79988e-01      1.02184e+01      1.00000e+01      5.80148e-10
    1.82156e-01      1.01253e+01      1.00000e+01      5.86682e-10
    1.84351e-01      1.00387e+01      1.00000e+01      5.93270e-10
    1.86572e-01      9.95108e+00      1.00000e+01      5.99939e-10
    1.88820e-01      9.86239e+00      1.00000e+01      6.06687e-10
    1.91095e-01      9.77264e+00      1.00000e+01      6.13517e-10
    1.93398e-01      9.68180e+00      1.00000e+01      6.20430e-10
    1.95728e-01      9.58987e+00      1.00000e+01      6.27425e-10
    1.98086e-01      9.49683e+00      1.00000e+01      6.34505e-10
    2.00473e-01      9.40266e+00      1.00000e+01      6.41671e-10
    2.02888e-01      9.30736e+00      1.00000e+01      6.48922e-10
    2.05333e-01      9.21092e+00      1.00000e+01      6.56261e-10
    2.07807e-01      9.11331e+00      1.00000e+01      6.63689e-10
    2.10311e-01      9.01452e+00      1.00000e+01      6.71206e-10
    2.12845e-01      8.91455e+00      1.00000e+01      6.78814e-10
    2.15410e-01      8.81336e+00      1.00000e+01      6.86513e-10
    2.18005e-01      8.71096e+00      1.00000e+01      6.94306e-10
    2.20632e-01      8.60733e+00      1.00000e+01      7.02192e-10
    2.23291e-01      8.52236e+00      1.00000e+01      7.10103e-10
    2.25981e-01      8.43872e+00      1.00000e+01      7.18100e-10
    2.28704e-01      8.35407e+00      1.00000e+01      7.26194e-10
    2.31460e-01      8.26840e+00      1.00000e+01      7.34385e-10
    2.34249e-01      8.18170e+00      1.00000e+01      7.42676e-10
    2.37072e-01      8.09395e+00      1.00000e+01      7.51066e-10
    2.39928e-01      8.00514e+00      1.00000e+01      7.59557e-10
    2.42820e-01      7.91526e+00      1.00000e+01      7.68151e-10
    2.45746e-01      7.82430e+00      1.00000e+01      7.76848e-10
    2.48707e-01      7.73224e+00      1.00000e+01      7.85650e-10
    2.51704e-01      7.63908e+00      1.00000e+01      7.94558e-10
    2.54737e-01      7.54479e+00      1.00000e+01      8.03574e-10
    2.57807e-01      7.44936e+00      1.00000e+01      8.12698e-10
    2.60913e-01      7.35278e+00      1.00000e+01      8.21933e-10
    2.64057e-01      7.27241e+00      1.00000e+01      8.31201e-10
    2.67239e-01      7.19291e+00      1.00000e+01      8.40573e-10
    2.70460e-01      7.11246e+00      1.00000e+01      8.50058e-10
    2.73719e-01      7.03103e+00      1.00000e+01      8.59657e-10
    2.77017e-01      6.94863e+00      1.00000e+01      8.69372e-10
    2.80356e-01      6.86523e+00      1.00000e+01      8.79205e-10
    2.83734e-01      6.78082e+00      1.00000e+01      8.89155e-10
    2.87153e-01      6.69540e+00      1.00000e+01      8.99226e-10
    2.90614e-01      6.60895e+00      1.00000e+01      9.09418e-10
    2.94116e-01      6.52145e+00      1.00000e+01      9.19733e-10
    2.97660e-01      6.43290e+00      1.00000e+01      9.30172e-10
    3.01247e-01      6.34328e+00      1.00000e+01      9.40737e-10
    3.04878e-01      6.26804e+00      1.00000e+01      9.51359e-10
    3.08552e-01      6.19313e+00      1.00000e+01      9.62103e-10
    3.12270e-01      6.11732e+00      1.00000e+01      9.72976e-10
    3.16033e-01      6.04060e+00      1.00000e+01      9.83980e-10
    3.19842e-01      5.96295e+00      1.00000e+01      9.95117e-10
    3.23696e-01      5.88436e+00      1.00000e+01      1.00639e-09
    3.27597e-01      5.80483e+00      1.00000e+01      1.01780e-09
    3.31545e-01      5.72434e+00      1.00000e+01      1.02934e-09
    3.35541e-01      5.64288e+00      1.00000e+01      1.04102e-09
    3.39585e-01      5.56043e+00      1.00000e+01      1.05285e-09
    3.43677e-01      5.48348e+00      1.00000e+01      1.06478e-09
    3.47819e-01      5.41348e+00      1.00000e+01      1.07681e-09
    3.52011e-01      5.34263e+00      1.00000e+01      1.08899e-09
    3.56253e-01      5.27093e+00      1.00000e+01      1.10132e-09
    3.60547e-01      5.19837e+00      1.00000e+01      1.11379e-09
    3.64892e-01      5.12493e+00      1.00000e+01      1.12641e-09
    3.69289e-01      5.05061e+00      1.00000e+01      1.13919e-09
    3.73740e-01      4.97539e+00      1.00000e+01      1.15212e-09
    3.78244e-01      4.89926e+00      1.00000e+01      1.16520e-09
    3.82803e-01      4.82406e+00      1.00000e+01      1.17843e-09
    3.87416e-01      4.75852e+00      1.00000e+01      1.19172e-09
    3.92085e-01      4.69219e+00      1.00000e+01      1.20518e-09
    3.96811e-01      4.62506e+00      1.00000e+01      1.21879e-09
    4.01593e-01      4.55712e+00      1.00000e+01      1.23257e-09
    4.06433e-01      4.48837e+00      1.00000e+01      1.24651e-09
    4.11331e-01      4.41878e+00      1.00000e+01      1.26063e-09
    4.16289e-01      4.34835e+00      1.00000e+01      1.27491e-09
    4.21306e-01      4.27708e+00      1.00000e+01      1.28936e-09
    4.26383e-01      4.21338e+00      1.00000e+01      1.30386e-09
    4.31522e-01      4.15133e+00      1.00000e+01      1.31850e-09
    4.36723e-01      4.08852e+00      1.00000e+01      1.33332e-09
    4.41987e-01      4.02496e+00      1.00000e+01      1.34831e-09
    4.47314e-01      3.96063e+00      1.00000e+01      1.36349e-09
    4.52705e-01      3.89553e+00      1.00000e+01      1.37885e-09
    4.58161e-01      3.82964e+00      1.00000e+01      1.39439e-09
    4.63683e-01      3.76459e+00      1.00000e+01      1.41009e-09
    4.69271e-01      3.70665e+00      1.00000e+01      1.42583e-09
    4.74927e-01      3.64802e+00      1.00000e+01      1.44176e-09
    4.80651e-01      3.58868e+00      1.00000e+01      1.45788e-09
    4.86444e-01      3.52862e+00      1.00000e+01      1.47419e-09
    4.92307e-01      3.46783e+00      1.00000e+01      1.49071e-09
    4.98241e-01      3.40632e+00      1.00000e+01      1.50742e-09
    5.04246e-01      3.34576e+00      1.00000e+01      1.52429e-09
    5.10323e-01      3.29127e+00      1.00000e+01      1.54122e-09
    5.16474e-01      3.23611e+00      1.00000e+01      1.55836e-09
    5.22699e-01      3.18029e+00      1.00000e+01      1.57570e-09
    5.28999e-01      3.12380e+00      1.00000e+01      1.59325e-09
    5.35375e-01      3.06663e+00      1.00000e+01      1.61102e-09
    5.41828e-01      3.00876e+00      1.00000e+01      1.62900e-09
    5.48358e-01      2.95607e+00      1.00000e+01      1.64705e-09
    5.54967e-01      2.90451e+00      1.00000e+01      1.66527e-09
    5.61656e-01      2.85234e+00      1.00000e+01      1.68372e-09
    5.68426e-01      2.79953e+00      1.00000e+01      1.70239e-09
    5.75277e-01      2.74609e+00      1.00000e+01      1.72128e-09
    5.82211e-01      2.69201e+00      1.00000e+01      1.74040e-09
    5.89228e-01      2.64273e+00      1.00000e+01      1.75961e-09
    5.96330e-01      2.59426e+00      1.00000e+01      1.77900e-09
    6.03518e-01      2.54521e+00      1.00000e+01      1.79863e-09
    6.10792e-01      2.49557e+00      1.00000e+01      1.81850e-09
    6.18154e-01      2.44533e+00      1.00000e+01      1.83861e-09
    6.25604e-01      2.39588e+00      1.00000e+01      1.85892e-09
    6.33145e-01      2.35072e+00      1.00000e+01      1.87932e-09
    6.40776e-01      2.30501e+00      1.00000e+01      1.89996e-09
    6.48500e-01      2.25876e+00      1.00000e+01      1.92086e-09
    6.56316e-01      2.21194e+00      1.00000e+01      1.94201e-09
    6.64227e-01      2.16457e+00      1.00000e+01      1.96341e-09
    6.72233e-01      2.12224e+00      1.00000e+01      1.98488e-09
    6.80335e-01      2.07942e+00      1.00000e+01      2.00661e-09
    6.88536e-01      2.03607e+00      1.00000e+01      2.02860e-09
    6.96835e-01      1.99221e+00      1.00000e+01      2.05085e-09
    7.05234e-01      1.94824e+00      1.00000e+01      2.07336e-09
    7.13734e-01      1.90847e+00      1.00000e+01      2.09598e-09
    7.22337e-01      1.86823e+00      1.00000e+01      2.11888e-09
    7.31044e-01      1.82750e+00      1.00000e+01      2.14205e-09
    7.39855e-01      1.78628e+00      1.00000e+01      2.16549e-09
    7.48773e-01      1.74670e+00      1.00000e+01      2.18912e-09
    7.57798e-01      1.70941e+00      1.00000e+01      2.21290e-09
    7.66932e-01      1.67168e+00      1.00000e+01      2.23697e-09
    7.76176e-01      1.63348e+00      1.00000e+01      2.26132e-09
    7.85532e-01      1.59499e+00      1.00000e+01      2.28596e-09
    7.95000e-01      1.55983e+00      1.00000e+01      2.31073e-09
    8.04583e-01      1.52424e+00      1.00000e+01      2.33580e-09
    8.14281e-01      1.48823e+00      1.00000e+01      2.36117e-09
    8.24096e-01      1.45178e+00      1.00000e+01      2.38685e-09
    8.34029e-01      1.41854e+00      1.00000e+01      2.41266e-09
    8.44082e-01      1.38548e+00      1.00000e+01      2.43876e-09
    8.54257e-01      1.35202e+00      1.00000e+01      2.46517e-09
    8.64553e-01      1.31816e+00      1.00000e+01      2.49190e-09
    8.74974e-01      1.28709e+00      1.00000e+01      2.51878e-09
    8.85521e-01      1.25605e+00      1.00000e+01      2.54597e-09
    8.96195e-01      1.22465e+00      1.00000e+01      2.57347e-09
    9.06997e-01      1.19315e+00      1.00000e+01      2.60130e-09
    9.17930e-01      1.16434e+00      1.00000e+01      2.62926e-09
    9.28994e-01      1.13519e+00      1.00000e+01      2.65756e-09
    9.40192e-01      1.10568e+00      1.00000e+01      2.68620e-09
    9.51525e-01      1.07719e+00      1.00000e+01      2.71509e-09
    9.62994e-01      1.05004e+00      1.00000e+01      2.74424e-09
    9.74602e-01      1.02255e+00      1.00000e+01      2.77373e-09
    9.86350e-01      9.94738e-01      1.00000e+01      2.80358e-09
    9.98239e-01      9.69338e-01      1.00000e+01      2.83357e-09
    1.01027e+00      9.43707e-01      1.00000e+01      2.86393e-09
    1.02245e+00      9.17768e-01      1.00000e+01      2.89465e-09
    1.03477e+00      8.93154e-01      1.00000e+01      2.92560e-09
    1.04725e+00      8.69205e-01      1.00000e+01      2.95685e-09
    1.05987e+00      8.44967e-01      1.00000e+01      2.98848e-09
    1.07265e+00      8.21400e-01      1.00000e+01      3.02041e-09
    1.08558e+00      7.98891e-01      1.00000e+01      3.05262e-09
    1.09866e+00      7.76111e-01      1.00000e+01      3.08522e-09
    1.11190e+00      7.53881e-01      1.00000e+01      3.11813e-09
    1.12531e+00      7.33101e-01      1.00000e+01      3.15131e-09
    1.13887e+00      7.12070e-01      1.00000e+01      3.18488e-09
    1.15260e+00      6.91324e-01      1.00000e+01      3.21878e-09
    1.16649e+00      6.71367e-01      1.00000e+01      3.25297e-09
    1.18055e+00      6.51170e-01      1.00000e+01      3.28756e-09
    1.19478e+00      6.31693e-01      1.00000e+01      3.32246e-09
    1.20919e+00      6.13109e-01      1.00000e+01      3.35766e-09
    1.22376e+00      5.94301e-01      1.00000e+01      3.39329e-09
    1.23851e+00      5.76450e-01      1.00000e+01      3.42921e-09
    1.25344e+00      5.58949e-01      1.00000e+01      3.46549e-09
    1.26855e+00      5.41236e-01      1.00000e+01      3.50222e-09
    1.28384e+00      5.24908e-01      1.00000e+01      3.53918e-09
    1.29932e+00      5.08409e-01      1.00000e+01      3.57658e-09
    1.31498e+00      4.92268e-01      1.00000e+01      3.61435e-09
    1.33083e+00      4.76869e-01      1.00000e+01      3.65245e-09
    1.34687e+00      4.61285e-01      1.00000e+01      3.69101e-09
    1.36311e+00      4.46686e-01      1.00000e+01      3.72983e-09
    1.37954e+00      4.32129e-01      1.00000e+01      3.76907e-09
    1.39617e+00      4.17895e-01      1.00000e+01      3.80867e-09
    1.41300e+00      4.04281e-01      1.00000e+01      3.84857e-09
    1.43003e+00      3.90505e-01      1.00000e+01      3.88895e-09
    1.44727e+00      3.77738e-01      1.00000e+01      3.92985e-09
    1.46471e+00      3.64816e-01      1.00000e+01      3.97126e-09
    1.48237e+00      3.52498e-01      1.00000e+01      4.01290e-09
    1.50024e+00      3.40388e-01      1.00000e+01      4.05494e-09
    1.51832e+00      3.28561e-01      1.00000e+01      4.09739e-09
    1.53662e+00      3.17175e-01      1.00000e+01      4.14025e-09
    1.55515e+00      3.05868e-01      1.00000e+01      4.18356e-09
    1.57389e+00      2.95156e-01      1.00000e+01      4.22719e-09
    1.59287e+00      2.84391e-01      1.00000e+01      4.27133e-09
    1.61207e+00      2.74297e-01      1.00000e+01      4.31574e-09
    1.63150e+00      2.64082e-01      1.00000e+01      4.36069e-09
    1.65116e+00      2.54562e-01      1.00000e+01      4.40587e-09
    1.67107e+00      2.44927e-01      1.00000e+01      4.45160e-09
    1.69121e+00      2.35908e-01      1.00000e+01      4.49761e-09
    1.71160e+00      2.26810e-01      1.00000e+01      4.54416e-09
    1.73223e+00      2.18290e-01      1.00000e+01      4.59095e-09
    1.75311e+00      2.09707e-01      1.00000e+01      4.63829e-09
    1.77424e+00      2.01658e-01      1.00000e+01      4.68591e-09
    1.79563e+00      1.93597e-01      1.00000e+01      4.73407e-09
    1.81728e+00      1.85982e-01      1.00000e+01      4.78256e-09
    1.83918e+00      1.78437e-01      1.00000e+01      4.83149e-09
    1.86135e+00      1.71219e-01      1.00000e+01      4.88065e-09
    1.88379e+00      1.64175e-01      1.00000e+01      4.93043e-09
    1.90650e+00      1.57349e-01      1.00000e+01      4.98084e-09
    1.92948e+00      1.50783e-01      1.00000e+01      5.03152e-09
    1.95274e+00      1.44293e-01      1.00000e+01      5.08267e-09
    1.97628e+00      1.38256e-01      1.00000e+01      5.13412e-09
    2.00010e+00      1.32261e-01      1.00000e+01      5.18611e-09
    2.02421e+00      1.26459e-01      1.00000e+01      5.23851e-09
    2.04861e+00      1.20864e-01      1.00000e+01      5.29132e-09
    2.07331e+00      1.15407e-01      1.00000e+01      5.34462e-09
    2.09830e+00      1.10267e-01      1.00000e+01      5.39832e-09
    2.12359e+00      1.05214e-01      1.00000e+01      5.45254e-09
    2.14919e+00      1.00350e-01      1.00000e+01      5.50717e-09
    2.17510e+00      9.57011e-02      1.00000e+01      5.56224e-09
    2.20132e+00      9.11546e-02      1.00000e+01      5.61784e-09
    2.22785e+00      8.68158e-02      1.00000e+01      5.67384e-09
    2.25471e+00      8.26428e-02      1.00000e+01      5.73031e-09
    2.28189e+00      7.85756e-02      1.00000e+01      5.78729e-09
    2.30940e+00      7.46932e-02      1.00000e+01      5.84467e-09
    2.33723e+00      7.09684e-02      1.00000e+01      5.90254e-09
    2.36541e+00      6.73482e-02      1.00000e+01      5.96094e-09
    2.39392e+00      6.38652e-02      1.00000e+01      6.01984e-09
    2.42278e+00      6.05641e-02      1.00000e+01      6.07910e-09
    2.45198e+00      5.73625e-02      1.00000e+01      6.13890e-09
    2.48154e+00      5.42638e-02      1.00000e+01      6.19923e-09
    2.51146e+00      5.13267e-02      1.00000e+01      6.25998e-09
    2.54173e+00      4.85158e-02      1.00000e+01      6.32124e-09
    2.57237e+00      4.58104e-02      1.00000e+01      6.38301e-09
    2.60338e+00      4.32111e-02      1.00000e+01      6.44529e-09
    2.63476e+00      4.07288e-02      1.00000e+01      6.50803e-09
    2.66652e+00      3.83681e-02      1.00000e+01      6.57123e-09
    2.69867e+00      3.61105e-02      1.00000e+01      6.63499e-09
    2.73120e+00      3.39514e-02      1.00000e+01      6.69929e-09
    2.76412e+00      3.18826e-02      1.00000e+01      6.76408e-09
    2.79744e+00      2.99147e-02      1.00000e+01      6.82934e-09
    2.83116e+00      2.80623e-02      1.00000e+01      6.89513e-09
    2.86529e+00      2.62937e-02      1.00000e+01      6.96143e-09
    2.89983e+00      2.46042e-02      1.00000e+01      7.02826e-09
    2.93479e+00      2.29946e-02      1.00000e+01      7.09554e-09
    2.97017e+00      2.14663e-02      1.00000e+01      7.16330e-09
    3.00597e+00      2.00142e-02      1.00000e+01      7.23188e-09
    3.04220e+00      1.86359e-02      1.00000e+01      7.30075e-09
    3.07888e+00      1.73390e-02      1.00000e+01      7.37025e-09
    3.11599e+00      1.61108e-02      1.00000e+01      7.44016e-09
    3.15355e+00      1.49504e-02      1.00000e+01      7.51072e-09
    3.19157e+00      1.38526e-02      1.00000e+01      7.58177e-09
    3.23004e+00      1.28167e-02      1.00000e+01      7.65332e-09
    3.26898e+00      1.18414e-02      1.00000e+01      7.72542e-09
    3.30839e+00      1.09248e-02      1.00000e+01      7.79789e-09
    3.34827e+00      1.00643e-02      1.00000e+01      7.87118e-09
    3.38863e+00      9.25800e-03      1.00000e+01      7.94504e-09
    3.42948e+00      8.50391e-03      1.00000e+01      8.01931e-09
    3.47082e+00      7.79977e-03      1.00000e+01      8.09416e-09
    3.51266e+00      7.14349e-03      1.00000e+01      8.16958e-09
    3.55500e+00      6.53291e-03      1.00000e+01      8.24556e-09
    3.59786e+00      5.96538e-03      1.00000e+01      8.32203e-09
    3.64123e+00      5.44034e-03      1.00000e+01      8.39910e-09
    3.68512e+00      4.95430e-03      1.00000e+01      8.47673e-09
    3.72955e+00      4.50736e-03      1.00000e+01      8.55486e-09
    3.77450e+00      4.09678e-03      1.00000e+01      8.63361e-09
    3.82000e+00      3.71920e-03      1.00000e+01      8.71291e-09
    3.86605e+00      3.37248e-03      1.00000e+01      8.79277e-09
    3.91266e+00      3.05496e-03      1.00000e+01      8.87321e-09
    3.95982e+00      2.76322e-03      1.00000e+01      8.95422e-09
    4.00756e+00      2.49751e-03      1.00000e+01      9.03581e-09
    4.05587e+00      2.25697e-03      1.00000e+01      9.11790e-09
    4.10476e+00      2.03846e-03      1.00000e+01      9.20061e-09
    4.15424e+00      1.84005e-03      1.00000e+01      9.28385e-09
    4.20432e+00      1.65992e-03      1.00000e+01      9.36774e-09
    4.25500e+00      1.47997e-03      1.00000e+01      9.45215e-09
    4.30629e+00      1.35439e-03      1.00000e+01      9.53702e-09
    4.35821e+00      1.22515e-03      1.00000e+01      9.62276e-09
    4.41074e+00      1.10945e-03      1.00000e+01      9.70889e-09
    4.46391e+00      1.00894e-03      1.00000e+01      9.79569e-09
    4.51772e+00      9.20302e-04      1.00000e+01      9.88306e-09
    4.57218e+00      8.42252e-04      1.00000e+01      9.97093e-09
    4.62730e+00      7.76343e-04      1.00000e+01      1.00593e-08
    4.68308e+00      7.18300e-04      1.00000e+01      1.01484e-08
    4.73954e+00      6.69145e-04      1.00000e+01      1.02383e-08
    4.79667e+00      6.28119e-04      1.00000e+01      1.03283e-08
    4.85449e+00      5.93065e-04      1.00000e+01      1.04197e-08
    4.91301e+00      5.64334e-04      1.00000e+01      1.05129e-08
    4.97224e+00      5.39890e-04      1.00000e+01      1.06076e-08
    5.03218e+00      5.19538e-04      1.00000e+01      1.07041e-08
    5.09284e+00      5.02092e-04      1.00000e+01      1.08024e-08
    5.15423e+00      4.87121e-04      1.00000e+01      1.09025e-08
    5.21636e+00      4.73868e-04      1.00000e+01      1.10045e-08
    5.27925e+00      4.62177e-04      1.00000e+01      1.11085e-08
    5.34289e+00      4.51689e-04      1.00000e+01      1.12143e-08
    5.40729e+00      4.42480e-04      1.00000e+01      1.13222e-08
    5.47248e+00      4.34331e-04      1.00000e+01      1.14319e-08
    5.53845e+00      4.27193e-04      1.00000e+01      1.15436e-08
    5.60521e+00      4.21086e-04      1.00000e+01      1.16578e-08
    5.67278e+00      4.15754e-04      1.00000e+01      1.17735e-08
    5.74117e+00      4.11199e-04      1.00000e+01      1.18920e-08
    5.81037e+00      4.07361e-04      1.00000e+01      1.20124e-08
    5.88042e+00      4.04089e-04      1.00000e+01      1.21350e-08
    5.95131e+00      4.01311e-04      1.00000e+01      1.22599e-08
    6.02305e+00      3.98987e-04      1.00000e+01      1.23873e-08
    6.09565e+00      3.97055e-04      1.00000e+01      1.25169e-08
    6.16914e+00      3.95429e-04      1.00000e+01      1.26489e-08
    6.24350e+00      3.94053e-04      1.00000e+01      1.27835e-08
    6.31877e+00      3.92891e-04      1.00000e+01      1.29204e-08
    6.39494e+00      3.91911e-04      1.00000e+01      1.30582e-08
    6.47203e+00      3.91084e-04      1.00000e+01      1.31975e-08
    6.55005e+00      3.90374e-04      1.00000e+01      1.33381e-08
    6.62901e+00      3.89762e-04      1.00000e+01      1.34800e-08
    6.70892e+00      3.89240e-04      1.00000e+01      1.36233e-08
    6.78979e+00      3.88801e-04      1.00000e+01      1.37680e-08
    6.87164e+00      3.88436e-04      1.00000e+01      1.39138e-08
    6.95448e+00      3.88140e-04      1.00000e+01      1.40612e-08
    7.03832e+00      3.87900e-04      1.00000e+01      1.42100e-08
    7.12316e+00      3.87713e-04      1.00000e+01      1.43601e-08
    7.20903e+00      3.87567e-04      1.00000e+01      1.45115e-08
    7.29593e+00      3.87457e-04      1.00000e+01      1.46645e-08
    7.38389e+00      3.87376e-04      1.00000e+01      1.48189e-08
    7.47290e+00      3.87309e-04      1.00000e+01      1.49744e-08
    7.56298e+00      3.87259e-04      1.00000e+01      1.51316e-08
    7.65415e+00      3.87211e-04      1.00000e+01      1.52902e-08
    7.74642e+00      3.87168e-04      1.00000e+01      1.54504e-08
    7.83980e+00      3.87117e-04      1.00000e+01      1.56119e-08
    7.93431e+00      3.87070e-04      1.00000e+01      1.57748e-08
    8.02996e+00      3.87020e-04      1.00000e+01      1.59394e-08
    8.12676e+00      3.86970e-04      1.00000e+01      1.61054e-08
    8.22473e+00      3.86919e-04      1.00000e+01      1.62729e-08
    8.32387e+00      3.86871e-04      1.00000e+01      1.64422e-08
    8.42422e+00      3.86818e-04      1.00000e+01      1.66125e-08
    8.52577e+00      3.86764e-04      1.00000e+01      1.67847e-08
    8.62855e+00      3.86712e-04      1.00000e+01      1.69583e-08
    8.73256e+00      3.86659e-04      1.00000e+01      1.71336e-08
    8.83783e+00      3.86604e-04      1.00000e+01      1.73104e-08
    8.94437e+00      3.86550e-04      1.00000e+01      1.74888e-08
    9.05220e+00      3.86495e-04      1.00000e+01      1.76688e-08
    9.16132e+00      3.86439e-04      1.00000e+01      1.78505e-08
    9.27176e+00      3.86384e-04      1.00000e+01      1.80337e-08
    9.38353e+00      3.86326e-04      1.00000e+01      1.82187e-08
    9.49664e+00      3.86269e-04      1.00000e+01      1.84050e-08
    9.61113e+00      3.86210e-04      1.00000e+01      1.85933e-08
    9.72699e+00      3.86152e-04      1.00000e+01      1.87832e-08
    9.84424e+00      3.86094e-04      1.00000e+01      1.89747e-08
    9.96292e+00      3.86032e-04      1.00000e+01      1.91676e-08
    1.00830e+01      3.85972e-04      1.00000e+01      1.93628e-08
    1.02046e+01      3.85910e-04      1.00000e+01      1.95594e-08
    1.03276e+01      3.85849e-04      1.00000e+01      1.97579e-08
    1.04521e+01      3.85786e-04      1.00000e+01      1.99579e-08
    1.05781e+01      3.85722e-04      1.00000e+01      2.01599e-08
    1.07056e+01      3.85658e-04      1.00000e+01      2.03633e-08
    1.08347e+01      3.85594e-04      1.00000e+01      2.05687e-08
    1.09653e+01      3.85530e-04      1.00000e+01      2.07758e-08
    1.10974e+01      3.85463e-04      1.00000e+01      2.09847e-08
    1.12312e+01      3.85394e-04      1.00000e+01      2.11954e-08
    1.13666e+01      3.85328e-04      1.00000e+01      2.14080e-08
    1.15036e+01      3.85261e-04      1.00000e+01      2.16224e-08
    1.16423e+01      3.85194e-04      1.00000e+01      2.18386e-08
    1.17827e+01      3.85123e-04      1.00000e+01      2.20569e-08
    1.19247e+01      3.85052e-04      1.00000e+01      2.22766e-08
    1.20685e+01      3.84980e-04      1.00000e+01      2.24984e-08
    1.22139e+01      3.84907e-04      1.00000e+01      2.27216e-08
    1.23612e+01      3.84833e-04      1.00000e+01      2.29475e-08
    1.25102e+01      3.84762e-04      1.00000e+01      2.31750e-08
    1.26610e+01      3.84686e-04      1.00000e+01      2.34044e-08
    1.28136e+01      3.84611e-04      1.00000e+01      2.36355e-08
    1.29681e+01      3.84535e-04      1.00000e+01      2.38690e-08
    1.31244e+01      3.84459e-04      1.00000e+01      2.41042e-08
    1.32826e+01      3.84380e-04      1.00000e+01      2.43422e-08
    1.34428e+01      3.84301e-04      1.00000e+01      2.45803e-08
    1.36048e+01      3.84222e-04      1.00000e+01      2.48213e-08
    1.37688e+01      3.84139e-04      1.00000e+01      2.50644e-08
    1.39348e+01      3.84059e-04      1.00000e+01      2.53097e-08
    1.41028e+01      3.83978e-04      1.00000e+01      2.55567e-08
    1.42728e+01      3.83896e-04      1.00000e+01      2.58059e-08
    1.44448e+01      3.83807e-04      1.00000e+01      2.60564e-08
    1.46190e+01      3.83724e-04      1.00000e+01      2.63101e-08
    1.47952e+01      3.83636e-04      1.00000e+01      2.65652e-08
    1.49736e+01      3.83550e-04      1.00000e+01      2.68227e-08
    1.51541e+01      3.83463e-04      1.00000e+01      2.70819e-08
    1.53367e+01      3.83375e-04      1.00000e+01      2.73434e-08
    1.55216e+01      3.83285e-04      1.00000e+01      2.76069e-08
    1.57087e+01      3.83195e-04      1.00000e+01      2.78729e-08
    1.58981e+01      3.83104e-04      1.00000e+01      2.81405e-08
    1.60898e+01      3.83011e-04      1.00000e+01      2.84104e-08
    1.62837e+01      3.82918e-04      1.00000e+01      2.86827e-08
    1.64800e+01      3.82823e-04      1.00000e+01      2.89566e-08
    1.66787e+01      3.82729e-04      1.00000e+01      2.92330e-08
    1.68797e+01      3.82631e-04      1.00000e+01      2.95114e-08
    1.70832e+01      3.82535e-04      1.00000e+01      2.97921e-08
    1.72892e+01      3.82435e-04      1.00000e+01      3.00750e-08
    1.74976e+01      3.82335e-04      1.00000e+01      3.03600e-08
    1.77085e+01      3.82236e-04      1.00000e+01      3.06473e-08
    1.79220e+01      3.82134e-04      1.00000e+01      3.09366e-08
    1.81380e+01      3.82031e-04      1.00000e+01      3.12293e-08
    1.83567e+01      3.81930e-04      1.00000e+01      3.15225e-08
    1.85780e+01      3.81825e-04      1.00000e+01      3.18184e-08
    1.88019e+01      3.81719e-04      1.00000e+01      3.21168e-08
    1.90286e+01      3.81613e-04      1.00000e+01      3.24175e-08
    1.92580e+01      3.81503e-04      1.00000e+01      3.27202e-08
    1.94901e+01      3.81395e-04      1.00000e+01      3.30250e-08
    1.97251e+01      3.81280e-04      1.00000e+01      3.33325e-08
    1.99629e+01      3.81173e-04      1.00000e+01      3.36415e-08
    2.02035e+01      3.81058e-04      1.00000e+01      3.39527e-08
    2.04471e+01      3.80945e-04      1.00000e+01      3.42661e-08
    2.06936e+01      3.80828e-04      1.00000e+01      3.45813e-08
    2.09430e+01      3.80709e-04      1.00000e+01      3.48990e-08
    2.11955e+01      3.80595e-04      1.00000e+01      3.52183e-08
    2.14510e+01      3.80475e-04      1.00000e+01      3.55400e-08
    2.17096e+01      3.80355e-04      1.00000e+01      3.58639e-08
    2.19713e+01      3.80235e-04      1.00000e+01      3.61901e-08
    2.22362e+01      3.80111e-04      1.00000e+01      3.65178e-08
    2.25042e+01      3.79988e-04      1.00000e+01      3.68475e-08
    2.27755e+01      3.79861e-04      1.00000e+01      3.71798e-08
    2.30501e+01      3.79735e-04      1.00000e+01      3.75137e-08
    2.33279e+01      3.79614e-04      1.00000e+01      3.78499e-08
    2.36092e+01      3.79477e-04      1.00000e+01      3.81878e-08
    2.38938e+01      3.79348e-04      1.00000e+01      3.85289e-08
    2.41818e+01      3.79219e-04      1.00000e+01      3.88713e-08
    2.44733e+01      3.79085e-04      1.00000e+01      3.92158e-08
    2.47683e+01      3.78951e-04      1.00000e+01      3.95622e-08
    2.50669e+01      3.78815e-04      1.00000e+01      3.99109e-08
    2.53691e+01      3.78679e-04      1.00000e+01      4.02614e-08
    2.56749e+01      3.78539e-04      1.00000e+01      4.06140e-08
    2.59844e+01      3.78399e-04      1.00000e+01      4.09691e-08
    2.62977e+01      3.78259e-04      1.00000e+01      4.13256e-08
    2.66147e+01      3.78115e-04      1.00000e+01      4.16851e-08
    2.69355e+01      3.77969e-04      1.00000e+01      4.20449e-08
    2.72602e+01      3.77803e-04      1.00000e+01      4.24077e-08
    2.75889e+01      3.77677e-04      1.00000e+01      4.27724e-08
    2.79214e+01      3.77528e-04      1.00000e+01      4.31394e-08
    2.82580e+01      3.77377e-04      1.00000e+01      4.35085e-08
    2.85987e+01      3.77226e-04      1.00000e+01      4.38791e-08
    2.89434e+01      3.77072e-04      1.00000e+01      4.42516e-08
    2.92924e+01      3.76918e-04      1.00000e+01      4.46263e-08
    2.96455e+01      3.76761e-04      1.00000e+01      4.50025e-08
    3.00029e+01      3.76602e-04      1.00000e+01      4.53814e-08
    3.03645e+01      3.76444e-04      1.00000e+01      4.57618e-08
    3.07306e+01      3.76282e-04      1.00000e+01      4.61437e-08
    3.11010e+01      3.76117e-04      1.00000e+01      4.65267e-08
    3.14760e+01      3.75955e-04      1.00000e+01      4.69145e-08
    3.18554e+01      3.75786e-04      1.00000e+01      4.73024e-08
    3.22394e+01      3.75620e-04      1.00000e+01      4.76922e-08
    3.26281e+01      3.75453e-04      1.00000e+01      4.80838e-08
    3.30214e+01      3.75282e-04      1.00000e+01      4.84772e-08
    3.34195e+01      3.75109e-04      1.00000e+01      4.88725e-08
    3.38223e+01      3.74935e-04      1.00000e+01      4.92696e-08
    3.42301e+01      3.74759e-04      1.00000e+01      4.96684e-08
    3.46427e+01      3.74581e-04      1.00000e+01      5.00685e-08
    3.50603e+01      3.74402e-04      1.00000e+01      5.04711e-08
    3.54830e+01      3.74219e-04      1.00000e+01      5.08746e-08
    3.59107e+01      3.74038e-04      1.00000e+01      5.12807e-08
    3.63436e+01      3.73852e-04      1.00000e+01      5.16881e-08
    3.67817e+01      3.73666e-04      1.00000e+01      5.20967e-08
    3.72251e+01      3.73477e-04      1.00000e+01      5.25069e-08
    3.76739e+01      3.73289e-04      1.00000e+01      5.29195e-08
    3.81281e+01      3.73034e-04      1.00000e+01      5.33314e-08
    3.85877e+01      3.72899e-04      1.00000e+01      5.37475e-08
    3.90529e+01      3.72706e-04      1.00000e+01      5.41646e-08
    3.95236e+01      3.72508e-04      1.00000e+01      5.45825e-08
    4.00001e+01      3.72309e-04      1.00000e+01      5.50018e-08
