    Er (keV)         SM dN/dE         BG dN/dE        BSM dN/dE (events/kg/day/keV)
    1.00100e-01      6.40280e+01      1.00000e+02      1.50934e-02
    1.01247e-01      6.34347e+01      1.00000e+02      1.48256e-02
    1.02408e-01      6.28346e+01      1.00000e+02      1.45548e-02
    1.03582e-01      6.22277e+01      1.00000e+02      1.42809e-02
    1.04769e-01      6.16138e+01      1.00000e+02      1.40039e-02
    1.05970e-01      6.09928e+01      1.00000e+02      1.37236e-02
    1.07184e-01      6.03647e+01      1.00000e+02      1.34402e-02
    1.08413e-01      5.97294e+01      1.00000e+02      1.31535e-02
    1.09655e-01      5.90868e+01      1.00000e+02      1.28635e-02
    1.10912e-01      5.84368e+01      1.00000e+02      1.25702e-02
    1.12184e-01      5.77794e+01      1.00000e+02      1.22735e-02
    1.13470e-01      5.71145e+01      1.00000e+02      1.19734e-02
    1.14770e-01      5.64419e+01      1.00000e+02      1.16699e-02
    1.16086e-01      5.57616e+01      1.00000e+02      1.13629e-02
    1.17417e-01      5.50734e+01      1.00000e+02      1.10523e-02
    1.18763e-01      5.43774e+01      1.00000e+02      1.07382e-02
    1.20124e-01      5.36735e+01      1.00000e+02      1.04205e-02
    1.21501e-01      5.29614e+01      1.00000e+02      1.00992e-02
    1.22894e-01      5.22411e+01      1.00000e+02      9.77416e-03
    1.24303e-01      5.15126e+01      1.00000e+02      9.44540e-03
    1.25728e-01      5.07758e+01      1.00000e+02      9.11286e-03
    1.27169e-01      5.00305e+01      1.00000e+02      8.77652e-03
    1.28627e-01      4.92766e+01      1.00000e+02      8.43631e-03
    1.30101e-01      4.85141e+01      1.00000e+02      8.09220e-03
    1.31593e-01      4.79650e+01      1.00000e+02      7.91607e-03
    1.33101e-01      4.74260e+01      1.00000e+02      7.75052e-03
    1.34627e-01      4.68807e+01      1.00000e+02      7.58307e-03
    1.36171e-01      4.63292e+01      1.00000e+02      7.41370e-03
    1.37732e-01      4.57714e+01      1.00000e+02      7.24238e-03
    1.39311e-01      4.52072e+01      1.00000e+02      7.06910e-03
    1.40908e-01      4.46365e+01      1.00000e+02      6.89383e-03
    1.42523e-01      4.40592e+01      1.00000e+02      6.71655e-03
    1.44157e-01      4.34753e+01      1.00000e+02      6.53724e-03
    1.45810e-01      4.28848e+01      1.00000e+02      6.35587e-03
    1.47482e-01      4.22874e+01      1.00000e+02      6.17242e-03
    1.49173e-01      4.16832e+01      1.00000e+02      5.98686e-03
    1.50883e-01      4.10721e+01      1.00000e+02      5.79918e-03
    1.52613e-01      4.04539e+01      1.00000e+02      5.60934e-03
    1.54363e-01      3.98287e+01      1.00000e+02      5.41732e-03
    1.56133e-01      3.91963e+01      1.00000e+02      5.22310e-03
    1.57923e-01      3.85566e+01      1.00000e+02      5.02665e-03
    1.59733e-01      3.79096e+01      1.00000e+02      4.82795e-03
    1.61565e-01      3.73693e+01      1.00000e+02      4.68716e-03
    1.63417e-01      3.68895e+01      1.00000e+02      4.57991e-03
    1.65291e-01      3.64041e+01      1.00000e+02      4.47144e-03
    1.67186e-01      3.59132e+01      1.00000e+02      4.36172e-03
    1.69103e-01      3.54167e+01      1.00000e+02      4.25074e-03
    1.71042e-01      3.49145e+01      1.00000e+02      4.13849e-03
    1.73003e-01      3.44065e+01      1.00000e+02      4.02495e-03
    1.74987e-01      3.38927e+01      1.00000e+02      3.91011e-03
    1.76994e-01      3.33729e+01      1.00000e+02      3.79395e-03
    1.79023e-01      3.28473e+01      1.00000e+02      3.67646e-03
    1.81076e-01      3.23156e+01      1.00000e+02      3.55762e-03
    1.83152e-01      3.17777e+01      1.00000e+02      3.43741e-03
    1.85252e-01      3.12338e+01      1.00000e+02      3.31583e-03
    1.87377e-01      3.06835e+01      1.00000e+02      3.19285e-03
    1.89525e-01      3.01270e+01      1.00000e+02      3.06847e-03
    1.91698e-01      2.96336e+01      1.00000e+02      2.96931e-03
    1.93897e-01      2.92042e+01      1.00000e+02      2.89571e-03
    1.96120e-01      2.87699e+01      1.00000e+02      2.82126e-03
    1.98369e-01      2.83305e+01      1.00000e+02      2.74596e-03
    2.00644e-01      2.78861e+01      1.00000e+02      2.66980e-03
    2.02944e-01      2.74367e+01      1.00000e+02      2.59276e-03
    2.05272e-01      2.69820e+01      1.00000e+02      2.51483e-03
    2.07626e-01      2.65222e+01      1.00000e+02      2.43602e-03
    2.10006e-01      2.60571e+01      1.00000e+02      2.35629e-03
    2.12415e-01      2.55866e+01      1.00000e+02      2.27566e-03
    2.14851e-01      2.51108e+01      1.00000e+02      2.19410e-03
    2.17314e-01      2.46294e+01      1.00000e+02      2.11160e-03
    2.19806e-01      2.41426e+01      1.00000e+02      2.02816e-03
    2.22327e-01      2.37195e+01      1.00000e+02      1.96328e-03
    2.24877e-01      2.33378e+01      1.00000e+02      1.91067e-03
    2.27455e-01      2.29517e+01      1.00000e+02      1.85747e-03
    2.30064e-01      2.25611e+01      1.00000e+02      1.80365e-03
    2.32702e-01      2.21661e+01      1.00000e+02      1.74922e-03
    2.35371e-01      2.17666e+01      1.00000e+02      1.69416e-03
    2.38070e-01      2.13625e+01      1.00000e+02      1.63847e-03
    2.40800e-01      2.09537e+01      1.00000e+02      1.58214e-03
    2.43562e-01      2.05403e+01      1.00000e+02      1.52516e-03
    2.46355e-01      2.01221e+01      1.00000e+02      1.46754e-03
    2.49180e-01      1.96991e+01      1.00000e+02      1.40925e-03
    2.52038e-01      1.93049e+01      1.00000e+02      1.35782e-03
    2.54928e-01      1.89669e+01      1.00000e+02      1.31936e-03
    2.57852e-01      1.86250e+01      1.00000e+02      1.28045e-03
    2.60809e-01      1.82791e+01      1.00000e+02      1.24111e-03
    2.63800e-01      1.79293e+01      1.00000e+02      1.20131e-03
    2.66826e-01      1.75755e+01      1.00000e+02      1.16105e-03
    2.69886e-01      1.72176e+01      1.00000e+02      1.12033e-03
    2.72981e-01      1.68556e+01      1.00000e+02      1.07915e-03
    2.76112e-01      1.64895e+01      1.00000e+02      1.03749e-03
    2.79278e-01      1.61192e+01      1.00000e+02      9.95355e-04
    2.82481e-01      1.57756e+01      1.00000e+02      9.58283e-04
    2.85721e-01      1.54758e+01      1.00000e+02      9.29333e-04
    2.88998e-01      1.51726e+01      1.00000e+02      9.00051e-04
    2.92313e-01      1.48658e+01      1.00000e+02      8.70434e-04
    2.95665e-01      1.45556e+01      1.00000e+02      8.40476e-04
    2.99056e-01      1.42418e+01      1.00000e+02      8.10175e-04
    3.02486e-01      1.39245e+01      1.00000e+02      7.79526e-04
    3.05955e-01      1.36034e+01      1.00000e+02      7.48525e-04
    3.09464e-01      1.32787e+01      1.00000e+02      7.17169e-04
    3.13013e-01      1.29801e+01      1.00000e+02      6.89908e-04
    3.16603e-01      1.27147e+01      1.00000e+02      6.67828e-04
    3.20235e-01      1.24463e+01      1.00000e+02      6.45494e-04
    3.23908e-01      1.21748e+01      1.00000e+02      6.22904e-04
    3.27623e-01      1.19003e+01      1.00000e+02      6.00055e-04
    3.31380e-01      1.16225e+01      1.00000e+02      5.76944e-04
    3.35181e-01      1.13416e+01      1.00000e+02      5.53568e-04
    3.39025e-01      1.10574e+01      1.00000e+02      5.29923e-04
    3.42914e-01      1.07887e+01      1.00000e+02      5.08391e-04
    3.46847e-01      1.05547e+01      1.00000e+02      4.91424e-04
    3.50825e-01      1.03180e+01      1.00000e+02      4.74262e-04
    3.54849e-01      1.00786e+01      1.00000e+02      4.56904e-04
    3.58919e-01      9.83647e+00      1.00000e+02      4.39346e-04
    3.63035e-01      9.59154e+00      1.00000e+02      4.21587e-04
    3.67199e-01      9.34380e+00      1.00000e+02      4.03624e-04
    3.71411e-01      9.09321e+00      1.00000e+02      3.85455e-04
    3.75671e-01      8.88253e+00      1.00000e+02      3.71803e-04
    3.79980e-01      8.67401e+00      1.00000e+02      3.58500e-04
    3.84338e-01      8.46309e+00      1.00000e+02      3.45044e-04
    3.88747e-01      8.24976e+00      1.00000e+02      3.31434e-04
    3.93205e-01      8.03397e+00      1.00000e+02      3.17668e-04
    3.97716e-01      7.81571e+00      1.00000e+02      3.03744e-04
    4.02277e-01      7.59719e+00      1.00000e+02      2.89876e-04
    4.06891e-01      7.41418e+00      1.00000e+02      2.79510e-04
    4.11559e-01      7.22906e+00      1.00000e+02      2.69025e-04
    4.16279e-01      7.04182e+00      1.00000e+02      2.58421e-04
    4.21054e-01      6.85243e+00      1.00000e+02      2.47694e-04
    4.25883e-01      6.66087e+00      1.00000e+02      2.36845e-04
    4.30768e-01      6.46711e+00      1.00000e+02      2.25870e-04
    4.35709e-01      6.29567e+00      1.00000e+02      2.16798e-04
    4.40707e-01      6.13260e+00      1.00000e+02      2.08477e-04
    4.45762e-01      5.96766e+00      1.00000e+02      2.00060e-04
    4.50875e-01      5.80083e+00      1.00000e+02      1.91547e-04
    4.56047e-01      5.63209e+00      1.00000e+02      1.82936e-04
    4.61278e-01      5.46141e+00      1.00000e+02      1.74227e-04
    4.66569e-01      5.31196e+00      1.00000e+02      1.67143e-04
    4.71921e-01      5.16729e+00      1.00000e+02      1.60462e-04
    4.77334e-01      5.02095e+00      1.00000e+02      1.53703e-04
    4.82809e-01      4.87294e+00      1.00000e+02      1.46867e-04
    4.88347e-01      4.72323e+00      1.00000e+02      1.39953e-04
    4.93949e-01      4.57779e+00      1.00000e+02      1.33360e-04
    4.99615e-01      4.45026e+00      1.00000e+02      1.28004e-04
    5.05345e-01      4.32127e+00      1.00000e+02      1.22587e-04
    5.11142e-01      4.19081e+00      1.00000e+02      1.17107e-04
    5.17005e-01      4.05884e+00      1.00000e+02      1.11565e-04
    5.22936e-01      3.92576e+00      1.00000e+02      1.05983e-04
    5.28934e-01      3.81273e+00      1.00000e+02      1.01655e-04
    5.35001e-01      3.69840e+00      1.00000e+02      9.72769e-05
    5.41138e-01      3.58276e+00      1.00000e+02      9.28489e-05
    5.47345e-01      3.46579e+00      1.00000e+02      8.83700e-05
    5.53624e-01      3.34926e+00      1.00000e+02      8.39384e-05
    5.59974e-01      3.24862e+00      1.00000e+02      8.04110e-05
    5.66398e-01      3.14683e+00      1.00000e+02      7.68431e-05
    5.72895e-01      3.04388e+00      1.00000e+02      7.32344e-05
    5.79466e-01      2.93974e+00      1.00000e+02      6.95842e-05
    5.86113e-01      2.84134e+00      1.00000e+02      6.62522e-05
    5.92837e-01      2.75098e+00      1.00000e+02      6.33580e-05
    5.99637e-01      2.65958e+00      1.00000e+02      6.04306e-05
    6.06516e-01      2.56713e+00      1.00000e+02      5.74696e-05
    6.13473e-01      2.47370e+00      1.00000e+02      5.44783e-05
    6.20510e-01      2.39382e+00      1.00000e+02      5.21049e-05
    6.27628e-01      2.31303e+00      1.00000e+02      4.97043e-05
    6.34827e-01      2.23130e+00      1.00000e+02      4.72761e-05
    6.42110e-01      2.14864e+00      1.00000e+02      4.48201e-05
    6.49475e-01      2.07421e+00      1.00000e+02      4.27519e-05
    6.56926e-01      2.00134e+00      1.00000e+02      4.07701e-05
    6.64461e-01      1.92764e+00      1.00000e+02      3.87655e-05
    6.72083e-01      1.85310e+00      1.00000e+02      3.67380e-05
    6.79793e-01      1.78656e+00      1.00000e+02      3.49979e-05
    6.87591e-01      1.72190e+00      1.00000e+02      3.33305e-05
    6.95478e-01      1.65650e+00      1.00000e+02      3.16440e-05
    7.03456e-01      1.59034e+00      1.00000e+02      2.99381e-05
    7.11526e-01      1.53197e+00      1.00000e+02      2.85192e-05
    7.19688e-01      1.47360e+00      1.00000e+02      2.71082e-05
    7.27944e-01      1.41456e+00      1.00000e+02      2.56811e-05
    7.36294e-01      1.35688e+00      1.00000e+02      2.43037e-05
    7.44741e-01      1.30489e+00      1.00000e+02      2.31162e-05
    7.53284e-01      1.25231e+00      1.00000e+02      2.19150e-05
    7.61925e-01      1.19912e+00      1.00000e+02      2.07001e-05
    7.70665e-01      1.15052e+00      1.00000e+02      1.96323e-05
    7.79506e-01      1.10351e+00      1.00000e+02      1.86184e-05
    7.88448e-01      1.05595e+00      1.00000e+02      1.75928e-05
    7.97492e-01      1.01002e+00      1.00000e+02      1.66147e-05
    8.06641e-01      9.68345e-01      1.00000e+02      1.57559e-05
    8.15894e-01      9.26189e-01      1.00000e+02      1.48873e-05
    8.25254e-01      8.83796e-01      1.00000e+02      1.40156e-05
    8.34721e-01      8.46424e-01      1.00000e+02      1.32890e-05
    8.44296e-01      8.08623e-01      1.00000e+02      1.25540e-05
    8.53981e-01      7.70388e-01      1.00000e+02      1.18107e-05
    8.63778e-01      7.36391e-01      1.00000e+02      1.11800e-05
    8.73687e-01      7.02583e-01      1.00000e+02      1.05571e-05
    8.83709e-01      6.68387e-01      1.00000e+02      9.92707e-06
    8.93847e-01      6.37584e-01      1.00000e+02      9.38361e-06
    9.04101e-01      6.07115e-01      1.00000e+02      8.85095e-06
    9.14472e-01      5.76296e-01      1.00000e+02      8.31217e-06
    9.24963e-01      5.48857e-01      1.00000e+02      7.84940e-06
    9.35574e-01      5.21493e-01      1.00000e+02      7.38990e-06
    9.46306e-01      4.94038e-01      1.00000e+02      6.92969e-06
    9.57162e-01      4.69757e-01      1.00000e+02      6.53580e-06
    9.68142e-01      4.45197e-01      1.00000e+02      6.13739e-06
    9.79248e-01      4.21349e-01      1.00000e+02      5.75405e-06
    9.90482e-01      3.99516e-01      1.00000e+02      5.41155e-06
    1.00184e+00      3.77431e-01      1.00000e+02      5.06511e-06
    1.01334e+00      3.56960e-01      1.00000e+02      4.75005e-06
    1.02496e+00      3.37347e-01      1.00000e+02      4.45209e-06
    1.03672e+00      3.17612e-01      1.00000e+02      4.15258e-06
    1.04861e+00      3.00207e-01      1.00000e+02      3.89632e-06
    1.06064e+00      2.82603e-01      1.00000e+02      3.63713e-06
    1.07281e+00      2.66032e-01      1.00000e+02      3.39687e-06
    1.08512e+00      2.50417e-01      1.00000e+02      3.17419e-06
    1.09757e+00      2.34772e-01      1.00000e+02      2.95158e-06
    1.11016e+00      2.20886e-01      1.00000e+02      2.76063e-06
    1.12289e+00      2.06841e-01      1.00000e+02      2.56749e-06
    1.13577e+00      1.93942e-01      1.00000e+02      2.39373e-06
    1.14880e+00      1.81485e-01      1.00000e+02      2.22772e-06
    1.16198e+00      1.69494e-01      1.00000e+02      2.06937e-06
    1.17531e+00      1.58400e-01      1.00000e+02      1.92548e-06
    1.18880e+00      1.47349e-01      1.00000e+02      1.78244e-06
    1.20243e+00      1.37523e-01      1.00000e+02      1.65756e-06
    1.21623e+00      1.27583e-01      1.00000e+02      1.53125e-06
    1.23018e+00      1.18753e-01      1.00000e+02      1.42068e-06
    1.24429e+00      1.09944e-01      1.00000e+02      1.31054e-06
    1.25857e+00      1.01958e-01      1.00000e+02      1.21164e-06
    1.27301e+00      9.41705e-02      1.00000e+02      1.11552e-06
    1.28761e+00      8.70185e-02      1.00000e+02      1.02783e-06
    1.30238e+00      8.01517e-02      1.00000e+02      9.43955e-07
    1.31732e+00      7.38105e-02      1.00000e+02      8.66861e-07
    1.33243e+00      6.77738e-02      1.00000e+02      7.93714e-07
    1.34772e+00      6.22059e-02      1.00000e+02      7.26511e-07
    1.36318e+00      5.69114e-02      1.00000e+02      6.62789e-07
    1.37882e+00      5.20741e-02      1.00000e+02      6.04778e-07
    1.39464e+00      4.74502e-02      1.00000e+02      5.49446e-07
    1.41064e+00      4.32919e-02      1.00000e+02      4.99928e-07
    1.42682e+00      3.92638e-02      1.00000e+02      4.52053e-07
    1.44319e+00      3.57264e-02      1.00000e+02      4.10269e-07
    1.45974e+00      3.22482e-02      1.00000e+02      3.69241e-07
    1.47649e+00      2.92508e-02      1.00000e+02      3.34211e-07
    1.49343e+00      2.63332e-02      1.00000e+02      3.00217e-07
    1.51056e+00      2.37402e-02      1.00000e+02      2.70335e-07
    1.52789e+00      2.13166e-02      1.00000e+02      2.42523e-07
    1.54542e+00      1.90797e-02      1.00000e+02      2.16990e-07
    1.56315e+00      1.70815e-02      1.00000e+02      1.94375e-07
    1.58108e+00      1.51692e-02      1.00000e+02      1.72764e-07
    1.59922e+00      1.35772e-02      1.00000e+02      1.54226e-07
    1.61757e+00      1.20444e-02      1.00000e+02      1.36740e-07
    1.63612e+00      1.06081e-02      1.00000e+02      1.20916e-07
    1.65489e+00      9.36978e-03      1.00000e+02      1.06863e-07
    1.67388e+00      8.21230e-03      1.00000e+02      9.36011e-08
    1.69308e+00      7.19569e-03      1.00000e+02      8.20005e-08
    1.71250e+00      6.30529e-03      1.00000e+02      7.14372e-08
    1.73215e+00      5.50379e-03      1.00000e+02      6.16215e-08
    1.75202e+00      4.82737e-03      1.00000e+02      5.32477e-08
    1.77212e+00      4.20970e-03      1.00000e+02      4.55801e-08
    1.79245e+00      3.64734e-03      1.00000e+02      3.85670e-08
    1.81302e+00      3.19576e-03      1.00000e+02      3.27141e-08
    1.83382e+00      2.79634e-03      1.00000e+02      2.74919e-08
    1.85485e+00      2.44433e-03      1.00000e+02      2.28508e-08
    1.87613e+00      2.15693e-03      1.00000e+02      1.90427e-08
    1.89766e+00      1.92415e-03      1.00000e+02      1.58550e-08
    1.91943e+00      1.71637e-03      1.00000e+02      1.31354e-08
    1.94145e+00      1.51854e-03      1.00000e+02      1.09006e-08
    1.96372e+00      1.36691e-03      1.00000e+02      9.22143e-09
    1.98625e+00      1.23802e-03      1.00000e+02      7.82389e-09
    2.00903e+00      1.12589e-03      1.00000e+02      6.67155e-09
    2.03208e+00      1.02215e-03      1.00000e+02      5.72158e-09
    2.05540e+00      9.33591e-04      1.00000e+02      4.97127e-09
    2.07898e+00      8.53949e-04      1.00000e+02      4.30828e-09
    2.10283e+00      7.82858e-04      1.00000e+02      3.72185e-09
    2.12695e+00      7.19794e-04      1.00000e+02      3.20176e-09
    2.15135e+00      6.64567e-04      1.00000e+02      2.74150e-09
    2.17603e+00      6.17350e-04      1.00000e+02      2.33874e-09
    2.20100e+00      5.76100e-04      1.00000e+02      1.98253e-09
    2.22625e+00      5.39607e-04      1.00000e+02      1.66944e-09
    2.25179e+00      5.08063e-04      1.00000e+02      1.39663e-09
    2.27762e+00      4.82705e-04      1.00000e+02      1.16235e-09
    2.30375e+00      4.60202e-04      1.00000e+02      9.63225e-10
    2.33018e+00      4.42147e-04      1.00000e+02      8.00187e-10
    2.35691e+00      4.25815e-04      1.00000e+02      6.62930e-10
    2.38395e+00      4.12095e-04      1.00000e+02      5.47965e-10
    2.41130e+00      4.00630e-04      1.00000e+02      4.52495e-10
    2.43897e+00      3.90926e-04      1.00000e+02      3.73806e-10
    2.46695e+00      3.82704e-04      1.00000e+02      3.09606e-10
    2.49525e+00      3.75699e-04      1.00000e+02      2.57258e-10
    2.52387e+00      3.69742e-04      1.00000e+02      2.13438e-10
    2.55283e+00      3.64730e-04      1.00000e+02      1.76694e-10
    2.58212e+00      3.60477e-04      1.00000e+02      1.45360e-10
    2.61174e+00      3.56915e-04      1.00000e+02      1.18806e-10
    2.64170e+00      3.53962e-04      1.00000e+02      9.59460e-11
    2.67201e+00      3.51558e-04      1.00000e+02      7.59840e-11
    2.70266e+00      3.49637e-04      1.00000e+02      5.87628e-11
    2.73367e+00      3.48147e-04      1.00000e+02      4.41332e-11
    2.76503e+00      3.47027e-04      1.00000e+02      3.19849e-11
    2.79675e+00      3.46217e-04      1.00000e+02      2.21791e-11
    2.82884e+00      3.45658e-04      1.00000e+02      1.45667e-11
    2.86129e+00      3.45294e-04      1.00000e+02      8.97305e-12
    2.89412e+00      3.45066e-04      1.00000e+02      5.16876e-12
    2.92732e+00      3.44930e-04      1.00000e+02      2.69872e-12
    2.96091e+00      3.44853e-04      1.00000e+02      1.23101e-12
    2.99488e+00      3.44810e-04      1.00000e+02      4.25120e-13
    3.02923e+00      3.44784e-04      1.00000e+02      4.08833e-14
    3.06399e+00      3.44766e-04      1.00000e+02      -4.95106e-192
    3.09914e+00      3.44745e-04      1.00000e+02      -6.14952e-192
    3.13469e+00      3.44726e-04      1.00000e+02      -7.31254e-192
    3.17066e+00      3.44705e-04      1.00000e+02      -8.44103e-192
    3.20703e+00      3.44686e-04      1.00000e+02      -9.53586e-192
    3.24382e+00      3.44666e-04      1.00000e+02      -1.05951e-191
    3.28104e+00      3.44644e-04      1.00000e+02      -1.16185e-191
    3.31868e+00      3.44617e-04      1.00000e+02      -1.26110e-191
    3.35675e+00      3.44601e-04      1.00000e+02      -1.35732e-191
    3.39527e+00      3.44582e-04      1.00000e+02      -1.45033e-191
    3.43422e+00      3.44561e-04      1.00000e+02      -1.54005e-191
    3.47362e+00      3.44539e-04      1.00000e+02      -1.62700e-191
    3.51347e+00      3.44517e-04      1.00000e+02      -1.71120e-191
    3.55378e+00      3.44497e-04      1.00000e+02      -1.79211e-191
    3.59455e+00      3.44474e-04      1.00000e+02      -1.87047e-191
    3.63579e+00      3.44451e-04      1.00000e+02      -1.94622e-191
    3.67750e+00      3.44429e-04      1.00000e+02      -2.01900e-191
    3.71969e+00      3.44428e-04      1.00000e+02      -2.08945e-191
    3.76236e+00      3.44393e-04      1.00000e+02      -2.15718e-191
    3.80553e+00      3.44360e-04      1.00000e+02      -2.22247e-191
    3.84919e+00      3.44336e-04      1.00000e+02      -2.28541e-191
    3.89335e+00      3.44313e-04      1.00000e+02      -2.34582e-191
    3.93801e+00      3.44289e-04      1.00000e+02      -2.40411e-191
    3.98319e+00      3.44265e-04      1.00000e+02      -2.45990e-191
    4.02889e+00      3.44241e-04      1.00000e+02      -2.51369e-191
    4.07511e+00      3.44215e-04      1.00000e+02      -2.56512e-191
    4.12186e+00      3.44191e-04      1.00000e+02      -2.61458e-191
    4.16915e+00      3.44165e-04      1.00000e+02      -2.66190e-191
    4.21698e+00      3.44139e-04      1.00000e+02      -2.70722e-191
    4.26536e+00      3.44114e-04      1.00000e+02      -2.75065e-191
    4.31430e+00      3.44089e-04      1.00000e+02      -2.79201e-191
    4.36379e+00      3.44065e-04      1.00000e+02      -2.83162e-191
    4.41386e+00      3.44037e-04      1.00000e+02      -2.86936e-191
    4.46450e+00      3.44009e-04      1.00000e+02      -2.90526e-191
    4.51572e+00      3.43983e-04      1.00000e+02      -2.93950e-191
    4.56752e+00      3.43955e-04      1.00000e+02      -2.97203e-191
    4.61992e+00      3.43927e-04      1.00000e+02      -3.00282e-191
    4.67293e+00      3.43900e-04      1.00000e+02      -3.03204e-191
    4.72654e+00      3.43872e-04      1.00000e+02      -3.05971e-191
    4.78076e+00      3.43844e-04      1.00000e+02      -3.08584e-191
    4.83561e+00      3.43815e-04      1.00000e+02      -3.11040e-191
    4.89109e+00      3.43787e-04      1.00000e+02      -3.13351e-191
    4.94720e+00      3.43758e-04      1.00000e+02      -3.15521e-191
    5.00396e+00      3.43729e-04      1.00000e+02      -3.17552e-191
    5.06137e+00      3.43699e-04      1.00000e+02      -3.19448e-191
    5.11944e+00      3.43669e-04      1.00000e+02      -3.21211e-191
    5.17817e+00      3.43640e-04      1.00000e+02      -3.22845e-191
    5.23758e+00      3.43611e-04      1.00000e+02      -3.24353e-191
    5.29767e+00      3.43581e-04      1.00000e+02      -3.25738e-191
    5.35844e+00      3.43547e-04      1.00000e+02      -3.27003e-191
    5.41992e+00      3.43520e-04      1.00000e+02      -3.28152e-191
    5.48210e+00      3.43490e-04      1.00000e+02      -3.29187e-191
    5.54500e+00      3.43460e-04      1.00000e+02      -3.30113e-191
    5.60861e+00      3.43428e-04      1.00000e+02      -3.30931e-191
    5.67296e+00      3.43398e-04      1.00000e+02      -3.31644e-191
    5.73804e+00      3.43368e-04      1.00000e+02      -3.32257e-191
    5.80387e+00      3.43336e-04      1.00000e+02      -3.32771e-191
    5.87046e+00      3.43303e-04      1.00000e+02      -3.33189e-191
    5.93781e+00      3.43271e-04      1.00000e+02      -3.33510e-191
    6.00593e+00      3.43240e-04      1.00000e+02      -3.33742e-191
    6.07483e+00      3.43208e-04      1.00000e+02      -3.33886e-191
    6.14453e+00      3.43175e-04      1.00000e+02      -3.33944e-191
    6.21502e+00      3.43142e-04      1.00000e+02      -3.33916e-191
    6.28633e+00      3.43109e-04      1.00000e+02      -3.33809e-191
    6.35845e+00      3.43076e-04      1.00000e+02      -3.33622e-191
    6.43140e+00      3.43044e-04      1.00000e+02      -3.33357e-191
    6.50518e+00      3.43010e-04      1.00000e+02      -3.33020e-191
    6.57981e+00      3.42975e-04      1.00000e+02      -3.32608e-191
    6.65530e+00      3.42941e-04      1.00000e+02      -3.32128e-191
    6.73166e+00      3.42903e-04      1.00000e+02      -3.31577e-191
    6.80889e+00      3.42868e-04      1.00000e+02      -3.30962e-191
    6.88700e+00      3.42832e-04      1.00000e+02      -3.30281e-191
    6.96602e+00      3.42797e-04      1.00000e+02      -3.29539e-191
    7.04593e+00      3.42760e-04      1.00000e+02      -3.28736e-191
    7.12677e+00      3.42723e-04      1.00000e+02      -3.27874e-191
    7.20853e+00      3.42685e-04      1.00000e+02      -3.26956e-191
    7.29124e+00      3.42646e-04      1.00000e+02      -3.25983e-191
    7.37489e+00      3.42610e-04      1.00000e+02      -3.24957e-191
    7.45950e+00      3.42568e-04      1.00000e+02      -3.23878e-191
    7.54508e+00      3.42529e-04      1.00000e+02      -3.22751e-191
    7.63164e+00      3.42490e-04      1.00000e+02      -3.21575e-191
    7.71920e+00      3.42449e-04      1.00000e+02      -3.20352e-191
    7.80776e+00      3.42411e-04      1.00000e+02      -3.19084e-191
    7.89733e+00      3.42370e-04      1.00000e+02      -3.17773e-191
    7.98794e+00      3.42328e-04      1.00000e+02      -3.16420e-191
    8.07958e+00      3.42287e-04      1.00000e+02      -3.15026e-191
    8.17227e+00      3.42245e-04      1.00000e+02      -3.13592e-191
    8.26603e+00      3.42202e-04      1.00000e+02      -3.12121e-191
    8.36087e+00      3.42159e-04      1.00000e+02      -3.10614e-191
    8.45679e+00      3.42116e-04      1.00000e+02      -3.09071e-191
    8.55381e+00      3.42072e-04      1.00000e+02      -3.07495e-191
    8.65195e+00      3.42027e-04      1.00000e+02      -3.05886e-191
    8.75121e+00      3.41982e-04      1.00000e+02      -3.04246e-191
    8.85161e+00      3.41937e-04      1.00000e+02      -3.02576e-191
    8.95316e+00      3.41891e-04      1.00000e+02      -3.00877e-191
    9.05588e+00      3.41844e-04      1.00000e+02      -2.99150e-191
    9.15977e+00      3.41798e-04      1.00000e+02      -2.97397e-191
    9.26486e+00      3.41750e-04      1.00000e+02      -2.95618e-191
    9.37116e+00      3.41703e-04      1.00000e+02      -2.93815e-191
    9.47867e+00      3.41654e-04      1.00000e+02      -2.91988e-191
    9.58742e+00      3.41607e-04      1.00000e+02      -2.90139e-191
    9.69741e+00      3.41557e-04      1.00000e+02      -2.88269e-191
    9.80867e+00      3.41506e-04      1.00000e+02      -2.86379e-191
    9.92120e+00      3.41457e-04      1.00000e+02      -2.84469e-191
    1.00350e+01      3.41405e-04      1.00000e+02      -2.82540e-191
    1.01502e+01      3.41353e-04      1.00000e+02      -2.80595e-191
    1.02666e+01      3.41301e-04      1.00000e+02      -2.78633e-191
    1.03844e+01      3.41248e-04      1.00000e+02      -2.76655e-191
    1.05035e+01      3.41196e-04      1.00000e+02      -2.74662e-191
    1.06240e+01      3.41142e-04      1.00000e+02      -2.72655e-191
    1.07459e+01      3.41089e-04      1.00000e+02      -2.70635e-191
    1.08692e+01      3.41035e-04      1.00000e+02      -2.68602e-191
    1.09939e+01      3.40980e-04      1.00000e+02      -2.66558e-191
    1.11200e+01      3.40924e-04      1.00000e+02      -2.64503e-191
    1.12476e+01      3.40867e-04      1.00000e+02      -2.62438e-191
    1.13767e+01      3.40812e-04      1.00000e+02      -2.60364e-191
    1.15072e+01      3.40753e-04      1.00000e+02      -2.58280e-191
    1.16392e+01      3.40698e-04      1.00000e+02      -2.56189e-191
    1.17727e+01      3.40636e-04      1.00000e+02      -2.54091e-191
    1.19078e+01      3.40577e-04      1.00000e+02      -2.51985e-191
    1.20444e+01      3.40517e-04      1.00000e+02      -2.49874e-191
    1.21826e+01      3.40455e-04      1.00000e+02      -2.47757e-191
    1.23224e+01      3.40392e-04      1.00000e+02      -2.45635e-191
    1.24637e+01      3.40108e-04      1.00000e+02      -2.43509e-191
    1.26067e+01      3.40270e-04      1.00000e+02      -2.41380e-191
    1.27514e+01      3.40209e-04      1.00000e+02      -2.39247e-191
    1.28977e+01      3.40144e-04      1.00000e+02      -2.37112e-191
    1.30456e+01      3.40079e-04      1.00000e+02      -2.34974e-191
    1.31953e+01      3.40013e-04      1.00000e+02      -2.32836e-191
    1.33467e+01      3.39947e-04      1.00000e+02      -2.30696e-191
    1.34998e+01      3.39882e-04      1.00000e+02      -2.28555e-191
    1.36547e+01      3.39812e-04      1.00000e+02      -2.26415e-191
    1.38113e+01      3.39746e-04      1.00000e+02      -2.24275e-191
    1.39698e+01      3.39677e-04      1.00000e+02      -2.22136e-191
    1.41301e+01      3.39607e-04      1.00000e+02      -2.19998e-191
    1.42922e+01      3.39536e-04      1.00000e+02      -2.17862e-191
    1.44562e+01      3.39462e-04      1.00000e+02      -2.15728e-191
    1.46220e+01      3.39393e-04      1.00000e+02      -2.13596e-191
    1.47898e+01      3.39320e-04      1.00000e+02      -2.11468e-191
    1.49594e+01      3.39249e-04      1.00000e+02      -2.09343e-191
    1.51311e+01      3.39174e-04      1.00000e+02      -2.07222e-191
    1.53047e+01      3.39100e-04      1.00000e+02      -2.05104e-191
    1.54803e+01      3.39025e-04      1.00000e+02      -2.02992e-191
    1.56579e+01      3.38949e-04      1.00000e+02      -2.00884e-191
    1.58375e+01      3.38872e-04      1.00000e+02      -1.98781e-191
    1.60192e+01      3.38794e-04      1.00000e+02      -1.96683e-191
    1.62030e+01      3.38716e-04      1.00000e+02      -1.94592e-191
    1.63889e+01      3.38638e-04      1.00000e+02      -1.92506e-191
    1.65769e+01      3.38557e-04      1.00000e+02      -1.90427e-191
    1.67671e+01      3.38476e-04      1.00000e+02      -1.88354e-191
    1.69594e+01      3.38395e-04      1.00000e+02      -1.86288e-191
    1.71540e+01      3.38313e-04      1.00000e+02      -1.84230e-191
    1.73508e+01      3.38229e-04      1.00000e+02      -1.82179e-191
    1.75499e+01      3.38144e-04      1.00000e+02      -1.80136e-191
    1.77512e+01      3.38060e-04      1.00000e+02      -1.78101e-191
    1.79549e+01      3.37975e-04      1.00000e+02      -1.76074e-191
    1.81609e+01      3.37888e-04      1.00000e+02      -1.74055e-191
    1.83692e+01      3.37803e-04      1.00000e+02      -1.72045e-191
    1.85800e+01      3.37715e-04      1.00000e+02      -1.70044e-191
    1.87932e+01      3.37625e-04      1.00000e+02      -1.68052e-191
    1.90088e+01      3.37536e-04      1.00000e+02      -1.66069e-191
    1.92268e+01      3.37444e-04      1.00000e+02      -1.64096e-191
    1.94474e+01      3.37351e-04      1.00000e+02      -1.62133e-191
    1.96705e+01      3.37255e-04      1.00000e+02      -1.60179e-191
    1.98962e+01      3.37166e-04      1.00000e+02      -1.58236e-191
    2.01245e+01      3.37071e-04      1.00000e+02      -1.56303e-191
    2.03554e+01      3.36974e-04      1.00000e+02      -1.54380e-191
    2.05889e+01      3.36878e-04      1.00000e+02      -1.52468e-191
    2.08251e+01      3.36779e-04      1.00000e+02      -1.50566e-191
    2.10640e+01      3.36681e-04      1.00000e+02      -1.48676e-191
    2.13057e+01      3.36581e-04      1.00000e+02      -1.46796e-191
    2.15501e+01      3.36481e-04      1.00000e+02      -1.44927e-191
    2.17974e+01      3.36378e-04      1.00000e+02      -1.43070e-191
    2.20475e+01      3.36277e-04      1.00000e+02      -1.41224e-191
    2.23004e+01      3.36172e-04      1.00000e+02      -1.39390e-191
    2.25563e+01      3.36068e-04      1.00000e+02      -1.37568e-191
    2.28150e+01      3.35964e-04      1.00000e+02      -1.35757e-191
    2.30768e+01      3.35855e-04      1.00000e+02      -1.33958e-191
    2.33416e+01      3.35757e-04      1.00000e+02      -1.32171e-191
    2.36093e+01      3.35637e-04      1.00000e+02      -1.30396e-191
    2.38802e+01      3.35530e-04      1.00000e+02      -1.28633e-191
    2.41542e+01      3.35421e-04      1.00000e+02      -1.26883e-191
    2.44313e+01      3.35308e-04      1.00000e+02      -1.25145e-191
    2.47116e+01      3.35195e-04      1.00000e+02      -1.23419e-191
    2.49951e+01      3.35082e-04      1.00000e+02      -1.21706e-191
    2.52819e+01      3.34967e-04      1.00000e+02      -1.20006e-191
    2.55719e+01      3.34850e-04      1.00000e+02      -1.18318e-191
    2.58653e+01      3.34732e-04      1.00000e+02      -1.16643e-191
    2.61621e+01      3.34618e-04      1.00000e+02      -1.14980e-191
    2.64622e+01      3.34494e-04      1.00000e+02      -1.13331e-191
    2.67658e+01      3.34372e-04      1.00000e+02      -1.11694e-191
    2.70729e+01      3.34250e-04      1.00000e+02      -1.10071e-191
    2.73835e+01      3.34127e-04      1.00000e+02      -1.08460e-191
    2.76977e+01      3.34002e-04      1.00000e+02      -1.06863e-191
    2.80154e+01      3.33877e-04      1.00000e+02      -1.05279e-191
    2.83369e+01      3.33751e-04      1.00000e+02      -1.03708e-191
    2.86620e+01      3.33623e-04      1.00000e+02      -1.02150e-191
    2.89908e+01      3.33491e-04      1.00000e+02      -1.00605e-191
    2.93234e+01      3.33362e-04      1.00000e+02      -9.90737e-192
    2.96598e+01      3.33230e-04      1.00000e+02      -9.75556e-192
    3.00001e+01      3.33096e-04      1.00000e+02      -9.60508e-192
