    Er (keV)         SM dN/dE         BG dN/dE        BSM dN/dE (events/kg/day/keV)
    5.01000e-02      2.20460e+01      5.00000e+00      1.76203e-10
    5.07729e-02      2.19467e+01      5.00000e+00      1.78351e-10
    5.14550e-02      2.18460e+01      5.00000e+00      1.80527e-10
    5.21461e-02      2.17440e+01      5.00000e+00      1.82733e-10
    5.28466e-02      2.16407e+01      5.00000e+00      1.84969e-10
    5.35565e-02      2.15359e+01      5.00000e+00      1.87235e-10
    5.42760e-02      2.14297e+01      5.00000e+00      1.89531e-10
    5.50052e-02      2.13221e+01      5.00000e+00      1.91858e-10
    5.57441e-02      2.12131e+01      5.00000e+00      1.94216e-10
    5.64931e-02      2.11026e+01      5.00000e+00      1.96607e-10
    5.72520e-02      2.09906e+01      5.00000e+00      1.99029e-10
    5.80213e-02      2.08771e+01      5.00000e+00      2.01484e-10
    5.88008e-02      2.07620e+01      5.00000e+00      2.03972e-10
    5.95909e-02      2.06454e+01      5.00000e+00      2.06494e-10
    6.03916e-02      2.05273e+01      5.00000e+00      2.09049e-10
    6.12030e-02      2.04075e+01      5.00000e+00      2.11639e-10
    6.20254e-02      2.02862e+01      5.00000e+00      2.14264e-10
    6.28589e-02      2.01632e+01      5.00000e+00      2.16924e-10
    6.37035e-02      2.00385e+01      5.00000e+00      2.19619e-10
    6.45596e-02      1.99122e+01      5.00000e+00      2.22352e-10
    6.54271e-02      1.97842e+01      5.00000e+00      2.25120e-10
    6.63064e-02      1.96544e+01      5.00000e+00      2.27927e-10
    6.71974e-02      1.95230e+01      5.00000e+00      2.30771e-10
    6.81005e-02      1.93897e+01      5.00000e+00      2.33653e-10
    6.90157e-02      1.92546e+01      5.00000e+00      2.36574e-10
    6.99433e-02      1.91178e+01      5.00000e+00      2.39534e-10
    7.08833e-02      1.89790e+01      5.00000e+00      2.42534e-10
    7.18360e-02      1.88385e+01      5.00000e+00      2.45575e-10
    7.28014e-02      1.86960e+01      5.00000e+00      2.48656e-10
    7.37799e-02      1.85516e+01      5.00000e+00      2.51779e-10
    7.47716e-02      1.84053e+01      5.00000e+00      2.54944e-10
    7.57766e-02      1.82569e+01      5.00000e+00      2.58151e-10
    7.67951e-02      1.81066e+01      5.00000e+00      2.61402e-10
    7.78274e-02      1.79543e+01      5.00000e+00      2.64697e-10
    7.88735e-02      1.77999e+01      5.00000e+00      2.68035e-10
    7.99337e-02      1.76435e+01      5.00000e+00      2.71419e-10
    8.10082e-02      1.74849e+01      5.00000e+00      2.74848e-10
    8.20971e-02      1.73242e+01      5.00000e+00      2.78324e-10
    8.32007e-02      1.71614e+01      5.00000e+00      2.81846e-10
    8.43192e-02      1.69963e+01      5.00000e+00      2.85416e-10
    8.54527e-02      1.68291e+01      5.00000e+00      2.89033e-10
    8.66014e-02      1.66595e+01      5.00000e+00      2.92700e-10
    8.77657e-02      1.64877e+01      5.00000e+00      2.96415e-10
    8.89456e-02      1.63136e+01      5.00000e+00      3.00181e-10
    9.01413e-02      1.61372e+01      5.00000e+00      3.03998e-10
    9.13532e-02      1.60255e+01      5.00000e+00      3.07780e-10
    9.25814e-02      1.59267e+01      5.00000e+00      3.11595e-10
    9.38261e-02      1.58266e+01      5.00000e+00      3.15462e-10
    9.50875e-02      1.57252e+01      5.00000e+00      3.19380e-10
    9.63660e-02      1.56224e+01      5.00000e+00      3.23352e-10
    9.76616e-02      1.55182e+01      5.00000e+00      3.27376e-10
    9.89747e-02      1.54126e+01      5.00000e+00      3.31455e-10
    1.00305e-01      1.53056e+01      5.00000e+00      3.35589e-10
    1.01654e-01      1.51972e+01      5.00000e+00      3.39779e-10
    1.03021e-01      1.50873e+01      5.00000e+00      3.44025e-10
    1.04406e-01      1.49759e+01      5.00000e+00      3.48328e-10
    1.05810e-01      1.48630e+01      5.00000e+00      3.52688e-10
    1.07233e-01      1.47486e+01      5.00000e+00      3.57108e-10
    1.08675e-01      1.46327e+01      5.00000e+00      3.61587e-10
    1.10136e-01      1.45152e+01      5.00000e+00      3.66127e-10
    1.11617e-01      1.43961e+01      5.00000e+00      3.70727e-10
    1.13118e-01      1.42754e+01      5.00000e+00      3.75389e-10
    1.14639e-01      1.41531e+01      5.00000e+00      3.80115e-10
    1.16181e-01      1.40291e+01      5.00000e+00      3.84903e-10
    1.17743e-01      1.39035e+01      5.00000e+00      3.89756e-10
    1.19326e-01      1.37762e+01      5.00000e+00      3.94675e-10
    1.20931e-01      1.36471e+01      5.00000e+00      3.99660e-10
    1.22557e-01      1.35164e+01      5.00000e+00      4.04711e-10
    1.24205e-01      1.33839e+01      5.00000e+00      4.09831e-10
    1.25876e-01      1.32495e+01      5.00000e+00      4.15020e-10
    1.27568e-01      1.31134e+01      5.00000e+00      4.20278e-10
    1.29284e-01      1.29755e+01      5.00000e+00      4.25608e-10
    1.31023e-01      1.28436e+01      5.00000e+00      4.30991e-10
    1.32785e-01      1.27459e+01      5.00000e+00      4.36368e-10
    1.34571e-01      1.26469e+01      5.00000e+00      4.41817e-10
    1.36380e-01      1.25466e+01      5.00000e+00      4.47340e-10
    1.38215e-01      1.24450e+01      5.00000e+00      4.52936e-10
    1.40074e-01      1.23420e+01      5.00000e+00      4.58608e-10
    1.41957e-01      1.22376e+01      5.00000e+00      4.64357e-10
    1.43867e-01      1.21318e+01      5.00000e+00      4.70182e-10
    1.45802e-01      1.20246e+01      5.00000e+00      4.76087e-10
    1.47763e-01      1.19159e+01      5.00000e+00      4.82070e-10
    1.49750e-01      1.18057e+01      5.00000e+00      4.88134e-10
    1.51764e-01      1.16941e+01      5.00000e+00      4.94280e-10
    1.53805e-01      1.15810e+01      5.00000e+00      5.00509e-10
    1.55874e-01      1.14664e+01      5.00000e+00      5.06821e-10
    1.57971e-01      1.13502e+01      5.00000e+00      5.13218e-10
    1.60095e-01      1.12324e+01      5.00000e+00      5.19702e-10
    1.62249e-01      1.11131e+01      5.00000e+00      5.26272e-10
    1.64431e-01      1.09922e+01      5.00000e+00      5.32931e-10
    1.66643e-01      1.08696e+01      5.00000e+00      5.39680e-10
    1.68884e-01      1.07454e+01      5.00000e+00      5.46520e-10
    1.71156e-01      1.06208e+01      5.00000e+00      5.53447e-10
    1.73458e-01      1.05244e+01      5.00000e+00      5.60378e-10
    1.75792e-01      1.04268e+01      5.00000e+00      5.67402e-10
    1.78156e-01      1.03279e+01      5.00000e+00      5.74521e-10
    1.80553e-01      1.02276e+01      5.00000e+00      5.81735e-10
    1.82981e-01      1.01259e+01      5.00000e+00      5.89047e-10
    1.85443e-01      1.00229e+01      5.00000e+00      5.96457e-10
    1.87937e-01      9.91856e+00      5.00000e+00      6.03967e-10
    1.90465e-01      9.81277e+00      5.00000e+00      6.11578e-10
    1.93028e-01      9.70555e+00      5.00000e+00      6.19291e-10
    1.95624e-01      9.59689e+00      5.00000e+00      6.27108e-10
    1.98256e-01      9.48677e+00      5.00000e+00      6.35030e-10
    2.00923e-01      9.37517e+00      5.00000e+00      6.43059e-10
    2.03626e-01      9.26207e+00      5.00000e+00      6.51196e-10
    2.06365e-01      9.14744e+00      5.00000e+00      6.59443e-10
    2.09141e-01      9.03127e+00      5.00000e+00      6.67800e-10
    2.11954e-01      8.91842e+00      5.00000e+00      6.76253e-10
    2.14806e-01      8.82491e+00      5.00000e+00      6.84745e-10
    2.17695e-01      8.73013e+00      5.00000e+00      6.93351e-10
    2.20624e-01      8.63408e+00      5.00000e+00      7.02073e-10
    2.23592e-01      8.53673e+00      5.00000e+00      7.10913e-10
    2.26600e-01      8.43807e+00      5.00000e+00      7.19871e-10
    2.29649e-01      8.33809e+00      5.00000e+00      7.28950e-10
    2.32738e-01      8.23676e+00      5.00000e+00      7.38152e-10
    2.35869e-01      8.13407e+00      5.00000e+00      7.47477e-10
    2.39042e-01      8.02999e+00      5.00000e+00      7.56927e-10
    2.42258e-01      7.92452e+00      5.00000e+00      7.66505e-10
    2.45517e-01      7.81762e+00      5.00000e+00      7.76212e-10
    2.48821e-01      7.70928e+00      5.00000e+00      7.86050e-10
    2.52168e-01      7.60211e+00      5.00000e+00      7.96009e-10
    2.55561e-01      7.51300e+00      5.00000e+00      8.06022e-10
    2.58999e-01      7.42270e+00      5.00000e+00      8.16171e-10
    2.62483e-01      7.33118e+00      5.00000e+00      8.26456e-10
    2.66015e-01      7.23843e+00      5.00000e+00      8.36879e-10
    2.69594e-01      7.14443e+00      5.00000e+00      8.47443e-10
    2.73221e-01      7.04916e+00      5.00000e+00      8.58149e-10
    2.76897e-01      6.95261e+00      5.00000e+00      8.68999e-10
    2.80622e-01      6.85477e+00      5.00000e+00      8.79995e-10
    2.84398e-01      6.75560e+00      5.00000e+00      8.91139e-10
    2.88224e-01      6.65511e+00      5.00000e+00      9.02433e-10
    2.92102e-01      6.55325e+00      5.00000e+00      9.13879e-10
    2.96032e-01      6.46928e+00      5.00000e+00      9.25391e-10
    3.00015e-01      6.38426e+00      5.00000e+00      9.37058e-10
    3.04052e-01      6.29810e+00      5.00000e+00      9.48881e-10
    3.08142e-01      6.21079e+00      5.00000e+00      9.60864e-10
    3.12288e-01      6.12230e+00      5.00000e+00      9.73008e-10
    3.16490e-01      6.03261e+00      5.00000e+00      9.85315e-10
    3.20748e-01      5.94172e+00      5.00000e+00      9.97788e-10
    3.25064e-01      5.84961e+00      5.00000e+00      1.01043e-09
    3.29438e-01      5.75626e+00      5.00000e+00      1.02324e-09
    3.33870e-01      5.66684e+00      5.00000e+00      1.03620e-09
    3.38362e-01      5.58768e+00      5.00000e+00      1.04926e-09
    3.42915e-01      5.50745e+00      5.00000e+00      1.06251e-09
    3.47529e-01      5.42614e+00      5.00000e+00      1.07593e-09
    3.52205e-01      5.34374e+00      5.00000e+00      1.08953e-09
    3.56944e-01      5.26023e+00      5.00000e+00      1.10332e-09
    3.61747e-01      5.17560e+00      5.00000e+00      1.11729e-09
    3.66614e-01      5.08983e+00      5.00000e+00      1.13145e-09
    3.71547e-01      5.00290e+00      5.00000e+00      1.14580e-09
    3.76546e-01      4.92541e+00      5.00000e+00      1.16027e-09
    3.81613e-01      4.85058e+00      5.00000e+00      1.17491e-09
    3.86748e-01      4.77475e+00      5.00000e+00      1.18974e-09
    3.91952e-01      4.69790e+00      5.00000e+00      1.20477e-09
    3.97226e-01      4.62001e+00      5.00000e+00      1.22001e-09
    4.02571e-01      4.54107e+00      5.00000e+00      1.23545e-09
    4.07987e-01      4.46107e+00      5.00000e+00      1.25109e-09
    4.13477e-01      4.38066e+00      5.00000e+00      1.26694e-09
    4.19041e-01      4.31097e+00      5.00000e+00      1.28283e-09
    4.24679e-01      4.24035e+00      5.00000e+00      1.29893e-09
    4.30394e-01      4.16878e+00      5.00000e+00      1.31525e-09
    4.36185e-01      4.09624e+00      5.00000e+00      1.33179e-09
    4.42054e-01      4.02273e+00      5.00000e+00      1.34855e-09
    4.48003e-01      3.94823e+00      5.00000e+00      1.36554e-09
    4.54031e-01      3.87362e+00      5.00000e+00      1.38274e-09
    4.60140e-01      3.80811e+00      5.00000e+00      1.39999e-09
    4.66332e-01      3.74172e+00      5.00000e+00      1.41747e-09
    4.72607e-01      3.67444e+00      5.00000e+00      1.43519e-09
    4.78966e-01      3.60625e+00      5.00000e+00      1.45314e-09
    4.85412e-01      3.53714e+00      5.00000e+00      1.47134e-09
    4.91943e-01      3.46711e+00      5.00000e+00      1.48978e-09
    4.98563e-01      3.40294e+00      5.00000e+00      1.50832e-09
    5.05272e-01      3.34078e+00      5.00000e+00      1.52706e-09
    5.12071e-01      3.27779e+00      5.00000e+00      1.54605e-09
    5.18962e-01      3.21394e+00      5.00000e+00      1.56529e-09
    5.25945e-01      3.14924e+00      5.00000e+00      1.58479e-09
    5.33022e-01      3.08367e+00      5.00000e+00      1.60456e-09
    5.40195e-01      3.02446e+00      5.00000e+00      1.62442e-09
    5.47464e-01      2.96597e+00      5.00000e+00      1.64451e-09
    5.54831e-01      2.90668e+00      5.00000e+00      1.66487e-09
    5.62297e-01      2.84660e+00      5.00000e+00      1.68550e-09
    5.69864e-01      2.78570e+00      5.00000e+00      1.70642e-09
    5.77532e-01      2.72682e+00      5.00000e+00      1.72753e-09
    5.85304e-01      2.67175e+00      5.00000e+00      1.74880e-09
    5.93180e-01      2.61593e+00      5.00000e+00      1.77036e-09
    6.01162e-01      2.55937e+00      5.00000e+00      1.79221e-09
    6.09252e-01      2.50205e+00      5.00000e+00      1.81435e-09
    6.17451e-01      2.44641e+00      5.00000e+00      1.83672e-09
    6.25759e-01      2.39571e+00      5.00000e+00      1.85925e-09
    6.34180e-01      2.34433e+00      5.00000e+00      1.88209e-09
    6.42714e-01      2.29226e+00      5.00000e+00      1.90523e-09
    6.51363e-01      2.23948e+00      5.00000e+00      1.92868e-09
    6.60129e-01      2.18923e+00      5.00000e+00      1.95232e-09
    6.69012e-01      2.14097e+00      5.00000e+00      1.97619e-09
    6.78015e-01      2.09207e+00      5.00000e+00      2.00037e-09
    6.87139e-01      2.04250e+00      5.00000e+00      2.02488e-09
    6.96386e-01      1.99274e+00      5.00000e+00      2.04971e-09
    7.05757e-01      1.94777e+00      5.00000e+00      2.07467e-09
    7.15254e-01      1.90219e+00      5.00000e+00      2.09997e-09
    7.24880e-01      1.85601e+00      5.00000e+00      2.12561e-09
    7.34634e-01      1.80920e+00      5.00000e+00      2.15160e-09
    7.44521e-01      1.76629e+00      5.00000e+00      2.17775e-09
    7.54540e-01      1.72354e+00      5.00000e+00      2.20422e-09
    7.64694e-01      1.68022e+00      5.00000e+00      2.23105e-09
    7.74984e-01      1.63631e+00      5.00000e+00      2.25823e-09
    7.85414e-01      1.59618e+00      5.00000e+00      2.28559e-09
    7.95983e-01      1.55617e+00      5.00000e+00      2.31329e-09
    8.06695e-01      1.51563e+00      5.00000e+00      2.34135e-09
    8.17551e-01      1.47488e+00      5.00000e+00      2.36978e-09
    8.28553e-01      1.43766e+00      5.00000e+00      2.39839e-09
    8.39703e-01      1.39994e+00      5.00000e+00      2.42739e-09
    8.51003e-01      1.36172e+00      5.00000e+00      2.45677e-09
    8.62456e-01      1.32502e+00      5.00000e+00      2.48645e-09
    8.74062e-01      1.29015e+00      5.00000e+00      2.51640e-09
    8.85825e-01      1.25482e+00      5.00000e+00      2.54675e-09
    8.97746e-01      1.21910e+00      5.00000e+00      2.57751e-09
    9.09827e-01      1.18650e+00      5.00000e+00      2.60848e-09
    9.22071e-01      1.15346e+00      5.00000e+00      2.63986e-09
    9.34480e-01      1.11997e+00      5.00000e+00      2.67166e-09
    9.47056e-01      1.08861e+00      5.00000e+00      2.70371e-09
    9.59801e-01      1.05774e+00      5.00000e+00      2.73613e-09
    9.72717e-01      1.02647e+00      5.00000e+00      2.76899e-09
    9.85808e-01      9.96642e-01      5.00000e+00      2.80215e-09
    9.99074e-01      9.67750e-01      5.00000e+00      2.83566e-09
    1.01252e+00      9.38470e-01      5.00000e+00      2.86963e-09
    1.02615e+00      9.10442e-01      5.00000e+00      2.90392e-09
    1.03996e+00      8.83337e-01      5.00000e+00      2.93857e-09
    1.05395e+00      8.55867e-01      5.00000e+00      2.97368e-09
    1.06813e+00      8.29803e-01      5.00000e+00      3.00913e-09
    1.08251e+00      8.04335e-01      5.00000e+00      3.04499e-09
    1.09708e+00      7.78524e-01      5.00000e+00      3.08134e-09
    1.11184e+00      7.54497e-01      5.00000e+00      3.11795e-09
    1.12680e+00      7.30508e-01      5.00000e+00      3.15503e-09
    1.14197e+00      7.06565e-01      5.00000e+00      3.19257e-09
    1.15734e+00      6.84267e-01      5.00000e+00      3.23042e-09
    1.17291e+00      6.61668e-01      5.00000e+00      3.26879e-09
    1.18870e+00      6.39950e-01      5.00000e+00      3.30754e-09
    1.20469e+00      6.18893e-01      5.00000e+00      3.34668e-09
    1.22091e+00      5.97633e-01      5.00000e+00      3.38635e-09
    1.23734e+00      5.77996e-01      5.00000e+00      3.42633e-09
    1.25399e+00      5.58095e-01      5.00000e+00      3.46686e-09
    1.27087e+00      5.39033e-01      5.00000e+00      3.50779e-09
    1.28797e+00      5.20439e-01      5.00000e+00      3.54917e-09
    1.30530e+00      5.02020e-01      5.00000e+00      3.59106e-09
    1.32287e+00      4.84641e-01      5.00000e+00      3.63331e-09
    1.34067e+00      4.67028e-01      5.00000e+00      3.67613e-09
    1.35872e+00      4.50705e-01      5.00000e+00      3.71931e-09
    1.37700e+00      4.34218e-01      5.00000e+00      3.76306e-09
    1.39553e+00      4.18583e-01      5.00000e+00      3.80722e-09
    1.41431e+00      4.03104e-01      5.00000e+00      3.85193e-09
    1.43335e+00      3.88216e-01      5.00000e+00      3.89709e-09
    1.45264e+00      3.73679e-01      5.00000e+00      3.94275e-09
    1.47219e+00      3.59575e-01      5.00000e+00      3.98891e-09
    1.49200e+00      3.45914e-01      5.00000e+00      4.03557e-09
    1.51208e+00      3.32600e-01      5.00000e+00      4.08275e-09
    1.53243e+00      3.19723e-01      5.00000e+00      4.13045e-09
    1.55305e+00      3.07227e-01      5.00000e+00      4.17866e-09
    1.57395e+00      2.95165e-01      5.00000e+00      4.22736e-09
    1.59514e+00      2.83524e-01      5.00000e+00      4.27655e-09
    1.61660e+00      2.72204e-01      5.00000e+00      4.32627e-09
    1.63836e+00      2.61104e-01      5.00000e+00      4.37643e-09
    1.66041e+00      2.50039e-01      5.00000e+00      4.42717e-09
    1.68276e+00      2.39726e-01      5.00000e+00      4.47830e-09
    1.70540e+00      2.29489e-01      5.00000e+00      4.53005e-09
    1.72835e+00      2.19887e-01      5.00000e+00      4.58216e-09
    1.75162e+00      2.10306e-01      5.00000e+00      4.63488e-09
    1.77519e+00      2.00972e-01      5.00000e+00      4.68808e-09
    1.79908e+00      1.92185e-01      5.00000e+00      4.74177e-09
    1.82329e+00      1.83772e-01      5.00000e+00      4.79602e-09
    1.84783e+00      1.75625e-01      5.00000e+00      4.85074e-09
    1.87270e+00      1.67580e-01      5.00000e+00      4.90607e-09
    1.89790e+00      1.59895e-01      5.00000e+00      4.96184e-09
    1.92344e+00      1.52493e-01      5.00000e+00      5.01820e-09
    1.94933e+00      1.45224e-01      5.00000e+00      5.07519e-09
    1.97557e+00      1.38221e-01      5.00000e+00      5.13260e-09
    2.00215e+00      1.31591e-01      5.00000e+00      5.19059e-09
    2.02910e+00      1.25282e-01      5.00000e+00      5.24918e-09
    2.05641e+00      1.19680e-01      5.00000e+00      5.30818e-09
    2.08408e+00      1.13648e-01      5.00000e+00      5.36779e-09
    2.11213e+00      1.07430e-01      5.00000e+00      5.42803e-09
    2.14056e+00      1.01967e-01      5.00000e+00      5.48876e-09
    2.16937e+00      9.67158e-02      5.00000e+00      5.55007e-09
    2.19856e+00      9.16309e-02      5.00000e+00      5.61199e-09
    2.22815e+00      8.67340e-02      5.00000e+00      5.67449e-09
    2.25814e+00      8.21296e-02      5.00000e+00      5.73752e-09
    2.28853e+00      7.76593e-02      5.00000e+00      5.80113e-09
    2.31933e+00      7.33387e-02      5.00000e+00      5.86535e-09
    2.35054e+00      6.91882e-02      5.00000e+00      5.93020e-09
    2.38218e+00      6.52850e-02      5.00000e+00      5.99558e-09
    2.41424e+00      6.15305e-02      5.00000e+00      6.06156e-09
    2.44673e+00      5.79239e-02      5.00000e+00      6.12815e-09
    2.47966e+00      5.44660e-02      5.00000e+00      6.19536e-09
    2.51303e+00      5.11562e-02      5.00000e+00      6.26319e-09
    2.54685e+00      4.80395e-02      5.00000e+00      6.33165e-09
    2.58113e+00      4.50646e-02      5.00000e+00      6.40064e-09
    2.61587e+00      4.22215e-02      5.00000e+00      6.47025e-09
    2.65107e+00      3.95109e-02      5.00000e+00      6.54052e-09
    2.68675e+00      3.69325e-02      5.00000e+00      6.61144e-09
    2.72291e+00      3.44847e-02      5.00000e+00      6.68296e-09
    2.75956e+00      3.21637e-02      5.00000e+00      6.75513e-09
    2.79670e+00      2.99630e-02      5.00000e+00      6.82791e-09
    2.83434e+00      2.78794e-02      5.00000e+00      6.90135e-09
    2.87248e+00      2.55928e-02      5.00000e+00      6.97540e-09
    2.91114e+00      2.40281e-02      5.00000e+00      7.05008e-09
    2.95032e+00      2.23067e-02      5.00000e+00      7.12542e-09
    2.99003e+00      2.06491e-02      5.00000e+00      7.20149e-09
    3.03027e+00      1.90851e-02      5.00000e+00      7.27815e-09
    3.07105e+00      1.76122e-02      5.00000e+00      7.35558e-09
    3.11239e+00      1.62248e-02      5.00000e+00      7.43346e-09
    3.15428e+00      1.49227e-02      5.00000e+00      7.51210e-09
    3.19673e+00      1.37004e-02      5.00000e+00      7.59140e-09
    3.23975e+00      1.25597e-02      5.00000e+00      7.67138e-09
    3.28335e+00      1.14945e-02      5.00000e+00      7.75199e-09
    3.32754e+00      1.05007e-02      5.00000e+00      7.83331e-09
    3.37233e+00      9.57834e-03      5.00000e+00      7.91530e-09
    3.41771e+00      8.72073e-03      5.00000e+00      7.99796e-09
    3.46371e+00      7.91771e-03      5.00000e+00      8.08133e-09
    3.51033e+00      7.17788e-03      5.00000e+00      8.16539e-09
    3.55757e+00      6.49468e-03      5.00000e+00      8.25019e-09
    3.60545e+00      5.86911e-03      5.00000e+00      8.33556e-09
    3.65398e+00      5.29674e-03      5.00000e+00      8.42169e-09
    3.70315e+00      4.77147e-03      5.00000e+00      8.50846e-09
    3.75299e+00      4.28971e-03      5.00000e+00      8.59596e-09
    3.80350e+00      3.84967e-03      5.00000e+00      8.68435e-09
    3.85469e+00      3.45469e-03      5.00000e+00      8.77307e-09
    3.90657e+00      3.09469e-03      5.00000e+00      8.86274e-09
    3.95915e+00      2.76709e-03      5.00000e+00      8.95306e-09
    4.01243e+00      2.47308e-03      5.00000e+00      9.04412e-09
    4.06644e+00      2.20855e-03      5.00000e+00      9.13583e-09
    4.12116e+00      1.96907e-03      5.00000e+00      9.22829e-09
    4.17663e+00      1.75708e-03      5.00000e+00      9.32284e-09
    4.23284e+00      1.56723e-03      5.00000e+00      9.41722e-09
    4.28981e+00      1.39807e-03      5.00000e+00      9.50983e-09
    4.34755e+00      1.25030e-03      5.00000e+00      9.60520e-09
    4.40606e+00      1.11921e-03      5.00000e+00      9.70122e-09
    4.46536e+00      1.00668e-03      5.00000e+00      9.79795e-09
    4.52546e+00      9.08044e-04      5.00000e+00      9.89550e-09
    4.58636e+00      8.24621e-04      5.00000e+00      9.99367e-09
    4.64809e+00      7.52907e-04      5.00000e+00      1.00926e-08
    4.71065e+00      6.93425e-04      5.00000e+00      1.01922e-08
    4.77404e+00      6.43324e-04      5.00000e+00      1.02926e-08
    4.83830e+00      6.02965e-04      5.00000e+00      1.03940e-08
    4.90341e+00      5.68715e-04      5.00000e+00      1.04977e-08
    4.96941e+00      5.40947e-04      5.00000e+00      1.06031e-08
    5.03629e+00      5.18275e-04      5.00000e+00      1.07108e-08
    5.10407e+00      4.99220e-04      5.00000e+00      1.08208e-08
    5.17277e+00      4.82986e-04      5.00000e+00      1.09338e-08
    5.24239e+00      4.68873e-04      5.00000e+00      1.10475e-08
    5.31294e+00      4.56475e-04      5.00000e+00      1.11644e-08
    5.38445e+00      4.45592e-04      5.00000e+00      1.12839e-08
    5.45691e+00      4.36128e-04      5.00000e+00      1.14056e-08
    5.53036e+00      4.28042e-04      5.00000e+00      1.15300e-08
    5.60479e+00      4.21118e-04      5.00000e+00      1.16571e-08
    5.68022e+00      4.15232e-04      5.00000e+00      1.17865e-08
    5.75667e+00      4.10301e-04      5.00000e+00      1.19189e-08
    5.83415e+00      4.06181e-04      5.00000e+00      1.20539e-08
    5.91267e+00      4.02760e-04      5.00000e+00      1.21918e-08
    5.99225e+00      3.99939e-04      5.00000e+00      1.23326e-08
    6.07289e+00      3.97625e-04      5.00000e+00      1.24762e-08
    6.15463e+00      3.95726e-04      5.00000e+00      1.26228e-08
    6.23746e+00      3.94155e-04      5.00000e+00      1.27726e-08
    6.32141e+00      3.92855e-04      5.00000e+00      1.29252e-08
    6.40649e+00      3.91779e-04      5.00000e+00      1.30790e-08
    6.49271e+00      3.90886e-04      5.00000e+00      1.32349e-08
    6.58010e+00      3.90130e-04      5.00000e+00      1.33921e-08
    6.66866e+00      3.89493e-04      5.00000e+00      1.35511e-08
    6.75841e+00      3.88962e-04      5.00000e+00      1.37119e-08
    6.84937e+00      3.88530e-04      5.00000e+00      1.38742e-08
    6.94155e+00      3.88183e-04      5.00000e+00      1.40383e-08
    7.03498e+00      3.87909e-04      5.00000e+00      1.42041e-08
    7.12966e+00      3.87700e-04      5.00000e+00      1.43715e-08
    7.22562e+00      3.87543e-04      5.00000e+00      1.45408e-08
    7.32287e+00      3.87430e-04      5.00000e+00      1.47118e-08
    7.42142e+00      3.87346e-04      5.00000e+00      1.48845e-08
    7.52131e+00      3.87281e-04      5.00000e+00      1.50590e-08
    7.62253e+00      3.87228e-04      5.00000e+00      1.52352e-08
    7.72512e+00      3.87175e-04      5.00000e+00      1.54134e-08
    7.82910e+00      3.87123e-04      5.00000e+00      1.55934e-08
    7.93447e+00      3.87069e-04      5.00000e+00      1.57751e-08
    8.04125e+00      3.87014e-04      5.00000e+00      1.59588e-08
    8.14948e+00      3.86958e-04      5.00000e+00      1.61443e-08
    8.25916e+00      3.86901e-04      5.00000e+00      1.63316e-08
    8.37032e+00      3.86844e-04      5.00000e+00      1.65210e-08
    8.48298e+00      3.86786e-04      5.00000e+00      1.67120e-08
    8.59715e+00      3.86728e-04      5.00000e+00      1.69053e-08
    8.71285e+00      3.86669e-04      5.00000e+00      1.71004e-08
    8.83012e+00      3.86609e-04      5.00000e+00      1.72975e-08
    8.94896e+00      3.86548e-04      5.00000e+00      1.74964e-08
    9.06941e+00      3.86486e-04      5.00000e+00      1.76975e-08
    9.19147e+00      3.86423e-04      5.00000e+00      1.79005e-08
    9.31518e+00      3.86361e-04      5.00000e+00      1.81057e-08
    9.44055e+00      3.86297e-04      5.00000e+00      1.83128e-08
    9.56761e+00      3.86236e-04      5.00000e+00      1.85218e-08
    9.69637e+00      3.86168e-04      5.00000e+00      1.87330e-08
    9.82688e+00      3.86102e-04      5.00000e+00      1.89463e-08
    9.95914e+00      3.86035e-04      5.00000e+00      1.91617e-08
    1.00932e+01      3.85967e-04      5.00000e+00      1.93793e-08
    1.02290e+01      3.85895e-04      5.00000e+00      1.95980e-08
    1.03667e+01      3.85829e-04      5.00000e+00      1.98207e-08
    1.05062e+01      3.85759e-04      5.00000e+00      2.00447e-08
    1.06476e+01      3.85687e-04      5.00000e+00      2.02708e-08
    1.07909e+01      3.85616e-04      5.00000e+00      2.04991e-08
    1.09362e+01      3.85544e-04      5.00000e+00      2.07296e-08
    1.10833e+01      3.85470e-04      5.00000e+00      2.09625e-08
    1.12325e+01      3.85395e-04      5.00000e+00      2.11975e-08
    1.13837e+01      3.85324e-04      5.00000e+00      2.14348e-08
    1.15369e+01      3.85243e-04      5.00000e+00      2.16743e-08
    1.16922e+01      3.85167e-04      5.00000e+00      2.19162e-08
    1.18495e+01      3.85089e-04      5.00000e+00      2.21603e-08
    1.20090e+01      3.85009e-04      5.00000e+00      2.24068e-08
    1.21706e+01      3.84929e-04      5.00000e+00      2.26555e-08
    1.23344e+01      3.84847e-04      5.00000e+00      2.29067e-08
    1.25005e+01      3.84766e-04      5.00000e+00      2.31602e-08
    1.26687e+01      3.84683e-04      5.00000e+00      2.34161e-08
    1.28392e+01      3.84599e-04      5.00000e+00      2.36740e-08
    1.30120e+01      3.84514e-04      5.00000e+00      2.39353e-08
    1.31871e+01      3.84428e-04      5.00000e+00      2.41983e-08
    1.33646e+01      3.84339e-04      5.00000e+00      2.44637e-08
    1.35445e+01      3.84250e-04      5.00000e+00      2.47318e-08
    1.37268e+01      3.84159e-04      5.00000e+00      2.50028e-08
    1.39115e+01      3.84073e-04      5.00000e+00      2.52755e-08
    1.40988e+01      3.83978e-04      5.00000e+00      2.55507e-08
    1.42885e+01      3.83885e-04      5.00000e+00      2.58289e-08
    1.44808e+01      3.83796e-04      5.00000e+00      2.61093e-08
    1.46757e+01      3.83696e-04      5.00000e+00      2.63924e-08
    1.48732e+01      3.83600e-04      5.00000e+00      2.66779e-08
    1.50734e+01      3.83502e-04      5.00000e+00      2.69663e-08
    1.52763e+01      3.83405e-04      5.00000e+00      2.72572e-08
    1.54819e+01      3.83305e-04      5.00000e+00      2.75504e-08
    1.56903e+01      3.83202e-04      5.00000e+00      2.78463e-08
    1.59014e+01      3.83102e-04      5.00000e+00      2.81453e-08
    1.61155e+01      3.82999e-04      5.00000e+00      2.84465e-08
    1.63323e+01      3.82895e-04      5.00000e+00      2.87507e-08
    1.65522e+01      3.82788e-04      5.00000e+00      2.90570e-08
    1.67749e+01      3.82680e-04      5.00000e+00      2.93662e-08
    1.70007e+01      3.82573e-04      5.00000e+00      2.96781e-08
    1.72295e+01      3.82464e-04      5.00000e+00      2.99933e-08
    1.74614e+01      3.82352e-04      5.00000e+00      3.03105e-08
    1.76964e+01      3.82241e-04      5.00000e+00      3.06308e-08
    1.79346e+01      3.82129e-04      5.00000e+00      3.09537e-08
    1.81760e+01      3.82014e-04      5.00000e+00      3.12795e-08
    1.84206e+01      3.81898e-04      5.00000e+00      3.16080e-08
    1.86685e+01      3.81781e-04      5.00000e+00      3.19391e-08
    1.89198e+01      3.81662e-04      5.00000e+00      3.22731e-08
    1.91744e+01      3.81543e-04      5.00000e+00      3.26101e-08
    1.94325e+01      3.81420e-04      5.00000e+00      3.29497e-08
    1.96940e+01      3.81295e-04      5.00000e+00      3.32916e-08
    1.99591e+01      3.81174e-04      5.00000e+00      3.36366e-08
    2.02277e+01      3.81047e-04      5.00000e+00      3.39839e-08
    2.05000e+01      3.80919e-04      5.00000e+00      3.43335e-08
    2.07759e+01      3.80788e-04      5.00000e+00      3.46864e-08
    2.10555e+01      3.80658e-04      5.00000e+00      3.50418e-08
    2.13389e+01      3.80527e-04      5.00000e+00      3.53991e-08
    2.16261e+01      3.80394e-04      5.00000e+00      3.57595e-08
    2.19171e+01      3.80260e-04      5.00000e+00      3.61229e-08
    2.22121e+01      3.80122e-04      5.00000e+00      3.64881e-08
    2.25111e+01      3.79984e-04      5.00000e+00      3.68560e-08
    2.28140e+01      3.79845e-04      5.00000e+00      3.72267e-08
    2.31211e+01      3.79703e-04      5.00000e+00      3.75998e-08
    2.34323e+01      3.79559e-04      5.00000e+00      3.79757e-08
    2.37477e+01      3.79415e-04      5.00000e+00      3.83543e-08
    2.40673e+01      3.79270e-04      5.00000e+00      3.87353e-08
    2.43912e+01      3.79121e-04      5.00000e+00      3.91190e-08
    2.47195e+01      3.78972e-04      5.00000e+00      3.95048e-08
    2.50522e+01      3.78822e-04      5.00000e+00      3.98937e-08
    2.53894e+01      3.78669e-04      5.00000e+00      4.02847e-08
    2.57311e+01      3.78513e-04      5.00000e+00      4.06785e-08
    2.60774e+01      3.78356e-04      5.00000e+00      4.10748e-08
    2.64284e+01      3.78199e-04      5.00000e+00      4.14737e-08
    2.67840e+01      3.78037e-04      5.00000e+00      4.18751e-08
    2.71445e+01      3.77875e-04      5.00000e+00      4.22787e-08
    2.75099e+01      3.77712e-04      5.00000e+00      4.26852e-08
    2.78801e+01      3.77546e-04      5.00000e+00      4.30939e-08
    2.82554e+01      3.77379e-04      5.00000e+00      4.35053e-08
    2.86356e+01      3.77209e-04      5.00000e+00      4.39189e-08
    2.90211e+01      3.77036e-04      5.00000e+00      4.43351e-08
    2.94116e+01      3.76865e-04      5.00000e+00      4.47540e-08
    2.98075e+01      3.76689e-04      5.00000e+00      4.51747e-08
    3.02087e+01      3.76657e-04      5.00000e+00      4.48424e-08
    3.06153e+01      3.76333e-04      5.00000e+00      4.60239e-08
    3.10273e+01      3.76150e-04      5.00000e+00      4.64520e-08
    3.14449e+01      3.75968e-04      5.00000e+00      4.68815e-08
    3.18681e+01      3.75781e-04      5.00000e+00      4.73154e-08
    3.22970e+01      3.75595e-04      5.00000e+00      4.77505e-08
    3.27317e+01      3.75406e-04      5.00000e+00      4.81877e-08
    3.31722e+01      3.75217e-04      5.00000e+00      4.86276e-08
    3.36187e+01      3.75022e-04      5.00000e+00      4.90692e-08
    3.40712e+01      3.74822e-04      5.00000e+00      4.95133e-08
    3.45297e+01      3.74630e-04      5.00000e+00      4.99595e-08
    3.49945e+01      3.74429e-04      5.00000e+00      5.04077e-08
    3.54655e+01      3.74226e-04      5.00000e+00      5.08580e-08
    3.59428e+01      3.74023e-04      5.00000e+00      5.13108e-08
    3.64265e+01      3.73818e-04      5.00000e+00      5.17659e-08
    3.69168e+01      3.73609e-04      5.00000e+00      5.22220e-08
    3.74137e+01      3.73401e-04      5.00000e+00      5.26814e-08
    3.79172e+01      3.73185e-04      5.00000e+00      5.31413e-08
    3.84275e+01      3.72969e-04      5.00000e+00      5.36033e-08
    3.89447e+01      3.72753e-04      5.00000e+00      5.40681e-08
    3.94689e+01      3.72531e-04      5.00000e+00      5.45343e-08
    4.00001e+01      3.72309e-04      5.00000e+00      5.50018e-08
