    Er (keV)         SM dN/dE         BG dN/dE        BSM dN/dE (events/kg/day/keV)
    1.00100e-01      1.47613e-03      1.00000e+02      1.43958e-06
    1.01247e-01      1.47373e-03      1.00000e+02      1.43958e-06
    1.02408e-01      1.47131e-03      1.00000e+02      1.43958e-06
    1.03582e-01      1.46886e-03      1.00000e+02      1.43958e-06
    1.04769e-01      1.46638e-03      1.00000e+02      1.43957e-06
    1.05970e-01      1.46387e-03      1.00000e+02      1.43957e-06
    1.07184e-01      1.46134e-03      1.00000e+02      1.43957e-06
    1.08413e-01      1.45877e-03      1.00000e+02      1.43957e-06
    1.09655e-01      1.45618e-03      1.00000e+02      1.43956e-06
    1.10912e-01      1.45355e-03      1.00000e+02      1.43956e-06
    1.12184e-01      1.45090e-03      1.00000e+02      1.43956e-06
    1.13470e-01      1.44821e-03      1.00000e+02      1.43956e-06
    1.14770e-01      1.44550e-03      1.00000e+02      1.43955e-06
    1.16086e-01      1.44275e-03      1.00000e+02      1.43955e-06
    1.17417e-01      1.43997e-03      1.00000e+02      1.43955e-06
    1.18763e-01      1.43716e-03      1.00000e+02      1.43955e-06
    1.20124e-01      1.43432e-03      1.00000e+02      1.43954e-06
    1.21501e-01      1.43145e-03      1.00000e+02      1.43954e-06
    1.22894e-01      1.42854e-03      1.00000e+02      1.43954e-06
    1.24303e-01      1.42560e-03      1.00000e+02      1.43953e-06
    1.25728e-01      1.42262e-03      1.00000e+02      1.43953e-06
    1.27169e-01      1.41961e-03      1.00000e+02      1.43953e-06
    1.28627e-01      1.41657e-03      1.00000e+02      1.43952e-06
    1.30101e-01      1.41349e-03      1.00000e+02      1.43952e-06
    1.31593e-01      1.41058e-03      1.00000e+02      1.43952e-06
    1.33101e-01      1.40765e-03      1.00000e+02      1.43952e-06
    1.34627e-01      1.40468e-03      1.00000e+02      1.43951e-06
    1.36171e-01      1.40168e-03      1.00000e+02      1.43951e-06
    1.37732e-01      1.39865e-03      1.00000e+02      1.43951e-06
    1.39311e-01      1.39559e-03      1.00000e+02      1.43950e-06
    1.40908e-01      1.39248e-03      1.00000e+02      1.43950e-06
    1.42523e-01      1.38935e-03      1.00000e+02      1.43950e-06
    1.44157e-01      1.38617e-03      1.00000e+02      1.43949e-06
    1.45810e-01      1.38296e-03      1.00000e+02      1.43949e-06
    1.47482e-01      1.37971e-03      1.00000e+02      1.43949e-06
    1.49173e-01      1.37643e-03      1.00000e+02      1.43948e-06
    1.50883e-01      1.37311e-03      1.00000e+02      1.43948e-06
    1.52613e-01      1.36975e-03      1.00000e+02      1.43948e-06
    1.54363e-01      1.36635e-03      1.00000e+02      1.43947e-06
    1.56133e-01      1.36291e-03      1.00000e+02      1.43947e-06
    1.57923e-01      1.35943e-03      1.00000e+02      1.43947e-06
    1.59733e-01      1.35592e-03      1.00000e+02      1.43946e-06
    1.61565e-01      1.35250e-03      1.00000e+02      1.43946e-06
    1.63417e-01      1.34913e-03      1.00000e+02      1.43946e-06
    1.65291e-01      1.34573e-03      1.00000e+02      1.43945e-06
    1.67186e-01      1.34228e-03      1.00000e+02      1.43945e-06
    1.69103e-01      1.33879e-03      1.00000e+02      1.43944e-06
    1.71042e-01      1.33527e-03      1.00000e+02      1.43944e-06
    1.73003e-01      1.33170e-03      1.00000e+02      1.43944e-06
    1.74987e-01      1.32809e-03      1.00000e+02      1.43943e-06
    1.76994e-01      1.32444e-03      1.00000e+02      1.43943e-06
    1.79023e-01      1.32075e-03      1.00000e+02      1.43942e-06
    1.81076e-01      1.31702e-03      1.00000e+02      1.43942e-06
    1.83152e-01      1.31324e-03      1.00000e+02      1.43941e-06
    1.85252e-01      1.30942e-03      1.00000e+02      1.43941e-06
    1.87377e-01      1.30556e-03      1.00000e+02      1.43941e-06
    1.89525e-01      1.30165e-03      1.00000e+02      1.43940e-06
    1.91698e-01      1.29782e-03      1.00000e+02      1.43940e-06
    1.93897e-01      1.29406e-03      1.00000e+02      1.43939e-06
    1.96120e-01      1.29025e-03      1.00000e+02      1.43939e-06
    1.98369e-01      1.28641e-03      1.00000e+02      1.43939e-06
    2.00644e-01      1.28252e-03      1.00000e+02      1.43938e-06
    2.02944e-01      1.27858e-03      1.00000e+02      1.43938e-06
    2.05272e-01      1.27460e-03      1.00000e+02      1.43938e-06
    2.07626e-01      1.27057e-03      1.00000e+02      1.43937e-06
    2.10006e-01      1.26650e-03      1.00000e+02      1.43937e-06
    2.12415e-01      1.26238e-03      1.00000e+02      1.43937e-06
    2.14851e-01      1.25821e-03      1.00000e+02      1.43936e-06
    2.17314e-01      1.25400e-03      1.00000e+02      1.43936e-06
    2.19806e-01      1.24973e-03      1.00000e+02      1.43935e-06
    2.22327e-01      1.24557e-03      1.00000e+02      1.43935e-06
    2.24877e-01      1.24145e-03      1.00000e+02      1.43935e-06
    2.27455e-01      1.23729e-03      1.00000e+02      1.43934e-06
    2.30064e-01      1.23308e-03      1.00000e+02      1.43934e-06
    2.32702e-01      1.22882e-03      1.00000e+02      1.43934e-06
    2.35371e-01      1.22451e-03      1.00000e+02      1.43933e-06
    2.38070e-01      1.22016e-03      1.00000e+02      1.43933e-06
    2.40800e-01      1.21575e-03      1.00000e+02      1.43933e-06
    2.43562e-01      1.21129e-03      1.00000e+02      1.43932e-06
    2.46355e-01      1.20679e-03      1.00000e+02      1.43932e-06
    2.49180e-01      1.20223e-03      1.00000e+02      1.43931e-06
    2.52038e-01      1.19770e-03      1.00000e+02      1.43931e-06
    2.54928e-01      1.19328e-03      1.00000e+02      1.43929e-06
    2.57852e-01      1.18881e-03      1.00000e+02      1.43928e-06
    2.60809e-01      1.18429e-03      1.00000e+02      1.43926e-06
    2.63800e-01      1.17972e-03      1.00000e+02      1.43925e-06
    2.66826e-01      1.17509e-03      1.00000e+02      1.43923e-06
    2.69886e-01      1.17041e-03      1.00000e+02      1.43922e-06
    2.72981e-01      1.16568e-03      1.00000e+02      1.43920e-06
    2.76112e-01      1.16089e-03      1.00000e+02      1.43919e-06
    2.79278e-01      1.15605e-03      1.00000e+02      1.43917e-06
    2.82481e-01      1.15125e-03      1.00000e+02      1.43916e-06
    2.85721e-01      1.14655e-03      1.00000e+02      1.43915e-06
    2.88998e-01      1.14180e-03      1.00000e+02      1.43915e-06
    2.92313e-01      1.13699e-03      1.00000e+02      1.43914e-06
    2.95665e-01      1.13213e-03      1.00000e+02      1.43914e-06
    2.99056e-01      1.12721e-03      1.00000e+02      1.43913e-06
    3.02486e-01      1.12224e-03      1.00000e+02      1.43913e-06
    3.05955e-01      1.11720e-03      1.00000e+02      1.43912e-06
    3.09464e-01      1.11211e-03      1.00000e+02      1.43912e-06
    3.13013e-01      1.10708e-03      1.00000e+02      1.43911e-06
    3.16603e-01      1.10213e-03      1.00000e+02      1.43911e-06
    3.20235e-01      1.09712e-03      1.00000e+02      1.43910e-06
    3.23908e-01      1.09206e-03      1.00000e+02      1.43909e-06
    3.27623e-01      1.08693e-03      1.00000e+02      1.43909e-06
    3.31380e-01      1.08175e-03      1.00000e+02      1.43908e-06
    3.35181e-01      1.07651e-03      1.00000e+02      1.43907e-06
    3.39025e-01      1.07121e-03      1.00000e+02      1.43907e-06
    3.42914e-01      1.06593e-03      1.00000e+02      1.43906e-06
    3.46847e-01      1.06077e-03      1.00000e+02      1.43905e-06
    3.50825e-01      1.05554e-03      1.00000e+02      1.43905e-06
    3.54849e-01      1.05026e-03      1.00000e+02      1.43904e-06
    3.58919e-01      1.04491e-03      1.00000e+02      1.43903e-06
    3.63035e-01      1.03950e-03      1.00000e+02      1.43903e-06
    3.67199e-01      1.03403e-03      1.00000e+02      1.43902e-06
    3.71411e-01      1.02850e-03      1.00000e+02      1.43901e-06
    3.75671e-01      1.02314e-03      1.00000e+02      1.43900e-06
    3.79980e-01      1.01774e-03      1.00000e+02      1.43900e-06
    3.84338e-01      1.01228e-03      1.00000e+02      1.43899e-06
    3.88747e-01      1.00676e-03      1.00000e+02      1.43898e-06
    3.93205e-01      1.00117e-03      1.00000e+02      1.43897e-06
    3.97716e-01      9.95518e-04      1.00000e+02      1.43896e-06
    4.02277e-01      9.89817e-04      1.00000e+02      1.43896e-06
    4.06891e-01      9.84296e-04      1.00000e+02      1.43895e-06
    4.11559e-01      9.78711e-04      1.00000e+02      1.43894e-06
    4.16279e-01      9.73063e-04      1.00000e+02      1.43893e-06
    4.21054e-01      9.67350e-04      1.00000e+02      1.43892e-06
    4.25883e-01      9.61571e-04      1.00000e+02      1.43891e-06
    4.30768e-01      9.55726e-04      1.00000e+02      1.43890e-06
    4.35709e-01      9.49995e-04      1.00000e+02      1.43889e-06
    4.40707e-01      9.44276e-04      1.00000e+02      1.43888e-06
    4.45762e-01      9.38490e-04      1.00000e+02      1.43888e-06
    4.50875e-01      9.32639e-04      1.00000e+02      1.43887e-06
    4.56047e-01      9.26720e-04      1.00000e+02      1.43886e-06
    4.61278e-01      9.20733e-04      1.00000e+02      1.43885e-06
    4.66569e-01      9.14884e-04      1.00000e+02      1.43884e-06
    4.71921e-01      9.09025e-04      1.00000e+02      1.43883e-06
    4.77334e-01      9.03099e-04      1.00000e+02      1.43882e-06
    4.82809e-01      8.97105e-04      1.00000e+02      1.43881e-06
    4.88347e-01      8.91042e-04      1.00000e+02      1.43880e-06
    4.93949e-01      8.84970e-04      1.00000e+02      1.43878e-06
    4.99615e-01      8.79027e-04      1.00000e+02      1.43877e-06
    5.05345e-01      8.73016e-04      1.00000e+02      1.43876e-06
    5.11142e-01      8.66936e-04      1.00000e+02      1.43875e-06
    5.17005e-01      8.60787e-04      1.00000e+02      1.43874e-06
    5.22936e-01      8.54571e-04      1.00000e+02      1.43873e-06
    5.28934e-01      8.48536e-04      1.00000e+02      1.43872e-06
    5.35001e-01      8.42431e-04      1.00000e+02      1.43871e-06
    5.41138e-01      8.36256e-04      1.00000e+02      1.43870e-06
    5.47345e-01      8.30010e-04      1.00000e+02      1.43868e-06
    5.53624e-01      8.23717e-04      1.00000e+02      1.43867e-06
    5.59974e-01      8.17588e-04      1.00000e+02      1.43866e-06
    5.66398e-01      8.11388e-04      1.00000e+02      1.43865e-06
    5.72895e-01      8.05117e-04      1.00000e+02      1.43864e-06
    5.79466e-01      7.98774e-04      1.00000e+02      1.43862e-06
    5.86113e-01      7.92471e-04      1.00000e+02      1.43861e-06
    5.92837e-01      7.86245e-04      1.00000e+02      1.43860e-06
    5.99637e-01      7.79946e-04      1.00000e+02      1.43858e-06
    6.06516e-01      7.73576e-04      1.00000e+02      1.43857e-06
    6.13473e-01      7.67134e-04      1.00000e+02      1.43856e-06
    6.20510e-01      7.60872e-04      1.00000e+02      1.43855e-06
    6.27628e-01      7.54538e-04      1.00000e+02      1.43853e-06
    6.34827e-01      7.48131e-04      1.00000e+02      1.43852e-06
    6.42110e-01      7.41651e-04      1.00000e+02      1.43851e-06
    6.49475e-01      7.35297e-04      1.00000e+02      1.43850e-06
    6.56926e-01      7.28924e-04      1.00000e+02      1.43848e-06
    6.64461e-01      7.22478e-04      1.00000e+02      1.43847e-06
    6.72083e-01      7.15958e-04      1.00000e+02      1.43846e-06
    6.79793e-01      7.09558e-04      1.00000e+02      1.43845e-06
    6.87591e-01      7.03143e-04      1.00000e+02      1.43843e-06
    6.95478e-01      6.96654e-04      1.00000e+02      1.43842e-06
    7.03456e-01      6.90091e-04      1.00000e+02      1.43841e-06
    7.11526e-01      6.83685e-04      1.00000e+02      1.43840e-06
    7.19688e-01      6.77224e-04      1.00000e+02      1.43838e-06
    7.27944e-01      6.70689e-04      1.00000e+02      1.43837e-06
    7.36294e-01      6.64141e-04      1.00000e+02      1.43836e-06
    7.44741e-01      6.57708e-04      1.00000e+02      1.43834e-06
    7.53284e-01      6.51202e-04      1.00000e+02      1.43833e-06
    7.61925e-01      6.44621e-04      1.00000e+02      1.43832e-06
    7.70665e-01      6.38140e-04      1.00000e+02      1.43830e-06
    7.79506e-01      6.31656e-04      1.00000e+02      1.43829e-06
    7.88448e-01      6.25098e-04      1.00000e+02      1.43827e-06
    7.97492e-01      6.18541e-04      1.00000e+02      1.43826e-06
    8.06641e-01      6.12076e-04      1.00000e+02      1.43824e-06
    8.15894e-01      6.05537e-04      1.00000e+02      1.43823e-06
    8.25254e-01      5.98933e-04      1.00000e+02      1.43821e-06
    8.34721e-01      5.92491e-04      1.00000e+02      1.43819e-06
    8.44296e-01      5.85974e-04      1.00000e+02      1.43818e-06
    8.53981e-01      5.79383e-04      1.00000e+02      1.43816e-06
    8.63778e-01      5.72931e-04      1.00000e+02      1.43814e-06
    8.73687e-01      5.66432e-04      1.00000e+02      1.43813e-06
    8.83709e-01      5.59858e-04      1.00000e+02      1.43811e-06
    8.93847e-01      5.53411e-04      1.00000e+02      1.43809e-06
    9.04101e-01      5.46926e-04      1.00000e+02      1.43807e-06
    9.14472e-01      5.40366e-04      1.00000e+02      1.43805e-06
    9.24963e-01      5.33944e-04      1.00000e+02      1.43803e-06
    9.35574e-01      5.27469e-04      1.00000e+02      1.43801e-06
    9.46306e-01      5.20935e-04      1.00000e+02      1.43799e-06
    9.57162e-01      5.14548e-04      1.00000e+02      1.43797e-06
    9.68142e-01      5.08088e-04      1.00000e+02      1.43795e-06
    9.79248e-01      5.01678e-04      1.00000e+02      1.44331e-06
    9.90482e-01      4.95478e-04      1.00000e+02      1.46111e-06
    1.00184e+00      4.89207e-04      1.00000e+02      1.47912e-06
    1.01334e+00      4.82896e-04      1.00000e+02      1.48579e-06
    1.02496e+00      4.76531e-04      1.00000e+02      1.48577e-06
    1.03672e+00      4.70102e-04      1.00000e+02      1.48574e-06
    1.04861e+00      4.63815e-04      1.00000e+02      1.48572e-06
    1.06064e+00      4.57456e-04      1.00000e+02      1.48569e-06
    1.07281e+00      4.51140e-04      1.00000e+02      1.48567e-06
    1.08512e+00      4.44859e-04      1.00000e+02      1.48564e-06
    1.09757e+00      4.38522e-04      1.00000e+02      1.48562e-06
    1.11016e+00      4.32319e-04      1.00000e+02      1.48560e-06
    1.12289e+00      4.26044e-04      1.00000e+02      1.48557e-06
    1.13577e+00      4.19850e-04      1.00000e+02      1.48554e-06
    1.14880e+00      4.13652e-04      1.00000e+02      1.48552e-06
    1.16198e+00      4.07464e-04      1.00000e+02      1.48549e-06
    1.17531e+00      4.01340e-04      1.00000e+02      1.48546e-06
    1.18880e+00      3.95170e-04      1.00000e+02      1.48544e-06
    1.20243e+00      3.89121e-04      1.00000e+02      1.48541e-06
    1.21623e+00      3.83003e-04      1.00000e+02      1.48538e-06
    1.23018e+00      3.77006e-04      1.00000e+02      1.48535e-06
    1.24429e+00      3.70958e-04      1.00000e+02      1.48532e-06
    1.25857e+00      3.64998e-04      1.00000e+02      1.48529e-06
    1.27301e+00      3.59020e-04      1.00000e+02      1.48526e-06
    1.28761e+00      3.53109e-04      1.00000e+02      1.48523e-06
    1.30238e+00      3.47200e-04      1.00000e+02      1.48521e-06
    1.31732e+00      3.41348e-04      1.00000e+02      1.48518e-06
    1.33243e+00      3.35509e-04      1.00000e+02      1.48515e-06
    1.34772e+00      3.29724e-04      1.00000e+02      1.48512e-06
    1.36318e+00      3.23949e-04      1.00000e+02      1.48509e-06
    1.37882e+00      3.18240e-04      1.00000e+02      1.48506e-06
    1.39464e+00      3.12532e-04      1.00000e+02      1.48503e-06
    1.41064e+00      3.06903e-04      1.00000e+02      1.48500e-06
    1.42682e+00      3.01258e-04      1.00000e+02      1.48497e-06
    1.44319e+00      2.95716e-04      1.00000e+02      1.48494e-06
    1.45974e+00      2.90142e-04      1.00000e+02      1.48490e-06
    1.47649e+00      2.84687e-04      1.00000e+02      1.48487e-06
    1.49343e+00      2.79214e-04      1.00000e+02      1.48484e-06
    1.51056e+00      2.73821e-04      1.00000e+02      1.48480e-06
    1.52789e+00      2.68454e-04      1.00000e+02      1.48477e-06
    1.54542e+00      2.63120e-04      1.00000e+02      1.48474e-06
    1.56315e+00      2.57862e-04      1.00000e+02      1.48470e-06
    1.58108e+00      2.52598e-04      1.00000e+02      1.48467e-06
    1.59922e+00      2.47439e-04      1.00000e+02      1.48463e-06
    1.61757e+00      2.42293e-04      1.00000e+02      1.48459e-06
    1.63612e+00      2.37193e-04      1.00000e+02      1.48455e-06
    1.65489e+00      2.32169e-04      1.00000e+02      1.48452e-06
    1.67388e+00      2.27156e-04      1.00000e+02      1.48448e-06
    1.69308e+00      2.22226e-04      1.00000e+02      1.48444e-06
    1.71250e+00      2.17340e-04      1.00000e+02      1.48440e-06
    1.73215e+00      2.12474e-04      1.00000e+02      1.48436e-06
    1.75202e+00      2.07708e-04      1.00000e+02      1.48432e-06
    1.77212e+00      2.02976e-04      1.00000e+02      1.48428e-06
    1.79245e+00      1.98272e-04      1.00000e+02      1.48423e-06
    1.81302e+00      1.93663e-04      1.00000e+02      1.48419e-06
    1.83382e+00      1.89094e-04      1.00000e+02      1.48415e-06
    1.85485e+00      1.84559e-04      1.00000e+02      1.48410e-06
    1.87613e+00      1.80106e-04      1.00000e+02      1.48406e-06
    1.89766e+00      1.75712e-04      1.00000e+02      1.48402e-06
    1.91943e+00      1.71359e-04      1.00000e+02      1.48397e-06
    1.94145e+00      1.67056e-04      1.00000e+02      1.48393e-06
    1.96372e+00      1.62843e-04      1.00000e+02      1.48388e-06
    1.98625e+00      1.58887e-04      1.00000e+02      1.50558e-06
    2.00903e+00      1.55022e-04      1.00000e+02      1.53165e-06
    2.03208e+00      1.50957e-04      1.00000e+02      1.53160e-06
    2.05540e+00      1.46980e-04      1.00000e+02      1.53155e-06
    2.07898e+00      1.43054e-04      1.00000e+02      1.53150e-06
    2.10283e+00      1.39182e-04      1.00000e+02      1.53145e-06
    2.12695e+00      1.35366e-04      1.00000e+02      1.53140e-06
    2.15135e+00      1.31620e-04      1.00000e+02      1.53135e-06
    2.17603e+00      1.27946e-04      1.00000e+02      1.53130e-06
    2.20100e+00      1.24331e-04      1.00000e+02      1.53125e-06
    2.22625e+00      1.20774e-04      1.00000e+02      1.53119e-06
    2.25179e+00      1.17276e-04      1.00000e+02      1.53114e-06
    2.27762e+00      1.13841e-04      1.00000e+02      1.53108e-06
    2.30375e+00      1.10471e-04      1.00000e+02      1.53103e-06
    2.33018e+00      1.07180e-04      1.00000e+02      1.53097e-06
    2.35691e+00      1.03947e-04      1.00000e+02      1.53091e-06
    2.38395e+00      1.00777e-04      1.00000e+02      1.53086e-06
    2.41130e+00      9.76709e-05      1.00000e+02      1.53080e-06
    2.43897e+00      9.46285e-05      1.00000e+02      1.53074e-06
    2.46695e+00      9.16507e-05      1.00000e+02      1.53068e-06
    2.49525e+00      8.87381e-05      1.00000e+02      1.53061e-06
    2.52387e+00      8.58889e-05      1.00000e+02      1.53055e-06
    2.55283e+00      8.31039e-05      1.00000e+02      1.53049e-06
    2.58212e+00      8.03872e-05      1.00000e+02      1.53042e-06
    2.61174e+00      7.77345e-05      1.00000e+02      1.53036e-06
    2.64170e+00      7.51472e-05      1.00000e+02      1.53029e-06
    2.67201e+00      7.26245e-05      1.00000e+02      1.53024e-06
    2.70266e+00      7.01659e-05      1.00000e+02      1.53023e-06
    2.73367e+00      6.77734e-05      1.00000e+02      1.53016e-06
    2.76503e+00      6.54433e-05      1.00000e+02      1.53009e-06
    2.79675e+00      6.31778e-05      1.00000e+02      1.53002e-06
    2.82884e+00      6.09748e-05      1.00000e+02      1.52994e-06
    2.86129e+00      5.88351e-05      1.00000e+02      1.52987e-06
    2.89412e+00      5.67583e-05      1.00000e+02      1.52979e-06
    2.92732e+00      5.47421e-05      1.00000e+02      1.52972e-06
    2.96091e+00      5.27875e-05      1.00000e+02      1.52964e-06
    2.99488e+00      5.08929e-05      1.00000e+02      1.52956e-06
    3.02923e+00      4.90583e-05      1.00000e+02      1.52948e-06
    3.06399e+00      4.72901e-05      1.00000e+02      1.52940e-06
    3.09914e+00      4.55826e-05      1.00000e+02      1.52932e-06
    3.13469e+00      4.39308e-05      1.00000e+02      1.52924e-06
    3.17066e+00      4.23357e-05      1.00000e+02      1.52916e-06
    3.20703e+00      4.07970e-05      1.00000e+02      1.52907e-06
    3.24382e+00      3.93163e-05      1.00000e+02      1.52899e-06
    3.28104e+00      3.78985e-05      1.00000e+02      1.52890e-06
    3.31868e+00      3.65304e-05      1.00000e+02      1.52882e-06
    3.35675e+00      3.52151e-05      1.00000e+02      1.52873e-06
    3.39527e+00      3.39565e-05      1.00000e+02      1.52864e-06
    3.43422e+00      3.27523e-05      1.00000e+02      1.52856e-06
    3.47362e+00      3.15981e-05      1.00000e+02      1.52846e-06
    3.51347e+00      3.04911e-05      1.00000e+02      1.52837e-06
    3.55378e+00      2.94410e-05      1.00000e+02      1.52828e-06
    3.59455e+00      2.84370e-05      1.00000e+02      1.52819e-06
    3.63579e+00      2.74788e-05      1.00000e+02      1.52809e-06
    3.67750e+00      2.65717e-05      1.00000e+02      1.52800e-06
    3.71969e+00      2.57069e-05      1.00000e+02      1.52790e-06
    3.76236e+00      2.48889e-05      1.00000e+02      1.52780e-06
    3.80553e+00      2.41135e-05      1.00000e+02      1.52770e-06
    3.84919e+00      2.33797e-05      1.00000e+02      1.52760e-06
    3.89335e+00      2.26891e-05      1.00000e+02      1.52749e-06
    3.93801e+00      2.20355e-05      1.00000e+02      1.52739e-06
    3.98319e+00      2.14243e-05      1.00000e+02      1.52728e-06
    4.02889e+00      2.08470e-05      1.00000e+02      1.52717e-06
    4.07511e+00      2.03093e-05      1.00000e+02      1.52706e-06
    4.12186e+00      1.98031e-05      1.00000e+02      1.52695e-06
    4.16915e+00      1.93344e-05      1.00000e+02      1.52684e-06
    4.21698e+00      1.88948e-05      1.00000e+02      1.52672e-06
    4.26536e+00      1.84876e-05      1.00000e+02      1.52661e-06
    4.31430e+00      1.81109e-05      1.00000e+02      1.52650e-06
    4.36379e+00      1.77603e-05      1.00000e+02      1.52638e-06
    4.41386e+00      1.74397e-05      1.00000e+02      1.52626e-06
    4.46450e+00      1.71432e-05      1.00000e+02      1.52614e-06
    4.51572e+00      1.68714e-05      1.00000e+02      1.52601e-06
    4.56752e+00      1.66228e-05      1.00000e+02      1.52589e-06
    4.61992e+00      1.63968e-05      1.00000e+02      1.52577e-06
    4.67293e+00      1.61911e-05      1.00000e+02      1.52564e-06
    4.72654e+00      1.60046e-05      1.00000e+02      1.52552e-06
    4.78076e+00      1.58357e-05      1.00000e+02      1.52539e-06
    4.83561e+00      1.56849e-05      1.00000e+02      1.52526e-06
    4.89109e+00      1.55494e-05      1.00000e+02      1.52512e-06
    4.94720e+00      1.54284e-05      1.00000e+02      1.52499e-06
    5.00396e+00      1.53206e-05      1.00000e+02      1.52485e-06
    5.06137e+00      1.52252e-05      1.00000e+02      1.52471e-06
    5.11944e+00      1.51408e-05      1.00000e+02      1.52457e-06
    5.17817e+00      1.50669e-05      1.00000e+02      1.52443e-06
    5.23758e+00      1.50018e-05      1.00000e+02      1.52429e-06
    5.29767e+00      1.49456e-05      1.00000e+02      1.52414e-06
    5.35844e+00      1.48962e-05      1.00000e+02      1.52399e-06
    5.41992e+00      1.48536e-05      1.00000e+02      1.52384e-06
    5.48210e+00      1.48167e-05      1.00000e+02      1.52368e-06
    5.54500e+00      1.47848e-05      1.00000e+02      1.52353e-06
    5.60861e+00      1.47572e-05      1.00000e+02      1.52337e-06
    5.67296e+00      1.47333e-05      1.00000e+02      1.52321e-06
    5.73804e+00      1.47126e-05      1.00000e+02      1.52305e-06
    5.80387e+00      1.46946e-05      1.00000e+02      1.52289e-06
    5.87046e+00      1.46787e-05      1.00000e+02      1.52273e-06
    5.93781e+00      1.46648e-05      1.00000e+02      1.52256e-06
    6.00593e+00      1.46524e-05      1.00000e+02      1.52240e-06
    6.07483e+00      1.46412e-05      1.00000e+02      1.52223e-06
    6.14453e+00      1.46311e-05      1.00000e+02      1.52205e-06
    6.21502e+00      1.46218e-05      1.00000e+02      1.52188e-06
    6.28633e+00      1.46131e-05      1.00000e+02      1.52170e-06
    6.35845e+00      1.46049e-05      1.00000e+02      1.52153e-06
    6.43140e+00      1.45972e-05      1.00000e+02      1.52135e-06
    6.50518e+00      1.45897e-05      1.00000e+02      1.52117e-06
    6.57981e+00      1.45826e-05      1.00000e+02      1.52098e-06
    6.65530e+00      1.45756e-05      1.00000e+02      1.52079e-06
    6.73166e+00      1.45687e-05      1.00000e+02      1.52060e-06
    6.80889e+00      1.45620e-05      1.00000e+02      1.52040e-06
    6.88700e+00      1.45554e-05      1.00000e+02      1.52020e-06
    6.96602e+00      1.45488e-05      1.00000e+02      1.52000e-06
    7.04593e+00      1.45423e-05      1.00000e+02      1.51980e-06
    7.12677e+00      1.45358e-05      1.00000e+02      1.51959e-06
    7.20853e+00      1.45294e-05      1.00000e+02      1.51938e-06
    7.29124e+00      1.45230e-05      1.00000e+02      1.51917e-06
    7.37489e+00      1.45166e-05      1.00000e+02      1.51896e-06
    7.45950e+00      1.45102e-05      1.00000e+02      1.51874e-06
    7.54508e+00      1.45038e-05      1.00000e+02      1.51852e-06
    7.63164e+00      1.44974e-05      1.00000e+02      1.51829e-06
    7.71920e+00      1.44911e-05      1.00000e+02      1.51807e-06
    7.80776e+00      1.44847e-05      1.00000e+02      1.51784e-06
    7.89733e+00      1.44784e-05      1.00000e+02      1.51761e-06
    7.98794e+00      1.44720e-05      1.00000e+02      1.51738e-06
    8.07958e+00      1.44657e-05      1.00000e+02      1.51715e-06
    8.17227e+00      1.44593e-05      1.00000e+02      1.51691e-06
    8.26603e+00      1.44529e-05      1.00000e+02      1.51667e-06
    8.36087e+00      1.44464e-05      1.00000e+02      1.51642e-06
    8.45679e+00      1.44400e-05      1.00000e+02      1.51617e-06
    8.55381e+00      1.44335e-05      1.00000e+02      1.51592e-06
    8.65195e+00      1.44270e-05      1.00000e+02      1.51566e-06
    8.75121e+00      1.44204e-05      1.00000e+02      1.51540e-06
    8.85161e+00      1.44137e-05      1.00000e+02      1.51513e-06
    8.95316e+00      1.44071e-05      1.00000e+02      1.51486e-06
    9.05588e+00      1.44004e-05      1.00000e+02      1.51459e-06
    9.15977e+00      1.43936e-05      1.00000e+02      1.51432e-06
    9.26486e+00      1.43868e-05      1.00000e+02      1.51404e-06
    9.37116e+00      1.43800e-05      1.00000e+02      1.51375e-06
    9.47867e+00      1.43731e-05      1.00000e+02      1.51347e-06
    9.58742e+00      1.43661e-05      1.00000e+02      1.51318e-06
    9.69741e+00      1.43591e-05      1.00000e+02      1.51289e-06
    9.80867e+00      1.43520e-05      1.00000e+02      1.51259e-06
    9.92120e+00      1.43449e-05      1.00000e+02      1.51229e-06
    1.00350e+01      1.43377e-05      1.00000e+02      1.51198e-06
    1.01502e+01      1.43304e-05      1.00000e+02      1.51168e-06
    1.02666e+01      1.43230e-05      1.00000e+02      1.51136e-06
    1.03844e+01      1.43156e-05      1.00000e+02      1.51104e-06
    1.05035e+01      1.43081e-05      1.00000e+02      1.51072e-06
    1.06240e+01      1.43005e-05      1.00000e+02      1.51039e-06
    1.07459e+01      1.42928e-05      1.00000e+02      1.51006e-06
    1.08692e+01      1.42850e-05      1.00000e+02      1.50972e-06
    1.09939e+01      1.42771e-05      1.00000e+02      1.50938e-06
    1.11200e+01      1.42692e-05      1.00000e+02      1.50904e-06
    1.12476e+01      1.42613e-05      1.00000e+02      1.50869e-06
    1.13767e+01      1.42532e-05      1.00000e+02      1.50834e-06
    1.15072e+01      1.42451e-05      1.00000e+02      1.50798e-06
    1.16392e+01      1.42368e-05      1.00000e+02      1.50762e-06
    1.17727e+01      1.42285e-05      1.00000e+02      1.50726e-06
    1.19078e+01      1.42201e-05      1.00000e+02      1.50688e-06
    1.20444e+01      1.42116e-05      1.00000e+02      1.50651e-06
    1.21826e+01      1.42031e-05      1.00000e+02      1.50613e-06
    1.23224e+01      1.41944e-05      1.00000e+02      1.50574e-06
    1.24637e+01      1.41857e-05      1.00000e+02      1.50535e-06
    1.26067e+01      1.41768e-05      1.00000e+02      1.50496e-06
    1.27514e+01      1.41679e-05      1.00000e+02      1.50456e-06
    1.28977e+01      1.41589e-05      1.00000e+02      1.50416e-06
    1.30456e+01      1.41498e-05      1.00000e+02      1.50375e-06
    1.31953e+01      1.41406e-05      1.00000e+02      1.50333e-06
    1.33467e+01      1.41314e-05      1.00000e+02      1.50291e-06
    1.34998e+01      1.41220e-05      1.00000e+02      1.50249e-06
    1.36547e+01      1.41125e-05      1.00000e+02      1.50205e-06
    1.38113e+01      1.41029e-05      1.00000e+02      1.50162e-06
    1.39698e+01      1.40933e-05      1.00000e+02      1.50117e-06
    1.41301e+01      1.40834e-05      1.00000e+02      1.50071e-06
    1.42922e+01      1.40734e-05      1.00000e+02      1.50025e-06
    1.44562e+01      1.40634e-05      1.00000e+02      1.49978e-06
    1.46220e+01      1.40534e-05      1.00000e+02      1.49932e-06
    1.47898e+01      1.40432e-05      1.00000e+02      1.49884e-06
    1.49594e+01      1.40329e-05      1.00000e+02      1.49836e-06
    1.51311e+01      1.40225e-05      1.00000e+02      1.49787e-06
    1.53047e+01      1.40119e-05      1.00000e+02      1.49737e-06
    1.54803e+01      1.40013e-05      1.00000e+02      1.49687e-06
    1.56579e+01      1.39905e-05      1.00000e+02      1.49635e-06
    1.58375e+01      1.39797e-05      1.00000e+02      1.49584e-06
    1.60192e+01      1.39687e-05      1.00000e+02      1.49531e-06
    1.62030e+01      1.39577e-05      1.00000e+02      1.49478e-06
    1.63889e+01      1.39465e-05      1.00000e+02      1.49425e-06
    1.65769e+01      1.39352e-05      1.00000e+02      1.49370e-06
    1.67671e+01      1.39238e-05      1.00000e+02      1.49315e-06
    1.69594e+01      1.39123e-05      1.00000e+02      1.49259e-06
    1.71540e+01      1.39005e-05      1.00000e+02      1.49202e-06
    1.73508e+01      1.38888e-05      1.00000e+02      1.49144e-06
    1.75499e+01      1.38769e-05      1.00000e+02      1.49086e-06
    1.77512e+01      1.38649e-05      1.00000e+02      1.49027e-06
    1.79549e+01      1.38528e-05      1.00000e+02      1.48967e-06
    1.81609e+01      1.38406e-05      1.00000e+02      1.48907e-06
    1.83692e+01      1.38282e-05      1.00000e+02      1.48846e-06
    1.85800e+01      1.38158e-05      1.00000e+02      1.48784e-06
    1.87932e+01      1.38032e-05      1.00000e+02      1.48721e-06
    1.90088e+01      1.37904e-05      1.00000e+02      1.48657e-06
    1.92268e+01      1.37776e-05      1.00000e+02      1.48593e-06
    1.94474e+01      1.37646e-05      1.00000e+02      1.48527e-06
    1.96705e+01      1.37515e-05      1.00000e+02      1.48461e-06
    1.98962e+01      1.37383e-05      1.00000e+02      1.48394e-06
    2.01245e+01      1.37249e-05      1.00000e+02      1.48326e-06
    2.03554e+01      1.37114e-05      1.00000e+02      1.48257e-06
    2.05889e+01      1.36978e-05      1.00000e+02      1.48187e-06
    2.08251e+01      1.36841e-05      1.00000e+02      1.48117e-06
    2.10640e+01      1.36702e-05      1.00000e+02      1.48045e-06
    2.13057e+01      1.36561e-05      1.00000e+02      1.47973e-06
    2.15501e+01      1.36420e-05      1.00000e+02      1.47899e-06
    2.17974e+01      1.36277e-05      1.00000e+02      1.47825e-06
    2.20475e+01      1.36132e-05      1.00000e+02      1.47749e-06
    2.23004e+01      1.35986e-05      1.00000e+02      1.47673e-06
    2.25563e+01      1.35839e-05      1.00000e+02      1.47596e-06
    2.28150e+01      1.35690e-05      1.00000e+02      1.47517e-06
    2.30768e+01      1.35540e-05      1.00000e+02      1.47437e-06
    2.33416e+01      1.35388e-05      1.00000e+02      1.47357e-06
    2.36093e+01      1.35235e-05      1.00000e+02      1.47275e-06
    2.38802e+01      1.35080e-05      1.00000e+02      1.47192e-06
    2.41542e+01      1.34924e-05      1.00000e+02      1.47108e-06
    2.44313e+01      1.34766e-05      1.00000e+02      1.47023e-06
    2.47116e+01      1.34606e-05      1.00000e+02      1.46937e-06
    2.49951e+01      1.34446e-05      1.00000e+02      1.46850e-06
    2.52819e+01      1.34284e-05      1.00000e+02      1.46762e-06
    2.55719e+01      1.34120e-05      1.00000e+02      1.46672e-06
    2.58653e+01      1.33954e-05      1.00000e+02      1.46582e-06
    2.61621e+01      1.33787e-05      1.00000e+02      1.46490e-06
    2.64622e+01      1.33619e-05      1.00000e+02      1.46397e-06
    2.67658e+01      1.33449e-05      1.00000e+02      1.46302e-06
    2.70729e+01      1.33277e-05      1.00000e+02      1.46207e-06
    2.73835e+01      1.33104e-05      1.00000e+02      1.46111e-06
    2.76977e+01      1.32929e-05      1.00000e+02      1.46013e-06
    2.80154e+01      1.32751e-05      1.00000e+02      1.45913e-06
    2.83369e+01      1.32572e-05      1.00000e+02      1.45812e-06
    2.86620e+01      1.32392e-05      1.00000e+02      1.45709e-06
    2.89908e+01      1.32209e-05      1.00000e+02      1.45606e-06
    2.93234e+01      1.32025e-05      1.00000e+02      1.45501e-06
    2.96598e+01      1.31840e-05      1.00000e+02      1.45395e-06
    3.00001e+01      1.31652e-05      1.00000e+02      1.45287e-06
