    Er (keV)         SM dN/dE         BG dN/dE         BSM dN/dE (events/kg/day/keV)
    5.00000e-02      9.81565e-03      1.00000e+02      4.44188e-05
    2.24750e-01      1.30318e-03      1.00000e+02      7.17113e-06
    3.99500e-01      1.04203e-03      1.00000e+02      3.79466e-06
    5.74250e-01      8.43412e-04      1.00000e+02      2.58766e-06
    7.49000e-01      6.86454e-04      1.00000e+02      1.95870e-06
    9.23750e-01      5.60952e-04      1.00000e+02      1.57740e-06
    1.09850e+00      4.58981e-04      1.00000e+02      1.31920e-06
    1.27325e+00      3.76010e-04      1.00000e+02      1.13424e-06
    1.44800e+00      3.07878e-04      1.00000e+02      9.94325e-07
    1.62275e+00      2.52093e-04      1.00000e+02      8.85412e-07
    1.79750e+00      2.06161e-04      1.00000e+02      7.97769e-07
    1.97225e+00      1.68540e-04      1.00000e+02      7.26064e-07
    2.14700e+00      1.37623e-04      1.00000e+02      6.66054e-07
    2.32175e+00      1.12400e-04      1.00000e+02      6.15297e-07
    2.49650e+00      9.17916e-05      1.00000e+02      5.71643e-07
    2.67125e+00      7.51047e-05      1.00000e+02      5.33840e-07
    2.84600e+00      6.15920e-05      1.00000e+02      5.00669e-07
    3.02075e+00      5.07751e-05      1.00000e+02      4.71406e-07
    3.19550e+00      4.21254e-05      1.00000e+02      4.45334e-07
    3.37025e+00      3.53040e-05      1.00000e+02      4.22022e-07
    3.54500e+00      2.99404e-05      1.00000e+02      4.01000e-07
    3.71975e+00      2.57935e-05      1.00000e+02      3.81992e-07
    3.89450e+00      2.26033e-05      1.00000e+02      3.64681e-07
    4.06925e+00      2.01982e-05      1.00000e+02      3.48883e-07
    4.24400e+00      1.83983e-05      1.00000e+02      3.34380e-07
    4.41875e+00      1.70868e-05      1.00000e+02      3.21047e-07
    4.59350e+00      1.61388e-05      1.00000e+02      3.08719e-07
    4.76825e+00      1.54751e-05      1.00000e+02      2.97314e-07
    4.94300e+00      1.50167e-05      1.00000e+02      2.86710e-07
    5.11775e+00      1.47099e-05      1.00000e+02      2.76841e-07
    5.29250e+00      1.45078e-05      1.00000e+02      2.67619e-07
    5.46725e+00      1.43776e-05      1.00000e+02      2.58996e-07
    5.64200e+00      1.42936e-05      1.00000e+02      2.50904e-07
    5.81675e+00      1.42389e-05      1.00000e+02      2.43306e-07
    5.99150e+00      1.42016e-05      1.00000e+02      2.36149e-07
    6.16625e+00      1.41744e-05      1.00000e+02      2.29404e-07
    6.34100e+00      1.41530e-05      1.00000e+02      2.23027e-07
    6.51575e+00      1.41348e-05      1.00000e+02      2.16999e-07
    6.69050e+00      1.41186e-05      1.00000e+02      2.11282e-07
    6.86525e+00      1.41036e-05      1.00000e+02      2.05860e-07
    7.04000e+00      1.40893e-05      1.00000e+02      2.00705e-07
    7.21475e+00      1.40757e-05      1.00000e+02      1.95803e-07
    7.38950e+00      1.40626e-05      1.00000e+02      1.91131e-07
    7.56425e+00      1.40498e-05      1.00000e+02      1.86678e-07
    7.73900e+00      1.40373e-05      1.00000e+02      1.82425e-07
    7.91375e+00      1.40252e-05      1.00000e+02      1.78362e-07
    8.08850e+00      1.40133e-05      1.00000e+02      1.74474e-07
    8.26325e+00      1.40016e-05      1.00000e+02      1.70753e-07
    8.43800e+00      1.39901e-05      1.00000e+02      1.67184e-07
    8.61275e+00      1.39788e-05      1.00000e+02      1.63761e-07
    8.78750e+00      1.39675e-05      1.00000e+02      1.60473e-07
    8.96225e+00      1.39563e-05      1.00000e+02      1.57315e-07
    9.13700e+00      1.39453e-05      1.00000e+02      1.54277e-07
    9.31175e+00      1.39343e-05      1.00000e+02      1.51354e-07
    9.48650e+00      1.39234e-05      1.00000e+02      1.48538e-07
    9.66125e+00      1.39126e-05      1.00000e+02      1.45825e-07
    9.83600e+00      1.39018e-05      1.00000e+02      1.43208e-07
    1.00108e+01      1.38911e-05      1.00000e+02      1.40684e-07
    1.01855e+01      1.38804e-05      1.00000e+02      1.38245e-07
    1.03603e+01      1.38697e-05      1.00000e+02      1.35889e-07
    1.05350e+01      1.38590e-05      1.00000e+02      1.33610e-07
    1.07098e+01      1.38483e-05      1.00000e+02      1.31407e-07
    1.08845e+01      1.38377e-05      1.00000e+02      1.29274e-07
    1.10593e+01      1.38270e-05      1.00000e+02      1.27209e-07
    1.12340e+01      1.38164e-05      1.00000e+02      1.25208e-07
    1.14088e+01      1.38059e-05      1.00000e+02      1.23269e-07
    1.15835e+01      1.37953e-05      1.00000e+02      1.21388e-07
    1.17583e+01      1.37848e-05      1.00000e+02      1.19563e-07
    1.19330e+01      1.37742e-05      1.00000e+02      1.17792e-07
    1.21078e+01      1.37637e-05      1.00000e+02      1.16072e-07
    1.22825e+01      1.37532e-05      1.00000e+02      1.14400e-07
    1.24573e+01      1.37428e-05      1.00000e+02      1.12776e-07
    1.26320e+01      1.37323e-05      1.00000e+02      1.11197e-07
    1.28068e+01      1.37219e-05      1.00000e+02      1.09661e-07
    1.29815e+01      1.37115e-05      1.00000e+02      1.08166e-07
    1.31563e+01      1.37011e-05      1.00000e+02      1.06711e-07
    1.33310e+01      1.36907e-05      1.00000e+02      1.05294e-07
    1.35058e+01      1.36803e-05      1.00000e+02      1.03914e-07
    1.36805e+01      1.36700e-05      1.00000e+02      1.02569e-07
    1.38553e+01      1.36596e-05      1.00000e+02      1.01258e-07
    1.40300e+01      1.36492e-05      1.00000e+02      9.99788e-08
    1.42048e+01      1.36388e-05      1.00000e+02      9.87319e-08
    1.43795e+01      1.36285e-05      1.00000e+02      9.75148e-08
    1.45543e+01      1.36182e-05      1.00000e+02      9.63277e-08
    1.47290e+01      1.36079e-05      1.00000e+02      9.51683e-08
    1.49038e+01      1.35976e-05      1.00000e+02      9.40362e-08
    1.50785e+01      1.35874e-05      1.00000e+02      9.29300e-08
    1.52533e+01      1.35771e-05      1.00000e+02      9.18494e-08
    1.54280e+01      1.35668e-05      1.00000e+02      9.07928e-08
    1.56028e+01      1.35566e-05      1.00000e+02      8.97602e-08
    1.57775e+01      1.35463e-05      1.00000e+02      8.87502e-08
    1.59523e+01      1.35361e-05      1.00000e+02      8.77627e-08
    1.61270e+01      1.35259e-05      1.00000e+02      8.67963e-08
    1.63018e+01      1.35157e-05      1.00000e+02      8.58509e-08
    1.64765e+01      1.35056e-05      1.00000e+02      8.49253e-08
    1.66513e+01      1.34954e-05      1.00000e+02      8.40192e-08
    1.68260e+01      1.34852e-05      1.00000e+02      8.31317e-08
    1.70008e+01      1.34751e-05      1.00000e+02      8.22626e-08
    1.71755e+01      1.34649e-05      1.00000e+02      8.14106e-08
    1.73503e+01      1.34548e-05      1.00000e+02      8.05763e-08
    1.75250e+01      1.34447e-05      1.00000e+02      7.97584e-08
    1.76998e+01      1.34346e-05      1.00000e+02      7.89569e-08
    1.78745e+01      1.34245e-05      1.00000e+02      7.81710e-08
    1.80493e+01      1.34145e-05      1.00000e+02      7.74003e-08
    1.82240e+01      1.34044e-05      1.00000e+02      7.66442e-08
    1.83988e+01      1.33944e-05      1.00000e+02      7.59027e-08
    1.85735e+01      1.33844e-05      1.00000e+02      7.51749e-08
    1.87483e+01      1.33744e-05      1.00000e+02      7.44608e-08
    1.89230e+01      1.33644e-05      1.00000e+02      7.37598e-08
    1.90978e+01      1.33544e-05      1.00000e+02      7.30718e-08
    1.92725e+01      1.33444e-05      1.00000e+02      7.23959e-08
    1.94473e+01      1.33345e-05      1.00000e+02      7.17323e-08
    1.96220e+01      1.33245e-05      1.00000e+02      7.10804e-08
    1.97968e+01      1.33146e-05      1.00000e+02      7.04401e-08
    1.99715e+01      1.33047e-05      1.00000e+02      6.98109e-08
    2.01463e+01      1.32948e-05      1.00000e+02      6.91927e-08
    2.03210e+01      1.32849e-05      1.00000e+02      6.85850e-08
    2.04958e+01      1.32750e-05      1.00000e+02      6.79878e-08
    2.06705e+01      1.32652e-05      1.00000e+02      6.74006e-08
    2.08453e+01      1.32553e-05      1.00000e+02      6.68233e-08
    2.10200e+01      1.32455e-05      1.00000e+02      6.62554e-08
    2.11948e+01      1.32356e-05      1.00000e+02      6.56970e-08
    2.13695e+01      1.32258e-05      1.00000e+02      6.51476e-08
    2.15443e+01      1.32160e-05      1.00000e+02      6.46071e-08
    2.17190e+01      1.32062e-05      1.00000e+02      6.40752e-08
    2.18938e+01      1.31964e-05      1.00000e+02      6.35520e-08
    2.20685e+01      1.31866e-05      1.00000e+02      6.30369e-08
    2.22433e+01      1.31769e-05      1.00000e+02      6.25300e-08
    2.24180e+01      1.31671e-05      1.00000e+02      6.20309e-08
    2.25928e+01      1.31574e-05      1.00000e+02      6.15395e-08
    2.27675e+01      1.31476e-05      1.00000e+02      6.10555e-08
    2.29423e+01      1.31379e-05      1.00000e+02      6.05789e-08
    2.31170e+01      1.31282e-05      1.00000e+02      6.01094e-08
    2.32918e+01      1.31185e-05      1.00000e+02      5.96471e-08
    2.34665e+01      1.31088e-05      1.00000e+02      5.91915e-08
    2.36413e+01      1.30991e-05      1.00000e+02      5.87428e-08
    2.38160e+01      1.30894e-05      1.00000e+02      5.83004e-08
    2.39908e+01      1.30798e-05      1.00000e+02      5.78645e-08
    2.41655e+01      1.30701e-05      1.00000e+02      5.74349e-08
    2.43403e+01      1.30605e-05      1.00000e+02      5.70115e-08
    2.45150e+01      1.30508e-05      1.00000e+02      5.65941e-08
    2.46898e+01      1.30412e-05      1.00000e+02      5.61826e-08
    2.48645e+01      1.30316e-05      1.00000e+02      5.57769e-08
    2.50393e+01      1.30220e-05      1.00000e+02      5.53769e-08
    2.52140e+01      1.30125e-05      1.00000e+02      5.49824e-08
    2.53888e+01      1.30029e-05      1.00000e+02      5.45934e-08
    2.55635e+01      1.29933e-05      1.00000e+02      5.42096e-08
    2.57383e+01      1.29838e-05      1.00000e+02      5.38309e-08
    2.59130e+01      1.29742e-05      1.00000e+02      5.34573e-08
    2.60878e+01      1.29647e-05      1.00000e+02      5.30887e-08
    2.62625e+01      1.29552e-05      1.00000e+02      5.27250e-08
    2.64373e+01      1.29457e-05      1.00000e+02      5.23661e-08
    2.66120e+01      1.29362e-05      1.00000e+02      5.20119e-08
    2.67868e+01      1.29267e-05      1.00000e+02      5.16623e-08
    2.69615e+01      1.29173e-05      1.00000e+02      5.13173e-08
    2.71363e+01      1.29078e-05      1.00000e+02      5.09767e-08
    2.73110e+01      1.28983e-05      1.00000e+02      5.06403e-08
    2.74858e+01      1.28889e-05      1.00000e+02      5.03083e-08
    2.76605e+01      1.28795e-05      1.00000e+02      4.99804e-08
    2.78353e+01      1.28700e-05      1.00000e+02      4.96565e-08
    2.80100e+01      1.28606e-05      1.00000e+02      4.93366e-08
    2.81848e+01      1.28511e-05      1.00000e+02      4.90207e-08
    2.83595e+01      1.28417e-05      1.00000e+02      4.87087e-08
    2.85343e+01      1.28323e-05      1.00000e+02      4.84005e-08
    2.87090e+01      1.28229e-05      1.00000e+02      4.80960e-08
    2.88838e+01      1.28135e-05      1.00000e+02      4.77951e-08
    2.90585e+01      1.28041e-05      1.00000e+02      4.74979e-08
    2.92333e+01      1.27948e-05      1.00000e+02      4.72042e-08
    2.94080e+01      1.27854e-05      1.00000e+02      4.69140e-08
    2.95828e+01      1.27761e-05      1.00000e+02      4.66273e-08
    2.97575e+01      1.27668e-05      1.00000e+02      4.63439e-08
    2.99323e+01      1.27574e-05      1.00000e+02      4.60638e-08
    3.01070e+01      1.27481e-05      1.00000e+02      4.57868e-08
    3.02818e+01      1.27388e-05      1.00000e+02      4.55132e-08
    3.04565e+01      1.27295e-05      1.00000e+02      4.52425e-08
    3.06313e+01      1.27203e-05      1.00000e+02      4.49750e-08
    3.08060e+01      1.27110e-05      1.00000e+02      4.47105e-08
    3.09808e+01      1.27017e-05      1.00000e+02      4.44491e-08
    3.11555e+01      1.26925e-05      1.00000e+02      4.41905e-08
    3.13303e+01      1.26833e-05      1.00000e+02      4.39349e-08
    3.15050e+01      1.26741e-05      1.00000e+02      4.36820e-08
    3.16798e+01      1.26649e-05      1.00000e+02      4.34320e-08
    3.18545e+01      1.26557e-05      1.00000e+02      4.31847e-08
    3.20293e+01      1.26466e-05      1.00000e+02      4.29402e-08
    3.22040e+01      1.26374e-05      1.00000e+02      4.26982e-08
    3.23788e+01      1.26283e-05      1.00000e+02      4.24588e-08
    3.25535e+01      1.26191e-05      1.00000e+02      4.22220e-08
    3.27283e+01      1.26100e-05      1.00000e+02      4.19877e-08
    3.29030e+01      1.26009e-05      1.00000e+02      4.17559e-08
    3.30778e+01      1.25918e-05      1.00000e+02      4.15265e-08
    3.32525e+01      1.25827e-05      1.00000e+02      4.12995e-08
    3.34273e+01      1.25736e-05      1.00000e+02      4.10749e-08
    3.36020e+01      1.25645e-05      1.00000e+02      4.08526e-08
    3.37767e+01      1.25554e-05      1.00000e+02      4.06325e-08
    3.39515e+01      1.25463e-05      1.00000e+02      4.04147e-08
    3.41262e+01      1.25373e-05      1.00000e+02      4.01990e-08
    3.43010e+01      1.25282e-05      1.00000e+02      3.99855e-08
    3.44757e+01      1.25191e-05      1.00000e+02      3.97742e-08
    3.46505e+01      1.25100e-05      1.00000e+02      3.95650e-08
    3.48252e+01      1.25010e-05      1.00000e+02      3.93578e-08
    3.50000e+01      1.24919e-05      1.00000e+02      3.91527e-08
