    Er (keV)         SM dN/dE         BG dN/dE        BSM dN/dE (events/kg/day/keV)
    5.01000e-02      2.33052e-02      5.00000e+00      -3.27066e-03
    5.07729e-02      2.29553e-02      5.00000e+00      -3.21952e-03
    5.14550e-02      2.26008e-02      5.00000e+00      -3.16769e-03
    5.21461e-02      2.22414e-02      5.00000e+00      -3.11516e-03
    5.28466e-02      2.18773e-02      5.00000e+00      -3.06192e-03
    5.35565e-02      2.15082e-02      5.00000e+00      -3.00797e-03
    5.42760e-02      2.11342e-02      5.00000e+00      -2.95330e-03
    5.50052e-02      2.07551e-02      5.00000e+00      -2.89788e-03
    5.57441e-02      2.03710e-02      5.00000e+00      -2.84172e-03
    5.64931e-02      1.99816e-02      5.00000e+00      -2.78481e-03
    5.72520e-02      1.95871e-02      5.00000e+00      -2.72713e-03
    5.80213e-02      1.91872e-02      5.00000e+00      -2.66867e-03
    5.88008e-02      1.87819e-02      5.00000e+00      -2.60943e-03
    5.95909e-02      1.83712e-02      5.00000e+00      -2.54939e-03
    6.03916e-02      1.79549e-02      5.00000e+00      -2.48854e-03
    6.12030e-02      1.75331e-02      5.00000e+00      -2.42687e-03
    6.20254e-02      1.71056e-02      5.00000e+00      -2.36437e-03
    6.28589e-02      1.66723e-02      5.00000e+00      -2.30103e-03
    6.37035e-02      1.62332e-02      5.00000e+00      -2.23684e-03
    6.45596e-02      1.57881e-02      5.00000e+00      -2.17178e-03
    6.54271e-02      1.53371e-02      5.00000e+00      -2.10585e-03
    6.63064e-02      1.48800e-02      5.00000e+00      -2.03903e-03
    6.71974e-02      1.44168e-02      5.00000e+00      -1.97131e-03
    6.81005e-02      1.39473e-02      5.00000e+00      -1.90268e-03
    6.90157e-02      1.34715e-02      5.00000e+00      -1.83313e-03
    6.99433e-02      1.29893e-02      5.00000e+00      -1.76264e-03
    7.08833e-02      1.25007e-02      5.00000e+00      -1.69120e-03
    7.18360e-02      1.20054e-02      5.00000e+00      -1.61880e-03
    7.28014e-02      1.15035e-02      5.00000e+00      -1.54543e-03
    7.37799e-02      1.09948e-02      5.00000e+00      -1.47107e-03
    7.47716e-02      1.04793e-02      5.00000e+00      -1.39570e-03
    7.57766e-02      9.95680e-03      5.00000e+00      -1.31933e-03
    7.67951e-02      9.42730e-03      5.00000e+00      -1.24192e-03
    7.78274e-02      8.89067e-03      5.00000e+00      -1.16347e-03
    7.88735e-02      8.34683e-03      5.00000e+00      -1.08397e-03
    7.99337e-02      7.79566e-03      5.00000e+00      -1.00340e-03
    8.10082e-02      7.23708e-03      5.00000e+00      -9.21742e-04
    8.20971e-02      6.67097e-03      5.00000e+00      -8.38986e-04
    8.32007e-02      6.09725e-03      5.00000e+00      -7.55117e-04
    8.43192e-02      5.51581e-03      5.00000e+00      -6.70118e-04
    8.54527e-02      4.92654e-03      5.00000e+00      -5.83976e-04
    8.66014e-02      4.32934e-03      5.00000e+00      -4.96674e-04
    8.77657e-02      3.72410e-03      5.00000e+00      -4.08197e-04
    8.89456e-02      3.11071e-03      5.00000e+00      -3.18529e-04
    9.01413e-02      2.48908e-03      5.00000e+00      -2.27654e-04
    9.13532e-02      2.34596e-03      5.00000e+00      -2.07982e-04
    9.25814e-02      2.30566e-03      5.00000e+00      -2.03626e-04
    9.38261e-02      2.26481e-03      5.00000e+00      -1.99211e-04
    9.50875e-02      2.22342e-03      5.00000e+00      -1.94736e-04
    9.63660e-02      2.18147e-03      5.00000e+00      -1.90201e-04
    9.76616e-02      2.13895e-03      5.00000e+00      -1.85606e-04
    9.89747e-02      2.09587e-03      5.00000e+00      -1.80948e-04
    1.00305e-01      2.05220e-03      5.00000e+00      -1.76228e-04
    1.01654e-01      2.00795e-03      5.00000e+00      -1.71444e-04
    1.03021e-01      1.96310e-03      5.00000e+00      -1.66596e-04
    1.04406e-01      1.91764e-03      5.00000e+00      -1.61683e-04
    1.05810e-01      1.87158e-03      5.00000e+00      -1.56703e-04
    1.07233e-01      1.82489e-03      5.00000e+00      -1.51657e-04
    1.08675e-01      1.77758e-03      5.00000e+00      -1.46542e-04
    1.10136e-01      1.72963e-03      5.00000e+00      -1.41359e-04
    1.11617e-01      1.68103e-03      5.00000e+00      -1.36106e-04
    1.13118e-01      1.63178e-03      5.00000e+00      -1.30782e-04
    1.14639e-01      1.58187e-03      5.00000e+00      -1.25386e-04
    1.16181e-01      1.53128e-03      5.00000e+00      -1.19918e-04
    1.17743e-01      1.48002e-03      5.00000e+00      -1.14377e-04
    1.19326e-01      1.42806e-03      5.00000e+00      -1.08761e-04
    1.20931e-01      1.37540e-03      5.00000e+00      -1.03069e-04
    1.22557e-01      1.32204e-03      5.00000e+00      -9.73003e-05
    1.24205e-01      1.26796e-03      5.00000e+00      -9.14543e-05
    1.25876e-01      1.21315e-03      5.00000e+00      -8.55295e-05
    1.27568e-01      1.15760e-03      5.00000e+00      -7.95251e-05
    1.29284e-01      1.10131e-03      5.00000e+00      -7.34398e-05
    1.31023e-01      1.04789e-03      5.00000e+00      -6.79296e-05
    1.32785e-01      1.01035e-03      5.00000e+00      -6.53472e-05
    1.34571e-01      9.72307e-04      5.00000e+00      -6.27300e-05
    1.36380e-01      9.33752e-04      5.00000e+00      -6.00777e-05
    1.38215e-01      8.94678e-04      5.00000e+00      -5.73896e-05
    1.40074e-01      8.55078e-04      5.00000e+00      -5.46654e-05
    1.41957e-01      8.14945e-04      5.00000e+00      -5.19044e-05
    1.43867e-01      7.74272e-04      5.00000e+00      -4.91064e-05
    1.45802e-01      7.33051e-04      5.00000e+00      -4.62707e-05
    1.47763e-01      6.91276e-04      5.00000e+00      -4.33968e-05
    1.49750e-01      6.48938e-04      5.00000e+00      -4.04842e-05
    1.51764e-01      6.06031e-04      5.00000e+00      -3.75324e-05
    1.53805e-01      5.62546e-04      5.00000e+00      -3.45409e-05
    1.55874e-01      5.18476e-04      5.00000e+00      -3.15092e-05
    1.57971e-01      4.73813e-04      5.00000e+00      -2.84366e-05
    1.60095e-01      4.28548e-04      5.00000e+00      -2.53227e-05
    1.62249e-01      3.82675e-04      5.00000e+00      -2.21668e-05
    1.64431e-01      3.36184e-04      5.00000e+00      -1.89685e-05
    1.66643e-01      2.89067e-04      5.00000e+00      -1.57272e-05
    1.68884e-01      2.41316e-04      5.00000e+00      -1.24422e-05
    1.71156e-01      1.94947e-04      5.00000e+00      -9.24873e-06
    1.73458e-01      1.94707e-04      5.00000e+00      -9.14695e-06
    1.75792e-01      1.94465e-04      5.00000e+00      -9.04380e-06
    1.78156e-01      1.94219e-04      5.00000e+00      -8.93927e-06
    1.80553e-01      1.93969e-04      5.00000e+00      -8.83332e-06
    1.82981e-01      1.93716e-04      5.00000e+00      -8.72595e-06
    1.85443e-01      1.93460e-04      5.00000e+00      -8.61714e-06
    1.87937e-01      1.93200e-04      5.00000e+00      -8.50686e-06
    1.90465e-01      1.92937e-04      5.00000e+00      -8.39509e-06
    1.93028e-01      1.92671e-04      5.00000e+00      -8.28183e-06
    1.95624e-01      1.92400e-04      5.00000e+00      -8.16703e-06
    1.98256e-01      1.92127e-04      5.00000e+00      -8.05070e-06
    2.00923e-01      1.91849e-04      5.00000e+00      -7.93279e-06
    2.03626e-01      1.91568e-04      5.00000e+00      -7.81330e-06
    2.06365e-01      1.91282e-04      5.00000e+00      -7.69220e-06
    2.09141e-01      1.90994e-04      5.00000e+00      -7.56948e-06
    2.11954e-01      1.90703e-04      5.00000e+00      -7.45224e-06
    2.14806e-01      1.90420e-04      5.00000e+00      -7.36392e-06
    2.17695e-01      1.90133e-04      5.00000e+00      -7.27440e-06
    2.20624e-01      1.89841e-04      5.00000e+00      -7.18368e-06
    2.23592e-01      1.89546e-04      5.00000e+00      -7.09174e-06
    2.26600e-01      1.89247e-04      5.00000e+00      -6.99856e-06
    2.29649e-01      1.88944e-04      5.00000e+00      -6.90412e-06
    2.32738e-01      1.88637e-04      5.00000e+00      -6.80842e-06
    2.35869e-01      1.88326e-04      5.00000e+00      -6.71143e-06
    2.39042e-01      1.88011e-04      5.00000e+00      -6.61313e-06
    2.42258e-01      1.87691e-04      5.00000e+00      -6.51351e-06
    2.45517e-01      1.87367e-04      5.00000e+00      -6.41254e-06
    2.48821e-01      1.87039e-04      5.00000e+00      -6.31022e-06
    2.52168e-01      1.86707e-04      5.00000e+00      -6.20977e-06
    2.55561e-01      1.86384e-04      5.00000e+00      -6.13217e-06
    2.58999e-01      1.86056e-04      5.00000e+00      -6.05353e-06
    2.62483e-01      1.85724e-04      5.00000e+00      -5.97383e-06
    2.66015e-01      1.85387e-04      5.00000e+00      -5.89306e-06
    2.69594e-01      1.85046e-04      5.00000e+00      -5.81120e-06
    2.73221e-01      1.84700e-04      5.00000e+00      -5.72823e-06
    2.76897e-01      1.84350e-04      5.00000e+00      -5.64415e-06
    2.80622e-01      1.83995e-04      5.00000e+00      -5.55894e-06
    2.84398e-01      1.83635e-04      5.00000e+00      -5.47259e-06
    2.88224e-01      1.83270e-04      5.00000e+00      -5.38507e-06
    2.92102e-01      1.82900e-04      5.00000e+00      -5.29637e-06
    2.96032e-01      1.82540e-04      5.00000e+00      -5.22729e-06
    3.00015e-01      1.82175e-04      5.00000e+00      -5.15738e-06
    3.04052e-01      1.81806e-04      5.00000e+00      -5.08654e-06
    3.08142e-01      1.81431e-04      5.00000e+00      -5.01473e-06
    3.12288e-01      1.81051e-04      5.00000e+00      -4.94197e-06
    3.16490e-01      1.80667e-04      5.00000e+00      -4.86822e-06
    3.20748e-01      1.80276e-04      5.00000e+00      -4.79348e-06
    3.25064e-01      1.79881e-04      5.00000e+00      -4.71774e-06
    3.29438e-01      1.79481e-04      5.00000e+00      -4.64097e-06
    3.33870e-01      1.79079e-04      5.00000e+00      -4.56831e-06
    3.38362e-01      1.78683e-04      5.00000e+00      -4.50598e-06
    3.42915e-01      1.78281e-04      5.00000e+00      -4.44282e-06
    3.47529e-01      1.77874e-04      5.00000e+00      -4.37881e-06
    3.52205e-01      1.77461e-04      5.00000e+00      -4.31393e-06
    3.56944e-01      1.77043e-04      5.00000e+00      -4.24818e-06
    3.61747e-01      1.76619e-04      5.00000e+00      -4.18155e-06
    3.66614e-01      1.76189e-04      5.00000e+00      -4.11402e-06
    3.71547e-01      1.75754e-04      5.00000e+00      -4.04558e-06
    3.76546e-01      1.75324e-04      5.00000e+00      -3.98607e-06
    3.81613e-01      1.74893e-04      5.00000e+00      -3.92919e-06
    3.86748e-01      1.74455e-04      5.00000e+00      -3.87155e-06
    3.91952e-01      1.74012e-04      5.00000e+00      -3.81313e-06
    3.97226e-01      1.73563e-04      5.00000e+00      -3.75393e-06
    4.02571e-01      1.73108e-04      5.00000e+00      -3.69393e-06
    4.07987e-01      1.72647e-04      5.00000e+00      -3.63312e-06
    4.13477e-01      1.72180e-04      5.00000e+00      -3.57208e-06
    4.19041e-01      1.71722e-04      5.00000e+00      -3.52057e-06
    4.24679e-01      1.71258e-04      5.00000e+00      -3.46837e-06
    4.30394e-01      1.70788e-04      5.00000e+00      -3.41547e-06
    4.36185e-01      1.70312e-04      5.00000e+00      -3.36186e-06
    4.42054e-01      1.69829e-04      5.00000e+00      -3.30752e-06
    4.48003e-01      1.69339e-04      5.00000e+00      -3.25245e-06
    4.54031e-01      1.68844e-04      5.00000e+00      -3.19739e-06
    4.60140e-01      1.68357e-04      5.00000e+00      -3.14999e-06
    4.66332e-01      1.67864e-04      5.00000e+00      -3.10196e-06
    4.72607e-01      1.67364e-04      5.00000e+00      -3.05327e-06
    4.78966e-01      1.66857e-04      5.00000e+00      -3.00394e-06
    4.85412e-01      1.66343e-04      5.00000e+00      -2.95394e-06
    4.91943e-01      1.65822e-04      5.00000e+00      -2.90326e-06
    4.98563e-01      1.65306e-04      5.00000e+00      -2.85738e-06
    5.05272e-01      1.64787e-04      5.00000e+00      -2.81319e-06
    5.12071e-01      1.64262e-04      5.00000e+00      -2.76840e-06
    5.18962e-01      1.63729e-04      5.00000e+00      -2.72301e-06
    5.25945e-01      1.63190e-04      5.00000e+00      -2.67701e-06
    5.33022e-01      1.62643e-04      5.00000e+00      -2.63039e-06
    5.40195e-01      1.62103e-04      5.00000e+00      -2.58870e-06
    5.47464e-01      1.61559e-04      5.00000e+00      -2.54760e-06
    5.54831e-01      1.61007e-04      5.00000e+00      -2.50594e-06
    5.62297e-01      1.60448e-04      5.00000e+00      -2.46372e-06
    5.69864e-01      1.59882e-04      5.00000e+00      -2.42094e-06
    5.77532e-01      1.59314e-04      5.00000e+00      -2.37978e-06
    5.85304e-01      1.58749e-04      5.00000e+00      -2.34167e-06
    5.93180e-01      1.58177e-04      5.00000e+00      -2.30305e-06
    6.01162e-01      1.57596e-04      5.00000e+00      -2.26391e-06
    6.09252e-01      1.57008e-04      5.00000e+00      -2.22424e-06
    6.17451e-01      1.56417e-04      5.00000e+00      -2.18558e-06
    6.25759e-01      1.55830e-04      5.00000e+00      -2.14995e-06
    6.34180e-01      1.55236e-04      5.00000e+00      -2.11385e-06
    6.42714e-01      1.54633e-04      5.00000e+00      -2.07725e-06
    6.51363e-01      1.54022e-04      5.00000e+00      -2.04017e-06
    6.60129e-01      1.53412e-04      5.00000e+00      -2.00504e-06
    6.69012e-01      1.52802e-04      5.00000e+00      -1.97147e-06
    6.78015e-01      1.52183e-04      5.00000e+00      -1.93745e-06
    6.87139e-01      1.51556e-04      5.00000e+00      -1.90297e-06
    6.96386e-01      1.50922e-04      5.00000e+00      -1.86833e-06
    7.05757e-01      1.50295e-04      5.00000e+00      -1.83693e-06
    7.15254e-01      1.49661e-04      5.00000e+00      -1.80510e-06
    7.24880e-01      1.49017e-04      5.00000e+00      -1.77284e-06
    7.34634e-01      1.48365e-04      5.00000e+00      -1.74015e-06
    7.44521e-01      1.47719e-04      5.00000e+00      -1.71009e-06
    7.54540e-01      1.47068e-04      5.00000e+00      -1.68013e-06
    7.64694e-01      1.46407e-04      5.00000e+00      -1.64977e-06
    7.74984e-01      1.45737e-04      5.00000e+00      -1.61900e-06
    7.85414e-01      1.45074e-04      5.00000e+00      -1.59061e-06
    7.95983e-01      1.44404e-04      5.00000e+00      -1.56226e-06
    8.06695e-01      1.43725e-04      5.00000e+00      -1.53353e-06
    8.17551e-01      1.43038e-04      5.00000e+00      -1.50463e-06
    8.28553e-01      1.42359e-04      5.00000e+00      -1.47804e-06
    8.39703e-01      1.41670e-04      5.00000e+00      -1.45108e-06
    8.51003e-01      1.40972e-04      5.00000e+00      -1.42377e-06
    8.62456e-01      1.40273e-04      5.00000e+00      -1.39732e-06
    8.74062e-01      1.39574e-04      5.00000e+00      -1.37193e-06
    8.85825e-01      1.38866e-04      5.00000e+00      -1.34619e-06
    8.97746e-01      1.38149e-04      5.00000e+00      -1.32017e-06
    9.09827e-01      1.37439e-04      5.00000e+00      -1.29615e-06
    9.22071e-01      1.36720e-04      5.00000e+00      -1.27180e-06
    9.34480e-01      1.35991e-04      5.00000e+00      -1.24713e-06
    9.47056e-01      1.35265e-04      5.00000e+00      -1.22374e-06
    9.59801e-01      1.34534e-04      5.00000e+00      -1.20062e-06
    9.72717e-01      1.33793e-04      5.00000e+00      -1.17718e-06
    9.85808e-01      1.33053e-04      5.00000e+00      -1.15462e-06
    9.99074e-01      1.32311e-04      5.00000e+00      -1.13260e-06
    1.01252e+00      1.31559e-04      5.00000e+00      -1.11028e-06
    1.02615e+00      1.30806e-04      5.00000e+00      -1.08871e-06
    1.03996e+00      1.30052e-04      5.00000e+00      -1.06767e-06
    1.05395e+00      1.29287e-04      5.00000e+00      -1.04635e-06
    1.06813e+00      1.28524e-04      5.00000e+00      -1.02586e-06
    1.08251e+00      1.27757e-04      5.00000e+00      -1.00570e-06
    1.09708e+00      1.26980e-04      5.00000e+00      -9.85266e-07
    1.11184e+00      1.26207e-04      5.00000e+00      -9.65922e-07
    1.12680e+00      1.25426e-04      5.00000e+00      -9.46548e-07
    1.14197e+00      1.24638e-04      5.00000e+00      -9.27148e-07
    1.15734e+00      1.23854e-04      5.00000e+00      -9.08737e-07
    1.17291e+00      1.23060e-04      5.00000e+00      -8.90079e-07
    1.18870e+00      1.22265e-04      5.00000e+00      -8.71935e-07
    1.20469e+00      1.21468e-04      5.00000e+00      -8.54163e-07
    1.22091e+00      1.20660e-04      5.00000e+00      -8.36203e-07
    1.23734e+00      1.19860e-04      5.00000e+00      -8.19246e-07
    1.25399e+00      1.19049e-04      5.00000e+00      -8.02061e-07
    1.27087e+00      1.18238e-04      5.00000e+00      -7.85371e-07
    1.28797e+00      1.17423e-04      5.00000e+00      -7.68932e-07
    1.30530e+00      1.16601e-04      5.00000e+00      -7.52551e-07
    1.32287e+00      1.15782e-04      5.00000e+00      -7.36796e-07
    1.34067e+00      1.14951e-04      5.00000e+00      -7.20830e-07
    1.35872e+00      1.14128e-04      5.00000e+00      -7.05675e-07
    1.37700e+00      1.13293e-04      5.00000e+00      -6.90354e-07
    1.39553e+00      1.12461e-04      5.00000e+00      -6.75564e-07
    1.41431e+00      1.11621e-04      5.00000e+00      -6.60827e-07
    1.43335e+00      1.10781e-04      5.00000e+00      -6.46445e-07
    1.45264e+00      1.09937e-04      5.00000e+00      -6.32253e-07
    1.47219e+00      1.09090e-04      5.00000e+00      -6.18313e-07
    1.49200e+00      1.08242e-04      5.00000e+00      -6.04631e-07
    1.51208e+00      1.07391e-04      5.00000e+00      -5.91153e-07
    1.53243e+00      1.06538e-04      5.00000e+00      -5.77944e-07
    1.55305e+00      1.05682e-04      5.00000e+00      -5.64936e-07
    1.57395e+00      1.04824e-04      5.00000e+00      -5.52162e-07
    1.59514e+00      1.03964e-04      5.00000e+00      -5.39627e-07
    1.61660e+00      1.03101e-04      5.00000e+00      -5.27259e-07
    1.63836e+00      1.02238e-04      5.00000e+00      -5.15197e-07
    1.66041e+00      1.01369e-04      5.00000e+00      -5.03209e-07
    1.68276e+00      1.00503e-04      5.00000e+00      -4.91616e-07
    1.70540e+00      9.96285e-05      5.00000e+00      -4.80006e-07
    1.72835e+00      9.87598e-05      5.00000e+00      -4.68854e-07
    1.75162e+00      9.78844e-05      5.00000e+00      -4.57727e-07
    1.77519e+00      9.70096e-05      5.00000e+00      -4.46882e-07
    1.79908e+00      9.61334e-05      5.00000e+00      -4.36225e-07
    1.82329e+00      9.52529e-05      5.00000e+00      -4.25670e-07
    1.84783e+00      9.43761e-05      5.00000e+00      -4.15470e-07
    1.87270e+00      9.34938e-05      5.00000e+00      -4.05326e-07
    1.89790e+00      9.26124e-05      5.00000e+00      -3.95429e-07
    1.92344e+00      9.17308e-05      5.00000e+00      -3.85735e-07
    1.94933e+00      9.08451e-05      5.00000e+00      -3.76127e-07
    1.97557e+00      8.99637e-05      5.00000e+00      -3.66822e-07
    2.00215e+00      8.90800e-05      5.00000e+00      -3.57651e-07
    2.02910e+00      8.81927e-05      5.00000e+00      -3.48581e-07
    2.05641e+00      8.73092e-05      5.00000e+00      -3.39797e-07
    2.08408e+00      8.64238e-05      5.00000e+00      -3.31142e-07
    2.11213e+00      8.55357e-05      5.00000e+00      -3.22600e-07
    2.14056e+00      8.46497e-05      5.00000e+00      -3.14284e-07
    2.16937e+00      8.37648e-05      5.00000e+00      -3.06139e-07
    2.19856e+00      8.28790e-05      5.00000e+00      -2.98117e-07
    2.22815e+00      8.19932e-05      5.00000e+00      -2.90236e-07
    2.25814e+00      8.11110e-05      5.00000e+00      -2.82590e-07
    2.28853e+00      8.02274e-05      5.00000e+00      -2.75063e-07
    2.31933e+00      7.93431e-05      5.00000e+00      -2.67662e-07
    2.35054e+00      7.84587e-05      5.00000e+00      -2.60393e-07
    2.38218e+00      7.75792e-05      5.00000e+00      -2.53339e-07
    2.41424e+00      7.66996e-05      5.00000e+00      -2.46412e-07
    2.44673e+00      7.58200e-05      5.00000e+00      -2.39612e-07
    2.47966e+00      7.49408e-05      5.00000e+00      -2.32940e-07
    2.51303e+00      7.40631e-05      5.00000e+00      -2.26403e-07
    2.54685e+00      7.31898e-05      5.00000e+00      -2.20039e-07
    2.58113e+00      7.23185e-05      5.00000e+00      -2.13812e-07
    2.61587e+00      7.14488e-05      5.00000e+00      -2.07711e-07
    2.65107e+00      7.05809e-05      5.00000e+00      -2.01735e-07
    2.68675e+00      6.97149e-05      5.00000e+00      -1.95884e-07
    2.72291e+00      6.88510e-05      5.00000e+00      -1.90158e-07
    2.75956e+00      6.79892e-05      5.00000e+00      -1.84557e-07
    2.79670e+00      6.71295e-05      5.00000e+00      -1.79077e-07
    2.83434e+00      6.62726e-05      5.00000e+00      -1.73720e-07
    2.87248e+00      6.54207e-05      5.00000e+00      -1.68500e-07
    2.91114e+00      6.45711e-05      5.00000e+00      -1.63393e-07
    2.95032e+00      6.37250e-05      5.00000e+00      -1.58401e-07
    2.99003e+00      6.28825e-05      5.00000e+00      -1.53525e-07
    3.03027e+00      6.20434e-05      5.00000e+00      -1.48759e-07
    3.07105e+00      6.12079e-05      5.00000e+00      -1.44104e-07
    3.11239e+00      6.03758e-05      5.00000e+00      -1.39556e-07
    3.15428e+00      5.95483e-05      5.00000e+00      -1.35116e-07
    3.19673e+00      5.87256e-05      5.00000e+00      -1.30784e-07
    3.23975e+00      5.79071e-05      5.00000e+00      -1.26558e-07
    3.28335e+00      5.70930e-05      5.00000e+00      -1.22437e-07
    3.32754e+00      5.62838e-05      5.00000e+00      -1.18416e-07
    3.37233e+00      5.54787e-05      5.00000e+00      -1.14491e-07
    3.41771e+00      5.46785e-05      5.00000e+00      -1.10663e-07
    3.46371e+00      5.38844e-05      5.00000e+00      -1.06932e-07
    3.51033e+00      5.30954e-05      5.00000e+00      -1.03293e-07
    3.55757e+00      5.23112e-05      5.00000e+00      -9.97427e-08
    3.60545e+00      5.15328e-05      5.00000e+00      -9.62888e-08
    3.65398e+00      5.07612e-05      5.00000e+00      -9.29300e-08
    3.70315e+00      4.99953e-05      5.00000e+00      -8.96561e-08
    3.75299e+00      4.92345e-05      5.00000e+00      -8.64629e-08
    3.80350e+00      4.84788e-05      5.00000e+00      -8.33494e-08
    3.85469e+00      4.77322e-05      5.00000e+00      -8.03356e-08
    3.90657e+00      4.69916e-05      5.00000e+00      -7.73985e-08
    3.95915e+00      4.62571e-05      5.00000e+00      -7.45361e-08
    4.01243e+00      4.55303e-05      5.00000e+00      -7.17590e-08
    4.06644e+00      4.48103e-05      5.00000e+00      -6.90600e-08
    4.12116e+00      4.40961e-05      5.00000e+00      -6.64291e-08
    4.17663e+00      4.33901e-05      5.00000e+00      -6.38797e-08
    4.23284e+00      4.26911e-05      5.00000e+00      -6.14012e-08
    4.28981e+00      4.19996e-05      5.00000e+00      -5.89916e-08
    4.34755e+00      4.13176e-05      5.00000e+00      -5.66620e-08
    4.40606e+00      4.06418e-05      5.00000e+00      -5.43922e-08
    4.46536e+00      3.99756e-05      5.00000e+00      -5.21994e-08
    4.52546e+00      3.93154e-05      5.00000e+00      -5.00638e-08
    4.58636e+00      3.86643e-05      5.00000e+00      -4.79990e-08
    4.64809e+00      3.80216e-05      5.00000e+00      -4.59944e-08
    4.71065e+00      3.73889e-05      5.00000e+00      -4.40594e-08
    4.77404e+00      3.67628e-05      5.00000e+00      -4.21776e-08
    4.83830e+00      3.61466e-05      5.00000e+00      -4.03617e-08
    4.90341e+00      3.55381e-05      5.00000e+00      -3.86003e-08
    4.96941e+00      3.49389e-05      5.00000e+00      -3.68966e-08
    5.03629e+00      3.43505e-05      5.00000e+00      -3.52548e-08
    5.10407e+00      3.37703e-05      5.00000e+00      -3.36643e-08
    5.17277e+00      3.31985e-05      5.00000e+00      -3.21256e-08
    5.24239e+00      3.26372e-05      5.00000e+00      -3.06436e-08
    5.31294e+00      3.20853e-05      5.00000e+00      -2.92121e-08
    5.38445e+00      3.15419e-05      5.00000e+00      -2.78282e-08
    5.45691e+00      3.10081e-05      5.00000e+00      -2.64933e-08
    5.53036e+00      3.04856e-05      5.00000e+00      -2.52106e-08
    5.60479e+00      2.99725e-05      5.00000e+00      -2.39736e-08
    5.68022e+00      2.94693e-05      5.00000e+00      -2.27822e-08
    5.75667e+00      2.89756e-05      5.00000e+00      -2.16346e-08
    5.83415e+00      2.84918e-05      5.00000e+00      -2.05302e-08
    5.91267e+00      2.80178e-05      5.00000e+00      -1.94678e-08
    5.99225e+00      2.75545e-05      5.00000e+00      -1.84480e-08
    6.07289e+00      2.71015e-05      5.00000e+00      -1.74687e-08
    6.15463e+00      2.66590e-05      5.00000e+00      -1.65293e-08
    6.23746e+00      2.62262e-05      5.00000e+00      -1.56273e-08
    6.32141e+00      2.58029e-05      5.00000e+00      -1.47614e-08
    6.40649e+00      2.53907e-05      5.00000e+00      -1.39329e-08
    6.49271e+00      2.49889e-05      5.00000e+00      -1.31399e-08
    6.58010e+00      2.45974e-05      5.00000e+00      -1.23811e-08
    6.66866e+00      2.42153e-05      5.00000e+00      -1.16541e-08
    6.75841e+00      2.38436e-05      5.00000e+00      -1.09602e-08
    6.84937e+00      2.34836e-05      5.00000e+00      -1.02995e-08
    6.94155e+00      2.31328e-05      5.00000e+00      -9.66766e-09
    7.03498e+00      2.27918e-05      5.00000e+00      -9.06457e-09
    7.12966e+00      2.24615e-05      5.00000e+00      -8.49130e-09
    7.22562e+00      2.21412e-05      5.00000e+00      -7.94523e-09
    7.32287e+00      2.18306e-05      5.00000e+00      -7.42545e-09
    7.42142e+00      2.15306e-05      5.00000e+00      -6.93258e-09
    7.52131e+00      2.12401e-05      5.00000e+00      -6.46397e-09
    7.62253e+00      2.09599e-05      5.00000e+00      -6.02040e-09
    7.72512e+00      2.06892e-05      5.00000e+00      -5.59955e-09
    7.82910e+00      2.04280e-05      5.00000e+00      -5.20116e-09
    7.93447e+00      2.01764e-05      5.00000e+00      -4.82461e-09
    8.04125e+00      1.99343e-05      5.00000e+00      -4.46876e-09
    8.14948e+00      1.97022e-05      5.00000e+00      -4.13407e-09
    8.25916e+00      1.94789e-05      5.00000e+00      -3.81824e-09
    8.37032e+00      1.92643e-05      5.00000e+00      -3.52032e-09
    8.48298e+00      1.90588e-05      5.00000e+00      -3.24054e-09
    8.59715e+00      1.88627e-05      5.00000e+00      -2.97881e-09
    8.71285e+00      1.86752e-05      5.00000e+00      -2.73327e-09
    8.83012e+00      1.84950e-05      5.00000e+00      -2.50219e-09
    8.94896e+00      1.83247e-05      5.00000e+00      -2.28792e-09
    9.06941e+00      1.81619e-05      5.00000e+00      -2.08713e-09
    9.19147e+00      1.80068e-05      5.00000e+00      -1.89988e-09
    9.31518e+00      1.78600e-05      5.00000e+00      -1.72616e-09
    9.44055e+00      1.77205e-05      5.00000e+00      -1.56457e-09
    9.56761e+00      1.75885e-05      5.00000e+00      -1.41500e-09
    9.69637e+00      1.74637e-05      5.00000e+00      -1.27653e-09
    9.82688e+00      1.73460e-05      5.00000e+00      -1.14895e-09
    9.95914e+00      1.72351e-05      5.00000e+00      -1.03137e-09
    1.00932e+01      1.71305e-05      5.00000e+00      -9.23120e-10
    1.02290e+01      1.70325e-05      5.00000e+00      -8.24097e-10
    1.03667e+01      1.69403e-05      5.00000e+00      -7.33364e-10
    1.05062e+01      1.68542e-05      5.00000e+00      -6.50719e-10
    1.06476e+01      1.67737e-05      5.00000e+00      -5.75519e-10
    1.07909e+01      1.66983e-05      5.00000e+00      -5.07101e-10
    1.09362e+01      1.66283e-05      5.00000e+00      -4.45492e-10
    1.10833e+01      1.65632e-05      5.00000e+00      -3.89925e-10
    1.12325e+01      1.65024e-05      5.00000e+00      -3.39657e-10
    1.13837e+01      1.64464e-05      5.00000e+00      -2.95081e-10
    1.15369e+01      1.63943e-05      5.00000e+00      -2.55002e-10
    1.16922e+01      1.63462e-05      5.00000e+00      -2.19579e-10
    1.18495e+01      1.63017e-05      5.00000e+00      -1.88183e-10
    1.20090e+01      1.62605e-05      5.00000e+00      -1.60530e-10
    1.21706e+01      1.62226e-05      5.00000e+00      -1.36304e-10
    1.23344e+01      1.61876e-05      5.00000e+00      -1.15182e-10
    1.25005e+01      1.61552e-05      5.00000e+00      -9.68519e-11
    1.26687e+01      1.61252e-05      5.00000e+00      -8.09776e-11
    1.28392e+01      1.60975e-05      5.00000e+00      -6.74346e-11
    1.30120e+01      1.60719e-05      5.00000e+00      -5.59163e-11
    1.31871e+01      1.60478e-05      5.00000e+00      -4.60702e-11
    1.33646e+01      1.60256e-05      5.00000e+00      -3.78708e-11
    1.35445e+01      1.60046e-05      5.00000e+00      -3.10035e-11
    1.37268e+01      1.59849e-05      5.00000e+00      -2.52960e-11
    1.39115e+01      1.59662e-05      5.00000e+00      -2.06112e-11
    1.40988e+01      1.59482e-05      5.00000e+00      -1.67725e-11
    1.42885e+01      1.59310e-05      5.00000e+00      -1.36614e-11
    1.44808e+01      1.59144e-05      5.00000e+00      -1.11585e-11
    1.46757e+01      1.58985e-05      5.00000e+00      -9.14675e-12
    1.48732e+01      1.58827e-05      5.00000e+00      -7.53645e-12
    1.50734e+01      1.58672e-05      5.00000e+00      -6.25129e-12
    1.52763e+01      1.58519e-05      5.00000e+00      -5.22207e-12
    1.54819e+01      1.58366e-05      5.00000e+00      -4.40286e-12
    1.56903e+01      1.58214e-05      5.00000e+00      -3.74480e-12
    1.59014e+01      1.58063e-05      5.00000e+00      -3.21702e-12
    1.61155e+01      1.57911e-05      5.00000e+00      -2.78285e-12
    1.63323e+01      1.57758e-05      5.00000e+00      -2.42226e-12
    1.65522e+01      1.57605e-05      5.00000e+00      -2.12498e-12
    1.67749e+01      1.57450e-05      5.00000e+00      -1.87066e-12
    1.70007e+01      1.57293e-05      5.00000e+00      -1.65297e-12
    1.72295e+01      1.57135e-05      5.00000e+00      -1.46410e-12
    1.74614e+01      1.56976e-05      5.00000e+00      -1.29804e-12
    1.76964e+01      1.56815e-05      5.00000e+00      -1.15071e-12
    1.79346e+01      1.56653e-05      5.00000e+00      -1.01925e-12
    1.81760e+01      1.56489e-05      5.00000e+00      -9.01295e-13
    1.84206e+01      1.56324e-05      5.00000e+00      -7.94566e-13
    1.86685e+01      1.56156e-05      5.00000e+00      -6.98236e-13
    1.89198e+01      1.55987e-05      5.00000e+00      -6.12922e-13
    1.91744e+01      1.55816e-05      5.00000e+00      -5.35721e-13
    1.94325e+01      1.55643e-05      5.00000e+00      -4.66003e-13
    1.96940e+01      1.55468e-05      5.00000e+00      -4.03168e-13
    1.99591e+01      1.55292e-05      5.00000e+00      -3.46560e-13
    2.02277e+01      1.55113e-05      5.00000e+00      -2.95889e-13
    2.05000e+01      1.54933e-05      5.00000e+00      -2.50543e-13
    2.07759e+01      1.54750e-05      5.00000e+00      -2.10582e-13
    2.10555e+01      1.54566e-05      5.00000e+00      -1.76330e-13
    2.13389e+01      1.54379e-05      5.00000e+00      -1.46304e-13
    2.16261e+01      1.54191e-05      5.00000e+00      -1.20140e-13
    2.19171e+01      1.54000e-05      5.00000e+00      -9.73529e-14
    2.22121e+01      1.53807e-05      5.00000e+00      -7.93460e-14
    2.25111e+01      1.53612e-05      5.00000e+00      -6.16093e-14
    2.28140e+01      1.53415e-05      5.00000e+00      -4.82078e-14
    2.31211e+01      1.53215e-05      5.00000e+00      -3.69556e-14
    2.34323e+01      1.53013e-05      5.00000e+00      -2.77347e-14
    2.37477e+01      1.52809e-05      5.00000e+00      -2.05028e-14
    2.40673e+01      1.52603e-05      5.00000e+00      -1.47541e-14
    2.43912e+01      1.52394e-05      5.00000e+00      -1.03320e-14
    2.47195e+01      1.52183e-05      5.00000e+00      -7.08622e-15
    2.50522e+01      1.51970e-05      5.00000e+00      -4.68388e-15
    2.53894e+01      1.51754e-05      5.00000e+00      -3.01839e-15
    2.57311e+01      1.51536e-05      5.00000e+00      -1.94261e-15
    2.60774e+01      1.51316e-05      5.00000e+00      -1.24962e-15
    2.64284e+01      1.51093e-05      5.00000e+00      -8.46380e-16
    2.67840e+01      1.50867e-05      5.00000e+00      -6.04607e-16
    2.71445e+01      1.50640e-05      5.00000e+00      -4.30013e-16
    2.75099e+01      1.50409e-05      5.00000e+00      -2.93531e-16
    2.78801e+01      1.50175e-05      5.00000e+00      -1.90107e-16
    2.82554e+01      1.49939e-05      5.00000e+00      -1.14820e-16
    2.86356e+01      1.49700e-05      5.00000e+00      -6.29592e-17
    2.90211e+01      1.49458e-05      5.00000e+00      -2.98487e-17
    2.94116e+01      1.49214e-05      5.00000e+00      -1.11525e-17
    2.98075e+01      1.48968e-05      5.00000e+00      -2.57824e-18
    3.02087e+01      1.48718e-05      5.00000e+00      -1.35394e-19
    3.06153e+01      1.48466e-05      5.00000e+00      -7.60646e-186
    3.10273e+01      1.48211e-05      5.00000e+00      -7.52445e-186
    3.14449e+01      1.47954e-05      5.00000e+00      -7.44344e-186
    3.18681e+01      1.47695e-05      5.00000e+00      -7.36343e-186
    3.22970e+01      1.47432e-05      5.00000e+00      -7.28439e-186
    3.27317e+01      1.47167e-05      5.00000e+00      -7.20631e-186
    3.31722e+01      1.46899e-05      5.00000e+00      -7.12919e-186
    3.36187e+01      1.46628e-05      5.00000e+00      -7.05300e-186
    3.40712e+01      1.46354e-05      5.00000e+00      -6.97773e-186
    3.45297e+01      1.46076e-05      5.00000e+00      -6.90337e-186
    3.49945e+01      1.45795e-05      5.00000e+00      -6.82991e-186
    3.54655e+01      1.45510e-05      5.00000e+00      -6.75733e-186
    3.59428e+01      1.45223e-05      5.00000e+00      -6.68561e-186
    3.64265e+01      1.44932e-05      5.00000e+00      -6.61475e-186
    3.69168e+01      1.44639e-05      5.00000e+00      -6.54474e-186
    3.74137e+01      1.44343e-05      5.00000e+00      -6.47556e-186
    3.79172e+01      1.44043e-05      5.00000e+00      -6.40720e-186
    3.84275e+01      1.43741e-05      5.00000e+00      -6.33964e-186
    3.89447e+01      1.43435e-05      5.00000e+00      -6.27288e-186
    3.94689e+01      1.43127e-05      5.00000e+00      -6.20690e-186
    4.00001e+01      1.42816e-05      5.00000e+00      -6.14169e-186
