    Er (keV)         SM dN/dE         BG dN/dE        BSM dN/dE (events/kg/day/keV)
    5.01000e-02      2.20460e+01      5.00000e+00      -3.08557e+00
    5.07729e-02      2.19467e+01      5.00000e+00      -3.05810e+00
    5.14550e-02      2.18460e+01      5.00000e+00      -3.03025e+00
    5.21461e-02      2.17440e+01      5.00000e+00      -3.00202e+00
    5.28466e-02      2.16407e+01      5.00000e+00      -2.97342e+00
    5.35565e-02      2.15359e+01      5.00000e+00      -2.94444e+00
    5.42760e-02      2.14297e+01      5.00000e+00      -2.91506e+00
    5.50052e-02      2.13221e+01      5.00000e+00      -2.88528e+00
    5.57441e-02      2.12131e+01      5.00000e+00      -2.85511e+00
    5.64931e-02      2.11026e+01      5.00000e+00      -2.82453e+00
    5.72520e-02      2.09906e+01      5.00000e+00      -2.79354e+00
    5.80213e-02      2.08771e+01      5.00000e+00      -2.76213e+00
    5.88008e-02      2.07620e+01      5.00000e+00      -2.73030e+00
    5.95909e-02      2.06454e+01      5.00000e+00      -2.69804e+00
    6.03916e-02      2.05273e+01      5.00000e+00      -2.66535e+00
    6.12030e-02      2.04075e+01      5.00000e+00      -2.63221e+00
    6.20254e-02      2.02862e+01      5.00000e+00      -2.59863e+00
    6.28589e-02      2.01632e+01      5.00000e+00      -2.56460e+00
    6.37035e-02      2.00385e+01      5.00000e+00      -2.53011e+00
    6.45596e-02      1.99122e+01      5.00000e+00      -2.49516e+00
    6.54271e-02      1.97842e+01      5.00000e+00      -2.45973e+00
    6.63064e-02      1.96544e+01      5.00000e+00      -2.42383e+00
    6.71974e-02      1.95230e+01      5.00000e+00      -2.38745e+00
    6.81005e-02      1.93897e+01      5.00000e+00      -2.35057e+00
    6.90157e-02      1.92546e+01      5.00000e+00      -2.31320e+00
    6.99433e-02      1.91178e+01      5.00000e+00      -2.27533e+00
    7.08833e-02      1.89790e+01      5.00000e+00      -2.23695e+00
    7.18360e-02      1.88385e+01      5.00000e+00      -2.19805e+00
    7.28014e-02      1.86960e+01      5.00000e+00      -2.15863e+00
    7.37799e-02      1.85516e+01      5.00000e+00      -2.11867e+00
    7.47716e-02      1.84053e+01      5.00000e+00      -2.07818e+00
    7.57766e-02      1.82569e+01      5.00000e+00      -2.03714e+00
    7.67951e-02      1.81066e+01      5.00000e+00      -1.99556e+00
    7.78274e-02      1.79543e+01      5.00000e+00      -1.95341e+00
    7.88735e-02      1.77999e+01      5.00000e+00      -1.91069e+00
    7.99337e-02      1.76435e+01      5.00000e+00      -1.86740e+00
    8.10082e-02      1.74849e+01      5.00000e+00      -1.82353e+00
    8.20971e-02      1.73242e+01      5.00000e+00      -1.77906e+00
    8.32007e-02      1.71614e+01      5.00000e+00      -1.73400e+00
    8.43192e-02      1.69963e+01      5.00000e+00      -1.68833e+00
    8.54527e-02      1.68291e+01      5.00000e+00      -1.64205e+00
    8.66014e-02      1.66595e+01      5.00000e+00      -1.59514e+00
    8.77657e-02      1.64877e+01      5.00000e+00      -1.54761e+00
    8.89456e-02      1.63136e+01      5.00000e+00      -1.49943e+00
    9.01413e-02      1.61372e+01      5.00000e+00      -1.45060e+00
    9.13532e-02      1.60255e+01      5.00000e+00      -1.42718e+00
    9.25814e-02      1.59267e+01      5.00000e+00      -1.40904e+00
    9.38261e-02      1.58266e+01      5.00000e+00      -1.39066e+00
    9.50875e-02      1.57252e+01      5.00000e+00      -1.37204e+00
    9.63660e-02      1.56224e+01      5.00000e+00      -1.35316e+00
    9.76616e-02      1.55182e+01      5.00000e+00      -1.33403e+00
    9.89747e-02      1.54126e+01      5.00000e+00      -1.31464e+00
    1.00305e-01      1.53056e+01      5.00000e+00      -1.29499e+00
    1.01654e-01      1.51972e+01      5.00000e+00      -1.27508e+00
    1.03021e-01      1.50873e+01      5.00000e+00      -1.25490e+00
    1.04406e-01      1.49759e+01      5.00000e+00      -1.23444e+00
    1.05810e-01      1.48630e+01      5.00000e+00      -1.21372e+00
    1.07233e-01      1.47486e+01      5.00000e+00      -1.19271e+00
    1.08675e-01      1.46327e+01      5.00000e+00      -1.17142e+00
    1.10136e-01      1.45152e+01      5.00000e+00      -1.14984e+00
    1.11617e-01      1.43961e+01      5.00000e+00      -1.12797e+00
    1.13118e-01      1.42754e+01      5.00000e+00      -1.10581e+00
    1.14639e-01      1.41531e+01      5.00000e+00      -1.08335e+00
    1.16181e-01      1.40291e+01      5.00000e+00      -1.06059e+00
    1.17743e-01      1.39035e+01      5.00000e+00      -1.03752e+00
    1.19326e-01      1.37762e+01      5.00000e+00      -1.01414e+00
    1.20931e-01      1.36471e+01      5.00000e+00      -9.90448e-01
    1.22557e-01      1.35164e+01      5.00000e+00      -9.66436e-01
    1.24205e-01      1.33839e+01      5.00000e+00      -9.42100e-01
    1.25876e-01      1.32495e+01      5.00000e+00      -9.17437e-01
    1.27568e-01      1.31134e+01      5.00000e+00      -8.92442e-01
    1.29284e-01      1.29755e+01      5.00000e+00      -8.67110e-01
    1.31023e-01      1.28436e+01      5.00000e+00      -8.43801e-01
    1.32785e-01      1.27459e+01      5.00000e+00      -8.30980e-01
    1.34571e-01      1.26469e+01      5.00000e+00      -8.17986e-01
    1.36380e-01      1.25466e+01      5.00000e+00      -8.04818e-01
    1.38215e-01      1.24450e+01      5.00000e+00      -7.91472e-01
    1.40074e-01      1.23420e+01      5.00000e+00      -7.77946e-01
    1.41957e-01      1.22376e+01      5.00000e+00      -7.64238e-01
    1.43867e-01      1.21318e+01      5.00000e+00      -7.50346e-01
    1.45802e-01      1.20246e+01      5.00000e+00      -7.36267e-01
    1.47763e-01      1.19159e+01      5.00000e+00      -7.21999e-01
    1.49750e-01      1.18057e+01      5.00000e+00      -7.07538e-01
    1.51764e-01      1.16941e+01      5.00000e+00      -6.92883e-01
    1.53805e-01      1.15810e+01      5.00000e+00      -6.78030e-01
    1.55874e-01      1.14664e+01      5.00000e+00      -6.62978e-01
    1.57971e-01      1.13502e+01      5.00000e+00      -6.47723e-01
    1.60095e-01      1.12324e+01      5.00000e+00      -6.32262e-01
    1.62249e-01      1.11131e+01      5.00000e+00      -6.16594e-01
    1.64431e-01      1.09922e+01      5.00000e+00      -6.00715e-01
    1.66643e-01      1.08696e+01      5.00000e+00      -5.84622e-01
    1.68884e-01      1.07454e+01      5.00000e+00      -5.68312e-01
    1.71156e-01      1.06208e+01      5.00000e+00      -5.52080e-01
    1.73458e-01      1.05244e+01      5.00000e+00      -5.42477e-01
    1.75792e-01      1.04268e+01      5.00000e+00      -5.32745e-01
    1.78156e-01      1.03279e+01      5.00000e+00      -5.22881e-01
    1.80553e-01      1.02276e+01      5.00000e+00      -5.12885e-01
    1.82981e-01      1.01259e+01      5.00000e+00      -5.02755e-01
    1.85443e-01      1.00229e+01      5.00000e+00      -4.92488e-01
    1.87937e-01      9.91856e+00      5.00000e+00      -4.82083e-01
    1.90465e-01      9.81277e+00      5.00000e+00      -4.71538e-01
    1.93028e-01      9.70555e+00      5.00000e+00      -4.60851e-01
    1.95624e-01      9.59689e+00      5.00000e+00      -4.50021e-01
    1.98256e-01      9.48677e+00      5.00000e+00      -4.39044e-01
    2.00923e-01      9.37517e+00      5.00000e+00      -4.27920e-01
    2.03626e-01      9.26207e+00      5.00000e+00      -4.16646e-01
    2.06365e-01      9.14744e+00      5.00000e+00      -4.05220e-01
    2.09141e-01      9.03127e+00      5.00000e+00      -3.93640e-01
    2.11954e-01      8.91842e+00      5.00000e+00      -3.82750e-01
    2.14806e-01      8.82491e+00      5.00000e+00      -3.75315e-01
    2.17695e-01      8.73013e+00      5.00000e+00      -3.67780e-01
    2.20624e-01      8.63408e+00      5.00000e+00      -3.60143e-01
    2.23592e-01      8.53673e+00      5.00000e+00      -3.52404e-01
    2.26600e-01      8.43807e+00      5.00000e+00      -3.44560e-01
    2.29649e-01      8.33809e+00      5.00000e+00      -3.36611e-01
    2.32738e-01      8.23676e+00      5.00000e+00      -3.28555e-01
    2.35869e-01      8.13407e+00      5.00000e+00      -3.20390e-01
    2.39042e-01      8.02999e+00      5.00000e+00      -3.12116e-01
    2.42258e-01      7.92452e+00      5.00000e+00      -3.03730e-01
    2.45517e-01      7.81762e+00      5.00000e+00      -2.95232e-01
    2.48821e-01      7.70928e+00      5.00000e+00      -2.86619e-01
    2.52168e-01      7.60211e+00      5.00000e+00      -2.78242e-01
    2.55561e-01      7.51300e+00      5.00000e+00      -2.72380e-01
    2.58999e-01      7.42270e+00      5.00000e+00      -2.66439e-01
    2.62483e-01      7.33118e+00      5.00000e+00      -2.60418e-01
    2.66015e-01      7.23843e+00      5.00000e+00      -2.54316e-01
    2.69594e-01      7.14443e+00      5.00000e+00      -2.48132e-01
    2.73221e-01      7.04916e+00      5.00000e+00      -2.41865e-01
    2.76897e-01      6.95261e+00      5.00000e+00      -2.35513e-01
    2.80622e-01      6.85477e+00      5.00000e+00      -2.29076e-01
    2.84398e-01      6.75560e+00      5.00000e+00      -2.22552e-01
    2.88224e-01      6.65511e+00      5.00000e+00      -2.15940e-01
    2.92102e-01      6.55325e+00      5.00000e+00      -2.09240e-01
    2.96032e-01      6.46928e+00      5.00000e+00      -2.04534e-01
    3.00015e-01      6.38426e+00      5.00000e+00      -1.99776e-01
    3.04052e-01      6.29810e+00      5.00000e+00      -1.94953e-01
    3.08142e-01      6.21079e+00      5.00000e+00      -1.90065e-01
    3.12288e-01      6.12230e+00      5.00000e+00      -1.85112e-01
    3.16490e-01      6.03261e+00      5.00000e+00      -1.80092e-01
    3.20748e-01      5.94172e+00      5.00000e+00      -1.75004e-01
    3.25064e-01      5.84961e+00      5.00000e+00      -1.69848e-01
    3.29438e-01      5.75626e+00      5.00000e+00      -1.64623e-01
    3.33870e-01      5.66684e+00      5.00000e+00      -1.59800e-01
    3.38362e-01      5.58768e+00      5.00000e+00      -1.55956e-01
    3.42915e-01      5.50745e+00      5.00000e+00      -1.52061e-01
    3.47529e-01      5.42614e+00      5.00000e+00      -1.48113e-01
    3.52205e-01      5.34374e+00      5.00000e+00      -1.44111e-01
    3.56944e-01      5.26023e+00      5.00000e+00      -1.40056e-01
    3.61747e-01      5.17560e+00      5.00000e+00      -1.35947e-01
    3.66614e-01      5.08983e+00      5.00000e+00      -1.31782e-01
    3.71547e-01      5.00290e+00      5.00000e+00      -1.27561e-01
    3.76546e-01      4.92541e+00      5.00000e+00      -1.24118e-01
    3.81613e-01      4.85058e+00      5.00000e+00      -1.20921e-01
    3.86748e-01      4.77475e+00      5.00000e+00      -1.17680e-01
    3.91952e-01      4.69790e+00      5.00000e+00      -1.14396e-01
    3.97226e-01      4.62001e+00      5.00000e+00      -1.11068e-01
    4.02571e-01      4.54107e+00      5.00000e+00      -1.07695e-01
    4.07987e-01      4.46107e+00      5.00000e+00      -1.04276e-01
    4.13477e-01      4.38066e+00      5.00000e+00      -1.00857e-01
    4.19041e-01      4.31097e+00      5.00000e+00      -9.82057e-02
    4.24679e-01      4.24035e+00      5.00000e+00      -9.55186e-02
    4.30394e-01      4.16878e+00      5.00000e+00      -9.27952e-02
    4.36185e-01      4.09624e+00      5.00000e+00      -9.00352e-02
    4.42054e-01      4.02273e+00      5.00000e+00      -8.72381e-02
    4.48003e-01      3.94823e+00      5.00000e+00      -8.44033e-02
    4.54031e-01      3.87362e+00      5.00000e+00      -8.15847e-02
    4.60140e-01      3.80811e+00      5.00000e+00      -7.93430e-02
    4.66332e-01      3.74172e+00      5.00000e+00      -7.70710e-02
    4.72607e-01      3.67444e+00      5.00000e+00      -7.47685e-02
    4.78966e-01      3.60625e+00      5.00000e+00      -7.24351e-02
    4.85412e-01      3.53714e+00      5.00000e+00      -7.00702e-02
    4.91943e-01      3.46711e+00      5.00000e+00      -6.76735e-02
    4.98563e-01      3.40294e+00      5.00000e+00      -6.56162e-02
    5.05272e-01      3.34078e+00      5.00000e+00      -6.36882e-02
    5.12071e-01      3.27779e+00      5.00000e+00      -6.17341e-02
    5.18962e-01      3.21394e+00      5.00000e+00      -5.97538e-02
    5.25945e-01      3.14924e+00      5.00000e+00      -5.77468e-02
    5.33022e-01      3.08367e+00      5.00000e+00      -5.57128e-02
    5.40195e-01      3.02446e+00      5.00000e+00      -5.40048e-02
    5.47464e-01      2.96597e+00      5.00000e+00      -5.23472e-02
    5.54831e-01      2.90668e+00      5.00000e+00      -5.06673e-02
    5.62297e-01      2.84660e+00      5.00000e+00      -4.89649e-02
    5.69864e-01      2.78570e+00      5.00000e+00      -4.72395e-02
    5.77532e-01      2.72682e+00      5.00000e+00      -4.56201e-02
    5.85304e-01      2.67175e+00      5.00000e+00      -4.41900e-02
    5.93180e-01      2.61593e+00      5.00000e+00      -4.27406e-02
    6.01162e-01      2.55937e+00      5.00000e+00      -4.12717e-02
    6.09252e-01      2.50205e+00      5.00000e+00      -3.97831e-02
    6.17451e-01      2.44641e+00      5.00000e+00      -3.83657e-02
    6.25759e-01      2.39571e+00      5.00000e+00      -3.71403e-02
    6.34180e-01      2.34433e+00      5.00000e+00      -3.58984e-02
    6.42714e-01      2.29226e+00      5.00000e+00      -3.46397e-02
    6.51363e-01      2.23948e+00      5.00000e+00      -3.33641e-02
    6.60129e-01      2.18923e+00      5.00000e+00      -3.21965e-02
    6.69012e-01      2.14097e+00      5.00000e+00      -3.11167e-02
    6.78015e-01      2.09207e+00      5.00000e+00      -3.00224e-02
    6.87139e-01      2.04250e+00      5.00000e+00      -2.89134e-02
    6.96386e-01      1.99274e+00      5.00000e+00      -2.78050e-02
    7.05757e-01      1.94777e+00      5.00000e+00      -2.68656e-02
    7.15254e-01      1.90219e+00      5.00000e+00      -2.59137e-02
    7.24880e-01      1.85601e+00      5.00000e+00      -2.49489e-02
    7.34634e-01      1.80920e+00      5.00000e+00      -2.39711e-02
    7.44521e-01      1.76629e+00      5.00000e+00      -2.31234e-02
    7.54540e-01      1.72354e+00      5.00000e+00      -2.22877e-02
    7.64694e-01      1.68022e+00      5.00000e+00      -2.14407e-02
    7.74984e-01      1.63631e+00      5.00000e+00      -2.05823e-02
    7.85414e-01      1.59618e+00      5.00000e+00      -1.98371e-02
    7.95983e-01      1.55617e+00      5.00000e+00      -1.91011e-02
    8.06695e-01      1.51563e+00      5.00000e+00      -1.83553e-02
    8.17551e-01      1.47488e+00      5.00000e+00      -1.76085e-02
    8.28553e-01      1.43766e+00      5.00000e+00      -1.69632e-02
    8.39703e-01      1.39994e+00      5.00000e+00      -1.63092e-02
    8.51003e-01      1.36172e+00      5.00000e+00      -1.56464e-02
    8.62456e-01      1.32502e+00      5.00000e+00      -1.50246e-02
    8.74062e-01      1.29015e+00      5.00000e+00      -1.44515e-02
    8.85825e-01      1.25482e+00      5.00000e+00      -1.38707e-02
    8.97746e-01      1.21910e+00      5.00000e+00      -1.32844e-02
    9.09827e-01      1.18650e+00      5.00000e+00      -1.27766e-02
    9.22071e-01      1.15346e+00      5.00000e+00      -1.22619e-02
    9.34480e-01      1.11997e+00      5.00000e+00      -1.17403e-02
    9.47056e-01      1.08861e+00      5.00000e+00      -1.12689e-02
    9.59801e-01      1.05774e+00      5.00000e+00      -1.08118e-02
    9.72717e-01      1.02647e+00      5.00000e+00      -1.03486e-02
    9.85808e-01      9.96642e-01      5.00000e+00      -9.91845e-03
    9.99074e-01      9.67750e-01      5.00000e+00      -9.51068e-03
    1.01252e+00      9.38470e-01      5.00000e+00      -9.09742e-03
    1.02615e+00      9.10442e-01      5.00000e+00      -8.71145e-03
    1.03996e+00      8.83337e-01      5.00000e+00      -8.34621e-03
    1.05395e+00      8.55867e-01      5.00000e+00      -7.97606e-03
    1.06813e+00      8.29803e-01      5.00000e+00      -7.63450e-03
    1.08251e+00      8.04335e-01      5.00000e+00      -7.30623e-03
    1.09708e+00      7.78524e-01      5.00000e+00      -6.97354e-03
    1.11184e+00      7.54497e-01      5.00000e+00      -6.67483e-03
    1.12680e+00      7.30508e-01      5.00000e+00      -6.37862e-03
    1.14197e+00      7.06565e-01      5.00000e+00      -6.08473e-03
    1.15734e+00      6.84267e-01      5.00000e+00      -5.82043e-03
    1.17291e+00      6.61668e-01      5.00000e+00      -5.55258e-03
    1.18870e+00      6.39950e-01      5.00000e+00      -5.30051e-03
    1.20469e+00      6.18893e-01      5.00000e+00      -5.06066e-03
    1.22091e+00      5.97633e-01      5.00000e+00      -4.81882e-03
    1.23734e+00      5.77996e-01      5.00000e+00      -4.60351e-03
    1.25399e+00      5.58095e-01      5.00000e+00      -4.38531e-03
    1.27087e+00      5.39033e-01      5.00000e+00      -4.18077e-03
    1.28797e+00      5.20439e-01      5.00000e+00      -3.98431e-03
    1.30530e+00      5.02020e-01      5.00000e+00      -3.79129e-03
    1.32287e+00      4.84641e-01      5.00000e+00      -3.61409e-03
    1.34067e+00      4.67028e-01      5.00000e+00      -3.43451e-03
    1.35872e+00      4.50705e-01      5.00000e+00      -3.27350e-03
    1.37700e+00      4.34218e-01      5.00000e+00      -3.11111e-03
    1.39553e+00      4.18583e-01      5.00000e+00      -2.96086e-03
    1.41431e+00      4.03104e-01      5.00000e+00      -2.81348e-03
    1.43335e+00      3.88216e-01      5.00000e+00      -2.67435e-03
    1.45264e+00      3.73679e-01      5.00000e+00      -2.54040e-03
    1.47219e+00      3.59575e-01      5.00000e+00      -2.41239e-03
    1.49200e+00      3.45914e-01      5.00000e+00      -2.29044e-03
    1.51208e+00      3.32600e-01      5.00000e+00      -2.17321e-03
    1.53243e+00      3.19723e-01      5.00000e+00      -2.06181e-03
    1.55305e+00      3.07227e-01      5.00000e+00      -1.95512e-03
    1.57395e+00      2.95165e-01      5.00000e+00      -1.85372e-03
    1.59514e+00      2.83524e-01      5.00000e+00      -1.75729e-03
    1.61660e+00      2.72204e-01      5.00000e+00      -1.66476e-03
    1.63836e+00      2.61104e-01      5.00000e+00      -1.57619e-03
    1.66041e+00      2.50039e-01      5.00000e+00      -1.48902e-03
    1.68276e+00      2.39726e-01      5.00000e+00      -1.40937e-03
    1.70540e+00      2.29489e-01      5.00000e+00      -1.33072e-03
    1.72835e+00      2.19887e-01      5.00000e+00      -1.25891e-03
    1.75162e+00      2.10306e-01      5.00000e+00      -1.18792e-03
    1.77519e+00      2.00972e-01      5.00000e+00      -1.12037e-03
    1.79908e+00      1.92185e-01      5.00000e+00      -1.05731e-03
    1.82329e+00      1.83772e-01      5.00000e+00      -9.97359e-04
    1.84783e+00      1.75625e-01      5.00000e+00      -9.40959e-04
    1.87270e+00      1.67580e-01      5.00000e+00      -8.85797e-04
    1.89790e+00      1.59895e-01      5.00000e+00      -8.34072e-04
    1.92344e+00      1.52493e-01      5.00000e+00      -7.85063e-04
    1.94933e+00      1.45224e-01      5.00000e+00      -7.37489e-04
    1.97557e+00      1.38221e-01      5.00000e+00      -6.92832e-04
    2.00215e+00      1.31591e-01      5.00000e+00      -6.50885e-04
    2.02910e+00      1.25282e-01      5.00000e+00      -6.11260e-04
    2.05641e+00      1.19680e-01      5.00000e+00      -5.76372e-04
    2.08408e+00      1.13648e-01      5.00000e+00      -5.40117e-04
    2.11213e+00      1.07430e-01      5.00000e+00      -5.03610e-04
    2.14056e+00      1.01967e-01      5.00000e+00      -4.71706e-04
    2.16937e+00      9.67158e-02      5.00000e+00      -4.41529e-04
    2.19856e+00      9.16309e-02      5.00000e+00      -4.12693e-04
    2.22815e+00      8.67340e-02      5.00000e+00      -3.85326e-04
    2.25814e+00      8.21296e-02      5.00000e+00      -3.60108e-04
    2.28853e+00      7.76593e-02      5.00000e+00      -3.35978e-04
    2.31933e+00      7.33387e-02      5.00000e+00      -3.12999e-04
    2.35054e+00      6.91882e-02      5.00000e+00      -2.91248e-04
    2.38218e+00      6.52850e-02      5.00000e+00      -2.71193e-04
    2.41424e+00      6.15305e-02      5.00000e+00      -2.52186e-04
    2.44673e+00      5.79239e-02      5.00000e+00      -2.34198e-04
    2.47966e+00      5.44660e-02      5.00000e+00      -2.17215e-04
    2.51303e+00      5.11562e-02      5.00000e+00      -2.01213e-04
    2.54685e+00      4.80395e-02      5.00000e+00      -1.86408e-04
    2.58113e+00      4.50646e-02      5.00000e+00      -1.72503e-04
    2.61587e+00      4.22215e-02      5.00000e+00      -1.59419e-04
    2.65107e+00      3.95109e-02      5.00000e+00      -1.47137e-04
    2.68675e+00      3.69325e-02      5.00000e+00      -1.35635e-04
    2.72291e+00      3.44847e-02      5.00000e+00      -1.24885e-04
    2.75956e+00      3.21637e-02      5.00000e+00      -1.14852e-04
    2.79670e+00      2.99630e-02      5.00000e+00      -1.05489e-04
    2.83434e+00      2.78794e-02      5.00000e+00      -9.67670e-05
    2.87248e+00      2.55928e-02      5.00000e+00      -8.75591e-05
    2.91114e+00      2.40281e-02      5.00000e+00      -8.10553e-05
    2.95032e+00      2.23067e-02      5.00000e+00      -7.41742e-05
    2.99003e+00      2.06491e-02      5.00000e+00      -6.76698e-05
    3.03027e+00      1.90851e-02      5.00000e+00      -6.16301e-05
    3.07105e+00      1.76122e-02      5.00000e+00      -5.60326e-05
    3.11239e+00      1.62248e-02      5.00000e+00      -5.08449e-05
    3.15428e+00      1.49227e-02      5.00000e+00      -4.60531e-05
    3.19673e+00      1.37004e-02      5.00000e+00      -4.16271e-05
    3.23975e+00      1.25597e-02      5.00000e+00      -3.75642e-05
    3.28335e+00      1.14945e-02      5.00000e+00      -3.38321e-05
    3.32754e+00      1.05007e-02      5.00000e+00      -3.04049e-05
    3.37233e+00      9.57834e-03      5.00000e+00      -2.72728e-05
    3.41771e+00      8.72073e-03      5.00000e+00      -2.44061e-05
    3.46371e+00      7.91771e-03      5.00000e+00      -2.17663e-05
    3.51033e+00      7.17788e-03      5.00000e+00      -1.93705e-05
    3.55757e+00      6.49468e-03      5.00000e+00      -1.71920e-05
    3.60545e+00      5.86911e-03      5.00000e+00      -1.52299e-05
    3.65398e+00      5.29674e-03      5.00000e+00      -1.34635e-05
    3.70315e+00      4.77147e-03      5.00000e+00      -1.18666e-05
    3.75299e+00      4.28971e-03      5.00000e+00      -1.04241e-05
    3.80350e+00      3.84967e-03      5.00000e+00      -9.12621e-06
    3.85469e+00      3.45469e-03      5.00000e+00      -7.98123e-06
    3.90657e+00      3.09469e-03      5.00000e+00      -6.95299e-06
    3.95915e+00      2.76709e-03      5.00000e+00      -6.03113e-06
    4.01243e+00      2.47308e-03      5.00000e+00      -5.21734e-06
    4.06644e+00      2.20855e-03      5.00000e+00      -4.49679e-06
    4.12116e+00      1.96907e-03      5.00000e+00      -3.85395e-06
    4.17663e+00      1.75708e-03      5.00000e+00      -3.29416e-06
    4.23284e+00      1.56723e-03      5.00000e+00      -2.80065e-06
    4.28981e+00      1.39807e-03      5.00000e+00      -2.36729e-06
    4.34755e+00      1.25030e-03      5.00000e+00      -1.99506e-06
    4.40606e+00      1.11921e-03      5.00000e+00      -1.66933e-06
    4.46536e+00      1.00668e-03      5.00000e+00      -1.39417e-06
    4.52546e+00      9.08044e-04      5.00000e+00      -1.15626e-06
    4.58636e+00      8.24621e-04      5.00000e+00      -9.58050e-07
    4.64809e+00      7.52907e-04      5.00000e+00      -7.89806e-07
    4.71065e+00      6.93425e-04      5.00000e+00      -6.52252e-07
    4.77404e+00      6.43324e-04      5.00000e+00      -5.37690e-07
    4.83830e+00      6.02965e-04      5.00000e+00      -4.46542e-07
    4.90341e+00      5.68715e-04      5.00000e+00      -3.70172e-07
    4.96941e+00      5.40947e-04      5.00000e+00      -3.08912e-07
    5.03629e+00      5.18275e-04      5.00000e+00      -2.59527e-07
    5.10407e+00      4.99220e-04      5.00000e+00      -2.18526e-07
    5.17277e+00      4.82986e-04      5.00000e+00      -1.84097e-07
    5.24239e+00      4.68873e-04      5.00000e+00      -1.54670e-07
    5.31294e+00      4.56475e-04      5.00000e+00      -1.29223e-07
    5.38445e+00      4.45592e-04      5.00000e+00      -1.07228e-07
    5.45691e+00      4.36128e-04      5.00000e+00      -8.84029e-08
    5.53036e+00      4.28042e-04      5.00000e+00      -7.25770e-08
    5.60479e+00      4.21118e-04      5.00000e+00      -5.92318e-08
    5.68022e+00      4.15232e-04      5.00000e+00      -4.80594e-08
    5.75667e+00      4.10301e-04      5.00000e+00      -3.88394e-08
    5.83415e+00      4.06181e-04      5.00000e+00      -3.12656e-08
    5.91267e+00      4.02760e-04      5.00000e+00      -2.50725e-08
    5.99225e+00      3.99939e-04      5.00000e+00      -2.00487e-08
    6.07289e+00      3.97625e-04      5.00000e+00      -1.59982e-08
    6.15463e+00      3.95726e-04      5.00000e+00      -1.27363e-08
    6.23746e+00      3.94155e-04      5.00000e+00      -1.00909e-08
    6.32141e+00      3.92855e-04      5.00000e+00      -7.94493e-09
    6.40649e+00      3.91779e-04      5.00000e+00      -6.21192e-09
    6.49271e+00      3.90886e-04      5.00000e+00      -4.80644e-09
    6.58010e+00      3.90130e-04      5.00000e+00      -3.65080e-09
    6.66866e+00      3.89493e-04      5.00000e+00      -2.70345e-09
    6.75841e+00      3.88962e-04      5.00000e+00      -1.94676e-09
    6.84937e+00      3.88530e-04      5.00000e+00      -1.34962e-09
    6.94155e+00      3.88183e-04      5.00000e+00      -8.90366e-10
    7.03498e+00      3.87909e-04      5.00000e+00      -5.50907e-10
    7.12966e+00      3.87700e-04      5.00000e+00      -3.14090e-10
    7.22562e+00      3.87543e-04      5.00000e+00      -1.56936e-10
    7.32287e+00      3.87430e-04      5.00000e+00      -6.44191e-11
    7.42142e+00      3.87346e-04      5.00000e+00      -1.84128e-11
    7.52131e+00      3.87281e-04      5.00000e+00      -2.01952e-12
    7.62253e+00      3.87228e-04      5.00000e+00      -3.75110e-15
    7.72512e+00      3.87175e-04      5.00000e+00      -1.67198e-191
    7.82910e+00      3.87123e-04      5.00000e+00      -3.62097e-191
    7.93447e+00      3.87069e-04      5.00000e+00      -6.55956e-191
    8.04125e+00      3.87014e-04      5.00000e+00      -1.04468e-190
    8.14948e+00      3.86958e-04      5.00000e+00      -1.53029e-190
    8.25916e+00      3.86901e-04      5.00000e+00      -2.10746e-190
    8.37032e+00      3.86844e-04      5.00000e+00      -2.77431e-190
    8.48298e+00      3.86786e-04      5.00000e+00      -3.52947e-190
    8.59715e+00      3.86728e-04      5.00000e+00      -4.37232e-190
    8.71285e+00      3.86669e-04      5.00000e+00      -5.29928e-190
    8.83012e+00      3.86609e-04      5.00000e+00      -6.30862e-190
    8.94896e+00      3.86548e-04      5.00000e+00      -7.39857e-190
    9.06941e+00      3.86486e-04      5.00000e+00      -8.56732e-190
    9.19147e+00      3.86423e-04      5.00000e+00      -9.81306e-190
    9.31518e+00      3.86361e-04      5.00000e+00      -1.11340e-189
    9.44055e+00      3.86297e-04      5.00000e+00      -1.25282e-189
    9.56761e+00      3.86236e-04      5.00000e+00      -1.39940e-189
    9.69637e+00      3.86168e-04      5.00000e+00      -1.55297e-189
    9.82688e+00      3.86102e-04      5.00000e+00      -1.71342e-189
    9.95914e+00      3.86035e-04      5.00000e+00      -1.88049e-189
    1.00932e+01      3.85967e-04      5.00000e+00      -2.05401e-189
    1.02290e+01      3.85895e-04      5.00000e+00      -2.23390e-189
    1.03667e+01      3.85829e-04      5.00000e+00      -2.41994e-189
    1.05062e+01      3.85759e-04      5.00000e+00      -2.61196e-189
    1.06476e+01      3.85687e-04      5.00000e+00      -2.80986e-189
    1.07909e+01      3.85616e-04      5.00000e+00      -3.01342e-189
    1.09362e+01      3.85544e-04      5.00000e+00      -3.22254e-189
    1.10833e+01      3.85470e-04      5.00000e+00      -3.43705e-189
    1.12325e+01      3.85395e-04      5.00000e+00      -3.65678e-189
    1.13837e+01      3.85324e-04      5.00000e+00      -3.88162e-189
    1.15369e+01      3.85243e-04      5.00000e+00      -4.11141e-189
    1.16922e+01      3.85167e-04      5.00000e+00      -4.34601e-189
    1.18495e+01      3.85089e-04      5.00000e+00      -4.58528e-189
    1.20090e+01      3.85009e-04      5.00000e+00      -4.82907e-189
    1.21706e+01      3.84929e-04      5.00000e+00      -5.07727e-189
    1.23344e+01      3.84847e-04      5.00000e+00      -5.32972e-189
    1.25005e+01      3.84766e-04      5.00000e+00      -5.58630e-189
    1.26687e+01      3.84683e-04      5.00000e+00      -5.84688e-189
    1.28392e+01      3.84599e-04      5.00000e+00      -6.11133e-189
    1.30120e+01      3.84514e-04      5.00000e+00      -6.37952e-189
    1.31871e+01      3.84428e-04      5.00000e+00      -6.65133e-189
    1.33646e+01      3.84339e-04      5.00000e+00      -6.92663e-189
    1.35445e+01      3.84250e-04      5.00000e+00      -7.20530e-189
    1.37268e+01      3.84159e-04      5.00000e+00      -7.48723e-189
    1.39115e+01      3.84073e-04      5.00000e+00      -7.77228e-189
    1.40988e+01      3.83978e-04      5.00000e+00      -8.06036e-189
    1.42885e+01      3.83885e-04      5.00000e+00      -8.35134e-189
    1.44808e+01      3.83796e-04      5.00000e+00      -8.64509e-189
    1.46757e+01      3.83696e-04      5.00000e+00      -8.94153e-189
    1.48732e+01      3.83600e-04      5.00000e+00      -9.24053e-189
    1.50734e+01      3.83502e-04      5.00000e+00      -9.54198e-189
    1.52763e+01      3.83405e-04      5.00000e+00      -9.84578e-189
    1.54819e+01      3.83305e-04      5.00000e+00      -1.01518e-188
    1.56903e+01      3.83202e-04      5.00000e+00      -1.04600e-188
    1.59014e+01      3.83102e-04      5.00000e+00      -1.07702e-188
    1.61155e+01      3.82999e-04      5.00000e+00      -1.10823e-188
    1.63323e+01      3.82895e-04      5.00000e+00      -1.13963e-188
    1.65522e+01      3.82788e-04      5.00000e+00      -1.17120e-188
    1.67749e+01      3.82680e-04      5.00000e+00      -1.20293e-188
    1.70007e+01      3.82573e-04      5.00000e+00      -1.23482e-188
    1.72295e+01      3.82464e-04      5.00000e+00      -1.26685e-188
    1.74614e+01      3.82352e-04      5.00000e+00      -1.29901e-188
    1.76964e+01      3.82241e-04      5.00000e+00      -1.33130e-188
    1.79346e+01      3.82129e-04      5.00000e+00      -1.36370e-188
    1.81760e+01      3.82014e-04      5.00000e+00      -1.39621e-188
    1.84206e+01      3.81898e-04      5.00000e+00      -1.42882e-188
    1.86685e+01      3.81781e-04      5.00000e+00      -1.46152e-188
    1.89198e+01      3.81662e-04      5.00000e+00      -1.49429e-188
    1.91744e+01      3.81543e-04      5.00000e+00      -1.52714e-188
    1.94325e+01      3.81420e-04      5.00000e+00      -1.56005e-188
    1.96940e+01      3.81295e-04      5.00000e+00      -1.59301e-188
    1.99591e+01      3.81174e-04      5.00000e+00      -1.62602e-188
    2.02277e+01      3.81047e-04      5.00000e+00      -1.65907e-188
    2.05000e+01      3.80919e-04      5.00000e+00      -1.69215e-188
    2.07759e+01      3.80788e-04      5.00000e+00      -1.72525e-188
    2.10555e+01      3.80658e-04      5.00000e+00      -1.75836e-188
    2.13389e+01      3.80527e-04      5.00000e+00      -1.79147e-188
    2.16261e+01      3.80394e-04      5.00000e+00      -1.82459e-188
    2.19171e+01      3.80260e-04      5.00000e+00      -1.85769e-188
    2.22121e+01      3.80122e-04      5.00000e+00      -1.89078e-188
    2.25111e+01      3.79984e-04      5.00000e+00      -1.92384e-188
    2.28140e+01      3.79845e-04      5.00000e+00      -1.95686e-188
    2.31211e+01      3.79703e-04      5.00000e+00      -1.98985e-188
    2.34323e+01      3.79559e-04      5.00000e+00      -2.02279e-188
    2.37477e+01      3.79415e-04      5.00000e+00      -2.05568e-188
    2.40673e+01      3.79270e-04      5.00000e+00      -2.08850e-188
    2.43912e+01      3.79121e-04      5.00000e+00      -2.12125e-188
    2.47195e+01      3.78972e-04      5.00000e+00      -2.15393e-188
    2.50522e+01      3.78822e-04      5.00000e+00      -2.18653e-188
    2.53894e+01      3.78669e-04      5.00000e+00      -2.21904e-188
    2.57311e+01      3.78513e-04      5.00000e+00      -2.25145e-188
    2.60774e+01      3.78356e-04      5.00000e+00      -2.28375e-188
    2.64284e+01      3.78199e-04      5.00000e+00      -2.31595e-188
    2.67840e+01      3.78037e-04      5.00000e+00      -2.34803e-188
    2.71445e+01      3.77875e-04      5.00000e+00      -2.37999e-188
    2.75099e+01      3.77712e-04      5.00000e+00      -2.41182e-188
    2.78801e+01      3.77546e-04      5.00000e+00      -2.44351e-188
    2.82554e+01      3.77379e-04      5.00000e+00      -2.47507e-188
    2.86356e+01      3.77209e-04      5.00000e+00      -2.50647e-188
    2.90211e+01      3.77036e-04      5.00000e+00      -2.53772e-188
    2.94116e+01      3.76865e-04      5.00000e+00      -2.56881e-188
    2.98075e+01      3.76689e-04      5.00000e+00      -2.59973e-188
    3.02087e+01      3.76657e-04      5.00000e+00      -2.63048e-188
    3.06153e+01      3.76333e-04      5.00000e+00      -2.66105e-188
    3.10273e+01      3.76150e-04      5.00000e+00      -2.69144e-188
    3.14449e+01      3.75968e-04      5.00000e+00      -2.72164e-188
    3.18681e+01      3.75781e-04      5.00000e+00      -2.75164e-188
    3.22970e+01      3.75595e-04      5.00000e+00      -2.78144e-188
    3.27317e+01      3.75406e-04      5.00000e+00      -2.81103e-188
    3.31722e+01      3.75217e-04      5.00000e+00      -2.84041e-188
    3.36187e+01      3.75022e-04      5.00000e+00      -2.86958e-188
    3.40712e+01      3.74822e-04      5.00000e+00      -2.89851e-188
    3.45297e+01      3.74630e-04      5.00000e+00      -2.92722e-188
    3.49945e+01      3.74429e-04      5.00000e+00      -2.95569e-188
    3.54655e+01      3.74226e-04      5.00000e+00      -2.98392e-188
    3.59428e+01      3.74023e-04      5.00000e+00      -3.01191e-188
    3.64265e+01      3.73818e-04      5.00000e+00      -3.03964e-188
    3.69168e+01      3.73609e-04      5.00000e+00      -3.06712e-188
    3.74137e+01      3.73401e-04      5.00000e+00      -3.09434e-188
    3.79172e+01      3.73185e-04      5.00000e+00      -3.12129e-188
    3.84275e+01      3.72969e-04      5.00000e+00      -3.14797e-188
    3.89447e+01      3.72753e-04      5.00000e+00      -3.17437e-188
    3.94689e+01      3.72531e-04      5.00000e+00      -3.20049e-188
    4.00001e+01      3.72309e-04      5.00000e+00      -3.22632e-188
