    Er (keV)         SM dN/dE         BG dN/dE        BSM dN/dE (events/kg/day/keV)
    1.01000e-02      8.67295e-01      5.00000e+00      -1.60515e-01
    1.02614e-02      8.62747e-01      5.00000e+00      -1.59663e-01
    1.04254e-02      8.58125e-01      5.00000e+00      -1.58797e-01
    1.05921e-02      8.53428e-01      5.00000e+00      -1.57917e-01
    1.07615e-02      8.48656e-01      5.00000e+00      -1.57023e-01
    1.09336e-02      8.43806e-01      5.00000e+00      -1.56115e-01
    1.11084e-02      8.38879e-01      5.00000e+00      -1.55192e-01
    1.12861e-02      8.33871e-01      5.00000e+00      -1.54254e-01
    1.14667e-02      8.28783e-01      5.00000e+00      -1.53301e-01
    1.16502e-02      8.23613e-01      5.00000e+00      -1.52332e-01
    1.18366e-02      8.18359e-01      5.00000e+00      -1.51348e-01
    1.20261e-02      8.13021e-01      5.00000e+00      -1.50348e-01
    1.22186e-02      8.07596e-01      5.00000e+00      -1.49332e-01
    1.24142e-02      8.02084e-01      5.00000e+00      -1.48300e-01
    1.26129e-02      7.96483e-01      5.00000e+00      -1.47250e-01
    1.28149e-02      7.90791e-01      5.00000e+00      -1.46184e-01
    1.30202e-02      7.85008e-01      5.00000e+00      -1.45101e-01
    1.32287e-02      7.79131e-01      5.00000e+00      -1.44000e-01
    1.34406e-02      7.73159e-01      5.00000e+00      -1.42882e-01
    1.36560e-02      7.67091e-01      5.00000e+00      -1.41745e-01
    1.38748e-02      7.60925e-01      5.00000e+00      -1.40590e-01
    1.40971e-02      7.54660e-01      5.00000e+00      -1.39416e-01
    1.43231e-02      7.48293e-01      5.00000e+00      -1.38224e-01
    1.45527e-02      7.41823e-01      5.00000e+00      -1.37012e-01
    1.47859e-02      7.35249e-01      5.00000e+00      -1.35781e-01
    1.50230e-02      7.28569e-01      5.00000e+00      -1.34529e-01
    1.52639e-02      7.21782e-01      5.00000e+00      -1.33258e-01
    1.55086e-02      7.14884e-01      5.00000e+00      -1.31966e-01
    1.57574e-02      7.07876e-01      5.00000e+00      -1.30653e-01
    1.60101e-02      7.00754e-01      5.00000e+00      -1.29319e-01
    1.62669e-02      6.93517e-01      5.00000e+00      -1.27963e-01
    1.65279e-02      6.86163e-01      5.00000e+00      -1.26586e-01
    1.67931e-02      6.78691e-01      5.00000e+00      -1.25186e-01
    1.70625e-02      6.71098e-01      5.00000e+00      -1.23764e-01
    1.73363e-02      6.63382e-01      5.00000e+00      -1.22319e-01
    1.76145e-02      6.55542e-01      5.00000e+00      -1.20850e-01
    1.78972e-02      6.47576e-01      5.00000e+00      -1.19358e-01
    1.81845e-02      6.39480e-01      5.00000e+00      -1.17842e-01
    1.84764e-02      6.31255e-01      5.00000e+00      -1.16301e-01
    1.87731e-02      6.22896e-01      5.00000e+00      -1.14735e-01
    1.90745e-02      6.14402e-01      5.00000e+00      -1.13144e-01
    1.93808e-02      6.05772e-01      5.00000e+00      -1.11528e-01
    1.96920e-02      5.97002e-01      5.00000e+00      -1.09885e-01
    2.00082e-02      5.88090e-01      5.00000e+00      -1.08216e-01
    2.03296e-02      5.79035e-01      5.00000e+00      -1.06519e-01
    2.06561e-02      5.69833e-01      5.00000e+00      -1.04796e-01
    2.09879e-02      5.60483e-01      5.00000e+00      -1.03044e-01
    2.13251e-02      5.50982e-01      5.00000e+00      -1.01265e-01
    2.16677e-02      5.41328e-01      5.00000e+00      -9.94563e-02
    2.20158e-02      5.31517e-01      5.00000e+00      -9.76187e-02
    2.23696e-02      5.21549e-01      5.00000e+00      -9.57514e-02
    2.27291e-02      5.11419e-01      5.00000e+00      -9.38540e-02
    2.30943e-02      5.01126e-01      5.00000e+00      -9.19260e-02
    2.34655e-02      4.90667e-01      5.00000e+00      -8.99669e-02
    2.38426e-02      4.80039e-01      5.00000e+00      -8.79761e-02
    2.42259e-02      4.69240e-01      5.00000e+00      -8.59532e-02
    2.46153e-02      4.58266e-01      5.00000e+00      -8.38977e-02
    2.50110e-02      4.47115e-01      5.00000e+00      -8.18089e-02
    2.54131e-02      4.35784e-01      5.00000e+00      -7.96865e-02
    2.58217e-02      4.24270e-01      5.00000e+00      -7.75298e-02
    2.62369e-02      4.12570e-01      5.00000e+00      -7.53382e-02
    2.66588e-02      4.00682e-01      5.00000e+00      -7.31113e-02
    2.70875e-02      3.88601e-01      5.00000e+00      -7.08485e-02
    2.75231e-02      3.76326e-01      5.00000e+00      -6.85491e-02
    2.79658e-02      3.63852e-01      5.00000e+00      -6.62127e-02
    2.84156e-02      3.51177e-01      5.00000e+00      -6.38385e-02
    2.88727e-02      3.38298e-01      5.00000e+00      -6.14259e-02
    2.93371e-02      3.25210e-01      5.00000e+00      -5.89745e-02
    2.98090e-02      3.11912e-01      5.00000e+00      -5.64834e-02
    3.02886e-02      2.98398e-01      5.00000e+00      -5.39522e-02
    3.07759e-02      2.84667e-01      5.00000e+00      -5.13801e-02
    3.12710e-02      2.70714e-01      5.00000e+00      -4.87665e-02
    3.17742e-02      2.56535e-01      5.00000e+00      -4.61107e-02
    3.22855e-02      2.42128e-01      5.00000e+00      -4.34120e-02
    3.28050e-02      2.27488e-01      5.00000e+00      -4.06697e-02
    3.33329e-02      2.12612e-01      5.00000e+00      -3.78832e-02
    3.38693e-02      1.97496e-01      5.00000e+00      -3.50518e-02
    3.44144e-02      1.82136e-01      5.00000e+00      -3.21746e-02
    3.49683e-02      1.66528e-01      5.00000e+00      -2.92509e-02
    3.55311e-02      1.50667e-01      5.00000e+00      -2.62801e-02
    3.61031e-02      1.34551e-01      5.00000e+00      -2.32614e-02
    3.66842e-02      1.18175e-01      5.00000e+00      -2.01939e-02
    3.72747e-02      1.01534e-01      5.00000e+00      -1.70768e-02
    3.78748e-02      8.46253e-02      5.00000e+00      -1.39095e-02
    3.84845e-02      6.74431e-02      5.00000e+00      -1.06910e-02
    3.91041e-02      4.99836e-02      5.00000e+00      -7.42064e-03
    3.97337e-02      3.22423e-02      5.00000e+00      -4.09744e-03
    4.03735e-02      1.64446e-02      5.00000e+00      -1.14288e-03
    4.10236e-02      1.61239e-02      5.00000e+00      -1.11969e-03
    4.16841e-02      1.57981e-02      5.00000e+00      -1.09613e-03
    4.23554e-02      1.54670e-02      5.00000e+00      -1.07219e-03
    4.30374e-02      1.51306e-02      5.00000e+00      -1.04787e-03
    4.37305e-02      1.47887e-02      5.00000e+00      -1.02315e-03
    4.44348e-02      1.44414e-02      5.00000e+00      -9.98029e-04
    4.51504e-02      1.40884e-02      5.00000e+00      -9.72505e-04
    4.58776e-02      1.37297e-02      5.00000e+00      -9.46570e-04
    4.66165e-02      1.33652e-02      5.00000e+00      -9.20215e-04
    4.73674e-02      1.29949e-02      5.00000e+00      -8.93435e-04
    4.81304e-02      1.26185e-02      5.00000e+00      -8.66223e-04
    4.89056e-02      1.22361e-02      5.00000e+00      -8.38572e-04
    4.96934e-02      1.18475e-02      5.00000e+00      -8.10475e-04
    5.04940e-02      1.14527e-02      5.00000e+00      -7.81923e-04
    5.13074e-02      1.10515e-02      5.00000e+00      -7.52911e-04
    5.21340e-02      1.06438e-02      5.00000e+00      -7.23431e-04
    5.29739e-02      1.02295e-02      5.00000e+00      -6.93475e-04
    5.38274e-02      9.80851e-03      5.00000e+00      -6.63035e-04
    5.46946e-02      9.38074e-03      5.00000e+00      -6.32104e-04
    5.55758e-02      8.94607e-03      5.00000e+00      -6.00674e-04
    5.64713e-02      8.50438e-03      5.00000e+00      -5.68736e-04
    5.73812e-02      8.05556e-03      5.00000e+00      -5.36283e-04
    5.83059e-02      7.59950e-03      5.00000e+00      -5.03306e-04
    5.92454e-02      7.13607e-03      5.00000e+00      -4.69797e-04
    6.02001e-02      6.66517e-03      5.00000e+00      -4.35746e-04
    6.11702e-02      6.18666e-03      5.00000e+00      -4.01146e-04
    6.21560e-02      5.70044e-03      5.00000e+00      -3.65988e-04
    6.31577e-02      5.20636e-03      5.00000e+00      -3.30262e-04
    6.41755e-02      4.70430e-03      5.00000e+00      -2.93960e-04
    6.52098e-02      4.19415e-03      5.00000e+00      -2.57071e-04
    6.62608e-02      3.67576e-03      5.00000e+00      -2.19587e-04
    6.73287e-02      3.14900e-03      5.00000e+00      -1.81498e-04
    6.84139e-02      2.61373e-03      5.00000e+00      -1.42794e-04
    6.95166e-02      2.06983e-03      5.00000e+00      -1.03466e-04
    7.06371e-02      1.54231e-03      5.00000e+00      -6.52955e-05
    7.17757e-02      1.53975e-03      5.00000e+00      -6.45341e-05
    7.29326e-02      1.53716e-03      5.00000e+00      -6.37603e-05
    7.41083e-02      1.53452e-03      5.00000e+00      -6.29741e-05
    7.53029e-02      1.53184e-03      5.00000e+00      -6.21752e-05
    7.65168e-02      1.52911e-03      5.00000e+00      -6.13634e-05
    7.77503e-02      1.52634e-03      5.00000e+00      -6.05385e-05
    7.90037e-02      1.52353e-03      5.00000e+00      -5.97002e-05
    8.02773e-02      1.52067e-03      5.00000e+00      -5.88485e-05
    8.15715e-02      1.51777e-03      5.00000e+00      -5.79830e-05
    8.28866e-02      1.51481e-03      5.00000e+00      -5.71035e-05
    8.42229e-02      1.51182e-03      5.00000e+00      -5.62098e-05
    8.55808e-02      1.50877e-03      5.00000e+00      -5.53017e-05
    8.69606e-02      1.50567e-03      5.00000e+00      -5.43789e-05
    8.83627e-02      1.50252e-03      5.00000e+00      -5.34413e-05
    8.97874e-02      1.49933e-03      5.00000e+00      -5.24885e-05
    9.12351e-02      1.49608e-03      5.00000e+00      -5.15203e-05
    9.27061e-02      1.49278e-03      5.00000e+00      -5.05365e-05
    9.42009e-02      1.48942e-03      5.00000e+00      -4.95368e-05
    9.57199e-02      1.48601e-03      5.00000e+00      -4.85210e-05
    9.72633e-02      1.48255e-03      5.00000e+00      -4.74888e-05
    9.88317e-02      1.47903e-03      5.00000e+00      -4.64399e-05
    1.00425e-01      1.47545e-03      5.00000e+00      -4.53741e-05
    1.02045e-01      1.47200e-03      5.00000e+00      -4.46351e-05
    1.03690e-01      1.46858e-03      5.00000e+00      -4.40202e-05
    1.05362e-01      1.46509e-03      5.00000e+00      -4.33952e-05
    1.07062e-01      1.46155e-03      5.00000e+00      -4.27602e-05
    1.08788e-01      1.45796e-03      5.00000e+00      -4.21150e-05
    1.10543e-01      1.45430e-03      5.00000e+00      -4.14593e-05
    1.12325e-01      1.45059e-03      5.00000e+00      -4.07931e-05
    1.14137e-01      1.44682e-03      5.00000e+00      -4.01161e-05
    1.15977e-01      1.44298e-03      5.00000e+00      -3.94281e-05
    1.17848e-01      1.43909e-03      5.00000e+00      -3.87291e-05
    1.19749e-01      1.43513e-03      5.00000e+00      -3.80188e-05
    1.21680e-01      1.43110e-03      5.00000e+00      -3.72970e-05
    1.23642e-01      1.42701e-03      5.00000e+00      -3.65636e-05
    1.25637e-01      1.42286e-03      5.00000e+00      -3.58183e-05
    1.27663e-01      1.41864e-03      5.00000e+00      -3.50610e-05
    1.29722e-01      1.41435e-03      5.00000e+00      -3.42915e-05
    1.31814e-01      1.41009e-03      5.00000e+00      -3.35971e-05
    1.33940e-01      1.40597e-03      5.00000e+00      -3.30925e-05
    1.36101e-01      1.40178e-03      5.00000e+00      -3.25797e-05
    1.38296e-01      1.39752e-03      5.00000e+00      -3.20586e-05
    1.40527e-01      1.39320e-03      5.00000e+00      -3.15291e-05
    1.42794e-01      1.38881e-03      5.00000e+00      -3.09910e-05
    1.45097e-01      1.38435e-03      5.00000e+00      -3.04443e-05
    1.47437e-01      1.37981e-03      5.00000e+00      -2.98887e-05
    1.49816e-01      1.37520e-03      5.00000e+00      -2.93242e-05
    1.52232e-01      1.37052e-03      5.00000e+00      -2.87506e-05
    1.54688e-01      1.36576e-03      5.00000e+00      -2.81677e-05
    1.57183e-01      1.36092e-03      5.00000e+00      -2.75753e-05
    1.59719e-01      1.35601e-03      5.00000e+00      -2.69735e-05
    1.62295e-01      1.35112e-03      5.00000e+00      -2.64234e-05
    1.64913e-01      1.34637e-03      5.00000e+00      -2.59957e-05
    1.67574e-01      1.34154e-03      5.00000e+00      -2.55611e-05
    1.70277e-01      1.33664e-03      5.00000e+00      -2.51195e-05
    1.73024e-01      1.33165e-03      5.00000e+00      -2.46707e-05
    1.75815e-01      1.32659e-03      5.00000e+00      -2.42147e-05
    1.78652e-01      1.32144e-03      5.00000e+00      -2.37514e-05
    1.81534e-01      1.31621e-03      5.00000e+00      -2.32806e-05
    1.84462e-01      1.31090e-03      5.00000e+00      -2.28021e-05
    1.87438e-01      1.30550e-03      5.00000e+00      -2.23160e-05
    1.90462e-01      1.30001e-03      5.00000e+00      -2.18220e-05
    1.93535e-01      1.29463e-03      5.00000e+00      -2.13992e-05
    1.96657e-01      1.28930e-03      5.00000e+00      -2.10283e-05
    1.99830e-01      1.28388e-03      5.00000e+00      -2.06514e-05
    2.03054e-01      1.27838e-03      5.00000e+00      -2.02684e-05
    2.06330e-01      1.27279e-03      5.00000e+00      -1.98792e-05
    2.09659e-01      1.26711e-03      5.00000e+00      -1.94838e-05
    2.13042e-01      1.26133e-03      5.00000e+00      -1.90819e-05
    2.16479e-01      1.25547e-03      5.00000e+00      -1.86736e-05
    2.19971e-01      1.24951e-03      5.00000e+00      -1.82587e-05
    2.23521e-01      1.24359e-03      5.00000e+00      -1.78795e-05
    2.27127e-01      1.23779e-03      5.00000e+00      -1.75552e-05
    2.30791e-01      1.23188e-03      5.00000e+00      -1.72257e-05
    2.34515e-01      1.22589e-03      5.00000e+00      -1.68908e-05
    2.38299e-01      1.21980e-03      5.00000e+00      -1.65506e-05
    2.42144e-01      1.21360e-03      5.00000e+00      -1.62048e-05
    2.46051e-01      1.20731e-03      5.00000e+00      -1.58535e-05
    2.50021e-01      1.20092e-03      5.00000e+00      -1.54965e-05
    2.54055e-01      1.19457e-03      5.00000e+00      -1.51675e-05
    2.58154e-01      1.18832e-03      5.00000e+00      -1.48797e-05
    2.62320e-01      1.18196e-03      5.00000e+00      -1.45873e-05
    2.66552e-01      1.17551e-03      5.00000e+00      -1.42901e-05
    2.70853e-01      1.16895e-03      5.00000e+00      -1.39882e-05
    2.75224e-01      1.16228e-03      5.00000e+00      -1.36813e-05
    2.79665e-01      1.15551e-03      5.00000e+00      -1.33696e-05
    2.84177e-01      1.14875e-03      5.00000e+00      -1.30744e-05
    2.88763e-01      1.14211e-03      5.00000e+00      -1.28170e-05
    2.93422e-01      1.13537e-03      5.00000e+00      -1.25554e-05
    2.98157e-01      1.12852e-03      5.00000e+00      -1.22896e-05
    3.02968e-01      1.12156e-03      5.00000e+00      -1.20195e-05
    3.07857e-01      1.11448e-03      5.00000e+00      -1.17451e-05
    3.12825e-01      1.10730e-03      5.00000e+00      -1.14662e-05
    3.17873e-01      1.10035e-03      5.00000e+00      -1.12340e-05
    3.23002e-01      1.09329e-03      5.00000e+00      -1.09992e-05
    3.28214e-01      1.08612e-03      5.00000e+00      -1.07606e-05
    3.33510e-01      1.07884e-03      5.00000e+00      -1.05182e-05
    3.38892e-01      1.07144e-03      5.00000e+00      -1.02718e-05
    3.44361e-01      1.06399e-03      5.00000e+00      -1.00304e-05
    3.49918e-01      1.05671e-03      5.00000e+00      -9.81960e-06
    3.55564e-01      1.04931e-03      5.00000e+00      -9.60540e-06
    3.61302e-01      1.04179e-03      5.00000e+00      -9.38774e-06
    3.67133e-01      1.03415e-03      5.00000e+00      -9.16656e-06
    3.73057e-01      1.02639e-03      5.00000e+00      -8.94181e-06
    3.79077e-01      1.01884e-03      5.00000e+00      -8.74722e-06
    3.85194e-01      1.01120e-03      5.00000e+00      -8.55231e-06
    3.91411e-01      1.00343e-03      5.00000e+00      -8.35425e-06
    3.97727e-01      9.95538e-04      5.00000e+00      -8.15300e-06
    4.04145e-01      9.87537e-04      5.00000e+00      -7.95011e-06
    4.10667e-01      9.79754e-04      5.00000e+00      -7.77356e-06
    4.17294e-01      9.71846e-04      5.00000e+00      -7.59417e-06
    4.24029e-01      9.63810e-04      5.00000e+00      -7.41187e-06
    4.30872e-01      9.55644e-04      5.00000e+00      -7.22664e-06
    4.37825e-01      9.47541e-04      5.00000e+00      -7.05272e-06
    4.44890e-01      9.39478e-04      5.00000e+00      -6.88859e-06
    4.52070e-01      9.31285e-04      5.00000e+00      -6.72182e-06
    4.59366e-01      9.22959e-04      5.00000e+00      -6.55236e-06
    4.66779e-01      9.14617e-04      5.00000e+00      -6.38762e-06
    4.74312e-01      9.06394e-04      5.00000e+00      -6.23622e-06
    4.81966e-01      8.98039e-04      5.00000e+00      -6.08237e-06
    4.89745e-01      8.89548e-04      5.00000e+00      -5.92604e-06
    4.97648e-01      8.81056e-04      5.00000e+00      -5.77481e-06
    5.05679e-01      8.72657e-04      5.00000e+00      -5.63406e-06
    5.13840e-01      8.64123e-04      5.00000e+00      -5.49103e-06
    5.22133e-01      8.55451e-04      5.00000e+00      -5.34570e-06
    5.30559e-01      8.46876e-04      5.00000e+00      -5.20995e-06
    5.39122e-01      8.38286e-04      5.00000e+00      -5.07820e-06
    5.47823e-01      8.29558e-04      5.00000e+00      -4.94432e-06
    5.56664e-01      8.20745e-04      5.00000e+00      -4.81079e-06
    5.65648e-01      8.12101e-04      5.00000e+00      -4.68875e-06
    5.74776e-01      8.03318e-04      5.00000e+00      -4.56473e-06
    5.84053e-01      7.94393e-04      5.00000e+00      -4.43872e-06
    5.93479e-01      7.85632e-04      5.00000e+00      -4.32276e-06
    6.03057e-01      7.76790e-04      5.00000e+00      -4.20729e-06
    6.12789e-01      7.67805e-04      5.00000e+00      -4.08995e-06
    6.22679e-01      7.58921e-04      5.00000e+00      -3.97961e-06
    6.32729e-01      7.50008e-04      5.00000e+00      -3.87154e-06
    6.42940e-01      7.40950e-04      5.00000e+00      -3.76172e-06
    6.53317e-01      7.31993e-04      5.00000e+00      -3.65817e-06
    6.63861e-01      7.23003e-04      5.00000e+00      -3.55660e-06
    6.74575e-01      7.13868e-04      5.00000e+00      -3.45338e-06
    6.85462e-01      7.04881e-04      5.00000e+00      -3.35726e-06
    6.96525e-01      6.95811e-04      5.00000e+00      -3.26142e-06
    7.07766e-01      6.86626e-04      5.00000e+00      -3.16490e-06
    7.19189e-01      6.77616e-04      5.00000e+00      -3.07559e-06
    7.30796e-01      6.68460e-04      5.00000e+00      -2.98484e-06
    7.42591e-01      6.59323e-04      5.00000e+00      -2.89674e-06
    7.54576e-01      6.50228e-04      5.00000e+00      -2.81191e-06
    7.66755e-01      6.40987e-04      5.00000e+00      -2.72572e-06
    7.79130e-01      6.31928e-04      5.00000e+00      -2.64579e-06
    7.91704e-01      6.22739e-04      5.00000e+00      -2.56496e-06
    8.04482e-01      6.13584e-04      5.00000e+00      -2.48675e-06
    8.17466e-01      6.04443e-04      5.00000e+00      -2.41072e-06
    8.30660e-01      5.95225e-04      5.00000e+00      -2.33488e-06
    8.44066e-01      5.86137e-04      5.00000e+00      -2.26322e-06
    8.57689e-01      5.76902e-04      5.00000e+00      -2.19042e-06
    8.71532e-01      5.67845e-04      5.00000e+00      -2.12248e-06
    8.85599e-01      5.58655e-04      5.00000e+00      -2.05367e-06
    8.99892e-01      5.49583e-04      5.00000e+00      -1.98837e-06
    9.14416e-01      5.40433e-04      5.00000e+00      -1.92321e-06
    9.29175e-01      5.31366e-04      5.00000e+00      -1.86075e-06
    9.44171e-01      5.22253e-04      5.00000e+00      -1.79889e-06
    9.59410e-01      5.13218e-04      5.00000e+00      -1.73942e-06
    9.74895e-01      5.04147e-04      5.00000e+00      -1.68062e-06
    9.90630e-01      4.95337e-04      5.00000e+00      -1.62420e-06
    1.00662e+00      4.86550e-04      5.00000e+00      -1.56820e-06
    1.02287e+00      4.77679e-04      5.00000e+00      -1.51481e-06
    1.03937e+00      4.68679e-04      5.00000e+00      -1.46138e-06
    1.05615e+00      4.59837e-04      5.00000e+00      -1.41099e-06
    1.07320e+00      4.50919e-04      5.00000e+00      -1.36056e-06
    1.09052e+00      4.42118e-04      5.00000e+00      -1.31247e-06
    1.10812e+00      4.33310e-04      5.00000e+00      -1.26511e-06
    1.12600e+00      4.24538e-04      5.00000e+00      -1.21902e-06
    1.14418e+00      4.15853e-04      5.00000e+00      -1.17463e-06
    1.16265e+00      4.07134e-04      5.00000e+00      -1.13066e-06
    1.18141e+00      3.98555e-04      5.00000e+00      -1.08885e-06
    1.20048e+00      3.89980e-04      5.00000e+00      -1.04775e-06
    1.21986e+00      3.81427e-04      5.00000e+00      -1.00754e-06
    1.23954e+00      3.73003e-04      5.00000e+00      -9.69176e-07
    1.25955e+00      3.64580e-04      5.00000e+00      -9.31424e-07
    1.27988e+00      3.56204e-04      5.00000e+00      -8.94688e-07
    1.30054e+00      3.47948e-04      5.00000e+00      -8.59521e-07
    1.32153e+00      3.39714e-04      5.00000e+00      -8.25058e-07
    1.34286e+00      3.31515e-04      5.00000e+00      -7.91381e-07
    1.36453e+00      3.23462e-04      5.00000e+00      -7.59337e-07
    1.38656e+00      3.15449e-04      5.00000e+00      -7.28031e-07
    1.40894e+00      3.07482e-04      5.00000e+00      -6.97513e-07
    1.43168e+00      2.99592e-04      5.00000e+00      -6.67980e-07
    1.45479e+00      2.91821e-04      5.00000e+00      -6.39656e-07
    1.47827e+00      2.84111e-04      5.00000e+00      -6.12103e-07
    1.50213e+00      2.76467e-04      5.00000e+00      -5.85346e-07
    1.52637e+00      2.68897e-04      5.00000e+00      -5.59397e-07
    1.55101e+00      2.61444e-04      5.00000e+00      -5.34499e-07
    1.57604e+00      2.54083e-04      5.00000e+00      -5.10459e-07
    1.60148e+00      2.46803e-04      5.00000e+00      -4.87174e-07
    1.62733e+00      2.39608e-04      5.00000e+00      -4.64648e-07
    1.65360e+00      2.32505e-04      5.00000e+00      -4.42882e-07
    1.68029e+00      2.25498e-04      5.00000e+00      -4.21873e-07
    1.70741e+00      2.18588e-04      5.00000e+00      -4.01603e-07
    1.73497e+00      2.11790e-04      5.00000e+00      -3.82129e-07
    1.76297e+00      2.05104e-04      5.00000e+00      -3.63394e-07
    1.79143e+00      1.98520e-04      5.00000e+00      -3.45335e-07
    1.82034e+00      1.92038e-04      5.00000e+00      -3.27940e-07
    1.84972e+00      1.85663e-04      5.00000e+00      -3.11196e-07
    1.87958e+00      1.79399e-04      5.00000e+00      -2.95096e-07
    1.90992e+00      1.73247e-04      5.00000e+00      -2.79621e-07
    1.94074e+00      1.67208e-04      5.00000e+00      -2.64755e-07
    1.97207e+00      1.61282e-04      5.00000e+00      -2.50479e-07
    2.00390e+00      1.55854e-04      5.00000e+00      -2.36783e-07
    2.03624e+00      1.50243e-04      5.00000e+00      -2.23642e-07
    2.06911e+00      1.44666e-04      5.00000e+00      -2.11045e-07
    2.10251e+00      1.39221e-04      5.00000e+00      -1.99018e-07
    2.13644e+00      1.33901e-04      5.00000e+00      -1.87522e-07
    2.17093e+00      1.28702e-04      5.00000e+00      -1.76521e-07
    2.20597e+00      1.23623e-04      5.00000e+00      -1.65999e-07
    2.24158e+00      1.18663e-04      5.00000e+00      -1.55938e-07
    2.27776e+00      1.13826e-04      5.00000e+00      -1.46325e-07
    2.31452e+00      1.09117e-04      5.00000e+00      -1.37171e-07
    2.35188e+00      1.04550e-04      5.00000e+00      -1.28488e-07
    2.38984e+00      1.00100e-04      5.00000e+00      -1.20201e-07
    2.42842e+00      9.57711e-05      5.00000e+00      -1.12299e-07
    2.46761e+00      9.15743e-05      5.00000e+00      -1.04804e-07
    2.50744e+00      8.75152e-05      5.00000e+00      -9.77123e-08
    2.54792e+00      8.35699e-05      5.00000e+00      -9.09558e-08
    2.58904e+00      7.97577e-05      5.00000e+00      -8.45625e-08
    2.63083e+00      7.60809e-05      5.00000e+00      -7.85312e-08
    2.67329e+00      7.25166e-05      5.00000e+00      -7.27964e-08
    2.71644e+00      6.90946e-05      5.00000e+00      -6.74125e-08
    2.76029e+00      6.57890e-05      5.00000e+00      -6.23152e-08
    2.80484e+00      6.26133e-05      5.00000e+00      -5.75206e-08
    2.85012e+00      5.95601e-05      5.00000e+00      -5.30056e-08
    2.89612e+00      5.66329e-05      5.00000e+00      -4.87658e-08
    2.94287e+00      5.38250e-05      5.00000e+00      -4.47816e-08
    2.99037e+00      5.11425e-05      5.00000e+00      -4.10556e-08
    3.03864e+00      4.85715e-05      5.00000e+00      -3.75531e-08
    3.08768e+00      4.61319e-05      5.00000e+00      -3.43032e-08
    3.13752e+00      4.38010e-05      5.00000e+00      -3.12578e-08
    3.18817e+00      4.15829e-05      5.00000e+00      -2.84188e-08
    3.23963e+00      3.94856e-05      5.00000e+00      -2.57912e-08
    3.29192e+00      3.74961e-05      5.00000e+00      -2.33471e-08
    3.34505e+00      3.56093e-05      5.00000e+00      -2.10761e-08
    3.39905e+00      3.38367e-05      5.00000e+00      -1.89860e-08
    3.45391e+00      3.21673e-05      5.00000e+00      -1.70583e-08
    3.50966e+00      3.05980e-05      5.00000e+00      -1.52819e-08
    3.56631e+00      2.91264e-05      5.00000e+00      -1.36496e-08
    3.62388e+00      2.77514e-05      5.00000e+00      -1.21548e-08
    3.68237e+00      2.64680e-05      5.00000e+00      -1.07877e-08
    3.74181e+00      2.52763e-05      5.00000e+00      -9.54370e-09
    3.80220e+00      2.41709e-05      5.00000e+00      -8.41290e-09
    3.86358e+00      2.31496e-05      5.00000e+00      -7.38908e-09
    3.92594e+00      2.22081e-05      5.00000e+00      -6.46422e-09
    3.98931e+00      2.13446e-05      5.00000e+00      -5.63275e-09
    4.05370e+00      2.05541e-05      5.00000e+00      -4.88670e-09
    4.11913e+00      1.98324e-05      5.00000e+00      -4.21920e-09
    4.18562e+00      1.91788e-05      5.00000e+00      -3.62645e-09
    4.25318e+00      1.85861e-05      5.00000e+00      -3.09993e-09
    4.32183e+00      1.80553e-05      5.00000e+00      -2.63792e-09
    4.39159e+00      1.75794e-05      5.00000e+00      -2.23181e-09
    4.46248e+00      1.71534e-05      5.00000e+00      -1.87553e-09
    4.53451e+00      1.67789e-05      5.00000e+00      -1.56898e-09
    4.60770e+00      1.64473e-05      5.00000e+00      -1.30296e-09
    4.68208e+00      1.61576e-05      5.00000e+00      -1.07532e-09
    4.75765e+00      1.59057e-05      5.00000e+00      -8.81507e-10
    4.83444e+00      1.56880e-05      5.00000e+00      -7.17643e-10
    4.91248e+00      1.55013e-05      5.00000e+00      -5.80133e-10
    4.99177e+00      1.53425e-05      5.00000e+00      -4.65980e-10
    5.07235e+00      1.52081e-05      5.00000e+00      -3.71581e-10
    5.15422e+00      1.50959e-05      5.00000e+00      -2.94809e-10
    5.23742e+00      1.50022e-05      5.00000e+00      -2.32490e-10
    5.32196e+00      1.49251e-05      5.00000e+00      -1.82780e-10
    5.40786e+00      1.48614e-05      5.00000e+00      -1.43066e-10
    5.49515e+00      1.48096e-05      5.00000e+00      -1.11977e-10
    5.58385e+00      1.47673e-05      5.00000e+00      -8.77969e-11
    5.67398e+00      1.47329e-05      5.00000e+00      -6.90954e-11
    5.76556e+00      1.47047e-05      5.00000e+00      -5.47454e-11
    5.85863e+00      1.46814e-05      5.00000e+00      -4.37867e-11
    5.95319e+00      1.46619e-05      5.00000e+00      -3.53810e-11
    6.04929e+00      1.46452e-05      5.00000e+00      -2.89387e-11
    6.14693e+00      1.46308e-05      5.00000e+00      -2.39448e-11
    6.24615e+00      1.46179e-05      5.00000e+00      -2.00408e-11
    6.34697e+00      1.46062e-05      5.00000e+00      -1.69440e-11
    6.44942e+00      1.45953e-05      5.00000e+00      -1.44520e-11
    6.55352e+00      1.45850e-05      5.00000e+00      -1.23926e-11
    6.65931e+00      1.45752e-05      5.00000e+00      -1.06797e-11
    6.76680e+00      1.45656e-05      5.00000e+00      -9.21981e-12
    6.87602e+00      1.45563e-05      5.00000e+00      -7.96310e-12
    6.98701e+00      1.45471e-05      5.00000e+00      -6.86781e-12
    7.09979e+00      1.45379e-05      5.00000e+00      -5.90796e-12
    7.21439e+00      1.45289e-05      5.00000e+00      -5.06634e-12
    7.33084e+00      1.45199e-05      5.00000e+00      -4.32636e-12
    7.44917e+00      1.45110e-05      5.00000e+00      -3.67252e-12
    7.56941e+00      1.45020e-05      5.00000e+00      -3.09803e-12
    7.69159e+00      1.44931e-05      5.00000e+00      -2.59259e-12
    7.81575e+00      1.44842e-05      5.00000e+00      -2.14925e-12
    7.94190e+00      1.44752e-05      5.00000e+00      -1.76599e-12
    8.07010e+00      1.44663e-05      5.00000e+00      -1.43599e-12
    8.20036e+00      1.44574e-05      5.00000e+00      -1.15684e-12
    8.33273e+00      1.44483e-05      5.00000e+00      -9.17030e-13
    8.46723e+00      1.44393e-05      5.00000e+00      -7.22585e-13
    8.60390e+00      1.44302e-05      5.00000e+00      -5.53329e-13
    8.74278e+00      1.44209e-05      5.00000e+00      -4.18773e-13
    8.88390e+00      1.44116e-05      5.00000e+00      -3.12412e-13
    9.02730e+00      1.44022e-05      5.00000e+00      -2.24941e-13
    9.17301e+00      1.43928e-05      5.00000e+00      -1.58819e-13
    9.32108e+00      1.43832e-05      5.00000e+00      -1.09574e-13
    9.47154e+00      1.43735e-05      5.00000e+00      -7.23408e-14
    9.62442e+00      1.43637e-05      5.00000e+00      -4.65715e-14
    9.77977e+00      1.43538e-05      5.00000e+00      -2.90269e-14
    9.93763e+00      1.43438e-05      5.00000e+00      -1.76860e-14
    1.00980e+01      1.43337e-05      5.00000e+00      -1.07683e-14
    1.02610e+01      1.43234e-05      5.00000e+00      -6.57681e-15
    1.04267e+01      1.43129e-05      5.00000e+00      -4.08918e-15
    1.05950e+01      1.43023e-05      5.00000e+00      -2.56736e-15
    1.07660e+01      1.42915e-05      5.00000e+00      -1.59498e-15
    1.09398e+01      1.42805e-05      5.00000e+00      -9.33079e-16
    1.11163e+01      1.42695e-05      5.00000e+00      -4.99855e-16
    1.12958e+01      1.42583e-05      5.00000e+00      -2.39399e-16
    1.14781e+01      1.42469e-05      5.00000e+00      -9.96384e-17
    1.16634e+01      1.42353e-05      5.00000e+00      -3.36473e-17
    1.18517e+01      1.42236e-05      5.00000e+00      -7.88142e-18
    1.20430e+01      1.42117e-05      5.00000e+00      -5.67107e-19
    1.22373e+01      1.41997e-05      5.00000e+00      -5.07772e-185
    1.24349e+01      1.41875e-05      5.00000e+00      -5.00476e-185
    1.26356e+01      1.41751e-05      5.00000e+00      -4.93283e-185
    1.28395e+01      1.41625e-05      5.00000e+00      -4.86192e-185
    1.30468e+01      1.41498e-05      5.00000e+00      -4.79200e-185
    1.32574e+01      1.41368e-05      5.00000e+00      -4.72306e-185
    1.34714e+01      1.41237e-05      5.00000e+00      -4.65509e-185
    1.36888e+01      1.41104e-05      5.00000e+00      -4.58806e-185
    1.39098e+01      1.40969e-05      5.00000e+00      -4.52196e-185
    1.41343e+01      1.40831e-05      5.00000e+00      -4.45678e-185
    1.43625e+01      1.40691e-05      5.00000e+00      -4.39249e-185
    1.45943e+01      1.40551e-05      5.00000e+00      -4.32909e-185
    1.48299e+01      1.40408e-05      5.00000e+00      -4.26655e-185
    1.50693e+01      1.40262e-05      5.00000e+00      -4.20485e-185
    1.53125e+01      1.40115e-05      5.00000e+00      -4.14400e-185
    1.55597e+01      1.39965e-05      5.00000e+00      -4.08397e-185
    1.58108e+01      1.39813e-05      5.00000e+00      -4.02474e-185
    1.60660e+01      1.39659e-05      5.00000e+00      -3.96630e-185
    1.63254e+01      1.39503e-05      5.00000e+00      -3.90864e-185
    1.65889e+01      1.39345e-05      5.00000e+00      -3.85174e-185
    1.68566e+01      1.39184e-05      5.00000e+00      -3.79560e-185
    1.71287e+01      1.39021e-05      5.00000e+00      -3.74019e-185
    1.74052e+01      1.38855e-05      5.00000e+00      -3.68550e-185
    1.76862e+01      1.38688e-05      5.00000e+00      -3.63153e-185
    1.79716e+01      1.38518e-05      5.00000e+00      -3.57825e-185
    1.82617e+01      1.38346e-05      5.00000e+00      -3.52566e-185
    1.85565e+01      1.38171e-05      5.00000e+00      -3.47374e-185
    1.88560e+01      1.37995e-05      5.00000e+00      -3.42248e-185
    1.91604e+01      1.37815e-05      5.00000e+00      -3.37188e-185
    1.94697e+01      1.37633e-05      5.00000e+00      -3.32191e-185
    1.97840e+01      1.37448e-05      5.00000e+00      -3.27256e-185
    2.01033e+01      1.37261e-05      5.00000e+00      -3.22383e-185
    2.04278e+01      1.37072e-05      5.00000e+00      -3.17571e-185
    2.07575e+01      1.36880e-05      5.00000e+00      -3.12817e-185
    2.10926e+01      1.36685e-05      5.00000e+00      -3.08123e-185
    2.14331e+01      1.36488e-05      5.00000e+00      -3.03485e-185
    2.17790e+01      1.36287e-05      5.00000e+00      -2.98903e-185
    2.21306e+01      1.36084e-05      5.00000e+00      -2.94377e-185
    2.24878e+01      1.35879e-05      5.00000e+00      -2.89905e-185
    2.28508e+01      1.35670e-05      5.00000e+00      -2.85486e-185
    2.32196e+01      1.35458e-05      5.00000e+00      -2.81120e-185
    2.35944e+01      1.35244e-05      5.00000e+00      -2.76805e-185
    2.39753e+01      1.35026e-05      5.00000e+00      -2.72540e-185
    2.43623e+01      1.34805e-05      5.00000e+00      -2.68325e-185
    2.47555e+01      1.34582e-05      5.00000e+00      -2.64159e-185
    2.51551e+01      1.34355e-05      5.00000e+00      -2.60041e-185
    2.55612e+01      1.34126e-05      5.00000e+00      -2.55970e-185
    2.59738e+01      1.33893e-05      5.00000e+00      -2.51945e-185
    2.63930e+01      1.33658e-05      5.00000e+00      -2.47965e-185
    2.68190e+01      1.33419e-05      5.00000e+00      -2.44030e-185
    2.72519e+01      1.33177e-05      5.00000e+00      -2.40140e-185
    2.76918e+01      1.32932e-05      5.00000e+00      -2.36292e-185
    2.81388e+01      1.32682e-05      5.00000e+00      -2.32487e-185
    2.85930e+01      1.32430e-05      5.00000e+00      -2.28724e-185
    2.90546e+01      1.32174e-05      5.00000e+00      -2.25001e-185
    2.95235e+01      1.31915e-05      5.00000e+00      -2.21320e-185
    3.00001e+01      1.31652e-05      5.00000e+00      -2.17678e-185
