    Er (keV)         SM dN/dE         BG dN/dE        BSM dN/dE (events/kg/day/keV)
    5.01000e-02      1.11864e+02      1.00000e+01      3.21401e-05
    5.07438e-02      1.11151e+02      1.00000e+01      3.21401e-05
    5.13959e-02      1.10429e+02      1.00000e+01      3.21400e-05
    5.20564e-02      1.09698e+02      1.00000e+01      3.21400e-05
    5.27254e-02      1.08957e+02      1.00000e+01      3.21400e-05
    5.34030e-02      1.08207e+02      1.00000e+01      3.21399e-05
    5.40893e-02      1.07447e+02      1.00000e+01      3.21399e-05
    5.47845e-02      1.06677e+02      1.00000e+01      3.21399e-05
    5.54886e-02      1.05897e+02      1.00000e+01      3.21399e-05
    5.62018e-02      1.05107e+02      1.00000e+01      3.21398e-05
    5.69242e-02      1.04307e+02      1.00000e+01      3.21398e-05
    5.76558e-02      1.03497e+02      1.00000e+01      3.21398e-05
    5.83969e-02      1.02677e+02      1.00000e+01      3.21397e-05
    5.91476e-02      1.01845e+02      1.00000e+01      3.21397e-05
    5.99079e-02      1.01004e+02      1.00000e+01      3.21397e-05
    6.06779e-02      1.00151e+02      1.00000e+01      3.21397e-05
    6.14580e-02      9.92871e+01      1.00000e+01      3.21396e-05
    6.22480e-02      9.84123e+01      1.00000e+01      3.21396e-05
    6.30482e-02      9.75262e+01      1.00000e+01      3.21396e-05
    6.38587e-02      9.66287e+01      1.00000e+01      3.21395e-05
    6.46797e-02      9.57196e+01      1.00000e+01      3.21395e-05
    6.55112e-02      9.47989e+01      1.00000e+01      3.21395e-05
    6.63535e-02      9.38662e+01      1.00000e+01      3.21394e-05
    6.72066e-02      9.29216e+01      1.00000e+01      3.21394e-05
    6.80706e-02      9.19648e+01      1.00000e+01      3.21394e-05
    6.89458e-02      9.09957e+01      1.00000e+01      3.21393e-05
    6.98323e-02      9.00141e+01      1.00000e+01      3.21393e-05
    7.07302e-02      8.90199e+01      1.00000e+01      3.21393e-05
    7.16396e-02      8.80129e+01      1.00000e+01      3.21392e-05
    7.25607e-02      8.69929e+01      1.00000e+01      3.21392e-05
    7.34938e-02      8.59597e+01      1.00000e+01      3.21391e-05
    7.44388e-02      8.49133e+01      1.00000e+01      3.21391e-05
    7.53960e-02      8.38534e+01      1.00000e+01      3.21391e-05
    7.63655e-02      8.27798e+01      1.00000e+01      3.21390e-05
    7.73475e-02      8.16924e+01      1.00000e+01      3.21390e-05
    7.83421e-02      8.05911e+01      1.00000e+01      3.21389e-05
    7.93496e-02      7.94755e+01      1.00000e+01      3.21389e-05
    8.03700e-02      7.83959e+01      1.00000e+01      3.21432e-05
    8.14035e-02      7.76939e+01      1.00000e+01      3.21810e-05
    8.24504e-02      7.69828e+01      1.00000e+01      3.22193e-05
    8.35108e-02      7.62626e+01      1.00000e+01      3.22581e-05
    8.45848e-02      7.55332e+01      1.00000e+01      3.22974e-05
    8.56726e-02      7.47943e+01      1.00000e+01      3.23372e-05
    8.67744e-02      7.40459e+01      1.00000e+01      3.23775e-05
    8.78905e-02      7.32879e+01      1.00000e+01      3.24183e-05
    8.90209e-02      7.25202e+01      1.00000e+01      3.24597e-05
    9.01658e-02      7.17425e+01      1.00000e+01      3.25016e-05
    9.13255e-02      7.09549e+01      1.00000e+01      3.25440e-05
    9.25001e-02      7.01571e+01      1.00000e+01      3.25870e-05
    9.36899e-02      6.93490e+01      1.00000e+01      3.26305e-05
    9.48949e-02      6.85305e+01      1.00000e+01      3.26746e-05
    9.61155e-02      6.77015e+01      1.00000e+01      3.27193e-05
    9.73518e-02      6.68618e+01      1.00000e+01      3.27645e-05
    9.86040e-02      6.60113e+01      1.00000e+01      3.28103e-05
    9.98724e-02      6.51498e+01      1.00000e+01      3.28568e-05
    1.01157e-01      6.42772e+01      1.00000e+01      3.29038e-05
    1.02458e-01      6.33935e+01      1.00000e+01      3.29514e-05
    1.03776e-01      6.24983e+01      1.00000e+01      3.29996e-05
    1.05111e-01      6.15916e+01      1.00000e+01      3.30484e-05
    1.06463e-01      6.06732e+01      1.00000e+01      3.30979e-05
    1.07833e-01      5.97430e+01      1.00000e+01      3.31480e-05
    1.09220e-01      5.88009e+01      1.00000e+01      3.31988e-05
    1.10625e-01      5.78739e+01      1.00000e+01      3.32458e-05
    1.12048e-01      5.72310e+01      1.00000e+01      3.32457e-05
    1.13490e-01      5.65799e+01      1.00000e+01      3.32457e-05
    1.14950e-01      5.59204e+01      1.00000e+01      3.32456e-05
    1.16428e-01      5.52525e+01      1.00000e+01      3.32456e-05
    1.17926e-01      5.45759e+01      1.00000e+01      3.32455e-05
    1.19443e-01      5.38906e+01      1.00000e+01      3.32455e-05
    1.20980e-01      5.31965e+01      1.00000e+01      3.32454e-05
    1.22537e-01      5.24934e+01      1.00000e+01      3.32454e-05
    1.24113e-01      5.17813e+01      1.00000e+01      3.32453e-05
    1.25710e-01      5.10600e+01      1.00000e+01      3.32453e-05
    1.27327e-01      5.03295e+01      1.00000e+01      3.32452e-05
    1.28965e-01      4.95895e+01      1.00000e+01      3.32451e-05
    1.30625e-01      4.88400e+01      1.00000e+01      3.32451e-05
    1.32305e-01      4.80809e+01      1.00000e+01      3.32450e-05
    1.34008e-01      4.73119e+01      1.00000e+01      3.32450e-05
    1.35732e-01      4.65331e+01      1.00000e+01      3.32449e-05
    1.37478e-01      4.57443e+01      1.00000e+01      3.32448e-05
    1.39247e-01      4.49452e+01      1.00000e+01      3.32448e-05
    1.41039e-01      4.41735e+01      1.00000e+01      3.32447e-05
    1.42854e-01      4.35961e+01      1.00000e+01      3.32446e-05
    1.44692e-01      4.30112e+01      1.00000e+01      3.32445e-05
    1.46553e-01      4.24188e+01      1.00000e+01      3.32445e-05
    1.48439e-01      4.18188e+01      1.00000e+01      3.32444e-05
    1.50349e-01      4.12111e+01      1.00000e+01      3.32443e-05
    1.52284e-01      4.05955e+01      1.00000e+01      3.32442e-05
    1.54243e-01      3.99720e+01      1.00000e+01      3.32441e-05
    1.56228e-01      3.93405e+01      1.00000e+01      3.32440e-05
    1.58238e-01      3.87008e+01      1.00000e+01      3.32439e-05
    1.60275e-01      3.80529e+01      1.00000e+01      3.32438e-05
    1.62337e-01      3.73967e+01      1.00000e+01      3.32437e-05
    1.64426e-01      3.67320e+01      1.00000e+01      3.32436e-05
    1.66542e-01      3.60588e+01      1.00000e+01      3.32435e-05
    1.68685e-01      3.53769e+01      1.00000e+01      3.32434e-05
    1.70856e-01      3.46862e+01      1.00000e+01      3.32433e-05
    1.73054e-01      3.41594e+01      1.00000e+01      3.32432e-05
    1.75281e-01      3.36391e+01      1.00000e+01      3.32431e-05
    1.77537e-01      3.31121e+01      1.00000e+01      3.32430e-05
    1.79822e-01      3.25783e+01      1.00000e+01      3.32429e-05
    1.82136e-01      3.20376e+01      1.00000e+01      3.32428e-05
    1.84480e-01      3.14900e+01      1.00000e+01      3.32427e-05
    1.86854e-01      3.09353e+01      1.00000e+01      3.32426e-05
    1.89258e-01      3.03735e+01      1.00000e+01      3.32425e-05
    1.91694e-01      2.98045e+01      1.00000e+01      3.32424e-05
    1.94161e-01      2.92281e+01      1.00000e+01      3.32423e-05
    1.96660e-01      2.86443e+01      1.00000e+01      3.32422e-05
    1.99191e-01      2.80529e+01      1.00000e+01      3.32421e-05
    2.01754e-01      2.74818e+01      1.00000e+01      3.32420e-05
    2.04351e-01      2.70219e+01      1.00000e+01      3.32419e-05
    2.06981e-01      2.65561e+01      1.00000e+01      3.32418e-05
    2.09644e-01      2.60842e+01      1.00000e+01      3.32416e-05
    2.12342e-01      2.56064e+01      1.00000e+01      3.32415e-05
    2.15075e-01      2.51223e+01      1.00000e+01      3.32414e-05
    2.17843e-01      2.46320e+01      1.00000e+01      3.32413e-05
    2.20647e-01      2.41354e+01      1.00000e+01      3.32411e-05
    2.23487e-01      2.36325e+01      1.00000e+01      3.32410e-05
    2.26363e-01      2.31230e+01      1.00000e+01      3.32409e-05
    2.29276e-01      2.26070e+01      1.00000e+01      3.32407e-05
    2.32227e-01      2.21130e+01      1.00000e+01      3.32406e-05
    2.35216e-01      2.17038e+01      1.00000e+01      3.32405e-05
    2.38244e-01      2.12893e+01      1.00000e+01      3.32404e-05
    2.41310e-01      2.08696e+01      1.00000e+01      3.32403e-05
    2.44416e-01      2.04444e+01      1.00000e+01      3.32401e-05
    2.47562e-01      2.00137e+01      1.00000e+01      3.32400e-05
    2.50748e-01      1.95775e+01      1.00000e+01      3.32399e-05
    2.53975e-01      1.91357e+01      1.00000e+01      3.32398e-05
    2.57244e-01      1.86882e+01      1.00000e+01      3.32397e-05
    2.60555e-01      1.82349e+01      1.00000e+01      3.32396e-05
    2.63909e-01      1.78391e+01      1.00000e+01      3.32394e-05
    2.67306e-01      1.74744e+01      1.00000e+01      3.32393e-05
    2.70746e-01      1.71051e+01      1.00000e+01      3.32392e-05
    2.74231e-01      1.67309e+01      1.00000e+01      3.32390e-05
    2.77761e-01      1.63520e+01      1.00000e+01      3.32389e-05
    2.81336e-01      1.59682e+01      1.00000e+01      3.32388e-05
    2.84957e-01      1.55795e+01      1.00000e+01      3.32386e-05
    2.88625e-01      1.51857e+01      1.00000e+01      3.32385e-05
    2.92340e-01      1.47940e+01      1.00000e+01      3.32383e-05
    2.96103e-01      1.44727e+01      1.00000e+01      3.32382e-05
    2.99914e-01      1.41474e+01      1.00000e+01      3.32381e-05
    3.03775e-01      1.38178e+01      1.00000e+01      3.32379e-05
    3.07685e-01      1.34840e+01      1.00000e+01      3.32377e-05
    3.11645e-01      1.31459e+01      1.00000e+01      3.32376e-05
    3.15657e-01      1.28035e+01      1.00000e+01      3.32374e-05
    3.19720e-01      1.24566e+01      1.00000e+01      3.32373e-05
    3.23835e-01      1.21320e+01      1.00000e+01      3.32371e-05
    3.28004e-01      1.18474e+01      1.00000e+01      3.32370e-05
    3.32226e-01      1.15592e+01      1.00000e+01      3.32368e-05
    3.36502e-01      1.12673e+01      1.00000e+01      3.32367e-05
    3.40834e-01      1.09716e+01      1.00000e+01      3.32365e-05
    3.45221e-01      1.06721e+01      1.00000e+01      3.32364e-05
    3.49665e-01      1.03687e+01      1.00000e+01      3.32362e-05
    3.54166e-01      1.00827e+01      1.00000e+01      3.32360e-05
    3.58725e-01      9.83065e+00      1.00000e+01      3.32359e-05
    3.63343e-01      9.57533e+00      1.00000e+01      3.32357e-05
    3.68020e-01      9.31672e+00      1.00000e+01      3.32356e-05
    3.72757e-01      9.05479e+00      1.00000e+01      3.32354e-05
    3.77556e-01      8.78947e+00      1.00000e+01      3.32352e-05
    3.82416e-01      8.52075e+00      1.00000e+01      3.32350e-05
    3.87338e-01      8.29597e+00      1.00000e+01      3.32348e-05
    3.92324e-01      8.07211e+00      1.00000e+01      3.32345e-05
    3.97375e-01      7.84536e+00      1.00000e+01      3.32343e-05
    4.02490e-01      7.61570e+00      1.00000e+01      3.32340e-05
    4.07671e-01      7.38308e+00      1.00000e+01      3.32338e-05
    4.12919e-01      7.14746e+00      1.00000e+01      3.32335e-05
    4.18235e-01      6.95057e+00      1.00000e+01      3.32333e-05
    4.23619e-01      6.75204e+00      1.00000e+01      3.32330e-05
    4.29072e-01      6.55095e+00      1.00000e+01      3.32328e-05
    4.34595e-01      6.34728e+00      1.00000e+01      3.32325e-05
    4.40190e-01      6.14098e+00      1.00000e+01      3.32323e-05
    4.45857e-01      5.94859e+00      1.00000e+01      3.32321e-05
    4.51596e-01      5.77389e+00      1.00000e+01      3.32318e-05
    4.57410e-01      5.59694e+00      1.00000e+01      3.32316e-05
    4.63298e-01      5.41772e+00      1.00000e+01      3.32313e-05
    4.69262e-01      5.23618e+00      1.00000e+01      3.32311e-05
    4.75303e-01      5.06146e+00      1.00000e+01      3.32308e-05
    4.81422e-01      4.90687e+00      1.00000e+01      3.32306e-05
    4.87619e-01      4.75029e+00      1.00000e+01      3.32304e-05
    4.93897e-01      4.59170e+00      1.00000e+01      3.32301e-05
    5.00255e-01      4.43107e+00      1.00000e+01      3.32299e-05
    5.06695e-01      4.28058e+00      1.00000e+01      3.32297e-05
    5.13218e-01      4.14321e+00      1.00000e+01      3.32294e-05
    5.19825e-01      4.00406e+00      1.00000e+01      3.32292e-05
    5.26517e-01      3.86312e+00      1.00000e+01      3.32289e-05
    5.33295e-01      3.72037e+00      1.00000e+01      3.32286e-05
    5.40160e-01      3.59641e+00      1.00000e+01      3.32283e-05
    5.47114e-01      3.47340e+00      1.00000e+01      3.32280e-05
    5.54158e-01      3.34881e+00      1.00000e+01      3.32277e-05
    5.61292e-01      3.22261e+00      1.00000e+01      3.32274e-05
    5.68518e-01      3.10672e+00      1.00000e+01      3.32271e-05
    5.75837e-01      2.99792e+00      1.00000e+01      3.32268e-05
    5.83250e-01      2.88773e+00      1.00000e+01      3.32266e-05
    5.90758e-01      2.77611e+00      1.00000e+01      3.32263e-05
    5.98364e-01      2.67195e+00      1.00000e+01      3.32260e-05
    6.06067e-01      2.57538e+00      1.00000e+01      3.32256e-05
    6.13869e-01      2.47757e+00      1.00000e+01      3.32253e-05
    6.21772e-01      2.37850e+00      1.00000e+01      3.32250e-05
    6.29777e-01      2.28695e+00      1.00000e+01      3.32247e-05
    6.37885e-01      2.19964e+00      1.00000e+01      3.32244e-05
    6.46097e-01      2.11120e+00      1.00000e+01      3.32240e-05
    6.54415e-01      2.02163e+00      1.00000e+01      3.32237e-05
    6.62840e-01      1.94333e+00      1.00000e+01      3.32233e-05
    6.71373e-01      1.86506e+00      1.00000e+01      3.32229e-05
    6.80017e-01      1.78577e+00      1.00000e+01      3.32225e-05
    6.88771e-01      1.70999e+00      1.00000e+01      3.32221e-05
    6.97639e-01      1.64022e+00      1.00000e+01      3.32217e-05
    7.06620e-01      1.56955e+00      1.00000e+01      3.32213e-05
    7.15717e-01      1.49815e+00      1.00000e+01      3.32209e-05
    7.24932e-01      1.43591e+00      1.00000e+01      3.32206e-05
    7.34265e-01      1.37287e+00      1.00000e+01      3.32202e-05
    7.43718e-01      1.30902e+00      1.00000e+01      3.32198e-05
    7.53293e-01      1.25144e+00      1.00000e+01      3.32194e-05
    7.62991e-01      1.19512e+00      1.00000e+01      3.32190e-05
    7.72814e-01      1.13807e+00      1.00000e+01      3.32186e-05
    7.82763e-01      1.08563e+00      1.00000e+01      3.32181e-05
    7.92841e-01      1.03514e+00      1.00000e+01      3.32177e-05
    8.03048e-01      9.83998e-01      1.00000e+01      3.32173e-05
    8.13387e-01      9.37123e-01      1.00000e+01      3.32168e-05
    8.23859e-01      8.91949e-01      1.00000e+01      3.32164e-05
    8.34466e-01      8.46193e-01      1.00000e+01      3.32160e-05
    8.45209e-01      8.04866e-01      1.00000e+01      3.32155e-05
    8.56091e-01      7.64242e-01      1.00000e+01      3.32150e-05
    8.67113e-01      7.23242e-01      1.00000e+01      3.32145e-05
    8.78276e-01      6.87142e-01      1.00000e+01      3.32140e-05
    8.89584e-01      6.50578e-01      1.00000e+01      3.32135e-05
    9.01037e-01      6.15248e-01      1.00000e+01      3.32131e-05
    9.12637e-01      5.82725e-01      1.00000e+01      3.32126e-05
    9.24387e-01      5.49784e-01      1.00000e+01      3.32122e-05
    9.36288e-01      5.19652e-01      1.00000e+01      3.32117e-05
    9.48343e-01      4.90204e-01      1.00000e+01      3.32111e-05
    9.60552e-01      4.61353e-01      1.00000e+01      3.32106e-05
    9.72919e-01      4.35194e-01      1.00000e+01      3.32100e-05
    9.85445e-01      4.08699e-01      1.00000e+01      3.32095e-05
    9.98133e-01      3.84736e-01      1.00000e+01      3.35860e-05
    1.01098e+00      3.61138e-01      1.00000e+01      3.40556e-05
    1.02400e+00      3.38681e-01      1.00000e+01      3.43147e-05
    1.03718e+00      3.17689e-01      1.00000e+01      3.43142e-05
    1.05054e+00      2.96882e-01      1.00000e+01      3.43136e-05
    1.06406e+00      2.78138e-01      1.00000e+01      3.43129e-05
    1.07776e+00      2.59152e-01      1.00000e+01      3.43122e-05
    1.09164e+00      2.42368e-01      1.00000e+01      3.43116e-05
    1.10569e+00      2.25524e-01      1.00000e+01      3.43110e-05
    1.11993e+00      2.10208e-01      1.00000e+01      3.43103e-05
    1.13435e+00      1.95197e-01      1.00000e+01      3.43097e-05
    1.14895e+00      1.81347e-01      1.00000e+01      3.43091e-05
    1.16374e+00      1.67979e-01      1.00000e+01      3.43085e-05
    1.17873e+00      1.55474e-01      1.00000e+01      3.43078e-05
    1.19390e+00      1.43434e-01      1.00000e+01      3.43071e-05
    1.20928e+00      1.32424e-01      1.00000e+01      3.43064e-05
    1.22484e+00      1.21977e-01      1.00000e+01      3.43057e-05
    1.24061e+00      1.12292e-01      1.00000e+01      3.43049e-05
    1.25659e+00      1.02904e-01      1.00000e+01      3.43042e-05
    1.27277e+00      9.44119e-02      1.00000e+01      3.43035e-05
    1.28915e+00      8.60958e-02      1.00000e+01      3.43028e-05
    1.30575e+00      7.87618e-02      1.00000e+01      3.43020e-05
    1.32256e+00      7.15403e-02      1.00000e+01      3.43012e-05
    1.33959e+00      6.51570e-02      1.00000e+01      3.43005e-05
    1.35684e+00      5.90233e-02      1.00000e+01      3.42996e-05
    1.37431e+00      5.34439e-02      1.00000e+01      3.42984e-05
    1.39200e+00      4.82795e-02      1.00000e+01      3.42976e-05
    1.40992e+00      4.33567e-02      1.00000e+01      3.42971e-05
    1.42808e+00      3.90758e-02      1.00000e+01      3.42964e-05
    1.44646e+00      3.49730e-02      1.00000e+01      3.42956e-05
    1.46509e+00      3.13031e-02      1.00000e+01      3.42947e-05
    1.48395e+00      2.79533e-02      1.00000e+01      3.42938e-05
    1.50306e+00      2.47934e-02      1.00000e+01      3.42928e-05
    1.52241e+00      2.20678e-02      1.00000e+01      3.42921e-05
    1.54201e+00      1.95169e-02      1.00000e+01      3.42912e-05
    1.56186e+00      1.71532e-02      1.00000e+01      3.42904e-05
    1.58197e+00      1.51461e-02      1.00000e+01      3.42895e-05
    1.60234e+00      1.32735e-02      1.00000e+01      3.42885e-05
    1.62297e+00      1.15460e-02      1.00000e+01      3.42875e-05
    1.64387e+00      1.00451e-02      1.00000e+01      3.42866e-05
    1.66503e+00      8.71192e-03      1.00000e+01      3.42857e-05
    1.68647e+00      7.53849e-03      1.00000e+01      3.42846e-05
    1.70819e+00      6.50724e-03      1.00000e+01      3.42837e-05
    1.73018e+00      5.60500e-03      1.00000e+01      3.42826e-05
    1.75246e+00      4.80361e-03      1.00000e+01      3.42816e-05
    1.77502e+00      4.10133e-03      1.00000e+01      3.42805e-05
    1.79787e+00      3.52974e-03      1.00000e+01      3.42794e-05
    1.82102e+00      3.03202e-03      1.00000e+01      3.42783e-05
    1.84447e+00      2.60799e-03      1.00000e+01      3.42773e-05
    1.86822e+00      2.25576e-03      1.00000e+01      3.42764e-05
    1.89227e+00      1.96443e-03      1.00000e+01      3.42752e-05
    1.91663e+00      1.72517e-03      1.00000e+01      3.42742e-05
    1.94131e+00      1.52204e-03      1.00000e+01      3.42729e-05
    1.96631e+00      1.34949e-03      1.00000e+01      3.42716e-05
    1.99162e+00      1.20410e-03      1.00000e+01      3.44698e-05
    2.01727e+00      1.08606e-03      1.00000e+01      3.53744e-05
    2.04324e+00      9.78426e-04      1.00000e+01      3.53732e-05
    2.06955e+00      8.84209e-04      1.00000e+01      3.53717e-05
    2.09619e+00      8.01639e-04      1.00000e+01      3.53705e-05
    2.12318e+00      7.29401e-04      1.00000e+01      3.53692e-05
    2.15052e+00      6.66369e-04      1.00000e+01      3.53678e-05
    2.17821e+00      6.12656e-04      1.00000e+01      3.53665e-05
    2.20625e+00      5.67844e-04      1.00000e+01      3.53653e-05
    2.23466e+00      5.29138e-04      1.00000e+01      3.53638e-05
    2.26343e+00      4.96605e-04      1.00000e+01      3.53624e-05
    2.29257e+00      4.69445e-04      1.00000e+01      3.53610e-05
    2.32209e+00      4.46909e-04      1.00000e+01      3.53593e-05
    2.35199e+00      4.28257e-04      1.00000e+01      3.53578e-05
    2.38227e+00      4.12647e-04      1.00000e+01      3.53564e-05
    2.41295e+00      3.99833e-04      1.00000e+01      3.53549e-05
    2.44401e+00      3.89212e-04      1.00000e+01      3.53533e-05
    2.47548e+00      3.80409e-04      1.00000e+01      3.53517e-05
    2.50736e+00      3.73056e-04      1.00000e+01      3.53501e-05
    2.53964e+00      3.66930e-04      1.00000e+01      3.53486e-05
    2.57234e+00      3.61843e-04      1.00000e+01      3.53469e-05
    2.60546e+00      3.57652e-04      1.00000e+01      3.53451e-05
    2.63901e+00      3.54239e-04      1.00000e+01      3.53436e-05
    2.67298e+00      3.51509e-04      1.00000e+01      3.53420e-05
    2.70740e+00      3.49381e-04      1.00000e+01      3.53402e-05
    2.74226e+00      3.47779e-04      1.00000e+01      3.53386e-05
    2.77757e+00      3.46665e-04      1.00000e+01      3.53367e-05
    2.81333e+00      3.45902e-04      1.00000e+01      3.53349e-05
    2.84955e+00      3.45410e-04      1.00000e+01      3.53332e-05
    2.88624e+00      3.45109e-04      1.00000e+01      3.53311e-05
    2.92341e+00      3.44938e-04      1.00000e+01      3.53291e-05
    2.96105e+00      3.44852e-04      1.00000e+01      3.53271e-05
    2.99917e+00      3.44806e-04      1.00000e+01      3.53252e-05
    3.03779e+00      3.44781e-04      1.00000e+01      3.53233e-05
    3.07690e+00      3.44759e-04      1.00000e+01      3.53213e-05
    3.11652e+00      3.44736e-04      1.00000e+01      3.53192e-05
    3.15665e+00      3.44714e-04      1.00000e+01      3.53171e-05
    3.19729e+00      3.44691e-04      1.00000e+01      3.53150e-05
    3.23846e+00      3.44669e-04      1.00000e+01      3.53129e-05
    3.28015e+00      3.44645e-04      1.00000e+01      3.53107e-05
    3.32239e+00      3.44625e-04      1.00000e+01      3.53088e-05
    3.36517e+00      3.44599e-04      1.00000e+01      3.53063e-05
    3.40849e+00      3.44575e-04      1.00000e+01      3.53041e-05
    3.45238e+00      3.44551e-04      1.00000e+01      3.53018e-05
    3.49683e+00      3.44526e-04      1.00000e+01      3.52995e-05
    3.54186e+00      3.44502e-04      1.00000e+01      3.52972e-05
    3.58746e+00      3.44478e-04      1.00000e+01      3.52948e-05
    3.63365e+00      3.44436e-04      1.00000e+01      3.52907e-05
    3.68044e+00      3.44427e-04      1.00000e+01      3.52899e-05
    3.72783e+00      3.44400e-04      1.00000e+01      3.52873e-05
    3.77582e+00      3.44374e-04      1.00000e+01      3.52848e-05
    3.82444e+00      3.44349e-04      1.00000e+01      3.52824e-05
    3.87368e+00      3.44323e-04      1.00000e+01      3.52799e-05
    3.92356e+00      3.44294e-04      1.00000e+01      3.52771e-05
    3.97408e+00      3.44269e-04      1.00000e+01      3.52746e-05
    4.02525e+00      3.44242e-04      1.00000e+01      3.52719e-05
    4.07708e+00      3.44213e-04      1.00000e+01      3.52691e-05
    4.12957e+00      3.44187e-04      1.00000e+01      3.52665e-05
    4.18274e+00      3.44158e-04      1.00000e+01      3.52636e-05
    4.23660e+00      3.44129e-04      1.00000e+01      3.52608e-05
    4.29115e+00      3.44099e-04      1.00000e+01      3.52578e-05
    4.34640e+00      3.44074e-04      1.00000e+01      3.52553e-05
    4.40236e+00      3.44043e-04      1.00000e+01      3.52521e-05
    4.45905e+00      3.44012e-04      1.00000e+01      3.52490e-05
    4.51646e+00      3.43982e-04      1.00000e+01      3.52461e-05
    4.57461e+00      3.43952e-04      1.00000e+01      3.52430e-05
    4.63351e+00      3.43920e-04      1.00000e+01      3.52398e-05
    4.69317e+00      3.43890e-04      1.00000e+01      3.52367e-05
    4.75360e+00      3.43858e-04      1.00000e+01      3.52335e-05
    4.81481e+00      3.43826e-04      1.00000e+01      3.52302e-05
    4.87680e+00      3.43794e-04      1.00000e+01      3.52269e-05
    4.93960e+00      3.43762e-04      1.00000e+01      3.52237e-05
    5.00320e+00      3.43729e-04      1.00000e+01      3.52203e-05
    5.06762e+00      3.43696e-04      1.00000e+01      3.52170e-05
    5.13287e+00      3.43663e-04      1.00000e+01      3.52137e-05
    5.19896e+00      3.43629e-04      1.00000e+01      3.52104e-05
    5.26590e+00      3.43597e-04      1.00000e+01      3.52071e-05
    5.33370e+00      3.43562e-04      1.00000e+01      3.52037e-05
    5.40238e+00      3.43529e-04      1.00000e+01      3.52004e-05
    5.47194e+00      3.43495e-04      1.00000e+01      3.51971e-05
    5.54239e+00      3.43465e-04      1.00000e+01      3.51942e-05
    5.61375e+00      3.43426e-04      1.00000e+01      3.51903e-05
    5.68604e+00      3.43391e-04      1.00000e+01      3.51870e-05
    5.75925e+00      3.43358e-04      1.00000e+01      3.51838e-05
    5.83340e+00      3.43320e-04      1.00000e+01      3.51802e-05
    5.90851e+00      3.43285e-04      1.00000e+01      3.51769e-05
    5.98459e+00      3.43250e-04      1.00000e+01      3.51735e-05
    6.06165e+00      3.43214e-04      1.00000e+01      3.51701e-05
    6.13970e+00      3.43178e-04      1.00000e+01      3.51667e-05
    6.21875e+00      3.43141e-04      1.00000e+01      3.51633e-05
    6.29882e+00      3.43109e-04      1.00000e+01      3.51604e-05
    6.37992e+00      3.43067e-04      1.00000e+01      3.51564e-05
    6.46207e+00      3.43030e-04      1.00000e+01      3.51531e-05
    6.54527e+00      3.43109e-04      1.00000e+01      3.51613e-05
    6.62955e+00      3.42952e-04      1.00000e+01      3.51458e-05
    6.71491e+00      3.42912e-04      1.00000e+01      3.51420e-05
    6.80137e+00      3.42872e-04      1.00000e+01      3.51383e-05
    6.88895e+00      3.42831e-04      1.00000e+01      3.51344e-05
    6.97765e+00      3.42792e-04      1.00000e+01      3.51308e-05
    7.06749e+00      3.42750e-04      1.00000e+01      3.51269e-05
    7.15849e+00      3.42708e-04      1.00000e+01      3.51229e-05
    7.25066e+00      3.42666e-04      1.00000e+01      3.51189e-05
    7.34402e+00      3.42624e-04      1.00000e+01      3.51150e-05
    7.43858e+00      3.42580e-04      1.00000e+01      3.51108e-05
    7.53436e+00      3.42534e-04      1.00000e+01      3.51065e-05
    7.63137e+00      3.42490e-04      1.00000e+01      3.51022e-05
    7.72963e+00      3.42445e-04      1.00000e+01      3.50980e-05
    7.82916e+00      3.42401e-04      1.00000e+01      3.50938e-05
    7.92997e+00      3.42356e-04      1.00000e+01      3.50895e-05
    8.03207e+00      3.42309e-04      1.00000e+01      3.50850e-05
    8.13549e+00      3.42262e-04      1.00000e+01      3.50805e-05
    8.24024e+00      3.42213e-04      1.00000e+01      3.50758e-05
    8.34634e+00      3.42166e-04      1.00000e+01      3.50713e-05
    8.45381e+00      3.42118e-04      1.00000e+01      3.50667e-05
    8.56266e+00      3.42068e-04      1.00000e+01      3.50618e-05
    8.67291e+00      3.42018e-04      1.00000e+01      3.50571e-05
    8.78458e+00      3.41966e-04      1.00000e+01      3.50521e-05
    8.89769e+00      3.41918e-04      1.00000e+01      3.50474e-05
    9.01226e+00      3.41864e-04      1.00000e+01      3.50421e-05
    9.12830e+00      3.41812e-04      1.00000e+01      3.50371e-05
    9.24583e+00      3.41759e-04      1.00000e+01      3.50319e-05
    9.36488e+00      3.41706e-04      1.00000e+01      3.50267e-05
    9.48546e+00      3.41651e-04      1.00000e+01      3.50213e-05
    9.60760e+00      3.41595e-04      1.00000e+01      3.50159e-05
    9.73131e+00      3.41541e-04      1.00000e+01      3.50106e-05
    9.85660e+00      3.41486e-04      1.00000e+01      3.50051e-05
    9.98352e+00      3.41427e-04      1.00000e+01      3.49994e-05
    1.01121e+01      3.41370e-04      1.00000e+01      3.49938e-05
    1.02423e+01      3.41312e-04      1.00000e+01      3.49880e-05
    1.03741e+01      3.41252e-04      1.00000e+01      3.49820e-05
    1.05077e+01      3.41194e-04      1.00000e+01      3.49763e-05
    1.06430e+01      3.41133e-04      1.00000e+01      3.49703e-05
    1.07801e+01      3.41073e-04      1.00000e+01      3.49644e-05
    1.09189e+01      3.41012e-04      1.00000e+01      3.49582e-05
    1.10595e+01      3.40950e-04      1.00000e+01      3.49520e-05
    1.12019e+01      3.40885e-04      1.00000e+01      3.49456e-05
    1.13461e+01      3.40828e-04      1.00000e+01      3.49398e-05
    1.14922e+01      3.40759e-04      1.00000e+01      3.49329e-05
    1.16402e+01      3.40697e-04      1.00000e+01      3.49267e-05
    1.17900e+01      3.40629e-04      1.00000e+01      3.49198e-05
    1.19418e+01      3.40562e-04      1.00000e+01      3.49130e-05
    1.20956e+01      3.40493e-04      1.00000e+01      3.49061e-05
    1.22513e+01      3.40422e-04      1.00000e+01      3.48989e-05
    1.24091e+01      3.40357e-04      1.00000e+01      3.48923e-05
    1.25689e+01      3.40286e-04      1.00000e+01      3.48851e-05
    1.27307e+01      3.40218e-04      1.00000e+01      3.48781e-05
    1.28946e+01      3.40145e-04      1.00000e+01      3.48707e-05
    1.30607e+01      3.40072e-04      1.00000e+01      3.48633e-05
    1.32288e+01      3.39997e-04      1.00000e+01      3.48556e-05
    1.33992e+01      3.39924e-04      1.00000e+01      3.48481e-05
    1.35717e+01      3.39848e-04      1.00000e+01      3.48403e-05
    1.37464e+01      3.39772e-04      1.00000e+01      3.48325e-05
    1.39234e+01      3.39698e-04      1.00000e+01      3.48248e-05
    1.41027e+01      3.39619e-04      1.00000e+01      3.48167e-05
    1.42843e+01      3.39540e-04      1.00000e+01      3.48086e-05
    1.44682e+01      3.39459e-04      1.00000e+01      3.48001e-05
    1.46545e+01      3.39379e-04      1.00000e+01      3.47919e-05
    1.48432e+01      3.39298e-04      1.00000e+01      3.47834e-05
    1.50343e+01      3.39216e-04      1.00000e+01      3.47749e-05
    1.52279e+01      3.39134e-04      1.00000e+01      3.47663e-05
    1.54240e+01      3.39049e-04      1.00000e+01      3.47574e-05
    1.56226e+01      3.38964e-04      1.00000e+01      3.47485e-05
    1.58237e+01      3.38878e-04      1.00000e+01      3.47394e-05
    1.60275e+01      3.38791e-04      1.00000e+01      3.47302e-05
    1.62338e+01      3.38702e-04      1.00000e+01      3.47209e-05
    1.64429e+01      3.38613e-04      1.00000e+01      3.47116e-05
    1.66546e+01      3.38525e-04      1.00000e+01      3.47022e-05
    1.68690e+01      3.38433e-04      1.00000e+01      3.46925e-05
    1.70862e+01      3.38342e-04      1.00000e+01      3.46828e-05
    1.73062e+01      3.38248e-04      1.00000e+01      3.46728e-05
    1.75291e+01      3.38153e-04      1.00000e+01      3.46627e-05
    1.77548e+01      3.38059e-04      1.00000e+01      3.46527e-05
    1.79834e+01      3.37964e-04      1.00000e+01      3.46425e-05
    1.82149e+01      3.37867e-04      1.00000e+01      3.46321e-05
    1.84495e+01      3.37768e-04      1.00000e+01      3.46214e-05
    1.86870e+01      3.37668e-04      1.00000e+01      3.46107e-05
    1.89276e+01      3.37568e-04      1.00000e+01      3.45999e-05
    1.91714e+01      3.37467e-04      1.00000e+01      3.45890e-05
    1.94182e+01      3.37363e-04      1.00000e+01      3.45777e-05
    1.96682e+01      3.37256e-04      1.00000e+01      3.45662e-05
    1.99215e+01      3.37153e-04      1.00000e+01      3.45550e-05
    2.01780e+01      3.37048e-04      1.00000e+01      3.45435e-05
    2.04378e+01      3.36941e-04      1.00000e+01      3.45318e-05
    2.07010e+01      3.36831e-04      1.00000e+01      3.45197e-05
    2.09675e+01      3.36720e-04      1.00000e+01      3.45076e-05
    2.12375e+01      3.36609e-04      1.00000e+01      3.44955e-05
    2.15109e+01      3.36496e-04      1.00000e+01      3.44830e-05
    2.17879e+01      3.36384e-04      1.00000e+01      3.44706e-05
    2.20685e+01      3.36269e-04      1.00000e+01      3.44579e-05
    2.23526e+01      3.36153e-04      1.00000e+01      3.44450e-05
    2.26404e+01      3.36032e-04      1.00000e+01      3.44316e-05
    2.29319e+01      3.35916e-04      1.00000e+01      3.44186e-05
    2.32272e+01      3.35796e-04      1.00000e+01      3.44052e-05
    2.35263e+01      3.35671e-04      1.00000e+01      3.43913e-05
    2.38292e+01      3.35551e-04      1.00000e+01      3.43778e-05
    2.41360e+01      3.35428e-04      1.00000e+01      3.43639e-05
    2.44468e+01      3.35301e-04      1.00000e+01      3.43496e-05
    2.47616e+01      3.35176e-04      1.00000e+01      3.43355e-05
    2.50804e+01      3.35048e-04      1.00000e+01      3.43210e-05
    2.54034e+01      3.34918e-04      1.00000e+01      3.43062e-05
    2.57304e+01      3.34786e-04      1.00000e+01      3.42912e-05
    2.60618e+01      3.34654e-04      1.00000e+01      3.42762e-05
    2.63973e+01      3.34519e-04      1.00000e+01      3.42608e-05
    2.67372e+01      3.34383e-04      1.00000e+01      3.42452e-05
    2.70815e+01      3.34247e-04      1.00000e+01      3.42295e-05
    2.74302e+01      3.34109e-04      1.00000e+01      3.42136e-05
    2.77834e+01      3.33968e-04      1.00000e+01      3.41975e-05
    2.81411e+01      3.33827e-04      1.00000e+01      3.41811e-05
    2.85035e+01      3.33685e-04      1.00000e+01      3.41646e-05
    2.88705e+01      3.33540e-04      1.00000e+01      3.41478e-05
    2.92422e+01      3.33394e-04      1.00000e+01      3.41307e-05
    2.96187e+01      3.33247e-04      1.00000e+01      3.41136e-05
    3.00001e+01      3.33096e-04      1.00000e+01      3.40960e-05
