    Er (keV)         SM dN/dE         BG dN/dE        BSM dN/dE (events/kg/day/keV)
    1.00100e-01      1.51655e+01      1.00000e+01      -1.24930e+00
    1.01306e-01      1.50786e+01      1.00000e+01      -1.23460e+00
    1.02526e-01      1.49905e+01      1.00000e+01      -1.21972e+00
    1.03760e-01      1.49015e+01      1.00000e+01      -1.20466e+00
    1.05010e-01      1.48114e+01      1.00000e+01      -1.18943e+00
    1.06275e-01      1.47201e+01      1.00000e+01      -1.17400e+00
    1.07555e-01      1.46278e+01      1.00000e+01      -1.15840e+00
    1.08850e-01      1.45344e+01      1.00000e+01      -1.14260e+00
    1.10161e-01      1.44398e+01      1.00000e+01      -1.12662e+00
    1.11488e-01      1.43441e+01      1.00000e+01      -1.11044e+00
    1.12830e-01      1.42473e+01      1.00000e+01      -1.09406e+00
    1.14189e-01      1.41492e+01      1.00000e+01      -1.07749e+00
    1.15565e-01      1.40500e+01      1.00000e+01      -1.06072e+00
    1.16957e-01      1.39496e+01      1.00000e+01      -1.04375e+00
    1.18365e-01      1.38480e+01      1.00000e+01      -1.02657e+00
    1.19791e-01      1.37452e+01      1.00000e+01      -1.00919e+00
    1.21234e-01      1.36411e+01      1.00000e+01      -9.91591e-01
    1.22694e-01      1.35358e+01      1.00000e+01      -9.73785e-01
    1.24172e-01      1.34292e+01      1.00000e+01      -9.55764e-01
    1.25668e-01      1.33213e+01      1.00000e+01      -9.37525e-01
    1.27182e-01      1.32121e+01      1.00000e+01      -9.19067e-01
    1.28713e-01      1.31016e+01      1.00000e+01      -9.00386e-01
    1.30264e-01      1.29898e+01      1.00000e+01      -8.81480e-01
    1.31833e-01      1.28766e+01      1.00000e+01      -8.62346e-01
    1.33421e-01      1.27620e+01      1.00000e+01      -8.42982e-01
    1.35028e-01      1.26461e+01      1.00000e+01      -8.23384e-01
    1.36655e-01      1.25288e+01      1.00000e+01      -8.03550e-01
    1.38301e-01      1.24101e+01      1.00000e+01      -7.83476e-01
    1.39967e-01      1.22899e+01      1.00000e+01      -7.63161e-01
    1.41653e-01      1.21960e+01      1.00000e+01      -7.50542e-01
    1.43360e-01      1.21080e+01      1.00000e+01      -7.39771e-01
    1.45087e-01      1.20189e+01      1.00000e+01      -7.28870e-01
    1.46834e-01      1.19287e+01      1.00000e+01      -7.17838e-01
    1.48603e-01      1.18375e+01      1.00000e+01      -7.06672e-01
    1.50393e-01      1.17451e+01      1.00000e+01      -6.95372e-01
    1.52205e-01      1.16516e+01      1.00000e+01      -6.83936e-01
    1.54039e-01      1.15570e+01      1.00000e+01      -6.72362e-01
    1.55895e-01      1.14613e+01      1.00000e+01      -6.60648e-01
    1.57773e-01      1.13644e+01      1.00000e+01      -6.48793e-01
    1.59673e-01      1.12664e+01      1.00000e+01      -6.36796e-01
    1.61597e-01      1.11671e+01      1.00000e+01      -6.24653e-01
    1.63544e-01      1.10667e+01      1.00000e+01      -6.12365e-01
    1.65514e-01      1.09650e+01      1.00000e+01      -5.99928e-01
    1.67508e-01      1.08622e+01      1.00000e+01      -5.87341e-01
    1.69526e-01      1.07580e+01      1.00000e+01      -5.74602e-01
    1.71569e-01      1.06527e+01      1.00000e+01      -5.61710e-01
    1.73636e-01      1.05460e+01      1.00000e+01      -5.48663e-01
    1.75728e-01      1.04381e+01      1.00000e+01      -5.35458e-01
    1.77845e-01      1.03289e+01      1.00000e+01      -5.22094e-01
    1.79988e-01      1.02184e+01      1.00000e+01      -5.08569e-01
    1.82156e-01      1.01253e+01      1.00000e+01      -4.98913e-01
    1.84351e-01      1.00387e+01      1.00000e+01      -4.90767e-01
    1.86572e-01      9.95108e+00      1.00000e+01      -4.82523e-01
    1.88820e-01      9.86239e+00      1.00000e+01      -4.74179e-01
    1.91095e-01      9.77264e+00      1.00000e+01      -4.65735e-01
    1.93398e-01      9.68180e+00      1.00000e+01      -4.57189e-01
    1.95728e-01      9.58987e+00      1.00000e+01      -4.48540e-01
    1.98086e-01      9.49683e+00      1.00000e+01      -4.39787e-01
    2.00473e-01      9.40266e+00      1.00000e+01      -4.30929e-01
    2.02888e-01      9.30736e+00      1.00000e+01      -4.21963e-01
    2.05333e-01      9.21092e+00      1.00000e+01      -4.12890e-01
    2.07807e-01      9.11331e+00      1.00000e+01      -4.03707e-01
    2.10311e-01      9.01452e+00      1.00000e+01      -3.94413e-01
    2.12845e-01      8.91455e+00      1.00000e+01      -3.85008e-01
    2.15410e-01      8.81336e+00      1.00000e+01      -3.75489e-01
    2.18005e-01      8.71096e+00      1.00000e+01      -3.65855e-01
    2.20632e-01      8.60733e+00      1.00000e+01      -3.56105e-01
    2.23291e-01      8.52236e+00      1.00000e+01      -3.49464e-01
    2.25981e-01      8.43872e+00      1.00000e+01      -3.43122e-01
    2.28704e-01      8.35407e+00      1.00000e+01      -3.36704e-01
    2.31460e-01      8.26840e+00      1.00000e+01      -3.30209e-01
    2.34249e-01      8.18170e+00      1.00000e+01      -3.23635e-01
    2.37072e-01      8.09395e+00      1.00000e+01      -3.16982e-01
    2.39928e-01      8.00514e+00      1.00000e+01      -3.10249e-01
    2.42820e-01      7.91526e+00      1.00000e+01      -3.03435e-01
    2.45746e-01      7.82430e+00      1.00000e+01      -2.96538e-01
    2.48707e-01      7.73224e+00      1.00000e+01      -2.89558e-01
    2.51704e-01      7.63908e+00      1.00000e+01      -2.82495e-01
    2.54737e-01      7.54479e+00      1.00000e+01      -2.75346e-01
    2.57807e-01      7.44936e+00      1.00000e+01      -2.68111e-01
    2.60913e-01      7.35278e+00      1.00000e+01      -2.60788e-01
    2.64057e-01      7.27241e+00      1.00000e+01      -2.55590e-01
    2.67239e-01      7.19291e+00      1.00000e+01      -2.50563e-01
    2.70460e-01      7.11246e+00      1.00000e+01      -2.45477e-01
    2.73719e-01      7.03103e+00      1.00000e+01      -2.40329e-01
    2.77017e-01      6.94863e+00      1.00000e+01      -2.35118e-01
    2.80356e-01      6.86523e+00      1.00000e+01      -2.29845e-01
    2.83734e-01      6.78082e+00      1.00000e+01      -2.24509e-01
    2.87153e-01      6.69540e+00      1.00000e+01      -2.19108e-01
    2.90614e-01      6.60895e+00      1.00000e+01      -2.13642e-01
    2.94116e-01      6.52145e+00      1.00000e+01      -2.08110e-01
    2.97660e-01      6.43290e+00      1.00000e+01      -2.02512e-01
    3.01247e-01      6.34328e+00      1.00000e+01      -1.96845e-01
    3.04878e-01      6.26804e+00      1.00000e+01      -1.92715e-01
    3.08552e-01      6.19313e+00      1.00000e+01      -1.88665e-01
    3.12270e-01      6.11732e+00      1.00000e+01      -1.84565e-01
    3.16033e-01      6.04060e+00      1.00000e+01      -1.80417e-01
    3.19842e-01      5.96295e+00      1.00000e+01      -1.76218e-01
    3.23696e-01      5.88436e+00      1.00000e+01      -1.71968e-01
    3.27597e-01      5.80483e+00      1.00000e+01      -1.67668e-01
    3.31545e-01      5.72434e+00      1.00000e+01      -1.63315e-01
    3.35541e-01      5.64288e+00      1.00000e+01      -1.58910e-01
    3.39585e-01      5.56043e+00      1.00000e+01      -1.54452e-01
    3.43677e-01      5.48348e+00      1.00000e+01      -1.50510e-01
    3.47819e-01      5.41348e+00      1.00000e+01      -1.47214e-01
    3.52011e-01      5.34263e+00      1.00000e+01      -1.43879e-01
    3.56253e-01      5.27093e+00      1.00000e+01      -1.40503e-01
    3.60547e-01      5.19837e+00      1.00000e+01      -1.37086e-01
    3.64892e-01      5.12493e+00      1.00000e+01      -1.33628e-01
    3.69289e-01      5.05061e+00      1.00000e+01      -1.30128e-01
    3.73740e-01      4.97539e+00      1.00000e+01      -1.26587e-01
    3.78244e-01      4.89926e+00      1.00000e+01      -1.23002e-01
    3.82803e-01      4.82406e+00      1.00000e+01      -1.19514e-01
    3.87416e-01      4.75852e+00      1.00000e+01      -1.16790e-01
    3.92085e-01      4.69219e+00      1.00000e+01      -1.14033e-01
    3.96811e-01      4.62506e+00      1.00000e+01      -1.11243e-01
    4.01593e-01      4.55712e+00      1.00000e+01      -1.08419e-01
    4.06433e-01      4.48837e+00      1.00000e+01      -1.05561e-01
    4.11331e-01      4.41878e+00      1.00000e+01      -1.02668e-01
    4.16289e-01      4.34835e+00      1.00000e+01      -9.97407e-02
    4.21306e-01      4.27708e+00      1.00000e+01      -9.67780e-02
    4.26383e-01      4.21338e+00      1.00000e+01      -9.43432e-02
    4.31522e-01      4.15133e+00      1.00000e+01      -9.20402e-02
    4.36723e-01      4.08852e+00      1.00000e+01      -8.97093e-02
    4.41987e-01      4.02496e+00      1.00000e+01      -8.73504e-02
    4.47314e-01      3.96063e+00      1.00000e+01      -8.49631e-02
    4.52705e-01      3.89553e+00      1.00000e+01      -8.25469e-02
    4.58161e-01      3.82964e+00      1.00000e+01      -8.01017e-02
    4.63683e-01      3.76459e+00      1.00000e+01      -7.77239e-02
    4.69271e-01      3.70665e+00      1.00000e+01      -7.57865e-02
    4.74927e-01      3.64802e+00      1.00000e+01      -7.38257e-02
    4.80651e-01      3.58868e+00      1.00000e+01      -7.18412e-02
    4.86444e-01      3.52862e+00      1.00000e+01      -6.98329e-02
    4.92307e-01      3.46783e+00      1.00000e+01      -6.78003e-02
    4.98241e-01      3.40632e+00      1.00000e+01      -6.57432e-02
    5.04246e-01      3.34576e+00      1.00000e+01      -6.37516e-02
    5.10323e-01      3.29127e+00      1.00000e+01      -6.20962e-02
    5.16474e-01      3.23611e+00      1.00000e+01      -6.04207e-02
    5.22699e-01      3.18029e+00      1.00000e+01      -5.87251e-02
    5.28999e-01      3.12380e+00      1.00000e+01      -5.70090e-02
    5.35375e-01      3.06663e+00      1.00000e+01      -5.52723e-02
    5.41828e-01      3.00876e+00      1.00000e+01      -5.35146e-02
    5.48358e-01      2.95607e+00      1.00000e+01      -5.20150e-02
    5.54967e-01      2.90451e+00      1.00000e+01      -5.05821e-02
    5.61656e-01      2.85234e+00      1.00000e+01      -4.91319e-02
    5.68426e-01      2.79953e+00      1.00000e+01      -4.76642e-02
    5.75277e-01      2.74609e+00      1.00000e+01      -4.61788e-02
    5.82211e-01      2.69201e+00      1.00000e+01      -4.46755e-02
    5.89228e-01      2.64273e+00      1.00000e+01      -4.33901e-02
    5.96330e-01      2.59426e+00      1.00000e+01      -4.21502e-02
    6.03518e-01      2.54521e+00      1.00000e+01      -4.08954e-02
    6.10792e-01      2.49557e+00      1.00000e+01      -3.96254e-02
    6.18154e-01      2.44533e+00      1.00000e+01      -3.83400e-02
    6.25604e-01      2.39588e+00      1.00000e+01      -3.70937e-02
    6.33145e-01      2.35072e+00      1.00000e+01      -3.60238e-02
    6.40776e-01      2.30501e+00      1.00000e+01      -3.49410e-02
    6.48500e-01      2.25876e+00      1.00000e+01      -3.38452e-02
    6.56316e-01      2.21194e+00      1.00000e+01      -3.27362e-02
    6.64227e-01      2.16457e+00      1.00000e+01      -3.16138e-02
    6.72233e-01      2.12224e+00      1.00000e+01      -3.06813e-02
    6.80335e-01      2.07942e+00      1.00000e+01      -2.97379e-02
    6.88536e-01      2.03607e+00      1.00000e+01      -2.87832e-02
    6.96835e-01      1.99221e+00      1.00000e+01      -2.78169e-02
    7.05234e-01      1.94824e+00      1.00000e+01      -2.68530e-02
    7.13734e-01      1.90847e+00      1.00000e+01      -2.60348e-02
    7.22337e-01      1.86823e+00      1.00000e+01      -2.52068e-02
    7.31044e-01      1.82750e+00      1.00000e+01      -2.43688e-02
    7.39855e-01      1.78628e+00      1.00000e+01      -2.35207e-02
    7.48773e-01      1.74670e+00      1.00000e+01      -2.27268e-02
    7.57798e-01      1.70941e+00      1.00000e+01      -2.20061e-02
    7.66932e-01      1.67168e+00      1.00000e+01      -2.12768e-02
    7.76176e-01      1.63348e+00      1.00000e+01      -2.05386e-02
    7.85532e-01      1.59499e+00      1.00000e+01      -1.97964e-02
    7.95000e-01      1.55983e+00      1.00000e+01      -1.91591e-02
    8.04583e-01      1.52424e+00      1.00000e+01      -1.85141e-02
    8.14281e-01      1.48823e+00      1.00000e+01      -1.78613e-02
    8.24096e-01      1.45178e+00      1.00000e+01      -1.72006e-02
    8.34029e-01      1.41854e+00      1.00000e+01      -1.66256e-02
    8.44082e-01      1.38548e+00      1.00000e+01      -1.60586e-02
    8.54257e-01      1.35202e+00      1.00000e+01      -1.54848e-02
    8.64553e-01      1.31816e+00      1.00000e+01      -1.49041e-02
    8.74974e-01      1.28709e+00      1.00000e+01      -1.43960e-02
    8.85521e-01      1.25605e+00      1.00000e+01      -1.38923e-02
    8.96195e-01      1.22465e+00      1.00000e+01      -1.33825e-02
    9.06997e-01      1.19315e+00      1.00000e+01      -1.28732e-02
    9.17930e-01      1.16434e+00      1.00000e+01      -1.24293e-02
    9.28994e-01      1.13519e+00      1.00000e+01      -1.19800e-02
    9.40192e-01      1.10568e+00      1.00000e+01      -1.15253e-02
    9.51525e-01      1.07719e+00      1.00000e+01      -1.10955e-02
    9.62994e-01      1.05004e+00      1.00000e+01      -1.06975e-02
    9.74602e-01      1.02255e+00      1.00000e+01      -1.02947e-02
    9.86350e-01      9.94738e-01      1.00000e+01      -9.88699e-03
    9.98239e-01      9.69338e-01      1.00000e+01      -9.53152e-03
    1.01027e+00      9.43707e-01      1.00000e+01      -9.17334e-03
    1.02245e+00      9.17768e-01      1.00000e+01      -8.81085e-03
    1.03477e+00      8.93154e-01      1.00000e+01      -8.47625e-03
    1.04725e+00      8.69205e-01      1.00000e+01      -8.15653e-03
    1.05987e+00      8.44967e-01      1.00000e+01      -7.83295e-03
    1.07265e+00      8.21400e-01      1.00000e+01      -7.52385e-03
    1.08558e+00      7.98891e-01      1.00000e+01      -7.23664e-03
    1.09866e+00      7.76111e-01      1.00000e+01      -6.94597e-03
    1.11190e+00      7.53881e-01      1.00000e+01      -6.66549e-03
    1.12531e+00      7.33101e-01      1.00000e+01      -6.41018e-03
    1.13887e+00      7.12070e-01      1.00000e+01      -6.15178e-03
    1.15260e+00      6.91324e-01      1.00000e+01      -5.90071e-03
    1.16649e+00      6.71367e-01      1.00000e+01      -5.66675e-03
    1.18055e+00      6.51170e-01      1.00000e+01      -5.42997e-03
    1.19478e+00      6.31693e-01      1.00000e+01      -5.20523e-03
    1.20919e+00      6.13109e-01      1.00000e+01      -4.99521e-03
    1.22376e+00      5.94301e-01      1.00000e+01      -4.78266e-03
    1.23851e+00      5.76450e-01      1.00000e+01      -4.58587e-03
    1.25344e+00      5.58949e-01      1.00000e+01      -4.39545e-03
    1.26855e+00      5.41236e-01      1.00000e+01      -4.20272e-03
    1.28384e+00      5.24908e-01      1.00000e+01      -4.03134e-03
    1.29932e+00      5.08409e-01      1.00000e+01      -3.85827e-03
    1.31498e+00      4.92268e-01      1.00000e+01      -3.69105e-03
    1.33083e+00      4.76869e-01      1.00000e+01      -3.53516e-03
    1.34687e+00      4.61285e-01      1.00000e+01      -3.37740e-03
    1.36311e+00      4.46686e-01      1.00000e+01      -3.23376e-03
    1.37954e+00      4.32129e-01      1.00000e+01      -3.09137e-03
    1.39617e+00      4.17895e-01      1.00000e+01      -2.95382e-03
    1.41300e+00      4.04281e-01      1.00000e+01      -2.82503e-03
    1.43003e+00      3.90505e-01      1.00000e+01      -2.69470e-03
    1.44727e+00      3.77738e-01      1.00000e+01      -2.57781e-03
    1.46471e+00      3.64816e-01      1.00000e+01      -2.45950e-03
    1.48237e+00      3.52498e-01      1.00000e+01      -2.34904e-03
    1.50024e+00      3.40388e-01      1.00000e+01      -2.24159e-03
    1.51832e+00      3.28561e-01      1.00000e+01      -2.13796e-03
    1.53662e+00      3.17175e-01      1.00000e+01      -2.04004e-03
    1.55515e+00      3.05868e-01      1.00000e+01      -1.94340e-03
    1.57389e+00      2.95156e-01      1.00000e+01      -1.85402e-03
    1.59287e+00      2.84391e-01      1.00000e+01      -1.76440e-03
    1.61207e+00      2.74297e-01      1.00000e+01      -1.68264e-03
    1.63150e+00      2.64082e-01      1.00000e+01      -1.59988e-03
    1.65116e+00      2.54562e-01      1.00000e+01      -1.52495e-03
    1.67107e+00      2.44927e-01      1.00000e+01      -1.44913e-03
    1.69121e+00      2.35908e-01      1.00000e+01      -1.38005e-03
    1.71160e+00      2.26810e-01      1.00000e+01      -1.31045e-03
    1.73223e+00      2.18290e-01      1.00000e+01      -1.24701e-03
    1.75311e+00      2.09707e-01      1.00000e+01      -1.18321e-03
    1.77424e+00      2.01658e-01      1.00000e+01      -1.12494e-03
    1.79563e+00      1.93597e-01      1.00000e+01      -1.06677e-03
    1.81728e+00      1.85982e-01      1.00000e+01      -1.01308e-03
    1.83918e+00      1.78437e-01      1.00000e+01      -9.60239e-04
    1.86135e+00      1.71219e-01      1.00000e+01      -9.10658e-04
    1.88379e+00      1.64175e-01      1.00000e+01      -8.62805e-04
    1.90650e+00      1.57349e-01      1.00000e+01      -8.17073e-04
    1.92948e+00      1.50783e-01      1.00000e+01      -7.73827e-04
    1.95274e+00      1.44293e-01      1.00000e+01      -7.31444e-04
    1.97628e+00      1.38256e-01      1.00000e+01      -6.92816e-04
    2.00010e+00      1.32261e-01      1.00000e+01      -6.54746e-04
    2.02421e+00      1.26459e-01      1.00000e+01      -6.18672e-04
    2.04861e+00      1.20864e-01      1.00000e+01      -5.84295e-04
    2.07331e+00      1.15407e-01      1.00000e+01      -5.51087e-04
    2.09830e+00      1.10267e-01      1.00000e+01      -5.20464e-04
    2.12359e+00      1.05214e-01      1.00000e+01      -4.90621e-04
    2.14919e+00      1.00350e-01      1.00000e+01      -4.62338e-04
    2.17510e+00      9.57011e-02      1.00000e+01      -4.35741e-04
    2.20132e+00      9.11546e-02      1.00000e+01      -4.09985e-04
    2.22785e+00      8.68158e-02      1.00000e+01      -3.85833e-04
    2.25471e+00      8.26428e-02      1.00000e+01      -3.62937e-04
    2.28189e+00      7.85756e-02      1.00000e+01      -3.40863e-04
    2.30940e+00      7.46932e-02      1.00000e+01      -3.20151e-04
    2.33723e+00      7.09684e-02      1.00000e+01      -3.00575e-04
    2.36541e+00      6.73482e-02      1.00000e+01      -2.81768e-04
    2.39392e+00      6.38652e-02      1.00000e+01      -2.63941e-04
    2.42278e+00      6.05641e-02      1.00000e+01      -2.47333e-04
    2.45198e+00      5.73625e-02      1.00000e+01      -2.31420e-04
    2.48154e+00      5.42638e-02      1.00000e+01      -2.16215e-04
    2.51146e+00      5.13267e-02      1.00000e+01      -2.02045e-04
    2.54173e+00      4.85158e-02      1.00000e+01      -1.88681e-04
    2.57237e+00      4.58104e-02      1.00000e+01      -1.75977e-04
    2.60338e+00      4.32111e-02      1.00000e+01      -1.63928e-04
    2.63476e+00      4.07288e-02      1.00000e+01      -1.52613e-04
    2.66652e+00      3.83681e-02      1.00000e+01      -1.42018e-04
    2.69867e+00      3.61105e-02      1.00000e+01      -1.32011e-04
    2.73120e+00      3.39514e-02      1.00000e+01      -1.22568e-04
    2.76412e+00      3.18826e-02      1.00000e+01      -1.13646e-04
    2.79744e+00      2.99147e-02      1.00000e+01      -1.05294e-04
    2.83116e+00      2.80623e-02      1.00000e+01      -9.75423e-05
    2.86529e+00      2.62937e-02      1.00000e+01      -9.02424e-05
    2.89983e+00      2.46042e-02      1.00000e+01      -8.33680e-05
    2.93479e+00      2.29946e-02      1.00000e+01      -7.69111e-05
    2.97017e+00      2.14663e-02      1.00000e+01      -7.08657e-05
    3.00597e+00      2.00142e-02      1.00000e+01      -6.52038e-05
    3.04220e+00      1.86359e-02      1.00000e+01      -5.99076e-05
    3.07888e+00      1.73390e-02      1.00000e+01      -5.50033e-05
    3.11599e+00      1.61108e-02      1.00000e+01      -5.04238e-05
    3.15355e+00      1.49504e-02      1.00000e+01      -4.61577e-05
    3.19157e+00      1.38526e-02      1.00000e+01      -4.21795e-05
    3.23004e+00      1.28167e-02      1.00000e+01      -3.84791e-05
    3.26898e+00      1.18414e-02      1.00000e+01      -3.50450e-05
    3.30839e+00      1.09248e-02      1.00000e+01      -3.18629e-05
    3.34827e+00      1.00643e-02      1.00000e+01      -2.89184e-05
    3.38863e+00      9.25800e-03      1.00000e+01      -2.61985e-05
    3.42948e+00      8.50391e-03      1.00000e+01      -2.36907e-05
    3.47082e+00      7.79977e-03      1.00000e+01      -2.13820e-05
    3.51266e+00      7.14349e-03      1.00000e+01      -1.92605e-05
    3.55500e+00      6.53291e-03      1.00000e+01      -1.73144e-05
    3.59786e+00      5.96538e-03      1.00000e+01      -1.55310e-05
    3.64123e+00      5.44034e-03      1.00000e+01      -1.39036e-05
    3.68512e+00      4.95430e-03      1.00000e+01      -1.24181e-05
    3.72955e+00      4.50736e-03      1.00000e+01      -1.10717e-05
    3.77450e+00      4.09678e-03      1.00000e+01      -9.85273e-06
    3.82000e+00      3.71920e-03      1.00000e+01      -8.74691e-06
    3.86605e+00      3.37248e-03      1.00000e+01      -7.74532e-06
    3.91266e+00      3.05496e-03      1.00000e+01      -6.84049e-06
    3.95982e+00      2.76322e-03      1.00000e+01      -6.02100e-06
    4.00756e+00      2.49751e-03      1.00000e+01      -5.28415e-06
    4.05587e+00      2.25697e-03      1.00000e+01      -4.62753e-06
    4.10476e+00      2.03846e-03      1.00000e+01      -4.03937e-06
    4.15424e+00      1.84005e-03      1.00000e+01      -3.51242e-06
    4.20432e+00      1.65992e-03      1.00000e+01      -3.04054e-06
    4.25500e+00      1.47997e-03      1.00000e+01      -2.57975e-06
    4.30629e+00      1.35439e-03      1.00000e+01      -2.25686e-06
    4.35821e+00      1.22515e-03      1.00000e+01      -1.93220e-06
    4.41074e+00      1.10945e-03      1.00000e+01      -1.64531e-06
    4.46391e+00      1.00894e-03      1.00000e+01      -1.39967e-06
    4.51772e+00      9.20302e-04      1.00000e+01      -1.18573e-06
    4.57218e+00      8.42252e-04      1.00000e+01      -9.99615e-07
    4.62730e+00      7.76343e-04      1.00000e+01      -8.44428e-07
    4.68308e+00      7.18300e-04      1.00000e+01      -7.09588e-07
    4.73954e+00      6.69145e-04      1.00000e+01      -5.96546e-07
    4.79667e+00      6.28119e-04      1.00000e+01      -5.03299e-07
    4.85449e+00      5.93065e-04      1.00000e+01      -4.24401e-07
    4.91301e+00      5.64334e-04      1.00000e+01      -3.60475e-07
    4.97224e+00      5.39890e-04      1.00000e+01      -3.06600e-07
    5.03218e+00      5.19538e-04      1.00000e+01      -2.62260e-07
    5.09284e+00      5.02092e-04      1.00000e+01      -2.24662e-07
    5.15423e+00      4.87121e-04      1.00000e+01      -1.92839e-07
    5.21636e+00      4.73868e-04      1.00000e+01      -1.65020e-07
    5.27925e+00      4.62177e-04      1.00000e+01      -1.40878e-07
    5.34289e+00      4.51689e-04      1.00000e+01      -1.19501e-07
    5.40729e+00      4.42480e-04      1.00000e+01      -1.01009e-07
    5.47248e+00      4.34331e-04      1.00000e+01      -8.48734e-08
    5.53845e+00      4.27193e-04      1.00000e+01      -7.09278e-08
    5.60521e+00      4.21086e-04      1.00000e+01      -5.91710e-08
    5.67278e+00      4.15754e-04      1.00000e+01      -4.90436e-08
    5.74117e+00      4.11199e-04      1.00000e+01      -4.05010e-08
    5.81037e+00      4.07361e-04      1.00000e+01      -3.34224e-08
    5.88042e+00      4.04089e-04      1.00000e+01      -2.74659e-08
    5.95131e+00      4.01311e-04      1.00000e+01      -2.24841e-08
    6.02305e+00      3.98987e-04      1.00000e+01      -1.83727e-08
    6.09565e+00      3.97055e-04      1.00000e+01      -1.50140e-08
    6.16914e+00      3.95429e-04      1.00000e+01      -1.22329e-08
    6.24350e+00      3.94053e-04      1.00000e+01      -9.92113e-09
    6.31877e+00      3.92891e-04      1.00000e+01      -8.00355e-09
    6.39494e+00      3.91911e-04      1.00000e+01      -6.42059e-09
    6.47203e+00      3.91084e-04      1.00000e+01      -5.11186e-09
    6.55005e+00      3.90374e-04      1.00000e+01      -4.01852e-09
    6.62901e+00      3.89762e-04      1.00000e+01      -3.10044e-09
    6.70892e+00      3.89240e-04      1.00000e+01      -2.34018e-09
    6.78979e+00      3.88801e-04      1.00000e+01      -1.71957e-09
    6.87164e+00      3.88436e-04      1.00000e+01      -1.22308e-09
    6.95448e+00      3.88140e-04      1.00000e+01      -8.35279e-10
    7.03832e+00      3.87900e-04      1.00000e+01      -5.41270e-10
    7.12316e+00      3.87713e-04      1.00000e+01      -3.27106e-10
    7.20903e+00      3.87567e-04      1.00000e+01      -1.79292e-10
    7.29593e+00      3.87457e-04      1.00000e+01      -8.49245e-11
    7.38389e+00      3.87376e-04      1.00000e+01      -3.14767e-11
    7.47290e+00      3.87309e-04      1.00000e+01      -6.98601e-12
    7.56298e+00      3.87259e-04      1.00000e+01      -3.70596e-13
    7.65415e+00      3.87211e-04      1.00000e+01      -9.21369e-192
    7.74642e+00      3.87168e-04      1.00000e+01      -1.99453e-191
    7.83980e+00      3.87117e-04      1.00000e+01      -3.86637e-191
    7.93431e+00      3.87070e-04      1.00000e+01      -6.55457e-191
    8.02996e+00      3.87020e-04      1.00000e+01      -1.00015e-190
    8.12676e+00      3.86970e-04      1.00000e+01      -1.42097e-190
    8.22473e+00      3.86919e-04      1.00000e+01      -1.91732e-190
    8.32387e+00      3.86871e-04      1.00000e+01      -2.48514e-190
    8.42422e+00      3.86818e-04      1.00000e+01      -3.12672e-190
    8.52577e+00      3.86764e-04      1.00000e+01      -3.83660e-190
    8.62855e+00      3.86712e-04      1.00000e+01      -4.61708e-190
    8.73256e+00      3.86659e-04      1.00000e+01      -5.46382e-190
    8.83783e+00      3.86604e-04      1.00000e+01      -6.37703e-190
    8.94437e+00      3.86550e-04      1.00000e+01      -7.35526e-190
    9.05220e+00      3.86495e-04      1.00000e+01      -8.39605e-190
    9.16132e+00      3.86439e-04      1.00000e+01      -9.49952e-190
    9.27176e+00      3.86384e-04      1.00000e+01      -1.06639e-189
    9.38353e+00      3.86326e-04      1.00000e+01      -1.18874e-189
    9.49664e+00      3.86269e-04      1.00000e+01      -1.31689e-189
    9.61113e+00      3.86210e-04      1.00000e+01      -1.45074e-189
    9.72699e+00      3.86152e-04      1.00000e+01      -1.59020e-189
    9.84424e+00      3.86094e-04      1.00000e+01      -1.73510e-189
    9.96292e+00      3.86032e-04      1.00000e+01      -1.88532e-189
    1.00830e+01      3.85972e-04      1.00000e+01      -2.04074e-189
    1.02046e+01      3.85910e-04      1.00000e+01      -2.20125e-189
    1.03276e+01      3.85849e-04      1.00000e+01      -2.36673e-189
    1.04521e+01      3.85786e-04      1.00000e+01      -2.53706e-189
    1.05781e+01      3.85722e-04      1.00000e+01      -2.71213e-189
    1.07056e+01      3.85658e-04      1.00000e+01      -2.89187e-189
    1.08347e+01      3.85594e-04      1.00000e+01      -3.07612e-189
    1.09653e+01      3.85530e-04      1.00000e+01      -3.26477e-189
    1.10974e+01      3.85463e-04      1.00000e+01      -3.45772e-189
    1.12312e+01      3.85394e-04      1.00000e+01      -3.65488e-189
    1.13666e+01      3.85328e-04      1.00000e+01      -3.85614e-189
    1.15036e+01      3.85261e-04      1.00000e+01      -4.06137e-189
    1.16423e+01      3.85194e-04      1.00000e+01      -4.27051e-189
    1.17827e+01      3.85123e-04      1.00000e+01      -4.48342e-189
    1.19247e+01      3.85052e-04      1.00000e+01      -4.70003e-189
    1.20685e+01      3.84980e-04      1.00000e+01      -4.92022e-189
    1.22139e+01      3.84907e-04      1.00000e+01      -5.14391e-189
    1.23612e+01      3.84833e-04      1.00000e+01      -5.37098e-189
    1.25102e+01      3.84762e-04      1.00000e+01      -5.60136e-189
    1.26610e+01      3.84686e-04      1.00000e+01      -5.83495e-189
    1.28136e+01      3.84611e-04      1.00000e+01      -6.07164e-189
    1.29681e+01      3.84535e-04      1.00000e+01      -6.31136e-189
    1.31244e+01      3.84459e-04      1.00000e+01      -6.55401e-189
    1.32826e+01      3.84380e-04      1.00000e+01      -6.79950e-189
    1.34428e+01      3.84301e-04      1.00000e+01      -7.04774e-189
    1.36048e+01      3.84222e-04      1.00000e+01      -7.29865e-189
    1.37688e+01      3.84139e-04      1.00000e+01      -7.55214e-189
    1.39348e+01      3.84059e-04      1.00000e+01      -7.80813e-189
    1.41028e+01      3.83978e-04      1.00000e+01      -8.06652e-189
    1.42728e+01      3.83896e-04      1.00000e+01      -8.32725e-189
    1.44448e+01      3.83807e-04      1.00000e+01      -8.59022e-189
    1.46190e+01      3.83724e-04      1.00000e+01      -8.85536e-189
    1.47952e+01      3.83636e-04      1.00000e+01      -9.12258e-189
    1.49736e+01      3.83550e-04      1.00000e+01      -9.39181e-189
    1.51541e+01      3.83463e-04      1.00000e+01      -9.66296e-189
    1.53367e+01      3.83375e-04      1.00000e+01      -9.93598e-189
    1.55216e+01      3.83285e-04      1.00000e+01      -1.02108e-188
    1.57087e+01      3.83195e-04      1.00000e+01      -1.04872e-188
    1.58981e+01      3.83104e-04      1.00000e+01      -1.07653e-188
    1.60898e+01      3.83011e-04      1.00000e+01      -1.10450e-188
    1.62837e+01      3.82918e-04      1.00000e+01      -1.13261e-188
    1.64800e+01      3.82823e-04      1.00000e+01      -1.16087e-188
    1.66787e+01      3.82729e-04      1.00000e+01      -1.18925e-188
    1.68797e+01      3.82631e-04      1.00000e+01      -1.21777e-188
    1.70832e+01      3.82535e-04      1.00000e+01      -1.24640e-188
    1.72892e+01      3.82435e-04      1.00000e+01      -1.27515e-188
    1.74976e+01      3.82335e-04      1.00000e+01      -1.30400e-188
    1.77085e+01      3.82236e-04      1.00000e+01      -1.33295e-188
    1.79220e+01      3.82134e-04      1.00000e+01      -1.36200e-188
    1.81380e+01      3.82031e-04      1.00000e+01      -1.39113e-188
    1.83567e+01      3.81930e-04      1.00000e+01      -1.42034e-188
    1.85780e+01      3.81825e-04      1.00000e+01      -1.44962e-188
    1.88019e+01      3.81719e-04      1.00000e+01      -1.47897e-188
    1.90286e+01      3.81613e-04      1.00000e+01      -1.50838e-188
    1.92580e+01      3.81503e-04      1.00000e+01      -1.53784e-188
    1.94901e+01      3.81395e-04      1.00000e+01      -1.56735e-188
    1.97251e+01      3.81280e-04      1.00000e+01      -1.59690e-188
    1.99629e+01      3.81173e-04      1.00000e+01      -1.62649e-188
    2.02035e+01      3.81058e-04      1.00000e+01      -1.65611e-188
    2.04471e+01      3.80945e-04      1.00000e+01      -1.68576e-188
    2.06936e+01      3.80828e-04      1.00000e+01      -1.71542e-188
    2.09430e+01      3.80709e-04      1.00000e+01      -1.74509e-188
    2.11955e+01      3.80595e-04      1.00000e+01      -1.77477e-188
    2.14510e+01      3.80475e-04      1.00000e+01      -1.80445e-188
    2.17096e+01      3.80355e-04      1.00000e+01      -1.83413e-188
    2.19713e+01      3.80235e-04      1.00000e+01      -1.86380e-188
    2.22362e+01      3.80111e-04      1.00000e+01      -1.89345e-188
    2.25042e+01      3.79988e-04      1.00000e+01      -1.92308e-188
    2.27755e+01      3.79861e-04      1.00000e+01      -1.95269e-188
    2.30501e+01      3.79735e-04      1.00000e+01      -1.98226e-188
    2.33279e+01      3.79614e-04      1.00000e+01      -2.01180e-188
    2.36092e+01      3.79477e-04      1.00000e+01      -2.04130e-188
    2.38938e+01      3.79348e-04      1.00000e+01      -2.07074e-188
    2.41818e+01      3.79219e-04      1.00000e+01      -2.10014e-188
    2.44733e+01      3.79085e-04      1.00000e+01      -2.12948e-188
    2.47683e+01      3.78951e-04      1.00000e+01      -2.15875e-188
    2.50669e+01      3.78815e-04      1.00000e+01      -2.18796e-188
    2.53691e+01      3.78679e-04      1.00000e+01      -2.21710e-188
    2.56749e+01      3.78539e-04      1.00000e+01      -2.24616e-188
    2.59844e+01      3.78399e-04      1.00000e+01      -2.27514e-188
    2.62977e+01      3.78259e-04      1.00000e+01      -2.30403e-188
    2.66147e+01      3.78115e-04      1.00000e+01      -2.33283e-188
    2.69355e+01      3.77969e-04      1.00000e+01      -2.36153e-188
    2.72602e+01      3.77803e-04      1.00000e+01      -2.39013e-188
    2.75889e+01      3.77677e-04      1.00000e+01      -2.41863e-188
    2.79214e+01      3.77528e-04      1.00000e+01      -2.44702e-188
    2.82580e+01      3.77377e-04      1.00000e+01      -2.47529e-188
    2.85987e+01      3.77226e-04      1.00000e+01      -2.50344e-188
    2.89434e+01      3.77072e-04      1.00000e+01      -2.53147e-188
    2.92924e+01      3.76918e-04      1.00000e+01      -2.55937e-188
    2.96455e+01      3.76761e-04      1.00000e+01      -2.58715e-188
    3.00029e+01      3.76602e-04      1.00000e+01      -2.61478e-188
    3.03645e+01      3.76444e-04      1.00000e+01      -2.64227e-188
    3.07306e+01      3.76282e-04      1.00000e+01      -2.66962e-188
    3.11010e+01      3.76117e-04      1.00000e+01      -2.69682e-188
    3.14760e+01      3.75955e-04      1.00000e+01      -2.72386e-188
    3.18554e+01      3.75786e-04      1.00000e+01      -2.75075e-188
    3.22394e+01      3.75620e-04      1.00000e+01      -2.77747e-188
    3.26281e+01      3.75453e-04      1.00000e+01      -2.80403e-188
    3.30214e+01      3.75282e-04      1.00000e+01      -2.83042e-188
    3.34195e+01      3.75109e-04      1.00000e+01      -2.85664e-188
    3.38223e+01      3.74935e-04      1.00000e+01      -2.88267e-188
    3.42301e+01      3.74759e-04      1.00000e+01      -2.90853e-188
    3.46427e+01      3.74581e-04      1.00000e+01      -2.93420e-188
    3.50603e+01      3.74402e-04      1.00000e+01      -2.95968e-188
    3.54830e+01      3.74219e-04      1.00000e+01      -2.98496e-188
    3.59107e+01      3.74038e-04      1.00000e+01      -3.01005e-188
    3.63436e+01      3.73852e-04      1.00000e+01      -3.03494e-188
    3.67817e+01      3.73666e-04      1.00000e+01      -3.05962e-188
    3.72251e+01      3.73477e-04      1.00000e+01      -3.08409e-188
    3.76739e+01      3.73289e-04      1.00000e+01      -3.10835e-188
    3.81281e+01      3.73034e-04      1.00000e+01      -3.13239e-188
    3.85877e+01      3.72899e-04      1.00000e+01      -3.15621e-188
    3.90529e+01      3.72706e-04      1.00000e+01      -3.17981e-188
    3.95236e+01      3.72508e-04      1.00000e+01      -3.20318e-188
    4.00001e+01      3.72309e-04      1.00000e+01      -3.22632e-188
