    Er (keV)         SM dN/dE         BG dN/dE        BSM dN/dE (events/kg/day/keV)
    2.50100e-01      1.86908e-04      1.00000e+02      1.73579e-06
    2.52651e-01      1.86665e-04      1.00000e+02      1.73578e-06
    2.55227e-01      1.86418e-04      1.00000e+02      1.73577e-06
    2.57830e-01      1.86170e-04      1.00000e+02      1.73575e-06
    2.60459e-01      1.85919e-04      1.00000e+02      1.73574e-06
    2.63115e-01      1.85665e-04      1.00000e+02      1.73573e-06
    2.65799e-01      1.85409e-04      1.00000e+02      1.73571e-06
    2.68509e-01      1.85150e-04      1.00000e+02      1.73570e-06
    2.71248e-01      1.84888e-04      1.00000e+02      1.73569e-06
    2.74014e-01      1.84624e-04      1.00000e+02      1.73567e-06
    2.76808e-01      1.84357e-04      1.00000e+02      1.73566e-06
    2.79631e-01      1.84087e-04      1.00000e+02      1.73564e-06
    2.82483e-01      1.83815e-04      1.00000e+02      1.73563e-06
    2.85364e-01      1.83540e-04      1.00000e+02      1.73562e-06
    2.88274e-01      1.83262e-04      1.00000e+02      1.73560e-06
    2.91214e-01      1.82985e-04      1.00000e+02      1.73559e-06
    2.94184e-01      1.82713e-04      1.00000e+02      1.73558e-06
    2.97185e-01      1.82437e-04      1.00000e+02      1.73558e-06
    3.00215e-01      1.82159e-04      1.00000e+02      1.73557e-06
    3.03277e-01      1.81878e-04      1.00000e+02      1.73557e-06
    3.06370e-01      1.81594e-04      1.00000e+02      1.73556e-06
    3.09495e-01      1.81307e-04      1.00000e+02      1.73555e-06
    3.12651e-01      1.81018e-04      1.00000e+02      1.73555e-06
    3.15840e-01      1.80725e-04      1.00000e+02      1.73554e-06
    3.19061e-01      1.80429e-04      1.00000e+02      1.73554e-06
    3.22315e-01      1.80131e-04      1.00000e+02      1.73553e-06
    3.25602e-01      1.79829e-04      1.00000e+02      1.73552e-06
    3.28923e-01      1.79524e-04      1.00000e+02      1.73552e-06
    3.32278e-01      1.79223e-04      1.00000e+02      1.73551e-06
    3.35667e-01      1.78923e-04      1.00000e+02      1.73550e-06
    3.39090e-01      1.78621e-04      1.00000e+02      1.73550e-06
    3.42549e-01      1.78315e-04      1.00000e+02      1.73549e-06
    3.46042e-01      1.78006e-04      1.00000e+02      1.73548e-06
    3.49572e-01      1.77694e-04      1.00000e+02      1.73547e-06
    3.53137e-01      1.77378e-04      1.00000e+02      1.73547e-06
    3.56739e-01      1.77060e-04      1.00000e+02      1.73546e-06
    3.60377e-01      1.76738e-04      1.00000e+02      1.73545e-06
    3.64053e-01      1.76413e-04      1.00000e+02      1.73544e-06
    3.67766e-01      1.76084e-04      1.00000e+02      1.73544e-06
    3.71517e-01      1.75756e-04      1.00000e+02      1.73543e-06
    3.75306e-01      1.75433e-04      1.00000e+02      1.73542e-06
    3.79134e-01      1.75106e-04      1.00000e+02      1.73541e-06
    3.83001e-01      1.74776e-04      1.00000e+02      1.73540e-06
    3.86907e-01      1.74443e-04      1.00000e+02      1.73539e-06
    3.90853e-01      1.74106e-04      1.00000e+02      1.73539e-06
    3.94840e-01      1.73766e-04      1.00000e+02      1.73538e-06
    3.98867e-01      1.73422e-04      1.00000e+02      1.73537e-06
    4.02935e-01      1.73075e-04      1.00000e+02      1.73536e-06
    4.07045e-01      1.72724e-04      1.00000e+02      1.73535e-06
    4.11196e-01      1.72372e-04      1.00000e+02      1.73534e-06
    4.15391e-01      1.72026e-04      1.00000e+02      1.73533e-06
    4.19627e-01      1.71676e-04      1.00000e+02      1.73532e-06
    4.23907e-01      1.71323e-04      1.00000e+02      1.73531e-06
    4.28231e-01      1.70967e-04      1.00000e+02      1.73530e-06
    4.32599e-01      1.70607e-04      1.00000e+02      1.73529e-06
    4.37011e-01      1.70243e-04      1.00000e+02      1.73528e-06
    4.41469e-01      1.69875e-04      1.00000e+02      1.73527e-06
    4.45971e-01      1.69504e-04      1.00000e+02      1.73526e-06
    4.50520e-01      1.69129e-04      1.00000e+02      1.73525e-06
    4.55115e-01      1.68761e-04      1.00000e+02      1.73524e-06
    4.59758e-01      1.68390e-04      1.00000e+02      1.73523e-06
    4.64447e-01      1.68015e-04      1.00000e+02      1.73522e-06
    4.69184e-01      1.67637e-04      1.00000e+02      1.73521e-06
    4.73970e-01      1.67254e-04      1.00000e+02      1.73520e-06
    4.78804e-01      1.66868e-04      1.00000e+02      1.73519e-06
    4.83688e-01      1.66478e-04      1.00000e+02      1.73518e-06
    4.88622e-01      1.66084e-04      1.00000e+02      1.73517e-06
    4.93606e-01      1.65692e-04      1.00000e+02      1.73516e-06
    4.98640e-01      1.65302e-04      1.00000e+02      1.73514e-06
    5.03726e-01      1.64908e-04      1.00000e+02      1.73513e-06
    5.08865e-01      1.64510e-04      1.00000e+02      1.73512e-06
    5.14055e-01      1.64108e-04      1.00000e+02      1.73511e-06
    5.19298e-01      1.63702e-04      1.00000e+02      1.73510e-06
    5.24595e-01      1.63292e-04      1.00000e+02      1.73509e-06
    5.29946e-01      1.62877e-04      1.00000e+02      1.73507e-06
    5.35352e-01      1.62469e-04      1.00000e+02      1.73506e-06
    5.40812e-01      1.62059e-04      1.00000e+02      1.73505e-06
    5.46329e-01      1.61645e-04      1.00000e+02      1.73504e-06
    5.51901e-01      1.61227e-04      1.00000e+02      1.73502e-06
    5.57531e-01      1.60804e-04      1.00000e+02      1.73501e-06
    5.63218e-01      1.60378e-04      1.00000e+02      1.73500e-06
    5.68963e-01      1.59946e-04      1.00000e+02      1.73498e-06
    5.74766e-01      1.59518e-04      1.00000e+02      1.73497e-06
    5.80629e-01      1.59091e-04      1.00000e+02      1.73496e-06
    5.86552e-01      1.58659e-04      1.00000e+02      1.73494e-06
    5.92535e-01      1.58223e-04      1.00000e+02      1.73493e-06
    5.98579e-01      1.57783e-04      1.00000e+02      1.73492e-06
    6.04684e-01      1.57338e-04      1.00000e+02      1.73490e-06
    6.10852e-01      1.56888e-04      1.00000e+02      1.73489e-06
    6.17083e-01      1.56446e-04      1.00000e+02      1.73487e-06
    6.23378e-01      1.56000e-04      1.00000e+02      1.73486e-06
    6.29736e-01      1.55550e-04      1.00000e+02      1.73485e-06
    6.36160e-01      1.55095e-04      1.00000e+02      1.73484e-06
    6.42649e-01      1.54636e-04      1.00000e+02      1.73482e-06
    6.49204e-01      1.54172e-04      1.00000e+02      1.73481e-06
    6.55827e-01      1.53711e-04      1.00000e+02      1.73479e-06
    6.62516e-01      1.53250e-04      1.00000e+02      1.73478e-06
    6.69274e-01      1.52785e-04      1.00000e+02      1.73477e-06
    6.76101e-01      1.52314e-04      1.00000e+02      1.73475e-06
    6.82998e-01      1.51839e-04      1.00000e+02      1.73474e-06
    6.89965e-01      1.51359e-04      1.00000e+02      1.73473e-06
    6.97003e-01      1.50884e-04      1.00000e+02      1.73471e-06
    7.04113e-01      1.50407e-04      1.00000e+02      1.73470e-06
    7.11295e-01      1.49926e-04      1.00000e+02      1.73469e-06
    7.18551e-01      1.49439e-04      1.00000e+02      1.73467e-06
    7.25880e-01      1.48948e-04      1.00000e+02      1.73466e-06
    7.33285e-01      1.48454e-04      1.00000e+02      1.73464e-06
    7.40765e-01      1.47966e-04      1.00000e+02      1.73463e-06
    7.48321e-01      1.47473e-04      1.00000e+02      1.73461e-06
    7.55954e-01      1.46975e-04      1.00000e+02      1.73460e-06
    7.63666e-01      1.46472e-04      1.00000e+02      1.73459e-06
    7.71456e-01      1.45964e-04      1.00000e+02      1.73457e-06
    7.79325e-01      1.45463e-04      1.00000e+02      1.73455e-06
    7.87275e-01      1.44957e-04      1.00000e+02      1.73454e-06
    7.95305e-01      1.44447e-04      1.00000e+02      1.73452e-06
    8.03418e-01      1.43931e-04      1.00000e+02      1.73451e-06
    8.11614e-01      1.43410e-04      1.00000e+02      1.73449e-06
    8.19893e-01      1.42896e-04      1.00000e+02      1.73447e-06
    8.28256e-01      1.42378e-04      1.00000e+02      1.73446e-06
    8.36705e-01      1.41855e-04      1.00000e+02      1.73444e-06
    8.45240e-01      1.41326e-04      1.00000e+02      1.73442e-06
    8.53862e-01      1.40794e-04      1.00000e+02      1.73440e-06
    8.62573e-01      1.40268e-04      1.00000e+02      1.73438e-06
    8.71372e-01      1.39737e-04      1.00000e+02      1.73436e-06
    8.80260e-01      1.39200e-04      1.00000e+02      1.73435e-06
    8.89240e-01      1.38658e-04      1.00000e+02      1.73433e-06
    8.98311e-01      1.38118e-04      1.00000e+02      1.73431e-06
    9.07474e-01      1.37579e-04      1.00000e+02      1.73429e-06
    9.16731e-01      1.37033e-04      1.00000e+02      1.73426e-06
    9.26083e-01      1.36482e-04      1.00000e+02      1.73424e-06
    9.35530e-01      1.35930e-04      1.00000e+02      1.73422e-06
    9.45073e-01      1.35381e-04      1.00000e+02      1.73420e-06
    9.54714e-01      1.34826e-04      1.00000e+02      1.73418e-06
    9.64453e-01      1.34265e-04      1.00000e+02      1.73415e-06
    9.74291e-01      1.33702e-04      1.00000e+02      1.73413e-06
    9.84230e-01      1.33144e-04      1.00000e+02      1.73411e-06
    9.94270e-01      1.32580e-04      1.00000e+02      1.73408e-06
    1.00441e+00      1.32011e-04      1.00000e+02      1.73406e-06
    1.01466e+00      1.31438e-04      1.00000e+02      1.73404e-06
    1.02501e+00      1.30870e-04      1.00000e+02      1.73401e-06
    1.03547e+00      1.30297e-04      1.00000e+02      1.73399e-06
    1.04603e+00      1.29718e-04      1.00000e+02      1.73396e-06
    1.05670e+00      1.29138e-04      1.00000e+02      1.73394e-06
    1.06748e+00      1.28561e-04      1.00000e+02      1.73391e-06
    1.07837e+00      1.27977e-04      1.00000e+02      1.73389e-06
    1.08937e+00      1.27388e-04      1.00000e+02      1.73386e-06
    1.10048e+00      1.26802e-04      1.00000e+02      1.73384e-06
    1.11171e+00      1.26215e-04      1.00000e+02      1.73381e-06
    1.12305e+00      1.25621e-04      1.00000e+02      1.73378e-06
    1.13450e+00      1.25023e-04      1.00000e+02      1.73376e-06
    1.14608e+00      1.24430e-04      1.00000e+02      1.73373e-06
    1.15777e+00      1.23832e-04      1.00000e+02      1.73370e-06
    1.16958e+00      1.23228e-04      1.00000e+02      1.73367e-06
    1.18151e+00      1.22626e-04      1.00000e+02      1.73365e-06
    1.19356e+00      1.22023e-04      1.00000e+02      1.73362e-06
    1.20574e+00      1.21414e-04      1.00000e+02      1.73359e-06
    1.21804e+00      1.20804e-04      1.00000e+02      1.73356e-06
    1.23046e+00      1.20196e-04      1.00000e+02      1.73353e-06
    1.24302e+00      1.19583e-04      1.00000e+02      1.73350e-06
    1.25570e+00      1.18965e-04      1.00000e+02      1.73347e-06
    1.26851e+00      1.18352e-04      1.00000e+02      1.73344e-06
    1.28145e+00      1.17733e-04      1.00000e+02      1.73341e-06
    1.29452e+00      1.17108e-04      1.00000e+02      1.73338e-06
    1.30772e+00      1.16490e-04      1.00000e+02      1.73335e-06
    1.32107e+00      1.15865e-04      1.00000e+02      1.73332e-06
    1.33454e+00      1.15234e-04      1.00000e+02      1.73329e-06
    1.34816e+00      1.14611e-04      1.00000e+02      1.73326e-06
    1.36191e+00      1.13981e-04      1.00000e+02      1.73323e-06
    1.37580e+00      1.13346e-04      1.00000e+02      1.73320e-06
    1.38984e+00      1.12717e-04      1.00000e+02      1.73317e-06
    1.40401e+00      1.12081e-04      1.00000e+02      1.73313e-06
    1.41834e+00      1.11442e-04      1.00000e+02      1.73310e-06
    1.43281e+00      1.10806e-04      1.00000e+02      1.73307e-06
    1.44742e+00      1.10163e-04      1.00000e+02      1.73303e-06
    1.46219e+00      1.09521e-04      1.00000e+02      1.73300e-06
    1.47711e+00      1.08880e-04      1.00000e+02      1.73297e-06
    1.49217e+00      1.08232e-04      1.00000e+02      1.73293e-06
    1.50740e+00      1.07589e-04      1.00000e+02      1.73290e-06
    1.52277e+00      1.06942e-04      1.00000e+02      1.73286e-06
    1.53831e+00      1.06291e-04      1.00000e+02      1.73283e-06
    1.55400e+00      1.05644e-04      1.00000e+02      1.73279e-06
    1.56985e+00      1.04991e-04      1.00000e+02      1.73275e-06
    1.58587e+00      1.04340e-04      1.00000e+02      1.73272e-06
    1.60205e+00      1.03686e-04      1.00000e+02      1.73268e-06
    1.61839e+00      1.03029e-04      1.00000e+02      1.73264e-06
    1.63490e+00      1.02375e-04      1.00000e+02      1.73260e-06
    1.65158e+00      1.01715e-04      1.00000e+02      1.73256e-06
    1.66843e+00      1.01058e-04      1.00000e+02      1.73252e-06
    1.68545e+00      1.00398e-04      1.00000e+02      1.73248e-06
    1.70264e+00      9.97362e-05      1.00000e+02      1.73244e-06
    1.72001e+00      9.90757e-05      1.00000e+02      1.73240e-06
    1.73756e+00      9.84099e-05      1.00000e+02      1.73236e-06
    1.75528e+00      9.77492e-05      1.00000e+02      1.73231e-06
    1.77319e+00      9.70817e-05      1.00000e+02      1.73227e-06
    1.79128e+00      9.64188e-05      1.00000e+02      1.73223e-06
    1.80955e+00      9.57510e-05      1.00000e+02      1.73218e-06
    1.82801e+00      9.50850e-05      1.00000e+02      1.73214e-06
    1.84666e+00      9.44168e-05      1.00000e+02      1.73209e-06
    1.86550e+00      9.37483e-05      1.00000e+02      1.73205e-06
    1.88453e+00      9.30796e-05      1.00000e+02      1.73200e-06
    1.90375e+00      9.24092e-05      1.00000e+02      1.73196e-06
    1.92318e+00      9.17397e-05      1.00000e+02      1.73191e-06
    1.94279e+00      9.10680e-05      1.00000e+02      1.73186e-06
    1.96261e+00      9.03987e-05      1.00000e+02      1.73182e-06
    1.98264e+00      8.97265e-05      1.00000e+02      1.73177e-06
    2.00286e+00      8.90564e-05      1.00000e+02      1.73172e-06
    2.02329e+00      8.83835e-05      1.00000e+02      1.73167e-06
    2.04393e+00      8.77124e-05      1.00000e+02      1.73162e-06
    2.06479e+00      8.70392e-05      1.00000e+02      1.73157e-06
    2.08585e+00      8.63671e-05      1.00000e+02      1.73152e-06
    2.10713e+00      8.56940e-05      1.00000e+02      1.73147e-06
    2.12862e+00      8.50207e-05      1.00000e+02      1.73142e-06
    2.15034e+00      8.43484e-05      1.00000e+02      1.73136e-06
    2.17228e+00      8.36744e-05      1.00000e+02      1.73131e-06
    2.19444e+00      8.30041e-05      1.00000e+02      1.73126e-06
    2.21682e+00      8.23302e-05      1.00000e+02      1.73121e-06
    2.23944e+00      8.16614e-05      1.00000e+02      1.73115e-06
    2.26228e+00      8.09885e-05      1.00000e+02      1.73110e-06
    2.28536e+00      8.03185e-05      1.00000e+02      1.73104e-06
    2.30868e+00      7.96474e-05      1.00000e+02      1.73099e-06
    2.33223e+00      7.89759e-05      1.00000e+02      1.73093e-06
    2.35602e+00      7.83075e-05      1.00000e+02      1.73087e-06
    2.38006e+00      7.76365e-05      1.00000e+02      1.73081e-06
    2.40434e+00      7.69700e-05      1.00000e+02      1.73075e-06
    2.42887e+00      7.63017e-05      1.00000e+02      1.73069e-06
    2.45364e+00      7.56331e-05      1.00000e+02      1.73063e-06
    2.47868e+00      7.49677e-05      1.00000e+02      1.73057e-06
    2.50396e+00      7.43006e-05      1.00000e+02      1.73051e-06
    2.52951e+00      7.36369e-05      1.00000e+02      1.73045e-06
    2.55531e+00      7.29744e-05      1.00000e+02      1.73038e-06
    2.58138e+00      7.23107e-05      1.00000e+02      1.73032e-06
    2.60771e+00      7.16514e-05      1.00000e+02      1.73025e-06
    2.63432e+00      7.09922e-05      1.00000e+02      1.73019e-06
    2.66119e+00      7.03323e-05      1.00000e+02      1.73012e-06
    2.68834e+00      6.96767e-05      1.00000e+02      1.73011e-06
    2.71577e+00      6.90212e-05      1.00000e+02      1.73006e-06
    2.74347e+00      6.83654e-05      1.00000e+02      1.72999e-06
    2.77146e+00      6.77128e-05      1.00000e+02      1.72992e-06
    2.79973e+00      6.70615e-05      1.00000e+02      1.72985e-06
    2.82830e+00      6.64106e-05      1.00000e+02      1.72977e-06
    2.85715e+00      6.57617e-05      1.00000e+02      1.72970e-06
    2.88630e+00      6.51168e-05      1.00000e+02      1.72962e-06
    2.91574e+00      6.44723e-05      1.00000e+02      1.72955e-06
    2.94549e+00      6.38286e-05      1.00000e+02      1.72947e-06
    2.97554e+00      6.31882e-05      1.00000e+02      1.72939e-06
    3.00589e+00      6.25507e-05      1.00000e+02      1.72931e-06
    3.03656e+00      6.19145e-05      1.00000e+02      1.72923e-06
    3.06753e+00      6.12796e-05      1.00000e+02      1.72915e-06
    3.09883e+00      6.06466e-05      1.00000e+02      1.72907e-06
    3.13044e+00      6.00179e-05      1.00000e+02      1.72899e-06
    3.16238e+00      5.93914e-05      1.00000e+02      1.72891e-06
    3.19464e+00      5.87670e-05      1.00000e+02      1.72882e-06
    3.22723e+00      5.81444e-05      1.00000e+02      1.72874e-06
    3.26015e+00      5.75238e-05      1.00000e+02      1.72865e-06
    3.29341e+00      5.69078e-05      1.00000e+02      1.72857e-06
    3.32701e+00      5.62938e-05      1.00000e+02      1.72848e-06
    3.36095e+00      5.56818e-05      1.00000e+02      1.72839e-06
    3.39524e+00      5.50724e-05      1.00000e+02      1.72830e-06
    3.42988e+00      5.44663e-05      1.00000e+02      1.72821e-06
    3.46487e+00      5.38636e-05      1.00000e+02      1.72812e-06
    3.50022e+00      5.32643e-05      1.00000e+02      1.72803e-06
    3.53592e+00      5.26687e-05      1.00000e+02      1.72794e-06
    3.57200e+00      5.20756e-05      1.00000e+02      1.72785e-06
    3.60844e+00      5.14855e-05      1.00000e+02      1.72775e-06
    3.64525e+00      5.08990e-05      1.00000e+02      1.72766e-06
    3.68244e+00      5.03161e-05      1.00000e+02      1.72756e-06
    3.72000e+00      4.97364e-05      1.00000e+02      1.72746e-06
    3.75796e+00      4.91598e-05      1.00000e+02      1.72736e-06
    3.79629e+00      4.85866e-05      1.00000e+02      1.72726e-06
    3.83502e+00      4.80175e-05      1.00000e+02      1.72716e-06
    3.87415e+00      4.74525e-05      1.00000e+02      1.72705e-06
    3.91367e+00      4.68913e-05      1.00000e+02      1.72695e-06
    3.95360e+00      4.63341e-05      1.00000e+02      1.72684e-06
    3.99393e+00      4.57810e-05      1.00000e+02      1.72673e-06
    4.03467e+00      4.52318e-05      1.00000e+02      1.72662e-06
    4.07584e+00      4.46863e-05      1.00000e+02      1.72651e-06
    4.11742e+00      4.41449e-05      1.00000e+02      1.72640e-06
    4.15942e+00      4.36076e-05      1.00000e+02      1.72629e-06
    4.20185e+00      4.30745e-05      1.00000e+02      1.72617e-06
    4.24472e+00      4.25456e-05      1.00000e+02      1.72606e-06
    4.28803e+00      4.20217e-05      1.00000e+02      1.72594e-06
    4.33177e+00      4.15023e-05      1.00000e+02      1.72583e-06
    4.37596e+00      4.09874e-05      1.00000e+02      1.72571e-06
    4.42061e+00      4.04769e-05      1.00000e+02      1.72559e-06
    4.46570e+00      3.99708e-05      1.00000e+02      1.72547e-06
    4.51126e+00      3.94699e-05      1.00000e+02      1.72534e-06
    4.55728e+00      3.89729e-05      1.00000e+02      1.72522e-06
    4.60378e+00      3.84812e-05      1.00000e+02      1.72509e-06
    4.65074e+00      3.79950e-05      1.00000e+02      1.72497e-06
    4.69819e+00      3.75134e-05      1.00000e+02      1.72484e-06
    4.74612e+00      3.70361e-05      1.00000e+02      1.72471e-06
    4.79454e+00      3.65645e-05      1.00000e+02      1.72458e-06
    4.84345e+00      3.60978e-05      1.00000e+02      1.72445e-06
    4.89286e+00      3.56355e-05      1.00000e+02      1.72432e-06
    4.94278e+00      3.51783e-05      1.00000e+02      1.72418e-06
    4.99321e+00      3.47275e-05      1.00000e+02      1.72405e-06
    5.04415e+00      3.42824e-05      1.00000e+02      1.72391e-06
    5.09561e+00      3.38419e-05      1.00000e+02      1.72377e-06
    5.14759e+00      3.34059e-05      1.00000e+02      1.72362e-06
    5.20010e+00      3.29762e-05      1.00000e+02      1.72348e-06
    5.25316e+00      3.25519e-05      1.00000e+02      1.72333e-06
    5.30675e+00      3.21326e-05      1.00000e+02      1.72318e-06
    5.36089e+00      3.17192e-05      1.00000e+02      1.72303e-06
    5.41558e+00      3.13108e-05      1.00000e+02      1.72288e-06
    5.47083e+00      3.09079e-05      1.00000e+02      1.72272e-06
    5.52664e+00      3.05119e-05      1.00000e+02      1.72257e-06
    5.58302e+00      3.01206e-05      1.00000e+02      1.72241e-06
    5.63998e+00      2.97355e-05      1.00000e+02      1.72225e-06
    5.69752e+00      2.93561e-05      1.00000e+02      1.72210e-06
    5.75564e+00      2.89819e-05      1.00000e+02      1.72193e-06
    5.81436e+00      2.86139e-05      1.00000e+02      1.72177e-06
    5.87368e+00      2.82510e-05      1.00000e+02      1.72161e-06
    5.93360e+00      2.78943e-05      1.00000e+02      1.72144e-06
    5.99413e+00      2.75435e-05      1.00000e+02      1.72127e-06
    6.05528e+00      2.71991e-05      1.00000e+02      1.72110e-06
    6.11706e+00      2.68602e-05      1.00000e+02      1.72093e-06
    6.17946e+00      2.65276e-05      1.00000e+02      1.72075e-06
    6.24251e+00      2.62002e-05      1.00000e+02      1.72058e-06
    6.30619e+00      2.58782e-05      1.00000e+02      1.72040e-06
    6.37053e+00      2.55629e-05      1.00000e+02      1.72022e-06
    6.43552e+00      2.52534e-05      1.00000e+02      1.72004e-06
    6.50117e+00      2.49503e-05      1.00000e+02      1.71986e-06
    6.56750e+00      2.46530e-05      1.00000e+02      1.71967e-06
    6.63450e+00      2.43610e-05      1.00000e+02      1.71948e-06
    6.70218e+00      2.40746e-05      1.00000e+02      1.71929e-06
    6.77056e+00      2.37947e-05      1.00000e+02      1.71910e-06
    6.83963e+00      2.35212e-05      1.00000e+02      1.71890e-06
    6.90941e+00      2.32535e-05      1.00000e+02      1.71870e-06
    6.97990e+00      2.29912e-05      1.00000e+02      1.71849e-06
    7.05110e+00      2.27346e-05      1.00000e+02      1.71829e-06
    7.12304e+00      2.24839e-05      1.00000e+02      1.71808e-06
    7.19571e+00      2.22394e-05      1.00000e+02      1.71787e-06
    7.26912e+00      2.20005e-05      1.00000e+02      1.71766e-06
    7.34328e+00      2.17674e-05      1.00000e+02      1.71744e-06
    7.41819e+00      2.15402e-05      1.00000e+02      1.71723e-06
    7.49387e+00      2.13186e-05      1.00000e+02      1.71700e-06
    7.57032e+00      2.11027e-05      1.00000e+02      1.71678e-06
    7.64755e+00      2.08926e-05      1.00000e+02      1.71656e-06
    7.72557e+00      2.06880e-05      1.00000e+02      1.71633e-06
    7.80439e+00      2.04889e-05      1.00000e+02      1.71610e-06
    7.88401e+00      2.02950e-05      1.00000e+02      1.71587e-06
    7.96444e+00      2.01072e-05      1.00000e+02      1.71564e-06
    8.04569e+00      1.99246e-05      1.00000e+02      1.71540e-06
    8.12777e+00      1.97477e-05      1.00000e+02      1.71516e-06
    8.21069e+00      1.95761e-05      1.00000e+02      1.71492e-06
    8.29446e+00      1.94095e-05      1.00000e+02      1.71468e-06
    8.37908e+00      1.92480e-05      1.00000e+02      1.71443e-06
    8.46456e+00      1.90917e-05      1.00000e+02      1.71418e-06
    8.55092e+00      1.89407e-05      1.00000e+02      1.71393e-06
    8.63815e+00      1.87951e-05      1.00000e+02      1.71367e-06
    8.72628e+00      1.86540e-05      1.00000e+02      1.71340e-06
    8.81530e+00      1.85171e-05      1.00000e+02      1.71314e-06
    8.90523e+00      1.83862e-05      1.00000e+02      1.71287e-06
    8.99608e+00      1.82599e-05      1.00000e+02      1.71260e-06
    9.08786e+00      1.81376e-05      1.00000e+02      1.71232e-06
    9.18058e+00      1.80203e-05      1.00000e+02      1.71204e-06
    9.27424e+00      1.79074e-05      1.00000e+02      1.71176e-06
    9.36885e+00      1.77991e-05      1.00000e+02      1.71148e-06
    9.46443e+00      1.76950e-05      1.00000e+02      1.71119e-06
    9.56099e+00      1.75952e-05      1.00000e+02      1.71090e-06
    9.65853e+00      1.74996e-05      1.00000e+02      1.71060e-06
    9.75706e+00      1.74079e-05      1.00000e+02      1.71031e-06
    9.85660e+00      1.73204e-05      1.00000e+02      1.71001e-06
    9.95716e+00      1.72367e-05      1.00000e+02      1.70970e-06
    1.00587e+01      1.71567e-05      1.00000e+02      1.70940e-06
    1.01614e+01      1.70803e-05      1.00000e+02      1.70908e-06
    1.02650e+01      1.70077e-05      1.00000e+02      1.70877e-06
    1.03697e+01      1.69383e-05      1.00000e+02      1.70845e-06
    1.04755e+01      1.68726e-05      1.00000e+02      1.70812e-06
    1.05824e+01      1.68100e-05      1.00000e+02      1.70780e-06
    1.06904e+01      1.67505e-05      1.00000e+02      1.70746e-06
    1.07994e+01      1.66940e-05      1.00000e+02      1.70713e-06
    1.09096e+01      1.66406e-05      1.00000e+02      1.70679e-06
    1.10209e+01      1.65903e-05      1.00000e+02      1.70644e-06
    1.11333e+01      1.65420e-05      1.00000e+02      1.70610e-06
    1.12469e+01      1.64968e-05      1.00000e+02      1.70575e-06
    1.13617e+01      1.64543e-05      1.00000e+02      1.70539e-06
    1.14776e+01      1.64139e-05      1.00000e+02      1.70503e-06
    1.15947e+01      1.63759e-05      1.00000e+02      1.70467e-06
    1.17130e+01      1.63400e-05      1.00000e+02      1.70431e-06
    1.18325e+01      1.63063e-05      1.00000e+02      1.70394e-06
    1.19532e+01      1.62745e-05      1.00000e+02      1.70356e-06
    1.20751e+01      1.62446e-05      1.00000e+02      1.70318e-06
    1.21983e+01      1.62164e-05      1.00000e+02      1.70280e-06
    1.23228e+01      1.61899e-05      1.00000e+02      1.70241e-06
    1.24485e+01      1.61649e-05      1.00000e+02      1.70202e-06
    1.25755e+01      1.61415e-05      1.00000e+02      1.70162e-06
    1.27038e+01      1.61193e-05      1.00000e+02      1.70122e-06
    1.28334e+01      1.60985e-05      1.00000e+02      1.70082e-06
    1.29643e+01      1.60787e-05      1.00000e+02      1.70041e-06
    1.30966e+01      1.60600e-05      1.00000e+02      1.70000e-06
    1.32302e+01      1.60423e-05      1.00000e+02      1.69958e-06
    1.33651e+01      1.60255e-05      1.00000e+02      1.69915e-06
    1.35015e+01      1.60094e-05      1.00000e+02      1.69872e-06
    1.36392e+01      1.59942e-05      1.00000e+02      1.69829e-06
    1.37784e+01      1.59795e-05      1.00000e+02      1.69785e-06
    1.39189e+01      1.59655e-05      1.00000e+02      1.69740e-06
    1.40609e+01      1.59517e-05      1.00000e+02      1.69694e-06
    1.42044e+01      1.59385e-05      1.00000e+02      1.69648e-06
    1.43493e+01      1.59257e-05      1.00000e+02      1.69601e-06
    1.44957e+01      1.59132e-05      1.00000e+02      1.69554e-06
    1.46436e+01      1.59011e-05      1.00000e+02      1.69508e-06
    1.47930e+01      1.58890e-05      1.00000e+02      1.69460e-06
    1.49439e+01      1.58772e-05      1.00000e+02      1.69411e-06
    1.50963e+01      1.58655e-05      1.00000e+02      1.69362e-06
    1.52504e+01      1.58538e-05      1.00000e+02      1.69312e-06
    1.54059e+01      1.58422e-05      1.00000e+02      1.69262e-06
    1.55631e+01      1.58307e-05      1.00000e+02      1.69211e-06
    1.57219e+01      1.58191e-05      1.00000e+02      1.69159e-06
    1.58823e+01      1.58076e-05      1.00000e+02      1.69107e-06
    1.60443e+01      1.57961e-05      1.00000e+02      1.69054e-06
    1.62080e+01      1.57846e-05      1.00000e+02      1.69001e-06
    1.63733e+01      1.57729e-05      1.00000e+02      1.68947e-06
    1.65404e+01      1.57613e-05      1.00000e+02      1.68892e-06
    1.67091e+01      1.57495e-05      1.00000e+02      1.68837e-06
    1.68796e+01      1.57377e-05      1.00000e+02      1.68781e-06
    1.70518e+01      1.57258e-05      1.00000e+02      1.68724e-06
    1.72258e+01      1.57138e-05      1.00000e+02      1.68666e-06
    1.74015e+01      1.57017e-05      1.00000e+02      1.68607e-06
    1.75790e+01      1.56895e-05      1.00000e+02      1.68549e-06
    1.77584e+01      1.56773e-05      1.00000e+02      1.68489e-06
    1.79395e+01      1.56650e-05      1.00000e+02      1.68429e-06
    1.81226e+01      1.56525e-05      1.00000e+02      1.68369e-06
    1.83075e+01      1.56400e-05      1.00000e+02      1.68307e-06
    1.84942e+01      1.56274e-05      1.00000e+02      1.68245e-06
    1.86829e+01      1.56147e-05      1.00000e+02      1.68182e-06
    1.88735e+01      1.56018e-05      1.00000e+02      1.68119e-06
    1.90661e+01      1.55889e-05      1.00000e+02      1.68055e-06
    1.92606e+01      1.55758e-05      1.00000e+02      1.67989e-06
    1.94571e+01      1.55627e-05      1.00000e+02      1.67923e-06
    1.96556e+01      1.55494e-05      1.00000e+02      1.67857e-06
    1.98561e+01      1.55360e-05      1.00000e+02      1.67789e-06
    2.00587e+01      1.55225e-05      1.00000e+02      1.67721e-06
    2.02633e+01      1.55089e-05      1.00000e+02      1.67652e-06
    2.04700e+01      1.54953e-05      1.00000e+02      1.67582e-06
    2.06789e+01      1.54814e-05      1.00000e+02      1.67512e-06
    2.08898e+01      1.54675e-05      1.00000e+02      1.67441e-06
    2.11029e+01      1.54535e-05      1.00000e+02      1.67368e-06
    2.13182e+01      1.54393e-05      1.00000e+02      1.67295e-06
    2.15357e+01      1.54250e-05      1.00000e+02      1.67221e-06
    2.17554e+01      1.54106e-05      1.00000e+02      1.67147e-06
    2.19774e+01      1.53960e-05      1.00000e+02      1.67071e-06
    2.22016e+01      1.53814e-05      1.00000e+02      1.66995e-06
    2.24281e+01      1.53666e-05      1.00000e+02      1.66917e-06
    2.26569e+01      1.53517e-05      1.00000e+02      1.66839e-06
    2.28880e+01      1.53367e-05      1.00000e+02      1.66759e-06
    2.31215e+01      1.53215e-05      1.00000e+02      1.66679e-06
    2.33574e+01      1.53062e-05      1.00000e+02      1.66598e-06
    2.35957e+01      1.52908e-05      1.00000e+02      1.66516e-06
    2.38364e+01      1.52752e-05      1.00000e+02      1.66432e-06
    2.40796e+01      1.52595e-05      1.00000e+02      1.66348e-06
    2.43253e+01      1.52436e-05      1.00000e+02      1.66262e-06
    2.45735e+01      1.52277e-05      1.00000e+02      1.66176e-06
    2.48242e+01      1.52116e-05      1.00000e+02      1.66089e-06
    2.50774e+01      1.51954e-05      1.00000e+02      1.66001e-06
    2.53332e+01      1.51790e-05      1.00000e+02      1.65913e-06
    2.55917e+01      1.51625e-05      1.00000e+02      1.65823e-06
    2.58528e+01      1.51459e-05      1.00000e+02      1.65731e-06
    2.61165e+01      1.51291e-05      1.00000e+02      1.65639e-06
    2.63830e+01      1.51121e-05      1.00000e+02      1.65546e-06
    2.66521e+01      1.50951e-05      1.00000e+02      1.65451e-06
    2.69240e+01      1.50779e-05      1.00000e+02      1.65356e-06
    2.71987e+01      1.50605e-05      1.00000e+02      1.65260e-06
    2.74762e+01      1.50430e-05      1.00000e+02      1.65162e-06
    2.77565e+01      1.50253e-05      1.00000e+02      1.65063e-06
    2.80397e+01      1.50075e-05      1.00000e+02      1.64962e-06
    2.83257e+01      1.49895e-05      1.00000e+02      1.64860e-06
    2.86147e+01      1.49713e-05      1.00000e+02      1.64758e-06
    2.89067e+01      1.49530e-05      1.00000e+02      1.64654e-06
    2.92016e+01      1.49345e-05      1.00000e+02      1.64548e-06
    2.94995e+01      1.49159e-05      1.00000e+02      1.64442e-06
    2.98004e+01      1.48972e-05      1.00000e+02      1.64335e-06
    3.01045e+01      1.48783e-05      1.00000e+02      1.64226e-06
    3.04116e+01      1.48592e-05      1.00000e+02      1.64116e-06
    3.07218e+01      1.48400e-05      1.00000e+02      1.64005e-06
    3.10353e+01      1.48206e-05      1.00000e+02      1.63892e-06
    3.13519e+01      1.48011e-05      1.00000e+02      1.63779e-06
    3.16717e+01      1.47815e-05      1.00000e+02      1.63665e-06
    3.19948e+01      1.47617e-05      1.00000e+02      1.63549e-06
    3.23213e+01      1.47417e-05      1.00000e+02      1.63432e-06
    3.26510e+01      1.47216e-05      1.00000e+02      1.63314e-06
    3.29841e+01      1.47013e-05      1.00000e+02      1.63194e-06
    3.33206e+01      1.46809e-05      1.00000e+02      1.63073e-06
    3.36605e+01      1.46603e-05      1.00000e+02      1.62951e-06
    3.40040e+01      1.46394e-05      1.00000e+02      1.62827e-06
    3.43509e+01      1.46184e-05      1.00000e+02      1.62701e-06
    3.47013e+01      1.45972e-05      1.00000e+02      1.62573e-06
    3.50553e+01      1.45758e-05      1.00000e+02      1.62444e-06
    3.54130e+01      1.45542e-05      1.00000e+02      1.62313e-06
    3.57743e+01      1.45324e-05      1.00000e+02      1.62181e-06
    3.61392e+01      1.45105e-05      1.00000e+02      1.62047e-06
    3.65079e+01      1.44884e-05      1.00000e+02      1.61912e-06
    3.68804e+01      1.44661e-05      1.00000e+02      1.61775e-06
    3.72566e+01      1.44436e-05      1.00000e+02      1.61636e-06
    3.76367e+01      1.44210e-05      1.00000e+02      1.61497e-06
    3.80207e+01      1.43982e-05      1.00000e+02      1.61355e-06
    3.84086e+01      1.43752e-05      1.00000e+02      1.61213e-06
    3.88004e+01      1.43520e-05      1.00000e+02      1.61068e-06
    3.91963e+01      1.43287e-05      1.00000e+02      1.60923e-06
    3.95961e+01      1.43052e-05      1.00000e+02      1.60776e-06
    4.00001e+01      1.42816e-05      1.00000e+02      1.60627e-06
