    Er (keV)         SM dN/dE         BG dN/dE        BSM dN/dE (events/kg/day/keV)
    5.01000e-02      1.11864e+02      1.00000e+01      -6.47038e+00
    5.07438e-02      1.11151e+02      1.00000e+01      -6.39605e+00
    5.13959e-02      1.10429e+02      1.00000e+01      -6.32077e+00
    5.20564e-02      1.09698e+02      1.00000e+01      -6.24452e+00
    5.27254e-02      1.08957e+02      1.00000e+01      -6.16728e+00
    5.34030e-02      1.08207e+02      1.00000e+01      -6.08905e+00
    5.40893e-02      1.07447e+02      1.00000e+01      -6.00982e+00
    5.47845e-02      1.06677e+02      1.00000e+01      -5.92956e+00
    5.54886e-02      1.05897e+02      1.00000e+01      -5.84827e+00
    5.62018e-02      1.05107e+02      1.00000e+01      -5.76594e+00
    5.69242e-02      1.04307e+02      1.00000e+01      -5.68254e+00
    5.76558e-02      1.03497e+02      1.00000e+01      -5.59807e+00
    5.83969e-02      1.02677e+02      1.00000e+01      -5.51252e+00
    5.91476e-02      1.01845e+02      1.00000e+01      -5.42586e+00
    5.99079e-02      1.01004e+02      1.00000e+01      -5.33808e+00
    6.06779e-02      1.00151e+02      1.00000e+01      -5.24918e+00
    6.14580e-02      9.92871e+01      1.00000e+01      -5.15913e+00
    6.22480e-02      9.84123e+01      1.00000e+01      -5.06792e+00
    6.30482e-02      9.75262e+01      1.00000e+01      -4.97553e+00
    6.38587e-02      9.66287e+01      1.00000e+01      -4.88196e+00
    6.46797e-02      9.57196e+01      1.00000e+01      -4.78718e+00
    6.55112e-02      9.47989e+01      1.00000e+01      -4.69118e+00
    6.63535e-02      9.38662e+01      1.00000e+01      -4.59395e+00
    6.72066e-02      9.29216e+01      1.00000e+01      -4.49546e+00
    6.80706e-02      9.19648e+01      1.00000e+01      -4.39571e+00
    6.89458e-02      9.09957e+01      1.00000e+01      -4.29467e+00
    6.98323e-02      9.00141e+01      1.00000e+01      -4.19233e+00
    7.07302e-02      8.90199e+01      1.00000e+01      -4.08867e+00
    7.16396e-02      8.80129e+01      1.00000e+01      -3.98368e+00
    7.25607e-02      8.69929e+01      1.00000e+01      -3.87733e+00
    7.34938e-02      8.59597e+01      1.00000e+01      -3.76962e+00
    7.44388e-02      8.49133e+01      1.00000e+01      -3.66052e+00
    7.53960e-02      8.38534e+01      1.00000e+01      -3.55001e+00
    7.63655e-02      8.27798e+01      1.00000e+01      -3.43809e+00
    7.73475e-02      8.16924e+01      1.00000e+01      -3.32472e+00
    7.83421e-02      8.05911e+01      1.00000e+01      -3.20989e+00
    7.93496e-02      7.94755e+01      1.00000e+01      -3.09358e+00
    8.03700e-02      7.83959e+01      1.00000e+01      -2.98411e+00
    8.14035e-02      7.76939e+01      1.00000e+01      -2.93817e+00
    8.24504e-02      7.69828e+01      1.00000e+01      -2.89163e+00
    8.35108e-02      7.62626e+01      1.00000e+01      -2.84449e+00
    8.45848e-02      7.55332e+01      1.00000e+01      -2.79675e+00
    8.56726e-02      7.47943e+01      1.00000e+01      -2.74839e+00
    8.67744e-02      7.40459e+01      1.00000e+01      -2.69940e+00
    8.78905e-02      7.32879e+01      1.00000e+01      -2.64979e+00
    8.90209e-02      7.25202e+01      1.00000e+01      -2.59954e+00
    9.01658e-02      7.17425e+01      1.00000e+01      -2.54864e+00
    9.13255e-02      7.09549e+01      1.00000e+01      -2.49709e+00
    9.25001e-02      7.01571e+01      1.00000e+01      -2.44487e+00
    9.36899e-02      6.93490e+01      1.00000e+01      -2.39198e+00
    9.48949e-02      6.85305e+01      1.00000e+01      -2.33841e+00
    9.61155e-02      6.77015e+01      1.00000e+01      -2.28415e+00
    9.73518e-02      6.68618e+01      1.00000e+01      -2.22919e+00
    9.86040e-02      6.60113e+01      1.00000e+01      -2.17352e+00
    9.98724e-02      6.51498e+01      1.00000e+01      -2.11714e+00
    1.01157e-01      6.42772e+01      1.00000e+01      -2.06003e+00
    1.02458e-01      6.33935e+01      1.00000e+01      -2.00218e+00
    1.03776e-01      6.24983e+01      1.00000e+01      -1.94359e+00
    1.05111e-01      6.15916e+01      1.00000e+01      -1.88425e+00
    1.06463e-01      6.06732e+01      1.00000e+01      -1.82414e+00
    1.07833e-01      5.97430e+01      1.00000e+01      -1.76326e+00
    1.09220e-01      5.88009e+01      1.00000e+01      -1.70159e+00
    1.10625e-01      5.78739e+01      1.00000e+01      -1.64191e+00
    1.12048e-01      5.72310e+01      1.00000e+01      -1.61167e+00
    1.13490e-01      5.65799e+01      1.00000e+01      -1.58103e+00
    1.14950e-01      5.59204e+01      1.00000e+01      -1.55000e+00
    1.16428e-01      5.52525e+01      1.00000e+01      -1.51857e+00
    1.17926e-01      5.45759e+01      1.00000e+01      -1.48673e+00
    1.19443e-01      5.38906e+01      1.00000e+01      -1.45449e+00
    1.20980e-01      5.31965e+01      1.00000e+01      -1.42182e+00
    1.22537e-01      5.24934e+01      1.00000e+01      -1.38874e+00
    1.24113e-01      5.17813e+01      1.00000e+01      -1.35524e+00
    1.25710e-01      5.10600e+01      1.00000e+01      -1.32130e+00
    1.27327e-01      5.03295e+01      1.00000e+01      -1.28692e+00
    1.28965e-01      4.95895e+01      1.00000e+01      -1.25210e+00
    1.30625e-01      4.88400e+01      1.00000e+01      -1.21684e+00
    1.32305e-01      4.80809e+01      1.00000e+01      -1.18112e+00
    1.34008e-01      4.73119e+01      1.00000e+01      -1.14494e+00
    1.35732e-01      4.65331e+01      1.00000e+01      -1.10829e+00
    1.37478e-01      4.57443e+01      1.00000e+01      -1.07117e+00
    1.39247e-01      4.49452e+01      1.00000e+01      -1.03357e+00
    1.41039e-01      4.41735e+01      1.00000e+01      -9.98218e-01
    1.42854e-01      4.35961e+01      1.00000e+01      -9.77223e-01
    1.44692e-01      4.30112e+01      1.00000e+01      -9.55957e-01
    1.46553e-01      4.24188e+01      1.00000e+01      -9.34417e-01
    1.48439e-01      4.18188e+01      1.00000e+01      -9.12600e-01
    1.50349e-01      4.12111e+01      1.00000e+01      -8.90503e-01
    1.52284e-01      4.05955e+01      1.00000e+01      -8.68120e-01
    1.54243e-01      3.99720e+01      1.00000e+01      -8.45450e-01
    1.56228e-01      3.93405e+01      1.00000e+01      -8.22487e-01
    1.58238e-01      3.87008e+01      1.00000e+01      -7.99229e-01
    1.60275e-01      3.80529e+01      1.00000e+01      -7.75672e-01
    1.62337e-01      3.73967e+01      1.00000e+01      -7.51811e-01
    1.64426e-01      3.67320e+01      1.00000e+01      -7.27643e-01
    1.66542e-01      3.60588e+01      1.00000e+01      -7.03163e-01
    1.68685e-01      3.53769e+01      1.00000e+01      -6.78369e-01
    1.70856e-01      3.46862e+01      1.00000e+01      -6.53255e-01
    1.73054e-01      3.41594e+01      1.00000e+01      -6.37429e-01
    1.75281e-01      3.36391e+01      1.00000e+01      -6.22136e-01
    1.77537e-01      3.31121e+01      1.00000e+01      -6.06645e-01
    1.79822e-01      3.25783e+01      1.00000e+01      -5.90955e-01
    1.82136e-01      3.20376e+01      1.00000e+01      -5.75063e-01
    1.84480e-01      3.14900e+01      1.00000e+01      -5.58966e-01
    1.86854e-01      3.09353e+01      1.00000e+01      -5.42663e-01
    1.89258e-01      3.03735e+01      1.00000e+01      -5.26149e-01
    1.91694e-01      2.98045e+01      1.00000e+01      -5.09422e-01
    1.94161e-01      2.92281e+01      1.00000e+01      -4.92480e-01
    1.96660e-01      2.86443e+01      1.00000e+01      -4.75320e-01
    1.99191e-01      2.80529e+01      1.00000e+01      -4.57939e-01
    2.01754e-01      2.74818e+01      1.00000e+01      -4.41577e-01
    2.04351e-01      2.70219e+01      1.00000e+01      -4.30307e-01
    2.06981e-01      2.65561e+01      1.00000e+01      -4.18892e-01
    2.09644e-01      2.60842e+01      1.00000e+01      -4.07330e-01
    2.12342e-01      2.56064e+01      1.00000e+01      -3.95619e-01
    2.15075e-01      2.51223e+01      1.00000e+01      -3.83758e-01
    2.17843e-01      2.46320e+01      1.00000e+01      -3.71744e-01
    2.20647e-01      2.41354e+01      1.00000e+01      -3.59575e-01
    2.23487e-01      2.36325e+01      1.00000e+01      -3.47249e-01
    2.26363e-01      2.31230e+01      1.00000e+01      -3.34765e-01
    2.29276e-01      2.26070e+01      1.00000e+01      -3.22120e-01
    2.32227e-01      2.21130e+01      1.00000e+01      -3.10362e-01
    2.35216e-01      2.17038e+01      1.00000e+01      -3.01797e-01
    2.38244e-01      2.12893e+01      1.00000e+01      -2.93121e-01
    2.41310e-01      2.08696e+01      1.00000e+01      -2.84333e-01
    2.44416e-01      2.04444e+01      1.00000e+01      -2.75432e-01
    2.47562e-01      2.00137e+01      1.00000e+01      -2.66417e-01
    2.50748e-01      1.95775e+01      1.00000e+01      -2.57286e-01
    2.53975e-01      1.91357e+01      1.00000e+01      -2.48036e-01
    2.57244e-01      1.86882e+01      1.00000e+01      -2.38668e-01
    2.60555e-01      1.82349e+01      1.00000e+01      -2.29180e-01
    2.63909e-01      1.78391e+01      1.00000e+01      -2.21515e-01
    2.67306e-01      1.74744e+01      1.00000e+01      -2.14868e-01
    2.70746e-01      1.71051e+01      1.00000e+01      -2.08136e-01
    2.74231e-01      1.67309e+01      1.00000e+01      -2.01316e-01
    2.77761e-01      1.63520e+01      1.00000e+01      -1.94409e-01
    2.81336e-01      1.59682e+01      1.00000e+01      -1.87413e-01
    2.84957e-01      1.55795e+01      1.00000e+01      -1.80327e-01
    2.88625e-01      1.51857e+01      1.00000e+01      -1.73150e-01
    2.92340e-01      1.47940e+01      1.00000e+01      -1.66067e-01
    2.96103e-01      1.44727e+01      1.00000e+01      -1.60895e-01
    2.99914e-01      1.41474e+01      1.00000e+01      -1.55656e-01
    3.03775e-01      1.38178e+01      1.00000e+01      -1.50350e-01
    3.07685e-01      1.34840e+01      1.00000e+01      -1.44976e-01
    3.11645e-01      1.31459e+01      1.00000e+01      -1.39532e-01
    3.15657e-01      1.28035e+01      1.00000e+01      -1.34018e-01
    3.19720e-01      1.24566e+01      1.00000e+01      -1.28434e-01
    3.23835e-01      1.21320e+01      1.00000e+01      -1.23387e-01
    3.28004e-01      1.18474e+01      1.00000e+01      -1.19284e-01
    3.32226e-01      1.15592e+01      1.00000e+01      -1.15129e-01
    3.36502e-01      1.12673e+01      1.00000e+01      -1.10919e-01
    3.40834e-01      1.09716e+01      1.00000e+01      -1.06656e-01
    3.45221e-01      1.06721e+01      1.00000e+01      -1.02338e-01
    3.49665e-01      1.03687e+01      1.00000e+01      -9.79641e-02
    3.54166e-01      1.00827e+01      1.00000e+01      -9.39673e-02
    3.58725e-01      9.83065e+00      1.00000e+01      -9.06841e-02
    3.63343e-01      9.57533e+00      1.00000e+01      -8.73587e-02
    3.68020e-01      9.31672e+00      1.00000e+01      -8.39905e-02
    3.72757e-01      9.05479e+00      1.00000e+01      -8.05789e-02
    3.77556e-01      8.78947e+00      1.00000e+01      -7.71234e-02
    3.82416e-01      8.52075e+00      1.00000e+01      -7.36234e-02
    3.87338e-01      8.29597e+00      1.00000e+01      -7.09293e-02
    3.92324e-01      8.07211e+00      1.00000e+01      -6.82689e-02
    3.97375e-01      7.84536e+00      1.00000e+01      -6.55743e-02
    4.02490e-01      7.61570e+00      1.00000e+01      -6.28450e-02
    4.07671e-01      7.38308e+00      1.00000e+01      -6.00805e-02
    4.12919e-01      7.14746e+00      1.00000e+01      -5.72805e-02
    4.18235e-01      6.95057e+00      1.00000e+01      -5.51283e-02
    4.23619e-01      6.75204e+00      1.00000e+01      -5.29631e-02
    4.29072e-01      6.55095e+00      1.00000e+01      -5.07701e-02
    4.34595e-01      6.34728e+00      1.00000e+01      -4.85488e-02
    4.40190e-01      6.14098e+00      1.00000e+01      -4.62989e-02
    4.45857e-01      5.94859e+00      1.00000e+01      -4.42660e-02
    4.51596e-01      5.77389e+00      1.00000e+01      -4.25061e-02
    4.57410e-01      5.59694e+00      1.00000e+01      -4.07236e-02
    4.63298e-01      5.41772e+00      1.00000e+01      -3.89182e-02
    4.69262e-01      5.23618e+00      1.00000e+01      -3.70894e-02
    4.75303e-01      5.06146e+00      1.00000e+01      -3.53614e-02
    4.81422e-01      4.90687e+00      1.00000e+01      -3.39154e-02
    4.87619e-01      4.75029e+00      1.00000e+01      -3.24507e-02
    4.93897e-01      4.59170e+00      1.00000e+01      -3.09672e-02
    5.00255e-01      4.43107e+00      1.00000e+01      -2.94645e-02
    5.06695e-01      4.28058e+00      1.00000e+01      -2.80952e-02
    5.13218e-01      4.14321e+00      1.00000e+01      -2.68961e-02
    5.19825e-01      4.00406e+00      1.00000e+01      -2.56815e-02
    5.26517e-01      3.86312e+00      1.00000e+01      -2.44514e-02
    5.33295e-01      3.72037e+00      1.00000e+01      -2.32054e-02
    5.40160e-01      3.59641e+00      1.00000e+01      -2.21837e-02
    5.47114e-01      3.47340e+00      1.00000e+01      -2.11785e-02
    5.54158e-01      3.34881e+00      1.00000e+01      -2.01604e-02
    5.61292e-01      3.22261e+00      1.00000e+01      -1.91292e-02
    5.68518e-01      3.10672e+00      1.00000e+01      -1.82128e-02
    5.75837e-01      2.99792e+00      1.00000e+01      -1.73768e-02
    5.83250e-01      2.88773e+00      1.00000e+01      -1.65301e-02
    5.90758e-01      2.77611e+00      1.00000e+01      -1.56724e-02
    5.98364e-01      2.67195e+00      1.00000e+01      -1.48927e-02
    6.06067e-01      2.57538e+00      1.00000e+01      -1.41924e-02
    6.13869e-01      2.47757e+00      1.00000e+01      -1.34831e-02
    6.21772e-01      2.37850e+00      1.00000e+01      -1.27647e-02
    6.29777e-01      2.28695e+00      1.00000e+01      -1.21230e-02
    6.37885e-01      2.19964e+00      1.00000e+01      -1.15260e-02
    6.46097e-01      2.11120e+00      1.00000e+01      -1.09214e-02
    6.54415e-01      2.02163e+00      1.00000e+01      -1.03089e-02
    6.62840e-01      1.94333e+00      1.00000e+01      -9.79913e-03
    6.71373e-01      1.86506e+00      1.00000e+01      -9.29190e-03
    6.80017e-01      1.78577e+00      1.00000e+01      -8.77814e-03
    6.88771e-01      1.70999e+00      1.00000e+01      -8.29608e-03
    6.97639e-01      1.64022e+00      1.00000e+01      -7.86696e-03
    7.06620e-01      1.56955e+00      1.00000e+01      -7.43233e-03
    7.15717e-01      1.49815e+00      1.00000e+01      -6.99353e-03
    7.24932e-01      1.43591e+00      1.00000e+01      -6.62930e-03
    7.34265e-01      1.37287e+00      1.00000e+01      -6.26039e-03
    7.43718e-01      1.30902e+00      1.00000e+01      -5.88673e-03
    7.53293e-01      1.25144e+00      1.00000e+01      -5.56158e-03
    7.62991e-01      1.19512e+00      1.00000e+01      -5.24733e-03
    7.72814e-01      1.13807e+00      1.00000e+01      -4.92903e-03
    7.82763e-01      1.08563e+00      1.00000e+01      -4.64488e-03
    7.92841e-01      1.03514e+00      1.00000e+01      -4.37584e-03
    8.03048e-01      9.83998e-01      1.00000e+01      -4.10333e-03
    8.13387e-01      9.37123e-01      1.00000e+01      -3.86052e-03
    8.23859e-01      8.91949e-01      1.00000e+01      -3.63011e-03
    8.34466e-01      8.46193e-01      1.00000e+01      -3.39673e-03
    8.45209e-01      8.04866e-01      1.00000e+01      -3.19286e-03
    8.56091e-01      7.64242e-01      1.00000e+01      -2.99437e-03
    8.67113e-01      7.23242e-01      1.00000e+01      -2.79422e-03
    8.78276e-01      6.87142e-01      1.00000e+01      -2.62499e-03
    8.89584e-01      6.50578e-01      1.00000e+01      -2.45358e-03
    9.01037e-01      6.15248e-01      1.00000e+01      -2.29000e-03
    9.12637e-01      5.82725e-01      1.00000e+01      -2.14352e-03
    9.24387e-01      5.49784e-01      1.00000e+01      -1.99514e-03
    9.36288e-01      5.19652e-01      1.00000e+01      -1.86326e-03
    9.48343e-01      4.90204e-01      1.00000e+01      -1.73578e-03
    9.60552e-01      4.61353e-01      1.00000e+01      -1.61188e-03
    9.72919e-01      4.35194e-01      1.00000e+01      -1.50276e-03
    9.85445e-01      4.08699e-01      1.00000e+01      -1.39224e-03
    9.98133e-01      3.84736e-01      1.00000e+01      -1.29510e-03
    1.01098e+00      3.61138e-01      1.00000e+01      -1.20018e-03
    1.02400e+00      3.38681e-01      1.00000e+01      -1.11117e-03
    1.03718e+00      3.17689e-01      1.00000e+01      -1.02966e-03
    1.05054e+00      2.96882e-01      1.00000e+01      -9.49278e-04
    1.06406e+00      2.78138e-01      1.00000e+01      -8.78975e-04
    1.07776e+00      2.59152e-01      1.00000e+01      -8.07766e-04
    1.09164e+00      2.42368e-01      1.00000e+01      -7.46725e-04
    1.10569e+00      2.25524e-01      1.00000e+01      -6.85607e-04
    1.11993e+00      2.10208e-01      1.00000e+01      -6.31382e-04
    1.13435e+00      1.95197e-01      1.00000e+01      -5.78666e-04
    1.14895e+00      1.81347e-01      1.00000e+01      -5.31012e-04
    1.16374e+00      1.67979e-01      1.00000e+01      -4.85542e-04
    1.17873e+00      1.55474e-01      1.00000e+01      -4.43811e-04
    1.19390e+00      1.43434e-01      1.00000e+01      -4.04154e-04
    1.20928e+00      1.32424e-01      1.00000e+01      -3.68493e-04
    1.22484e+00      1.21977e-01      1.00000e+01      -3.35055e-04
    1.24061e+00      1.12292e-01      1.00000e+01      -3.04658e-04
    1.25659e+00      1.02904e-01      1.00000e+01      -2.75503e-04
    1.27277e+00      9.44119e-02      1.00000e+01      -2.49696e-04
    1.28915e+00      8.60958e-02      1.00000e+01      -2.24601e-04
    1.30575e+00      7.87618e-02      1.00000e+01      -2.03028e-04
    1.32256e+00      7.15403e-02      1.00000e+01      -1.81894e-04
    1.33959e+00      6.51570e-02      1.00000e+01      -1.63662e-04
    1.35684e+00      5.90233e-02      1.00000e+01      -1.46284e-04
    1.37431e+00      5.34439e-02      1.00000e+01      -1.30759e-04
    1.39200e+00      4.82795e-02      1.00000e+01      -1.16602e-04
    1.40992e+00      4.33567e-02      1.00000e+01      -1.03255e-04
    1.42808e+00      3.90758e-02      1.00000e+01      -9.19060e-05
    1.44646e+00      3.49730e-02      1.00000e+01      -8.11151e-05
    1.46509e+00      3.13031e-02      1.00000e+01      -7.16417e-05
    1.48395e+00      2.79533e-02      1.00000e+01      -6.31170e-05
    1.50306e+00      2.47934e-02      1.00000e+01      -5.51599e-05
    1.52241e+00      2.20678e-02      1.00000e+01      -4.84492e-05
    1.54201e+00      1.95169e-02      1.00000e+01      -4.22342e-05
    1.56186e+00      1.71532e-02      1.00000e+01      -3.65486e-05
    1.58197e+00      1.51461e-02      1.00000e+01      -3.18187e-05
    1.60234e+00      1.32735e-02      1.00000e+01      -2.74530e-05
    1.62297e+00      1.15460e-02      1.00000e+01      -2.34794e-05
    1.64387e+00      1.00451e-02      1.00000e+01      -2.01066e-05
    1.66503e+00      8.71192e-03      1.00000e+01      -1.71347e-05
    1.68647e+00      7.53849e-03      1.00000e+01      -1.45468e-05
    1.70819e+00      6.50724e-03      1.00000e+01      -1.23168e-05
    1.73018e+00      5.60500e-03      1.00000e+01      -1.03916e-05
    1.75246e+00      4.80361e-03      1.00000e+01      -8.70118e-06
    1.77502e+00      4.10133e-03      1.00000e+01      -7.23838e-06
    1.79787e+00      3.52974e-03      1.00000e+01      -6.06738e-06
    1.82102e+00      3.03202e-03      1.00000e+01      -5.05918e-06
    1.84447e+00      2.60799e-03      1.00000e+01      -4.20878e-06
    1.86822e+00      2.25576e-03      1.00000e+01      -3.50902e-06
    1.89227e+00      1.96443e-03      1.00000e+01      -2.93840e-06
    1.91663e+00      1.72517e-03      1.00000e+01      -2.47531e-06
    1.94131e+00      1.52204e-03      1.00000e+01      -2.08644e-06
    1.96631e+00      1.34949e-03      1.00000e+01      -1.76010e-06
    1.99162e+00      1.20410e-03      1.00000e+01      -1.48513e-06
    2.01727e+00      1.08606e-03      1.00000e+01      -1.25172e-06
    2.04324e+00      9.78426e-04      1.00000e+01      -1.05700e-06
    2.06955e+00      8.84209e-04      1.00000e+01      -8.89027e-07
    2.09619e+00      8.01639e-04      1.00000e+01      -7.43835e-07
    2.12318e+00      7.29401e-04      1.00000e+01      -6.18592e-07
    2.15052e+00      6.66369e-04      1.00000e+01      -5.10851e-07
    2.17821e+00      6.12656e-04      1.00000e+01      -4.20211e-07
    2.20625e+00      5.67844e-04      1.00000e+01      -3.45524e-07
    2.23466e+00      5.29138e-04      1.00000e+01      -2.81953e-07
    2.26343e+00      4.96605e-04      1.00000e+01      -2.29231e-07
    2.29257e+00      4.69445e-04      1.00000e+01      -1.85802e-07
    2.32209e+00      4.46909e-04      1.00000e+01      -1.50242e-07
    2.35199e+00      4.28257e-04      1.00000e+01      -1.21198e-07
    2.38227e+00      4.12647e-04      1.00000e+01      -9.72513e-08
    2.41295e+00      3.99833e-04      1.00000e+01      -7.78578e-08
    2.44401e+00      3.89212e-04      1.00000e+01      -6.20191e-08
    2.47548e+00      3.80409e-04      1.00000e+01      -4.90866e-08
    2.50736e+00      3.73056e-04      1.00000e+01      -3.84521e-08
    2.53964e+00      3.66930e-04      1.00000e+01      -2.97325e-08
    2.57234e+00      3.61843e-04      1.00000e+01      -2.26068e-08
    2.60546e+00      3.57652e-04      1.00000e+01      -1.68292e-08
    2.63901e+00      3.54239e-04      1.00000e+01      -1.21930e-08
    2.67298e+00      3.51509e-04      1.00000e+01      -8.53945e-09
    2.70740e+00      3.49381e-04      1.00000e+01      -5.73499e-09
    2.74226e+00      3.47779e-04      1.00000e+01      -3.65300e-09
    2.77757e+00      3.46665e-04      1.00000e+01      -2.23092e-09
    2.81333e+00      3.45902e-04      1.00000e+01      -1.27283e-09
    2.84955e+00      3.45410e-04      1.00000e+01      -6.66338e-10
    2.88624e+00      3.45109e-04      1.00000e+01      -3.10744e-10
    2.92341e+00      3.44938e-04      1.00000e+01      -1.19484e-10
    2.96105e+00      3.44852e-04      1.00000e+01      -3.90982e-11
    2.99917e+00      3.44806e-04      1.00000e+01      -7.76338e-12
    3.03779e+00      3.44781e-04      1.00000e+01      -3.95445e-13
    3.07690e+00      3.44759e-04      1.00000e+01      -6.20821e-190
    3.11652e+00      3.44736e-04      1.00000e+01      -9.12190e-190
    3.15665e+00      3.44714e-04      1.00000e+01      -1.26325e-189
    3.19729e+00      3.44691e-04      1.00000e+01      -1.67363e-189
    3.23846e+00      3.44669e-04      1.00000e+01      -2.15025e-189
    3.28015e+00      3.44645e-04      1.00000e+01      -2.68207e-189
    3.32239e+00      3.44625e-04      1.00000e+01      -3.27204e-189
    3.36517e+00      3.44599e-04      1.00000e+01      -3.92015e-189
    3.40849e+00      3.44575e-04      1.00000e+01      -4.61967e-189
    3.45238e+00      3.44551e-04      1.00000e+01      -5.37801e-189
    3.49683e+00      3.44526e-04      1.00000e+01      -6.18471e-189
    3.54186e+00      3.44502e-04      1.00000e+01      -7.04622e-189
    3.58746e+00      3.44478e-04      1.00000e+01      -7.95472e-189
    3.63365e+00      3.44436e-04      1.00000e+01      -8.91505e-189
    3.68044e+00      3.44427e-04      1.00000e+01      -9.91994e-189
    3.72783e+00      3.44400e-04      1.00000e+01      -1.09747e-188
    3.77582e+00      3.44374e-04      1.00000e+01      -1.20725e-188
    3.82444e+00      3.44349e-04      1.00000e+01      -1.32156e-188
    3.87368e+00      3.44323e-04      1.00000e+01      -1.44016e-188
    3.92356e+00      3.44294e-04      1.00000e+01      -1.56285e-188
    3.97408e+00      3.44269e-04      1.00000e+01      -1.68979e-188
    4.02525e+00      3.44242e-04      1.00000e+01      -1.82063e-188
    4.07708e+00      3.44213e-04      1.00000e+01      -1.95529e-188
    4.12957e+00      3.44187e-04      1.00000e+01      -2.09377e-188
    4.18274e+00      3.44158e-04      1.00000e+01      -2.23592e-188
    4.23660e+00      3.44129e-04      1.00000e+01      -2.38159e-188
    4.29115e+00      3.44099e-04      1.00000e+01      -2.53069e-188
    4.34640e+00      3.44074e-04      1.00000e+01      -2.68314e-188
    4.40236e+00      3.44043e-04      1.00000e+01      -2.83887e-188
    4.45905e+00      3.44012e-04      1.00000e+01      -2.99775e-188
    4.51646e+00      3.43982e-04      1.00000e+01      -3.15967e-188
    4.57461e+00      3.43952e-04      1.00000e+01      -3.32455e-188
    4.63351e+00      3.43920e-04      1.00000e+01      -3.49228e-188
    4.69317e+00      3.43890e-04      1.00000e+01      -3.66277e-188
    4.75360e+00      3.43858e-04      1.00000e+01      -3.83594e-188
    4.81481e+00      3.43826e-04      1.00000e+01      -4.01170e-188
    4.87680e+00      3.43794e-04      1.00000e+01      -4.18994e-188
    4.93960e+00      3.43762e-04      1.00000e+01      -4.37058e-188
    5.00320e+00      3.43729e-04      1.00000e+01      -4.55354e-188
    5.06762e+00      3.43696e-04      1.00000e+01      -4.73872e-188
    5.13287e+00      3.43663e-04      1.00000e+01      -4.92605e-188
    5.19896e+00      3.43629e-04      1.00000e+01      -5.11542e-188
    5.26590e+00      3.43597e-04      1.00000e+01      -5.30677e-188
    5.33370e+00      3.43562e-04      1.00000e+01      -5.50000e-188
    5.40238e+00      3.43529e-04      1.00000e+01      -5.69505e-188
    5.47194e+00      3.43495e-04      1.00000e+01      -5.89181e-188
    5.54239e+00      3.43465e-04      1.00000e+01      -6.09020e-188
    5.61375e+00      3.43426e-04      1.00000e+01      -6.29019e-188
    5.68604e+00      3.43391e-04      1.00000e+01      -6.49163e-188
    5.75925e+00      3.43358e-04      1.00000e+01      -6.69449e-188
    5.83340e+00      3.43320e-04      1.00000e+01      -6.89870e-188
    5.90851e+00      3.43285e-04      1.00000e+01      -7.10414e-188
    5.98459e+00      3.43250e-04      1.00000e+01      -7.31078e-188
    6.06165e+00      3.43214e-04      1.00000e+01      -7.51851e-188
    6.13970e+00      3.43178e-04      1.00000e+01      -7.72728e-188
    6.21875e+00      3.43141e-04      1.00000e+01      -7.93703e-188
    6.29882e+00      3.43109e-04      1.00000e+01      -8.14763e-188
    6.37992e+00      3.43067e-04      1.00000e+01      -8.35908e-188
    6.46207e+00      3.43030e-04      1.00000e+01      -8.57129e-188
    6.54527e+00      3.43109e-04      1.00000e+01      -8.78414e-188
    6.62955e+00      3.42952e-04      1.00000e+01      -8.99761e-188
    6.71491e+00      3.42912e-04      1.00000e+01      -9.21164e-188
    6.80137e+00      3.42872e-04      1.00000e+01      -9.42616e-188
    6.88895e+00      3.42831e-04      1.00000e+01      -9.64109e-188
    6.97765e+00      3.42792e-04      1.00000e+01      -9.85635e-188
    7.06749e+00      3.42750e-04      1.00000e+01      -1.00719e-187
    7.15849e+00      3.42708e-04      1.00000e+01      -1.02876e-187
    7.25066e+00      3.42666e-04      1.00000e+01      -1.05036e-187
    7.34402e+00      3.42624e-04      1.00000e+01      -1.07196e-187
    7.43858e+00      3.42580e-04      1.00000e+01      -1.09356e-187
    7.53436e+00      3.42534e-04      1.00000e+01      -1.11516e-187
    7.63137e+00      3.42490e-04      1.00000e+01      -1.13675e-187
    7.72963e+00      3.42445e-04      1.00000e+01      -1.15832e-187
    7.82916e+00      3.42401e-04      1.00000e+01      -1.17988e-187
    7.92997e+00      3.42356e-04      1.00000e+01      -1.20140e-187
    8.03207e+00      3.42309e-04      1.00000e+01      -1.22290e-187
    8.13549e+00      3.42262e-04      1.00000e+01      -1.24435e-187
    8.24024e+00      3.42213e-04      1.00000e+01      -1.26576e-187
    8.34634e+00      3.42166e-04      1.00000e+01      -1.28712e-187
    8.45381e+00      3.42118e-04      1.00000e+01      -1.30842e-187
    8.56266e+00      3.42068e-04      1.00000e+01      -1.32966e-187
    8.67291e+00      3.42018e-04      1.00000e+01      -1.35084e-187
    8.78458e+00      3.41966e-04      1.00000e+01      -1.37194e-187
    8.89769e+00      3.41918e-04      1.00000e+01      -1.39297e-187
    9.01226e+00      3.41864e-04      1.00000e+01      -1.41391e-187
    9.12830e+00      3.41812e-04      1.00000e+01      -1.43477e-187
    9.24583e+00      3.41759e-04      1.00000e+01      -1.45553e-187
    9.36488e+00      3.41706e-04      1.00000e+01      -1.47619e-187
    9.48546e+00      3.41651e-04      1.00000e+01      -1.49675e-187
    9.60760e+00      3.41595e-04      1.00000e+01      -1.51720e-187
    9.73131e+00      3.41541e-04      1.00000e+01      -1.53753e-187
    9.85660e+00      3.41486e-04      1.00000e+01      -1.55775e-187
    9.98352e+00      3.41427e-04      1.00000e+01      -1.57784e-187
    1.01121e+01      3.41370e-04      1.00000e+01      -1.59780e-187
    1.02423e+01      3.41312e-04      1.00000e+01      -1.61763e-187
    1.03741e+01      3.41252e-04      1.00000e+01      -1.63732e-187
    1.05077e+01      3.41194e-04      1.00000e+01      -1.65687e-187
    1.06430e+01      3.41133e-04      1.00000e+01      -1.67627e-187
    1.07801e+01      3.41073e-04      1.00000e+01      -1.69552e-187
    1.09189e+01      3.41012e-04      1.00000e+01      -1.71461e-187
    1.10595e+01      3.40950e-04      1.00000e+01      -1.73353e-187
    1.12019e+01      3.40885e-04      1.00000e+01      -1.75229e-187
    1.13461e+01      3.40828e-04      1.00000e+01      -1.77089e-187
    1.14922e+01      3.40759e-04      1.00000e+01      -1.78930e-187
    1.16402e+01      3.40697e-04      1.00000e+01      -1.80754e-187
    1.17900e+01      3.40629e-04      1.00000e+01      -1.82559e-187
    1.19418e+01      3.40562e-04      1.00000e+01      -1.84345e-187
    1.20956e+01      3.40493e-04      1.00000e+01      -1.86112e-187
    1.22513e+01      3.40422e-04      1.00000e+01      -1.87860e-187
    1.24091e+01      3.40357e-04      1.00000e+01      -1.89587e-187
    1.25689e+01      3.40286e-04      1.00000e+01      -1.91294e-187
    1.27307e+01      3.40218e-04      1.00000e+01      -1.92980e-187
    1.28946e+01      3.40145e-04      1.00000e+01      -1.94644e-187
    1.30607e+01      3.40072e-04      1.00000e+01      -1.96287e-187
    1.32288e+01      3.39997e-04      1.00000e+01      -1.97907e-187
    1.33992e+01      3.39924e-04      1.00000e+01      -1.99505e-187
    1.35717e+01      3.39848e-04      1.00000e+01      -2.01080e-187
    1.37464e+01      3.39772e-04      1.00000e+01      -2.02632e-187
    1.39234e+01      3.39698e-04      1.00000e+01      -2.04160e-187
    1.41027e+01      3.39619e-04      1.00000e+01      -2.05664e-187
    1.42843e+01      3.39540e-04      1.00000e+01      -2.07143e-187
    1.44682e+01      3.39459e-04      1.00000e+01      -2.08598e-187
    1.46545e+01      3.39379e-04      1.00000e+01      -2.10027e-187
    1.48432e+01      3.39298e-04      1.00000e+01      -2.11431e-187
    1.50343e+01      3.39216e-04      1.00000e+01      -2.12808e-187
    1.52279e+01      3.39134e-04      1.00000e+01      -2.14160e-187
    1.54240e+01      3.39049e-04      1.00000e+01      -2.15485e-187
    1.56226e+01      3.38964e-04      1.00000e+01      -2.16783e-187
    1.58237e+01      3.38878e-04      1.00000e+01      -2.18053e-187
    1.60275e+01      3.38791e-04      1.00000e+01      -2.19296e-187
    1.62338e+01      3.38702e-04      1.00000e+01      -2.20511e-187
    1.64429e+01      3.38613e-04      1.00000e+01      -2.21698e-187
    1.66546e+01      3.38525e-04      1.00000e+01      -2.22856e-187
    1.68690e+01      3.38433e-04      1.00000e+01      -2.23985e-187
    1.70862e+01      3.38342e-04      1.00000e+01      -2.25085e-187
    1.73062e+01      3.38248e-04      1.00000e+01      -2.26155e-187
    1.75291e+01      3.38153e-04      1.00000e+01      -2.27195e-187
    1.77548e+01      3.38059e-04      1.00000e+01      -2.28205e-187
    1.79834e+01      3.37964e-04      1.00000e+01      -2.29184e-187
    1.82149e+01      3.37867e-04      1.00000e+01      -2.30133e-187
    1.84495e+01      3.37768e-04      1.00000e+01      -2.31051e-187
    1.86870e+01      3.37668e-04      1.00000e+01      -2.31937e-187
    1.89276e+01      3.37568e-04      1.00000e+01      -2.32791e-187
    1.91714e+01      3.37467e-04      1.00000e+01      -2.33614e-187
    1.94182e+01      3.37363e-04      1.00000e+01      -2.34405e-187
    1.96682e+01      3.37256e-04      1.00000e+01      -2.35163e-187
    1.99215e+01      3.37153e-04      1.00000e+01      -2.35888e-187
    2.01780e+01      3.37048e-04      1.00000e+01      -2.36580e-187
    2.04378e+01      3.36941e-04      1.00000e+01      -2.37240e-187
    2.07010e+01      3.36831e-04      1.00000e+01      -2.37866e-187
    2.09675e+01      3.36720e-04      1.00000e+01      -2.38458e-187
    2.12375e+01      3.36609e-04      1.00000e+01      -2.39016e-187
    2.15109e+01      3.36496e-04      1.00000e+01      -2.39540e-187
    2.17879e+01      3.36384e-04      1.00000e+01      -2.40030e-187
    2.20685e+01      3.36269e-04      1.00000e+01      -2.40485e-187
    2.23526e+01      3.36153e-04      1.00000e+01      -2.40906e-187
    2.26404e+01      3.36032e-04      1.00000e+01      -2.41292e-187
    2.29319e+01      3.35916e-04      1.00000e+01      -2.41642e-187
    2.32272e+01      3.35796e-04      1.00000e+01      -2.41958e-187
    2.35263e+01      3.35671e-04      1.00000e+01      -2.42237e-187
    2.38292e+01      3.35551e-04      1.00000e+01      -2.42482e-187
    2.41360e+01      3.35428e-04      1.00000e+01      -2.42690e-187
    2.44468e+01      3.35301e-04      1.00000e+01      -2.42862e-187
    2.47616e+01      3.35176e-04      1.00000e+01      -2.42999e-187
    2.50804e+01      3.35048e-04      1.00000e+01      -2.43099e-187
    2.54034e+01      3.34918e-04      1.00000e+01      -2.43162e-187
    2.57304e+01      3.34786e-04      1.00000e+01      -2.43190e-187
    2.60618e+01      3.34654e-04      1.00000e+01      -2.43180e-187
    2.63973e+01      3.34519e-04      1.00000e+01      -2.43134e-187
    2.67372e+01      3.34383e-04      1.00000e+01      -2.43051e-187
    2.70815e+01      3.34247e-04      1.00000e+01      -2.42931e-187
    2.74302e+01      3.34109e-04      1.00000e+01      -2.42775e-187
    2.77834e+01      3.33968e-04      1.00000e+01      -2.42581e-187
    2.81411e+01      3.33827e-04      1.00000e+01      -2.42350e-187
    2.85035e+01      3.33685e-04      1.00000e+01      -2.42082e-187
    2.88705e+01      3.33540e-04      1.00000e+01      -2.41776e-187
    2.92422e+01      3.33394e-04      1.00000e+01      -2.41434e-187
    2.96187e+01      3.33247e-04      1.00000e+01      -2.41054e-187
    3.00001e+01      3.33096e-04      1.00000e+01      -2.40637e-187
