    Er (keV)         SM dN/dE         BG dN/dE        BSM dN/dE (events/kg/day/keV)
    1.00100e-01      6.40280e+01      1.00000e+02      -1.99292e+00
    1.01247e-01      6.34347e+01      1.00000e+02      -1.96194e+00
    1.02408e-01      6.28346e+01      1.00000e+02      -1.93061e+00
    1.03582e-01      6.22277e+01      1.00000e+02      -1.89891e+00
    1.04769e-01      6.16138e+01      1.00000e+02      -1.86685e+00
    1.05970e-01      6.09928e+01      1.00000e+02      -1.83442e+00
    1.07184e-01      6.03647e+01      1.00000e+02      -1.80162e+00
    1.08413e-01      5.97294e+01      1.00000e+02      -1.76844e+00
    1.09655e-01      5.90868e+01      1.00000e+02      -1.73489e+00
    1.10912e-01      5.84368e+01      1.00000e+02      -1.70095e+00
    1.12184e-01      5.77794e+01      1.00000e+02      -1.66661e+00
    1.13470e-01      5.71145e+01      1.00000e+02      -1.63189e+00
    1.14770e-01      5.64419e+01      1.00000e+02      -1.59677e+00
    1.16086e-01      5.57616e+01      1.00000e+02      -1.56124e+00
    1.17417e-01      5.50734e+01      1.00000e+02      -1.52531e+00
    1.18763e-01      5.43774e+01      1.00000e+02      -1.48896e+00
    1.20124e-01      5.36735e+01      1.00000e+02      -1.45220e+00
    1.21501e-01      5.29614e+01      1.00000e+02      -1.41501e+00
    1.22894e-01      5.22411e+01      1.00000e+02      -1.37740e+00
    1.24303e-01      5.15126e+01      1.00000e+02      -1.33936e+00
    1.25728e-01      5.07758e+01      1.00000e+02      -1.30088e+00
    1.27169e-01      5.00305e+01      1.00000e+02      -1.26195e+00
    1.28627e-01      4.92766e+01      1.00000e+02      -1.22259e+00
    1.30101e-01      4.85141e+01      1.00000e+02      -1.18277e+00
    1.31593e-01      4.79650e+01      1.00000e+02      -1.16038e+00
    1.33101e-01      4.74260e+01      1.00000e+02      -1.13906e+00
    1.34627e-01      4.68807e+01      1.00000e+02      -1.11748e+00
    1.36171e-01      4.63292e+01      1.00000e+02      -1.09566e+00
    1.37732e-01      4.57714e+01      1.00000e+02      -1.07359e+00
    1.39311e-01      4.52072e+01      1.00000e+02      -1.05127e+00
    1.40908e-01      4.46365e+01      1.00000e+02      -1.02869e+00
    1.42523e-01      4.40592e+01      1.00000e+02      -1.00585e+00
    1.44157e-01      4.34753e+01      1.00000e+02      -9.82748e-01
    1.45810e-01      4.28848e+01      1.00000e+02      -9.59382e-01
    1.47482e-01      4.22874e+01      1.00000e+02      -9.35747e-01
    1.49173e-01      4.16832e+01      1.00000e+02      -9.11842e-01
    1.50883e-01      4.10721e+01      1.00000e+02      -8.87662e-01
    1.52613e-01      4.04539e+01      1.00000e+02      -8.63205e-01
    1.54363e-01      3.98287e+01      1.00000e+02      -8.38467e-01
    1.56133e-01      3.91963e+01      1.00000e+02      -8.13445e-01
    1.57923e-01      3.85566e+01      1.00000e+02      -7.88137e-01
    1.59733e-01      3.79096e+01      1.00000e+02      -7.62538e-01
    1.61565e-01      3.73693e+01      1.00000e+02      -7.43565e-01
    1.63417e-01      3.68895e+01      1.00000e+02      -7.28418e-01
    1.65291e-01      3.64041e+01      1.00000e+02      -7.13097e-01
    1.67186e-01      3.59132e+01      1.00000e+02      -6.97601e-01
    1.69103e-01      3.54167e+01      1.00000e+02      -6.81926e-01
    1.71042e-01      3.49145e+01      1.00000e+02      -6.66072e-01
    1.73003e-01      3.44065e+01      1.00000e+02      -6.50036e-01
    1.74987e-01      3.38927e+01      1.00000e+02      -6.33816e-01
    1.76994e-01      3.33729e+01      1.00000e+02      -6.17410e-01
    1.79023e-01      3.28473e+01      1.00000e+02      -6.00815e-01
    1.81076e-01      3.23156e+01      1.00000e+02      -5.84030e-01
    1.83152e-01      3.17777e+01      1.00000e+02      -5.67053e-01
    1.85252e-01      3.12338e+01      1.00000e+02      -5.49881e-01
    1.87377e-01      3.06835e+01      1.00000e+02      -5.32512e-01
    1.89525e-01      3.01270e+01      1.00000e+02      -5.14943e-01
    1.91698e-01      2.96336e+01      1.00000e+02      -5.00551e-01
    1.93897e-01      2.92042e+01      1.00000e+02      -4.89376e-01
    1.96120e-01      2.87699e+01      1.00000e+02      -4.78072e-01
    1.98369e-01      2.83305e+01      1.00000e+02      -4.66638e-01
    2.00644e-01      2.78861e+01      1.00000e+02      -4.55074e-01
    2.02944e-01      2.74367e+01      1.00000e+02      -4.43376e-01
    2.05272e-01      2.69820e+01      1.00000e+02      -4.31545e-01
    2.07626e-01      2.65222e+01      1.00000e+02      -4.19577e-01
    2.10006e-01      2.60571e+01      1.00000e+02      -4.07473e-01
    2.12415e-01      2.55866e+01      1.00000e+02      -3.95229e-01
    2.14851e-01      2.51108e+01      1.00000e+02      -3.82845e-01
    2.17314e-01      2.46294e+01      1.00000e+02      -3.70319e-01
    2.19806e-01      2.41426e+01      1.00000e+02      -3.57650e-01
    2.22327e-01      2.37195e+01      1.00000e+02      -3.47535e-01
    2.24877e-01      2.33378e+01      1.00000e+02      -3.39105e-01
    2.27455e-01      2.29517e+01      1.00000e+02      -3.30579e-01
    2.30064e-01      2.25611e+01      1.00000e+02      -3.21955e-01
    2.32702e-01      2.21661e+01      1.00000e+02      -3.13232e-01
    2.35371e-01      2.17666e+01      1.00000e+02      -3.04409e-01
    2.38070e-01      2.13625e+01      1.00000e+02      -2.95485e-01
    2.40800e-01      2.09537e+01      1.00000e+02      -2.86458e-01
    2.43562e-01      2.05403e+01      1.00000e+02      -2.77328e-01
    2.46355e-01      2.01221e+01      1.00000e+02      -2.68093e-01
    2.49180e-01      1.96991e+01      1.00000e+02      -2.58751e-01
    2.52038e-01      1.93049e+01      1.00000e+02      -2.50405e-01
    2.54928e-01      1.89669e+01      1.00000e+02      -2.43945e-01
    2.57852e-01      1.86250e+01      1.00000e+02      -2.37411e-01
    2.60809e-01      1.82791e+01      1.00000e+02      -2.30802e-01
    2.63800e-01      1.79293e+01      1.00000e+02      -2.24118e-01
    2.66826e-01      1.75755e+01      1.00000e+02      -2.17356e-01
    2.69886e-01      1.72176e+01      1.00000e+02      -2.10518e-01
    2.72981e-01      1.68556e+01      1.00000e+02      -2.03600e-01
    2.76112e-01      1.64895e+01      1.00000e+02      -1.96604e-01
    2.79278e-01      1.61192e+01      1.00000e+02      -1.89527e-01
    2.82481e-01      1.57756e+01      1.00000e+02      -1.83231e-01
    2.85721e-01      1.54758e+01      1.00000e+02      -1.78193e-01
    2.88998e-01      1.51726e+01      1.00000e+02      -1.73096e-01
    2.92313e-01      1.48658e+01      1.00000e+02      -1.67942e-01
    2.95665e-01      1.45556e+01      1.00000e+02      -1.62728e-01
    2.99056e-01      1.42418e+01      1.00000e+02      -1.57454e-01
    3.02486e-01      1.39245e+01      1.00000e+02      -1.52120e-01
    3.05955e-01      1.36034e+01      1.00000e+02      -1.46725e-01
    3.09464e-01      1.32787e+01      1.00000e+02      -1.41267e-01
    3.13013e-01      1.29801e+01      1.00000e+02      -1.36464e-01
    3.16603e-01      1.27147e+01      1.00000e+02      -1.32488e-01
    3.20235e-01      1.24463e+01      1.00000e+02      -1.28467e-01
    3.23908e-01      1.21748e+01      1.00000e+02      -1.24399e-01
    3.27623e-01      1.19003e+01      1.00000e+02      -1.20285e-01
    3.31380e-01      1.16225e+01      1.00000e+02      -1.16124e-01
    3.35181e-01      1.13416e+01      1.00000e+02      -1.11915e-01
    3.39025e-01      1.10574e+01      1.00000e+02      -1.07657e-01
    3.42914e-01      1.07887e+01      1.00000e+02      -1.03746e-01
    3.46847e-01      1.05547e+01      1.00000e+02      -1.00585e-01
    3.50825e-01      1.03180e+01      1.00000e+02      -9.73888e-02
    3.54849e-01      1.00786e+01      1.00000e+02      -9.41556e-02
    3.58919e-01      9.83647e+00      1.00000e+02      -9.08853e-02
    3.63035e-01      9.59154e+00      1.00000e+02      -8.75775e-02
    3.67199e-01      9.34380e+00      1.00000e+02      -8.42317e-02
    3.71411e-01      9.09321e+00      1.00000e+02      -8.08475e-02
    3.75671e-01      8.88253e+00      1.00000e+02      -7.82316e-02
    3.79980e-01      8.67401e+00      1.00000e+02      -7.56720e-02
    3.84338e-01      8.46309e+00      1.00000e+02      -7.30830e-02
    3.88747e-01      8.24976e+00      1.00000e+02      -7.04643e-02
    3.93205e-01      8.03397e+00      1.00000e+02      -6.78155e-02
    3.97716e-01      7.81571e+00      1.00000e+02      -6.51363e-02
    4.02277e-01      7.59719e+00      1.00000e+02      -6.24646e-02
    4.06891e-01      7.41418e+00      1.00000e+02      -6.04077e-02
    4.11559e-01      7.22906e+00      1.00000e+02      -5.83273e-02
    4.16279e-01      7.04182e+00      1.00000e+02      -5.62230e-02
    4.21054e-01      6.85243e+00      1.00000e+02      -5.40946e-02
    4.25883e-01      6.66087e+00      1.00000e+02      -5.19417e-02
    4.30768e-01      6.46711e+00      1.00000e+02      -4.97641e-02
    4.35709e-01      6.29567e+00      1.00000e+02      -4.79368e-02
    4.40707e-01      6.13260e+00      1.00000e+02      -4.62466e-02
    4.45762e-01      5.96766e+00      1.00000e+02      -4.45371e-02
    4.50875e-01      5.80083e+00      1.00000e+02      -4.28079e-02
    4.56047e-01      5.63209e+00      1.00000e+02      -4.10589e-02
    4.61278e-01      5.46141e+00      1.00000e+02      -3.92898e-02
    4.66569e-01      5.31196e+00      1.00000e+02      -3.78256e-02
    4.71921e-01      5.16729e+00      1.00000e+02      -3.64356e-02
    4.77334e-01      5.02095e+00      1.00000e+02      -3.50296e-02
    4.82809e-01      4.87294e+00      1.00000e+02      -3.36074e-02
    4.88347e-01      4.72323e+00      1.00000e+02      -3.21690e-02
    4.93949e-01      4.57779e+00      1.00000e+02      -3.07911e-02
    4.99615e-01      4.45026e+00      1.00000e+02      -2.96496e-02
    5.05345e-01      4.32127e+00      1.00000e+02      -2.84950e-02
    5.11142e-01      4.19081e+00      1.00000e+02      -2.73272e-02
    5.17005e-01      4.05884e+00      1.00000e+02      -2.61460e-02
    5.22936e-01      3.92576e+00      1.00000e+02      -2.49559e-02
    5.28934e-01      3.81273e+00      1.00000e+02      -2.40095e-02
    5.35001e-01      3.69840e+00      1.00000e+02      -2.30522e-02
    5.41138e-01      3.58276e+00      1.00000e+02      -2.20840e-02
    5.47345e-01      3.46579e+00      1.00000e+02      -2.11047e-02
    5.53624e-01      3.34926e+00      1.00000e+02      -2.01338e-02
    5.59974e-01      3.24862e+00      1.00000e+02      -1.93427e-02
    5.66398e-01      3.14683e+00      1.00000e+02      -1.85425e-02
    5.72895e-01      3.04388e+00      1.00000e+02      -1.77331e-02
    5.79466e-01      2.93974e+00      1.00000e+02      -1.69145e-02
    5.86113e-01      2.84134e+00      1.00000e+02      -1.61589e-02
    5.92837e-01      2.75098e+00      1.00000e+02      -1.54905e-02
    5.99637e-01      2.65958e+00      1.00000e+02      -1.48145e-02
    6.06516e-01      2.56713e+00      1.00000e+02      -1.41306e-02
    6.13473e-01      2.47370e+00      1.00000e+02      -1.34397e-02
    6.20510e-01      2.39382e+00      1.00000e+02      -1.28811e-02
    6.27628e-01      2.31303e+00      1.00000e+02      -1.23160e-02
    6.34827e-01      2.23130e+00      1.00000e+02      -1.17445e-02
    6.42110e-01      2.14864e+00      1.00000e+02      -1.11664e-02
    6.49475e-01      2.07421e+00      1.00000e+02      -1.06681e-02
    6.56926e-01      2.00134e+00      1.00000e+02      -1.01869e-02
    6.64461e-01      1.92764e+00      1.00000e+02      -9.70028e-03
    6.72083e-01      1.85310e+00      1.00000e+02      -9.20804e-03
    6.79793e-01      1.78656e+00      1.00000e+02      -8.78461e-03
    6.87591e-01      1.72190e+00      1.00000e+02      -8.37852e-03
    6.95478e-01      1.65650e+00      1.00000e+02      -7.96777e-03
    7.03456e-01      1.59034e+00      1.00000e+02      -7.55231e-03
    7.11526e-01      1.53197e+00      1.00000e+02      -7.20264e-03
    7.19688e-01      1.47360e+00      1.00000e+02      -6.85453e-03
    7.27944e-01      1.41456e+00      1.00000e+02      -6.50242e-03
    7.36294e-01      1.35688e+00      1.00000e+02      -6.16204e-03
    7.44741e-01      1.30489e+00      1.00000e+02      -5.86671e-03
    7.53284e-01      1.25231e+00      1.00000e+02      -5.56800e-03
    7.61925e-01      1.19912e+00      1.00000e+02      -5.26585e-03
    7.70665e-01      1.15052e+00      1.00000e+02      -4.99845e-03
    7.79506e-01      1.10351e+00      1.00000e+02      -4.74364e-03
    7.88448e-01      1.05595e+00      1.00000e+02      -4.48590e-03
    7.97492e-01      1.01002e+00      1.00000e+02      -4.23997e-03
    8.06641e-01      9.68345e-01      1.00000e+02      -4.02372e-03
    8.15894e-01      9.26189e-01      1.00000e+02      -3.80500e-03
    8.25254e-01      8.83796e-01      1.00000e+02      -3.58540e-03
    8.34721e-01      8.46424e-01      1.00000e+02      -3.39976e-03
    8.44296e-01      8.08623e-01      1.00000e+02      -3.21199e-03
    8.53981e-01      7.70388e-01      1.00000e+02      -3.02206e-03
    8.63778e-01      7.36391e-01      1.00000e+02      -2.85921e-03
    8.73687e-01      7.02583e-01      1.00000e+02      -2.69811e-03
    8.83709e-01      6.68387e-01      1.00000e+02      -2.53517e-03
    8.93847e-01      6.37584e-01      1.00000e+02      -2.39329e-03
    9.04101e-01      6.07115e-01      1.00000e+02      -2.25395e-03
    9.14472e-01      5.76296e-01      1.00000e+02      -2.11301e-03
    9.24963e-01      5.48857e-01      1.00000e+02      -1.99187e-03
    9.35574e-01      5.21493e-01      1.00000e+02      -1.87157e-03
    9.46306e-01      4.94038e-01      1.00000e+02      -1.75111e-03
    9.57162e-01      4.69757e-01      1.00000e+02      -1.64833e-03
    9.68142e-01      4.45197e-01      1.00000e+02      -1.54437e-03
    9.79248e-01      4.21349e-01      1.00000e+02      -1.44443e-03
    9.90482e-01      3.99516e-01      1.00000e+02      -1.35534e-03
    1.00184e+00      3.77431e-01      1.00000e+02      -1.26524e-03
    1.01334e+00      3.56960e-01      1.00000e+02      -1.18347e-03
    1.02496e+00      3.37347e-01      1.00000e+02      -1.10627e-03
    1.03672e+00      3.17612e-01      1.00000e+02      -1.02867e-03
    1.04861e+00      3.00207e-01      1.00000e+02      -9.62485e-04
    1.06064e+00      2.82603e-01      1.00000e+02      -8.95539e-04
    1.07281e+00      2.66032e-01      1.00000e+02      -8.33533e-04
    1.08512e+00      2.50417e-01      1.00000e+02      -7.76113e-04
    1.09757e+00      2.34772e-01      1.00000e+02      -7.18700e-04
    1.11016e+00      2.20886e-01      1.00000e+02      -6.69298e-04
    1.12289e+00      2.06841e-01      1.00000e+02      -6.19329e-04
    1.13577e+00      1.93942e-01      1.00000e+02      -5.74391e-04
    1.14880e+00      1.81485e-01      1.00000e+02      -5.31469e-04
    1.16198e+00      1.69494e-01      1.00000e+02      -4.90590e-04
    1.17531e+00      1.58400e-01      1.00000e+02      -4.53558e-04
    1.18880e+00      1.47349e-01      1.00000e+02      -4.16779e-04
    1.20243e+00      1.37523e-01      1.00000e+02      -3.84959e-04
    1.21623e+00      1.27583e-01      1.00000e+02      -3.52774e-04
    1.23018e+00      1.18753e-01      1.00000e+02      -3.24938e-04
    1.24429e+00      1.09944e-01      1.00000e+02      -2.97251e-04
    1.25857e+00      1.01958e-01      1.00000e+02      -2.72679e-04
    1.27301e+00      9.41705e-02      1.00000e+02      -2.48904e-04
    1.28761e+00      8.70185e-02      1.00000e+02      -2.27452e-04
    1.30238e+00      8.01517e-02      1.00000e+02      -2.07069e-04
    1.31732e+00      7.38105e-02      1.00000e+02      -1.88542e-04
    1.33243e+00      6.77738e-02      1.00000e+02      -1.71107e-04
    1.34772e+00      6.22059e-02      1.00000e+02      -1.55271e-04
    1.36318e+00      5.69114e-02      1.00000e+02      -1.40381e-04
    1.37882e+00      5.20741e-02      1.00000e+02      -1.26994e-04
    1.39464e+00      4.74502e-02      1.00000e+02      -1.14321e-04
    1.41064e+00      4.32919e-02      1.00000e+02      -1.03127e-04
    1.42682e+00      3.92638e-02      1.00000e+02      -9.23618e-05
    1.44319e+00      3.57264e-02      1.00000e+02      -8.31037e-05
    1.45974e+00      3.22482e-02      1.00000e+02      -7.40406e-05
    1.47649e+00      2.92508e-02      1.00000e+02      -6.64093e-05
    1.49343e+00      2.63332e-02      1.00000e+02      -5.90187e-05
    1.51056e+00      2.37402e-02      1.00000e+02      -5.25712e-05
    1.52789e+00      2.13166e-02      1.00000e+02      -4.66058e-05
    1.54542e+00      1.90797e-02      1.00000e+02      -4.11705e-05
    1.56315e+00      1.70815e-02      1.00000e+02      -3.63961e-05
    1.58108e+00      1.51692e-02      1.00000e+02      -3.18606e-05
    1.59922e+00      1.35772e-02      1.00000e+02      -2.81501e-05
    1.61757e+00      1.20444e-02      1.00000e+02      -2.46148e-05
    1.63612e+00      1.06081e-02      1.00000e+02      -2.13598e-05
    1.65489e+00      9.36978e-03      1.00000e+02      -1.85905e-05
    1.67388e+00      8.21230e-03      1.00000e+02      -1.60224e-05
    1.69308e+00      7.19569e-03      1.00000e+02      -1.38064e-05
    1.71250e+00      6.30529e-03      1.00000e+02      -1.18852e-05
    1.73215e+00      5.50379e-03      1.00000e+02      -1.01720e-05
    1.75202e+00      4.82737e-03      1.00000e+02      -8.74905e-06
    1.77212e+00      4.20970e-03      1.00000e+02      -7.46323e-06
    1.79245e+00      3.64734e-03      1.00000e+02      -6.30570e-06
    1.81302e+00      3.19576e-03      1.00000e+02      -5.38880e-06
    1.83382e+00      2.79634e-03      1.00000e+02      -4.58439e-06
    1.85485e+00      2.44433e-03      1.00000e+02      -3.88170e-06
    1.87613e+00      2.15693e-03      1.00000e+02      -3.31516e-06
    1.89766e+00      1.92415e-03      1.00000e+02      -2.86000e-06
    1.91943e+00      1.71637e-03      1.00000e+02      -2.45756e-06
    1.94145e+00      1.51854e-03      1.00000e+02      -2.07869e-06
    1.96372e+00      1.36691e-03      1.00000e+02      -1.79266e-06
    1.98625e+00      1.23802e-03      1.00000e+02      -1.54276e-06
    2.00903e+00      1.12589e-03      1.00000e+02      -1.32482e-06
    2.03208e+00      1.02215e-03      1.00000e+02      -1.13569e-06
    2.05540e+00      9.33591e-04      1.00000e+02      -9.76861e-07
    2.07898e+00      8.53949e-04      1.00000e+02      -8.35629e-07
    2.10283e+00      7.82858e-04      1.00000e+02      -7.11012e-07
    2.12695e+00      7.19794e-04      1.00000e+02      -6.01778e-07
    2.15135e+00      6.64567e-04      1.00000e+02      -5.07543e-07
    2.17603e+00      6.17350e-04      1.00000e+02      -4.27977e-07
    2.20100e+00      5.76100e-04      1.00000e+02      -3.59208e-07
    2.22625e+00      5.39607e-04      1.00000e+02      -2.99146e-07
    2.25179e+00      5.08063e-04      1.00000e+02      -2.47833e-07
    2.27762e+00      4.82705e-04      1.00000e+02      -2.06916e-07
    2.30375e+00      4.60202e-04      1.00000e+02      -1.71151e-07
    2.33018e+00      4.42147e-04      1.00000e+02      -1.42805e-07
    2.35691e+00      4.25815e-04      1.00000e+02      -1.17471e-07
    2.38395e+00      4.12095e-04      1.00000e+02      -9.64354e-08
    2.41130e+00      4.00630e-04      1.00000e+02      -7.90813e-08
    2.43897e+00      3.90926e-04      1.00000e+02      -6.45771e-08
    2.46695e+00      3.82704e-04      1.00000e+02      -5.24471e-08
    2.49525e+00      3.75699e-04      1.00000e+02      -4.22774e-08
    2.52387e+00      3.69742e-04      1.00000e+02      -3.37565e-08
    2.55283e+00      3.64730e-04      1.00000e+02      -2.66350e-08
    2.58212e+00      3.60477e-04      1.00000e+02      -2.07098e-08
    2.61174e+00      3.56915e-04      1.00000e+02      -1.58189e-08
    2.64170e+00      3.53962e-04      1.00000e+02      -1.18180e-08
    2.67201e+00      3.51558e-04      1.00000e+02      -8.60064e-09
    2.70266e+00      3.49637e-04      1.00000e+02      -6.06910e-09
    2.73367e+00      3.48147e-04      1.00000e+02      -4.12974e-09
    2.76503e+00      3.47027e-04      1.00000e+02      -2.69191e-09
    2.79675e+00      3.46217e-04      1.00000e+02      -1.66764e-09
    2.82884e+00      3.45658e-04      1.00000e+02      -9.72890e-10
    2.86129e+00      3.45294e-04      1.00000e+02      -5.28840e-10
    2.89412e+00      3.45066e-04      1.00000e+02      -2.62452e-10
    2.92732e+00      3.44930e-04      1.00000e+02      -1.13999e-10
    2.96091e+00      3.44853e-04      1.00000e+02      -4.02549e-11
    2.99488e+00      3.44810e-04      1.00000e+02      -8.89242e-12
    3.02923e+00      3.44784e-04      1.00000e+02      -2.83431e-13
    3.06399e+00      3.44766e-04      1.00000e+02      -5.41310e-190
    3.09914e+00      3.44745e-04      1.00000e+02      -7.78020e-190
    3.13469e+00      3.44726e-04      1.00000e+02      -1.06442e-189
    3.17066e+00      3.44705e-04      1.00000e+02      -1.39943e-189
    3.20703e+00      3.44686e-04      1.00000e+02      -1.78202e-189
    3.24382e+00      3.44666e-04      1.00000e+02      -2.21375e-189
    3.28104e+00      3.44644e-04      1.00000e+02      -2.69448e-189
    3.31868e+00      3.44617e-04      1.00000e+02      -3.21956e-189
    3.35675e+00      3.44601e-04      1.00000e+02      -3.78805e-189
    3.39527e+00      3.44582e-04      1.00000e+02      -4.40136e-189
    3.43422e+00      3.44561e-04      1.00000e+02      -5.05981e-189
    3.47362e+00      3.44539e-04      1.00000e+02      -5.75866e-189
    3.51347e+00      3.44517e-04      1.00000e+02      -6.49743e-189
    3.55378e+00      3.44497e-04      1.00000e+02      -7.28024e-189
    3.59455e+00      3.44474e-04      1.00000e+02      -8.10063e-189
    3.63579e+00      3.44451e-04      1.00000e+02      -8.95886e-189
    3.67750e+00      3.44429e-04      1.00000e+02      -9.85737e-189
    3.71969e+00      3.44428e-04      1.00000e+02      -1.07908e-188
    3.76236e+00      3.44393e-04      1.00000e+02      -1.17617e-188
    3.80553e+00      3.44360e-04      1.00000e+02      -1.27677e-188
    3.84919e+00      3.44336e-04      1.00000e+02      -1.38077e-188
    3.89335e+00      3.44313e-04      1.00000e+02      -1.48826e-188
    3.93801e+00      3.44289e-04      1.00000e+02      -1.59891e-188
    3.98319e+00      3.44265e-04      1.00000e+02      -1.71294e-188
    4.02889e+00      3.44241e-04      1.00000e+02      -1.82997e-188
    4.07511e+00      3.44215e-04      1.00000e+02      -1.95019e-188
    4.12186e+00      3.44191e-04      1.00000e+02      -2.07332e-188
    4.16915e+00      3.44165e-04      1.00000e+02      -2.19942e-188
    4.21698e+00      3.44139e-04      1.00000e+02      -2.32834e-188
    4.26536e+00      3.44114e-04      1.00000e+02      -2.46000e-188
    4.31430e+00      3.44089e-04      1.00000e+02      -2.59443e-188
    4.36379e+00      3.44065e-04      1.00000e+02      -2.73143e-188
    4.41386e+00      3.44037e-04      1.00000e+02      -2.87101e-188
    4.46450e+00      3.44009e-04      1.00000e+02      -3.01309e-188
    4.51572e+00      3.43983e-04      1.00000e+02      -3.15756e-188
    4.56752e+00      3.43955e-04      1.00000e+02      -3.30439e-188
    4.61992e+00      3.43927e-04      1.00000e+02      -3.45352e-188
    4.67293e+00      3.43900e-04      1.00000e+02      -3.60485e-188
    4.72654e+00      3.43872e-04      1.00000e+02      -3.75833e-188
    4.78076e+00      3.43844e-04      1.00000e+02      -3.91389e-188
    4.83561e+00      3.43815e-04      1.00000e+02      -4.07149e-188
    4.89109e+00      3.43787e-04      1.00000e+02      -4.23103e-188
    4.94720e+00      3.43758e-04      1.00000e+02      -4.39247e-188
    5.00396e+00      3.43729e-04      1.00000e+02      -4.55573e-188
    5.06137e+00      3.43699e-04      1.00000e+02      -4.72077e-188
    5.11944e+00      3.43669e-04      1.00000e+02      -4.88752e-188
    5.17817e+00      3.43640e-04      1.00000e+02      -5.05591e-188
    5.23758e+00      3.43611e-04      1.00000e+02      -5.22589e-188
    5.29767e+00      3.43581e-04      1.00000e+02      -5.39739e-188
    5.35844e+00      3.43547e-04      1.00000e+02      -5.57037e-188
    5.41992e+00      3.43520e-04      1.00000e+02      -5.74475e-188
    5.48210e+00      3.43490e-04      1.00000e+02      -5.92049e-188
    5.54500e+00      3.43460e-04      1.00000e+02      -6.09752e-188
    5.60861e+00      3.43428e-04      1.00000e+02      -6.27580e-188
    5.67296e+00      3.43398e-04      1.00000e+02      -6.45526e-188
    5.73804e+00      3.43368e-04      1.00000e+02      -6.63586e-188
    5.80387e+00      3.43336e-04      1.00000e+02      -6.81754e-188
    5.87046e+00      3.43303e-04      1.00000e+02      -7.00024e-188
    5.93781e+00      3.43271e-04      1.00000e+02      -7.18388e-188
    6.00593e+00      3.43240e-04      1.00000e+02      -7.36845e-188
    6.07483e+00      3.43208e-04      1.00000e+02      -7.55391e-188
    6.14453e+00      3.43175e-04      1.00000e+02      -7.74016e-188
    6.21502e+00      3.43142e-04      1.00000e+02      -7.92716e-188
    6.28633e+00      3.43109e-04      1.00000e+02      -8.11490e-188
    6.35845e+00      3.43076e-04      1.00000e+02      -8.30328e-188
    6.43140e+00      3.43044e-04      1.00000e+02      -8.49226e-188
    6.50518e+00      3.43010e-04      1.00000e+02      -8.68184e-188
    6.57981e+00      3.42975e-04      1.00000e+02      -8.87188e-188
    6.65530e+00      3.42941e-04      1.00000e+02      -9.06244e-188
    6.73166e+00      3.42903e-04      1.00000e+02      -9.25336e-188
    6.80889e+00      3.42868e-04      1.00000e+02      -9.44470e-188
    6.88700e+00      3.42832e-04      1.00000e+02      -9.63632e-188
    6.96602e+00      3.42797e-04      1.00000e+02      -9.82823e-188
    7.04593e+00      3.42760e-04      1.00000e+02      -1.00204e-187
    7.12677e+00      3.42723e-04      1.00000e+02      -1.02127e-187
    7.20853e+00      3.42685e-04      1.00000e+02      -1.04052e-187
    7.29124e+00      3.42646e-04      1.00000e+02      -1.05978e-187
    7.37489e+00      3.42610e-04      1.00000e+02      -1.07904e-187
    7.45950e+00      3.42568e-04      1.00000e+02      -1.09830e-187
    7.54508e+00      3.42529e-04      1.00000e+02      -1.11756e-187
    7.63164e+00      3.42490e-04      1.00000e+02      -1.13681e-187
    7.71920e+00      3.42449e-04      1.00000e+02      -1.15604e-187
    7.80776e+00      3.42411e-04      1.00000e+02      -1.17527e-187
    7.89733e+00      3.42370e-04      1.00000e+02      -1.19447e-187
    7.98794e+00      3.42328e-04      1.00000e+02      -1.21364e-187
    8.07958e+00      3.42287e-04      1.00000e+02      -1.23279e-187
    8.17227e+00      3.42245e-04      1.00000e+02      -1.25190e-187
    8.26603e+00      3.42202e-04      1.00000e+02      -1.27098e-187
    8.36087e+00      3.42159e-04      1.00000e+02      -1.29002e-187
    8.45679e+00      3.42116e-04      1.00000e+02      -1.30901e-187
    8.55381e+00      3.42072e-04      1.00000e+02      -1.32795e-187
    8.65195e+00      3.42027e-04      1.00000e+02      -1.34684e-187
    8.75121e+00      3.41982e-04      1.00000e+02      -1.36567e-187
    8.85161e+00      3.41937e-04      1.00000e+02      -1.38444e-187
    8.95316e+00      3.41891e-04      1.00000e+02      -1.40315e-187
    9.05588e+00      3.41844e-04      1.00000e+02      -1.42179e-187
    9.15977e+00      3.41798e-04      1.00000e+02      -1.44036e-187
    9.26486e+00      3.41750e-04      1.00000e+02      -1.45885e-187
    9.37116e+00      3.41703e-04      1.00000e+02      -1.47727e-187
    9.47867e+00      3.41654e-04      1.00000e+02      -1.49560e-187
    9.58742e+00      3.41607e-04      1.00000e+02      -1.51384e-187
    9.69741e+00      3.41557e-04      1.00000e+02      -1.53199e-187
    9.80867e+00      3.41506e-04      1.00000e+02      -1.55005e-187
    9.92120e+00      3.41457e-04      1.00000e+02      -1.56802e-187
    1.00350e+01      3.41405e-04      1.00000e+02      -1.58588e-187
    1.01502e+01      3.41353e-04      1.00000e+02      -1.60364e-187
    1.02666e+01      3.41301e-04      1.00000e+02      -1.62129e-187
    1.03844e+01      3.41248e-04      1.00000e+02      -1.63883e-187
    1.05035e+01      3.41196e-04      1.00000e+02      -1.65626e-187
    1.06240e+01      3.41142e-04      1.00000e+02      -1.67357e-187
    1.07459e+01      3.41089e-04      1.00000e+02      -1.69076e-187
    1.08692e+01      3.41035e-04      1.00000e+02      -1.70782e-187
    1.09939e+01      3.40980e-04      1.00000e+02      -1.72476e-187
    1.11200e+01      3.40924e-04      1.00000e+02      -1.74157e-187
    1.12476e+01      3.40867e-04      1.00000e+02      -1.75824e-187
    1.13767e+01      3.40812e-04      1.00000e+02      -1.77477e-187
    1.15072e+01      3.40753e-04      1.00000e+02      -1.79117e-187
    1.16392e+01      3.40698e-04      1.00000e+02      -1.80742e-187
    1.17727e+01      3.40636e-04      1.00000e+02      -1.82353e-187
    1.19078e+01      3.40577e-04      1.00000e+02      -1.83948e-187
    1.20444e+01      3.40517e-04      1.00000e+02      -1.85529e-187
    1.21826e+01      3.40455e-04      1.00000e+02      -1.87094e-187
    1.23224e+01      3.40392e-04      1.00000e+02      -1.88643e-187
    1.24637e+01      3.40108e-04      1.00000e+02      -1.90175e-187
    1.26067e+01      3.40270e-04      1.00000e+02      -1.91692e-187
    1.27514e+01      3.40209e-04      1.00000e+02      -1.93192e-187
    1.28977e+01      3.40144e-04      1.00000e+02      -1.94674e-187
    1.30456e+01      3.40079e-04      1.00000e+02      -1.96140e-187
    1.31953e+01      3.40013e-04      1.00000e+02      -1.97587e-187
    1.33467e+01      3.39947e-04      1.00000e+02      -1.99017e-187
    1.34998e+01      3.39882e-04      1.00000e+02      -2.00429e-187
    1.36547e+01      3.39812e-04      1.00000e+02      -2.01823e-187
    1.38113e+01      3.39746e-04      1.00000e+02      -2.03197e-187
    1.39698e+01      3.39677e-04      1.00000e+02      -2.04553e-187
    1.41301e+01      3.39607e-04      1.00000e+02      -2.05889e-187
    1.42922e+01      3.39536e-04      1.00000e+02      -2.07206e-187
    1.44562e+01      3.39462e-04      1.00000e+02      -2.08503e-187
    1.46220e+01      3.39393e-04      1.00000e+02      -2.09781e-187
    1.47898e+01      3.39320e-04      1.00000e+02      -2.11038e-187
    1.49594e+01      3.39249e-04      1.00000e+02      -2.12274e-187
    1.51311e+01      3.39174e-04      1.00000e+02      -2.13489e-187
    1.53047e+01      3.39100e-04      1.00000e+02      -2.14684e-187
    1.54803e+01      3.39025e-04      1.00000e+02      -2.15857e-187
    1.56579e+01      3.38949e-04      1.00000e+02      -2.17009e-187
    1.58375e+01      3.38872e-04      1.00000e+02      -2.18139e-187
    1.60192e+01      3.38794e-04      1.00000e+02      -2.19247e-187
    1.62030e+01      3.38716e-04      1.00000e+02      -2.20332e-187
    1.63889e+01      3.38638e-04      1.00000e+02      -2.21396e-187
    1.65769e+01      3.38557e-04      1.00000e+02      -2.22436e-187
    1.67671e+01      3.38476e-04      1.00000e+02      -2.23454e-187
    1.69594e+01      3.38395e-04      1.00000e+02      -2.24448e-187
    1.71540e+01      3.38313e-04      1.00000e+02      -2.25419e-187
    1.73508e+01      3.38229e-04      1.00000e+02      -2.26366e-187
    1.75499e+01      3.38144e-04      1.00000e+02      -2.27290e-187
    1.77512e+01      3.38060e-04      1.00000e+02      -2.28189e-187
    1.79549e+01      3.37975e-04      1.00000e+02      -2.29065e-187
    1.81609e+01      3.37888e-04      1.00000e+02      -2.29915e-187
    1.83692e+01      3.37803e-04      1.00000e+02      -2.30741e-187
    1.85800e+01      3.37715e-04      1.00000e+02      -2.31543e-187
    1.87932e+01      3.37625e-04      1.00000e+02      -2.32319e-187
    1.90088e+01      3.37536e-04      1.00000e+02      -2.33070e-187
    1.92268e+01      3.37444e-04      1.00000e+02      -2.33795e-187
    1.94474e+01      3.37351e-04      1.00000e+02      -2.34495e-187
    1.96705e+01      3.37255e-04      1.00000e+02      -2.35170e-187
    1.98962e+01      3.37166e-04      1.00000e+02      -2.35818e-187
    2.01245e+01      3.37071e-04      1.00000e+02      -2.36440e-187
    2.03554e+01      3.36974e-04      1.00000e+02      -2.37035e-187
    2.05889e+01      3.36878e-04      1.00000e+02      -2.37604e-187
    2.08251e+01      3.36779e-04      1.00000e+02      -2.38147e-187
    2.10640e+01      3.36681e-04      1.00000e+02      -2.38662e-187
    2.13057e+01      3.36581e-04      1.00000e+02      -2.39151e-187
    2.15501e+01      3.36481e-04      1.00000e+02      -2.39612e-187
    2.17974e+01      3.36378e-04      1.00000e+02      -2.40046e-187
    2.20475e+01      3.36277e-04      1.00000e+02      -2.40453e-187
    2.23004e+01      3.36172e-04      1.00000e+02      -2.40832e-187
    2.25563e+01      3.36068e-04      1.00000e+02      -2.41183e-187
    2.28150e+01      3.35964e-04      1.00000e+02      -2.41506e-187
    2.30768e+01      3.35855e-04      1.00000e+02      -2.41802e-187
    2.33416e+01      3.35757e-04      1.00000e+02      -2.42069e-187
    2.36093e+01      3.35637e-04      1.00000e+02      -2.42308e-187
    2.38802e+01      3.35530e-04      1.00000e+02      -2.42519e-187
    2.41542e+01      3.35421e-04      1.00000e+02      -2.42701e-187
    2.44313e+01      3.35308e-04      1.00000e+02      -2.42855e-187
    2.47116e+01      3.35195e-04      1.00000e+02      -2.42980e-187
    2.49951e+01      3.35082e-04      1.00000e+02      -2.43076e-187
    2.52819e+01      3.34967e-04      1.00000e+02      -2.43143e-187
    2.55719e+01      3.34850e-04      1.00000e+02      -2.43181e-187
    2.58653e+01      3.34732e-04      1.00000e+02      -2.43190e-187
    2.61621e+01      3.34618e-04      1.00000e+02      -2.43170e-187
    2.64622e+01      3.34494e-04      1.00000e+02      -2.43121e-187
    2.67658e+01      3.34372e-04      1.00000e+02      -2.43043e-187
    2.70729e+01      3.34250e-04      1.00000e+02      -2.42935e-187
    2.73835e+01      3.34127e-04      1.00000e+02      -2.42798e-187
    2.76977e+01      3.34002e-04      1.00000e+02      -2.42631e-187
    2.80154e+01      3.33877e-04      1.00000e+02      -2.42435e-187
    2.83369e+01      3.33751e-04      1.00000e+02      -2.42209e-187
    2.86620e+01      3.33623e-04      1.00000e+02      -2.41954e-187
    2.89908e+01      3.33491e-04      1.00000e+02      -2.41669e-187
    2.93234e+01      3.33362e-04      1.00000e+02      -2.41355e-187
    2.96598e+01      3.33230e-04      1.00000e+02      -2.41011e-187
    3.00001e+01      3.33096e-04      1.00000e+02      -2.40637e-187
