    Er (keV)         SM dN/dE         BG dN/dE        BSM dN/dE (events/kg/day/keV)
    1.01000e-02      8.80575e-01      1.00000e+01      4.26289e+00
    1.02859e-02      8.72702e-01      1.00000e+01      4.26289e+00
    1.04753e-02      8.64682e-01      1.00000e+01      4.26289e+00
    1.06682e-02      8.56514e-01      1.00000e+01      4.26289e+00
    1.08647e-02      8.48193e-01      1.00000e+01      4.26288e+00
    1.10648e-02      8.39718e-01      1.00000e+01      4.26288e+00
    1.12686e-02      8.31085e-01      1.00000e+01      4.26288e+00
    1.14763e-02      8.22292e-01      1.00000e+01      4.26288e+00
    1.16878e-02      8.13335e-01      1.00000e+01      4.26288e+00
    1.19032e-02      8.04212e-01      1.00000e+01      4.26288e+00
    1.21226e-02      7.94919e-01      1.00000e+01      4.26287e+00
    1.23462e-02      7.85453e-01      1.00000e+01      4.26287e+00
    1.25738e-02      7.75811e-01      1.00000e+01      4.26287e+00
    1.28057e-02      7.65990e-01      1.00000e+01      4.26287e+00
    1.30420e-02      7.55987e-01      1.00000e+01      4.26287e+00
    1.32826e-02      7.45797e-01      1.00000e+01      4.26286e+00
    1.35276e-02      7.35419e-01      1.00000e+01      4.26286e+00
    1.37773e-02      7.24847e-01      1.00000e+01      4.26286e+00
    1.40316e-02      7.14078e-01      1.00000e+01      4.26286e+00
    1.42906e-02      7.03110e-01      1.00000e+01      4.26285e+00
    1.45544e-02      6.91937e-01      1.00000e+01      4.26285e+00
    1.48231e-02      6.80557e-01      1.00000e+01      4.26285e+00
    1.50968e-02      6.68965e-01      1.00000e+01      4.26285e+00
    1.53757e-02      6.57158e-01      1.00000e+01      4.26285e+00
    1.56597e-02      6.45131e-01      1.00000e+01      4.26284e+00
    1.59489e-02      6.32880e-01      1.00000e+01      4.26284e+00
    1.62436e-02      6.20402e-01      1.00000e+01      4.26284e+00
    1.65437e-02      6.07692e-01      1.00000e+01      4.26284e+00
    1.68494e-02      5.94745e-01      1.00000e+01      4.26283e+00
    1.71608e-02      5.81558e-01      1.00000e+01      4.26283e+00
    1.74780e-02      5.68126e-01      1.00000e+01      4.26283e+00
    1.78011e-02      5.54444e-01      1.00000e+01      4.26282e+00
    1.81302e-02      5.40507e-01      1.00000e+01      4.26282e+00
    1.84654e-02      5.26312e-01      1.00000e+01      4.26282e+00
    1.88068e-02      5.11852e-01      1.00000e+01      4.26282e+00
    1.91546e-02      4.97124e-01      1.00000e+01      4.26281e+00
    1.95089e-02      4.82122e-01      1.00000e+01      4.26281e+00
    1.98697e-02      4.66841e-01      1.00000e+01      4.26281e+00
    2.02372e-02      4.51276e-01      1.00000e+01      4.26280e+00
    2.06116e-02      4.35421e-01      1.00000e+01      4.26280e+00
    2.09930e-02      4.19272e-01      1.00000e+01      4.26280e+00
    2.13814e-02      4.02823e-01      1.00000e+01      4.26279e+00
    2.17770e-02      3.86067e-01      1.00000e+01      4.26279e+00
    2.21800e-02      3.69001e-01      1.00000e+01      4.26279e+00
    2.25905e-02      3.51617e-01      1.00000e+01      4.26278e+00
    2.30087e-02      3.33909e-01      1.00000e+01      4.26278e+00
    2.34346e-02      3.15873e-01      1.00000e+01      4.26278e+00
    2.38684e-02      2.97501e-01      1.00000e+01      4.26277e+00
    2.43103e-02      2.78788e-01      1.00000e+01      4.26277e+00
    2.47604e-02      2.59726e-01      1.00000e+01      4.26277e+00
    2.52189e-02      2.40311e-01      1.00000e+01      4.26276e+00
    2.56859e-02      2.20534e-01      1.00000e+01      4.26276e+00
    2.61615e-02      2.00390e-01      1.00000e+01      4.26275e+00
    2.66461e-02      1.79871e-01      1.00000e+01      4.26275e+00
    2.71396e-02      1.58971e-01      1.00000e+01      4.26275e+00
    2.76423e-02      1.37682e-01      1.00000e+01      4.26274e+00
    2.81543e-02      1.15997e-01      1.00000e+01      4.26274e+00
    2.86759e-02      9.39093e-02      1.00000e+01      4.26273e+00
    2.92072e-02      7.14109e-02      1.00000e+01      4.26273e+00
    2.97483e-02      4.84942e-02      1.00000e+01      4.26272e+00
    3.02995e-02      2.51514e-02      1.00000e+01      4.26272e+00
    3.08610e-02      2.34183e-02      1.00000e+01      4.26272e+00
    3.14329e-02      2.29980e-02      1.00000e+01      4.26271e+00
    3.20154e-02      2.25699e-02      1.00000e+01      4.26271e+00
    3.26087e-02      2.21338e-02      1.00000e+01      4.26271e+00
    3.32131e-02      2.16896e-02      1.00000e+01      4.26270e+00
    3.38287e-02      2.12372e-02      1.00000e+01      4.26270e+00
    3.44558e-02      2.07763e-02      1.00000e+01      4.26270e+00
    3.50945e-02      2.03069e-02      1.00000e+01      4.26269e+00
    3.57451e-02      1.98287e-02      1.00000e+01      4.26269e+00
    3.64078e-02      1.93417e-02      1.00000e+01      4.26269e+00
    3.70828e-02      1.88456e-02      1.00000e+01      4.26269e+00
    3.77704e-02      1.83403e-02      1.00000e+01      4.26268e+00
    3.84707e-02      1.78256e-02      1.00000e+01      4.26268e+00
    3.91841e-02      1.73013e-02      1.00000e+01      4.26267e+00
    3.99107e-02      1.67673e-02      1.00000e+01      4.26267e+00
    4.06509e-02      1.62233e-02      1.00000e+01      4.26267e+00
    4.14048e-02      1.56693e-02      1.00000e+01      4.26266e+00
    4.21727e-02      1.51049e-02      1.00000e+01      4.26266e+00
    4.29549e-02      1.45300e-02      1.00000e+01      4.26266e+00
    4.37516e-02      1.39445e-02      1.00000e+01      4.26265e+00
    4.45631e-02      1.33481e-02      1.00000e+01      4.26265e+00
    4.53898e-02      1.27405e-02      1.00000e+01      4.26264e+00
    4.62318e-02      1.21217e-02      1.00000e+01      4.26264e+00
    4.70894e-02      1.14914e-02      1.00000e+01      4.26264e+00
    4.79630e-02      1.08494e-02      1.00000e+01      4.26263e+00
    4.88528e-02      1.01954e-02      1.00000e+01      4.26263e+00
    4.97592e-02      9.52924e-03      1.00000e+01      4.26262e+00
    5.06825e-02      8.85072e-03      1.00000e+01      4.26262e+00
    5.16229e-02      8.34414e-03      1.00000e+01      4.26261e+00
    5.25807e-02      8.02415e-03      1.00000e+01      4.26260e+00
    5.35564e-02      7.69822e-03      1.00000e+01      4.26260e+00
    5.45503e-02      7.36622e-03      1.00000e+01      4.26259e+00
    5.55626e-02      7.02805e-03      1.00000e+01      4.26258e+00
    5.65937e-02      6.68360e-03      1.00000e+01      4.26257e+00
    5.76440e-02      6.33274e-03      1.00000e+01      4.26256e+00
    5.87138e-02      5.97536e-03      1.00000e+01      4.26255e+00
    5.98035e-02      5.61133e-03      1.00000e+01      4.26254e+00
    6.09135e-02      5.24054e-03      1.00000e+01      4.26253e+00
    6.20441e-02      4.86285e-03      1.00000e+01      4.26252e+00
    6.31957e-02      4.47814e-03      1.00000e+01      4.26251e+00
    6.43688e-02      4.08628e-03      1.00000e+01      4.26250e+00
    6.55636e-02      3.68713e-03      1.00000e+01      4.26249e+00
    6.67807e-02      3.28057e-03      1.00000e+01      4.26248e+00
    6.80204e-02      2.86644e-03      1.00000e+01      4.26247e+00
    6.92831e-02      2.44462e-03      1.00000e+01      4.26246e+00
    7.05693e-02      2.01495e-03      1.00000e+01      4.26245e+00
    7.18794e-02      1.57729e-03      1.00000e+01      4.26244e+00
    7.32139e-02      1.53632e-03      1.00000e+01      4.26243e+00
    7.45732e-02      1.53322e-03      1.00000e+01      4.26241e+00
    7.59578e-02      1.53006e-03      1.00000e+01      4.26240e+00
    7.73681e-02      1.52685e-03      1.00000e+01      4.26239e+00
    7.88046e-02      1.52357e-03      1.00000e+01      4.26238e+00
    8.02678e-02      1.52023e-03      1.00000e+01      4.26236e+00
    8.17582e-02      1.51683e-03      1.00000e+01      4.26235e+00
    8.32764e-02      1.51337e-03      1.00000e+01      4.26234e+00
    8.48227e-02      1.50984e-03      1.00000e+01      4.26232e+00
    8.63979e-02      1.50625e-03      1.00000e+01      4.26231e+00
    8.80023e-02      1.50259e-03      1.00000e+01      4.26229e+00
    8.96365e-02      1.49886e-03      1.00000e+01      4.26228e+00
    9.13011e-02      1.49507e-03      1.00000e+01      4.26226e+00
    9.29966e-02      1.49123e-03      1.00000e+01      4.26346e+00
    9.47237e-02      1.48755e-03      1.00000e+01      4.27563e+00
    9.64829e-02      1.48380e-03      1.00000e+01      4.28802e+00
    9.82748e-02      1.47998e-03      1.00000e+01      4.30064e+00
    1.00100e-01      1.47610e-03      1.00000e+01      4.31350e+00
    1.01959e-01      1.47214e-03      1.00000e+01      4.32660e+00
    1.03853e-01      1.46810e-03      1.00000e+01      4.33994e+00
    1.05782e-01      1.46400e-03      1.00000e+01      4.35353e+00
    1.07747e-01      1.45981e-03      1.00000e+01      4.36737e+00
    1.09748e-01      1.45555e-03      1.00000e+01      4.38147e+00
    1.11786e-01      1.45121e-03      1.00000e+01      4.39583e+00
    1.13863e-01      1.44680e-03      1.00000e+01      4.40900e+00
    1.15978e-01      1.44249e-03      1.00000e+01      4.40898e+00
    1.18132e-01      1.43809e-03      1.00000e+01      4.40895e+00
    1.20326e-01      1.43361e-03      1.00000e+01      4.40893e+00
    1.22562e-01      1.42905e-03      1.00000e+01      4.40891e+00
    1.24838e-01      1.42440e-03      1.00000e+01      4.40888e+00
    1.27157e-01      1.41967e-03      1.00000e+01      4.40886e+00
    1.29520e-01      1.41485e-03      1.00000e+01      4.40883e+00
    1.31926e-01      1.40993e-03      1.00000e+01      4.40880e+00
    1.34376e-01      1.40493e-03      1.00000e+01      4.40878e+00
    1.36873e-01      1.40007e-03      1.00000e+01      4.40875e+00
    1.39416e-01      1.39513e-03      1.00000e+01      4.40873e+00
    1.42006e-01      1.39009e-03      1.00000e+01      4.40870e+00
    1.44644e-01      1.38496e-03      1.00000e+01      4.40867e+00
    1.47331e-01      1.37974e-03      1.00000e+01      4.40865e+00
    1.50068e-01      1.37442e-03      1.00000e+01      4.40862e+00
    1.52857e-01      1.36900e-03      1.00000e+01      4.40859e+00
    1.55697e-01      1.36351e-03      1.00000e+01      4.40856e+00
    1.58589e-01      1.35814e-03      1.00000e+01      4.40853e+00
    1.61536e-01      1.35267e-03      1.00000e+01      4.40850e+00
    1.64537e-01      1.34710e-03      1.00000e+01      4.40846e+00
    1.67594e-01      1.34143e-03      1.00000e+01      4.40843e+00
    1.70708e-01      1.33565e-03      1.00000e+01      4.40840e+00
    1.73880e-01      1.32977e-03      1.00000e+01      4.40836e+00
    1.77111e-01      1.32385e-03      1.00000e+01      4.40833e+00
    1.80402e-01      1.31799e-03      1.00000e+01      4.40829e+00
    1.83754e-01      1.31203e-03      1.00000e+01      4.40826e+00
    1.87168e-01      1.30596e-03      1.00000e+01      4.40823e+00
    1.90646e-01      1.29978e-03      1.00000e+01      4.40819e+00
    1.94189e-01      1.29348e-03      1.00000e+01      4.40816e+00
    1.97797e-01      1.28713e-03      1.00000e+01      4.40812e+00
    2.01472e-01      1.28086e-03      1.00000e+01      4.40809e+00
    2.05216e-01      1.27448e-03      1.00000e+01      4.40806e+00
    2.09030e-01      1.26798e-03      1.00000e+01      4.40802e+00
    2.12914e-01      1.26136e-03      1.00000e+01      4.40799e+00
    2.16870e-01      1.25461e-03      1.00000e+01      4.40796e+00
    2.20900e-01      1.24795e-03      1.00000e+01      4.40792e+00
    2.25005e-01      1.24123e-03      1.00000e+01      4.40789e+00
    2.29187e-01      1.23439e-03      1.00000e+01      4.40785e+00
    2.33446e-01      1.22741e-03      1.00000e+01      4.40782e+00
    2.37784e-01      1.22031e-03      1.00000e+01      4.40778e+00
    2.42203e-01      1.21329e-03      1.00000e+01      4.40769e+00
    2.46704e-01      1.20620e-03      1.00000e+01      4.40758e+00
    2.51289e-01      1.19898e-03      1.00000e+01      4.40747e+00
    2.55959e-01      1.19162e-03      1.00000e+01      4.40735e+00
    2.60715e-01      1.18419e-03      1.00000e+01      4.40726e+00
    2.65561e-01      1.17683e-03      1.00000e+01      4.40721e+00
    2.70496e-01      1.16934e-03      1.00000e+01      4.40717e+00
    2.75523e-01      1.16171e-03      1.00000e+01      4.40712e+00
    2.80643e-01      1.15395e-03      1.00000e+01      4.40708e+00
    2.85859e-01      1.14631e-03      1.00000e+01      4.40703e+00
    2.91172e-01      1.13853e-03      1.00000e+01      4.40698e+00
    2.96583e-01      1.13061e-03      1.00000e+01      4.40693e+00
    3.02095e-01      1.12259e-03      1.00000e+01      4.40688e+00
    3.07710e-01      1.11465e-03      1.00000e+01      4.40683e+00
    3.13429e-01      1.10657e-03      1.00000e+01      4.40677e+00
    3.19254e-01      1.09833e-03      1.00000e+01      4.40672e+00
    3.25187e-01      1.09010e-03      1.00000e+01      4.40666e+00
    3.31231e-01      1.08184e-03      1.00000e+01      4.40660e+00
    3.37387e-01      1.07344e-03      1.00000e+01      4.40654e+00
    3.43658e-01      1.06491e-03      1.00000e+01      4.40648e+00
    3.50045e-01      1.05648e-03      1.00000e+01      4.40642e+00
    3.56551e-01      1.04789e-03      1.00000e+01      4.40636e+00
    3.63178e-01      1.03913e-03      1.00000e+01      4.40629e+00
    3.69928e-01      1.03049e-03      1.00000e+01      4.40622e+00
    3.76804e-01      1.02170e-03      1.00000e+01      4.40615e+00
    3.83807e-01      1.01274e-03      1.00000e+01      4.40608e+00
    3.90941e-01      1.00389e-03      1.00000e+01      4.40601e+00
    3.98207e-01      9.94897e-04      1.00000e+01      4.40594e+00
    4.05609e-01      9.85750e-04      1.00000e+01      4.40586e+00
    4.13148e-01      9.76712e-04      1.00000e+01      4.40579e+00
    4.20827e-01      9.67505e-04      1.00000e+01      4.40571e+00
    4.28649e-01      9.58218e-04      1.00000e+01      4.40563e+00
    4.36616e-01      9.48955e-04      1.00000e+01      4.40555e+00
    4.44731e-01      9.39519e-04      1.00000e+01      4.40547e+00
    4.52998e-01      9.30120e-04      1.00000e+01      4.40539e+00
    4.61418e-01      9.20626e-04      1.00000e+01      4.40530e+00
    4.69994e-01      9.11030e-04      1.00000e+01      4.40521e+00
    4.78730e-01      9.01477e-04      1.00000e+01      4.40512e+00
    4.87628e-01      8.91746e-04      1.00000e+01      4.40503e+00
    4.96692e-01      8.82091e-04      1.00000e+01      4.40494e+00
    5.05925e-01      8.72288e-04      1.00000e+01      4.40485e+00
    5.15329e-01      8.62483e-04      1.00000e+01      4.40475e+00
    5.24907e-01      8.52605e-04      1.00000e+01      4.40465e+00
    5.34664e-01      8.42670e-04      1.00000e+01      4.40455e+00
    5.44603e-01      8.32708e-04      1.00000e+01      4.40445e+00
    5.54726e-01      8.22663e-04      1.00000e+01      4.40435e+00
    5.65037e-01      8.12619e-04      1.00000e+01      4.40424e+00
    5.75540e-01      8.02489e-04      1.00000e+01      4.40413e+00
    5.86238e-01      7.92365e-04      1.00000e+01      4.40403e+00
    5.97135e-01      7.82167e-04      1.00000e+01      4.40392e+00
    6.08235e-01      7.71954e-04      1.00000e+01      4.40381e+00
    6.19541e-01      7.61700e-04      1.00000e+01      4.40370e+00
    6.31057e-01      7.51392e-04      1.00000e+01      4.40359e+00
    6.42788e-01      7.41093e-04      1.00000e+01      4.40348e+00
    6.54736e-01      7.30685e-04      1.00000e+01      4.40337e+00
    6.66907e-01      7.20356e-04      1.00000e+01      4.40326e+00
    6.79304e-01      7.09919e-04      1.00000e+01      4.40314e+00
    6.91931e-01      6.99499e-04      1.00000e+01      4.40303e+00
    7.04793e-01      6.89056e-04      1.00000e+01      4.40291e+00
    7.17894e-01      6.78531e-04      1.00000e+01      4.40279e+00
    7.31239e-01      6.68089e-04      1.00000e+01      4.40266e+00
    7.44832e-01      6.57582e-04      1.00000e+01      4.40254e+00
    7.58678e-01      6.47034e-04      1.00000e+01      4.40241e+00
    7.72781e-01      6.36552e-04      1.00000e+01      4.40227e+00
    7.87146e-01      6.26019e-04      1.00000e+01      4.40213e+00
    8.01778e-01      6.15447e-04      1.00000e+01      4.40199e+00
    8.16682e-01      6.04937e-04      1.00000e+01      4.40185e+00
    8.31864e-01      5.94413e-04      1.00000e+01      4.40170e+00
    8.47327e-01      5.83870e-04      1.00000e+01      4.40154e+00
    8.63079e-01      5.73324e-04      1.00000e+01      4.40138e+00
    8.79123e-01      5.62841e-04      1.00000e+01      4.40122e+00
    8.95465e-01      5.52351e-04      1.00000e+01      4.40105e+00
    9.12111e-01      5.41861e-04      1.00000e+01      4.40087e+00
    9.29066e-01      5.31377e-04      1.00000e+01      4.40070e+00
    9.46337e-01      5.20913e-04      1.00000e+01      4.40052e+00
    9.63929e-01      5.10513e-04      1.00000e+01      4.40033e+00
    9.81848e-01      5.00134e-04      1.00000e+01      4.40015e+00
    1.00010e+00      4.90041e-04      1.00000e+01      4.48114e+00
    1.01869e+00      4.79928e-04      1.00000e+01      4.54642e+00
    1.03763e+00      4.69640e-04      1.00000e+01      4.54622e+00
    1.05692e+00      4.59391e-04      1.00000e+01      4.54601e+00
    1.07657e+00      4.49184e-04      1.00000e+01      4.54580e+00
    1.09658e+00      4.39028e-04      1.00000e+01      4.54558e+00
    1.11696e+00      4.28924e-04      1.00000e+01      4.54536e+00
    1.13773e+00      4.18878e-04      1.00000e+01      4.54513e+00
    1.15888e+00      4.08893e-04      1.00000e+01      4.54490e+00
    1.18042e+00      3.98970e-04      1.00000e+01      4.54467e+00
    1.20236e+00      3.89115e-04      1.00000e+01      4.54443e+00
    1.22472e+00      3.79330e-04      1.00000e+01      4.54420e+00
    1.24748e+00      3.69615e-04      1.00000e+01      4.54397e+00
    1.27067e+00      3.59971e-04      1.00000e+01      4.54372e+00
    1.29430e+00      3.50404e-04      1.00000e+01      4.54348e+00
    1.31836e+00      3.40916e-04      1.00000e+01      4.54322e+00
    1.34286e+00      3.31513e-04      1.00000e+01      4.54296e+00
    1.36783e+00      3.22225e-04      1.00000e+01      4.54270e+00
    1.39326e+00      3.13024e-04      1.00000e+01      4.54243e+00
    1.41916e+00      3.03911e-04      1.00000e+01      4.54215e+00
    1.44554e+00      2.94884e-04      1.00000e+01      4.54187e+00
    1.47241e+00      2.85987e-04      1.00000e+01      4.54158e+00
    1.49978e+00      2.77196e-04      1.00000e+01      4.54129e+00
    1.52767e+00      2.68499e-04      1.00000e+01      4.54099e+00
    1.55607e+00      2.59933e-04      1.00000e+01      4.54068e+00
    1.58499e+00      2.51481e-04      1.00000e+01      4.54036e+00
    1.61446e+00      2.43132e-04      1.00000e+01      4.54004e+00
    1.64447e+00      2.34937e-04      1.00000e+01      4.53971e+00
    1.67504e+00      2.26843e-04      1.00000e+01      4.53936e+00
    1.70618e+00      2.18905e-04      1.00000e+01      4.53902e+00
    1.73790e+00      2.11073e-04      1.00000e+01      4.53868e+00
    1.77021e+00      2.03408e-04      1.00000e+01      4.53833e+00
    1.80312e+00      1.95859e-04      1.00000e+01      4.53797e+00
    1.83664e+00      1.88466e-04      1.00000e+01      4.53760e+00
    1.87078e+00      1.81212e-04      1.00000e+01      4.53723e+00
    1.90556e+00      1.74096e-04      1.00000e+01      4.53684e+00
    1.94099e+00      1.67151e-04      1.00000e+01      4.53645e+00
    1.97707e+00      1.60349e-04      1.00000e+01      4.53606e+00
    2.01382e+00      1.54163e-04      1.00000e+01      4.68197e+00
    2.05126e+00      1.47663e-04      1.00000e+01      4.68155e+00
    2.08940e+00      1.41334e-04      1.00000e+01      4.68112e+00
    2.12824e+00      1.35165e-04      1.00000e+01      4.68068e+00
    2.16780e+00      1.29156e-04      1.00000e+01      4.68022e+00
    2.20810e+00      1.23309e-04      1.00000e+01      4.67976e+00
    2.24915e+00      1.17626e-04      1.00000e+01      4.67929e+00
    2.29097e+00      1.12111e-04      1.00000e+01      4.67881e+00
    2.33356e+00      1.06763e-04      1.00000e+01      4.67831e+00
    2.37694e+00      1.01581e-04      1.00000e+01      4.67781e+00
    2.42113e+00      9.65685e-05      1.00000e+01      4.67729e+00
    2.46614e+00      9.17238e-05      1.00000e+01      4.67699e+00
    2.51199e+00      8.70534e-05      1.00000e+01      4.67644e+00
    2.55869e+00      8.25502e-05      1.00000e+01      4.67589e+00
    2.60625e+00      7.82172e-05      1.00000e+01      4.67532e+00
    2.65471e+00      7.40485e-05      1.00000e+01      4.67474e+00
    2.70406e+00      7.00539e-05      1.00000e+01      4.67415e+00
    2.75433e+00      6.62236e-05      1.00000e+01      4.67355e+00
    2.80553e+00      6.25603e-05      1.00000e+01      4.67293e+00
    2.85769e+00      5.90620e-05      1.00000e+01      4.67230e+00
    2.91082e+00      5.57275e-05      1.00000e+01      4.67166e+00
    2.96493e+00      5.25531e-05      1.00000e+01      4.67102e+00
    3.02005e+00      4.95420e-05      1.00000e+01      4.67037e+00
    3.07620e+00      4.66847e-05      1.00000e+01      4.66969e+00
    3.13339e+00      4.39829e-05      1.00000e+01      4.66901e+00
    3.19164e+00      4.14362e-05      1.00000e+01      4.66831e+00
    3.25097e+00      3.90377e-05      1.00000e+01      4.66760e+00
    3.31141e+00      3.67857e-05      1.00000e+01      4.66687e+00
    3.37297e+00      3.46758e-05      1.00000e+01      4.66613e+00
    3.43568e+00      3.27044e-05      1.00000e+01      4.66536e+00
    3.49955e+00      3.08700e-05      1.00000e+01      4.66458e+00
    3.56461e+00      2.91649e-05      1.00000e+01      4.66378e+00
    3.63088e+00      2.75881e-05      1.00000e+01      4.66296e+00
    3.69838e+00      2.61327e-05      1.00000e+01      4.66213e+00
    3.76714e+00      2.47978e-05      1.00000e+01      4.66128e+00
    3.83717e+00      2.35743e-05      1.00000e+01      4.66044e+00
    3.90851e+00      2.24589e-05      1.00000e+01      4.65957e+00
    3.98117e+00      2.14477e-05      1.00000e+01      4.65866e+00
    4.05519e+00      2.05335e-05      1.00000e+01      4.65774e+00
    4.13058e+00      1.97114e-05      1.00000e+01      4.65682e+00
    4.20737e+00      1.89777e-05      1.00000e+01      4.65587e+00
    4.28559e+00      1.83260e-05      1.00000e+01      4.65491e+00
    4.36526e+00      1.77479e-05      1.00000e+01      4.65392e+00
    4.44641e+00      1.72427e-05      1.00000e+01      4.65290e+00
    4.52908e+00      1.68023e-05      1.00000e+01      4.65187e+00
    4.61328e+00      1.64211e-05      1.00000e+01      4.65080e+00
    4.69904e+00      1.60946e-05      1.00000e+01      4.64972e+00
    4.78640e+00      1.58170e-05      1.00000e+01      4.64861e+00
    4.87538e+00      1.55831e-05      1.00000e+01      4.64748e+00
    4.96602e+00      1.53876e-05      1.00000e+01      4.64633e+00
    5.05835e+00      1.52268e-05      1.00000e+01      4.64516e+00
    5.15239e+00      1.50951e-05      1.00000e+01      4.64397e+00
    5.24817e+00      1.49882e-05      1.00000e+01      4.64275e+00
    5.34574e+00      1.49028e-05      1.00000e+01      4.64151e+00
    5.44513e+00      1.48348e-05      1.00000e+01      4.64025e+00
    5.54636e+00      1.47808e-05      1.00000e+01      4.63896e+00
    5.64947e+00      1.47382e-05      1.00000e+01      4.63765e+00
    5.75450e+00      1.47044e-05      1.00000e+01      4.63630e+00
    5.86148e+00      1.46771e-05      1.00000e+01      4.63490e+00
    5.97045e+00      1.46549e-05      1.00000e+01      4.63348e+00
    6.08145e+00      1.46363e-05      1.00000e+01      4.63203e+00
    6.19451e+00      1.46202e-05      1.00000e+01      4.63055e+00
    6.30967e+00      1.46060e-05      1.00000e+01      4.62904e+00
    6.42698e+00      1.45930e-05      1.00000e+01      4.62749e+00
    6.54646e+00      1.45809e-05      1.00000e+01      4.62591e+00
    6.66817e+00      1.45694e-05      1.00000e+01      4.62430e+00
    6.79214e+00      1.45583e-05      1.00000e+01      4.62267e+00
    6.91841e+00      1.45474e-05      1.00000e+01      4.62102e+00
    7.04703e+00      1.45367e-05      1.00000e+01      4.61932e+00
    7.17804e+00      1.45261e-05      1.00000e+01      4.61758e+00
    7.31149e+00      1.45156e-05      1.00000e+01      4.61579e+00
    7.44742e+00      1.45050e-05      1.00000e+01      4.61395e+00
    7.58588e+00      1.44945e-05      1.00000e+01      4.61207e+00
    7.72691e+00      1.44839e-05      1.00000e+01      4.61016e+00
    7.87056e+00      1.44734e-05      1.00000e+01      4.60821e+00
    8.01688e+00      1.44628e-05      1.00000e+01      4.60622e+00
    8.16592e+00      1.44522e-05      1.00000e+01      4.60418e+00
    8.31774e+00      1.44416e-05      1.00000e+01      4.60211e+00
    8.47237e+00      1.44308e-05      1.00000e+01      4.60000e+00
    8.62989e+00      1.44200e-05      1.00000e+01      4.59782e+00
    8.79033e+00      1.44090e-05      1.00000e+01      4.59560e+00
    8.95375e+00      1.43979e-05      1.00000e+01      4.59333e+00
    9.12021e+00      1.43867e-05      1.00000e+01      4.59100e+00
    9.28976e+00      1.43754e-05      1.00000e+01      4.58864e+00
    9.46247e+00      1.43640e-05      1.00000e+01      4.58624e+00
    9.63839e+00      1.43524e-05      1.00000e+01      4.58378e+00
    9.81758e+00      1.43406e-05      1.00000e+01      4.58126e+00
    1.00001e+01      1.43286e-05      1.00000e+01      4.57870e+00
    1.01860e+01      1.43165e-05      1.00000e+01      4.57608e+00
    1.03754e+01      1.43041e-05      1.00000e+01      4.57341e+00
    1.05683e+01      1.42915e-05      1.00000e+01      4.57068e+00
    1.07648e+01      1.42788e-05      1.00000e+01      4.56789e+00
    1.09649e+01      1.42658e-05      1.00000e+01      4.56504e+00
    1.11687e+01      1.42525e-05      1.00000e+01      4.56212e+00
    1.13764e+01      1.42389e-05      1.00000e+01      4.55911e+00
    1.15879e+01      1.42252e-05      1.00000e+01      4.55604e+00
    1.18033e+01      1.42113e-05      1.00000e+01      4.55295e+00
    1.20227e+01      1.41970e-05      1.00000e+01      4.54975e+00
    1.22463e+01      1.41825e-05      1.00000e+01      4.54648e+00
    1.24739e+01      1.41677e-05      1.00000e+01      4.54313e+00
    1.27058e+01      1.41527e-05      1.00000e+01      4.53971e+00
    1.29421e+01      1.41374e-05      1.00000e+01      4.53622e+00
    1.31827e+01      1.41219e-05      1.00000e+01      4.53266e+00
    1.34277e+01      1.41061e-05      1.00000e+01      4.52901e+00
    1.36774e+01      1.40899e-05      1.00000e+01      4.52526e+00
    1.39317e+01      1.40735e-05      1.00000e+01      4.52144e+00
    1.41907e+01      1.40568e-05      1.00000e+01      4.51755e+00
    1.44545e+01      1.40399e-05      1.00000e+01      4.51357e+00
    1.47232e+01      1.40226e-05      1.00000e+01      4.50951e+00
    1.49969e+01      1.40051e-05      1.00000e+01      4.50536e+00
    1.52758e+01      1.39872e-05      1.00000e+01      4.50110e+00
    1.55598e+01      1.39690e-05      1.00000e+01      4.49675e+00
    1.58490e+01      1.39505e-05      1.00000e+01      4.49231e+00
    1.61437e+01      1.39317e-05      1.00000e+01      4.48778e+00
    1.64438e+01      1.39125e-05      1.00000e+01      4.48315e+00
    1.67495e+01      1.38931e-05      1.00000e+01      4.47840e+00
    1.70609e+01      1.38732e-05      1.00000e+01      4.47356e+00
    1.73781e+01      1.38531e-05      1.00000e+01      4.46862e+00
    1.77012e+01      1.38325e-05      1.00000e+01      4.46353e+00
    1.80303e+01      1.38116e-05      1.00000e+01      4.45834e+00
    1.83655e+01      1.37903e-05      1.00000e+01      4.45302e+00
    1.87069e+01      1.37686e-05      1.00000e+01      4.44759e+00
    1.90547e+01      1.37466e-05      1.00000e+01      4.44205e+00
    1.94090e+01      1.37242e-05      1.00000e+01      4.43640e+00
    1.97698e+01      1.37014e-05      1.00000e+01      4.43059e+00
    2.01373e+01      1.36782e-05      1.00000e+01      4.42467e+00
    2.05117e+01      1.36546e-05      1.00000e+01      4.41861e+00
    2.08931e+01      1.36306e-05      1.00000e+01      4.41241e+00
    2.12815e+01      1.36060e-05      1.00000e+01      4.40604e+00
    2.16771e+01      1.35810e-05      1.00000e+01      4.39953e+00
    2.20801e+01      1.35556e-05      1.00000e+01      4.39288e+00
    2.24906e+01      1.35298e-05      1.00000e+01      4.38608e+00
    2.29088e+01      1.35035e-05      1.00000e+01      4.37913e+00
    2.33347e+01      1.34769e-05      1.00000e+01      4.37205e+00
    2.37685e+01      1.34498e-05      1.00000e+01      4.36483e+00
    2.42104e+01      1.34223e-05      1.00000e+01      4.35745e+00
    2.46605e+01      1.33943e-05      1.00000e+01      4.34990e+00
    2.51190e+01      1.33656e-05      1.00000e+01      4.34214e+00
    2.55860e+01      1.33364e-05      1.00000e+01      4.33418e+00
    2.60616e+01      1.33067e-05      1.00000e+01      4.32603e+00
    2.65462e+01      1.32764e-05      1.00000e+01      4.31770e+00
    2.70397e+01      1.32456e-05      1.00000e+01      4.30918e+00
    2.75424e+01      1.32143e-05      1.00000e+01      4.30048e+00
    2.80544e+01      1.31825e-05      1.00000e+01      4.29159e+00
    2.85760e+01      1.31502e-05      1.00000e+01      4.28253e+00
    2.91073e+01      1.31173e-05      1.00000e+01      4.27325e+00
    2.96484e+01      1.30838e-05      1.00000e+01      4.26373e+00
    3.01996e+01      1.30495e-05      1.00000e+01      4.25397e+00
    3.07611e+01      1.30148e-05      1.00000e+01      4.24402e+00
    3.13330e+01      1.29794e-05      1.00000e+01      4.23384e+00
    3.19155e+01      1.29434e-05      1.00000e+01      4.22343e+00
    3.25088e+01      1.29069e-05      1.00000e+01      4.21281e+00
    3.31132e+01      1.28696e-05      1.00000e+01      4.20193e+00
    3.37288e+01      1.28317e-05      1.00000e+01      4.19079e+00
    3.43559e+01      1.27931e-05      1.00000e+01      4.17939e+00
    3.49946e+01      1.27538e-05      1.00000e+01      4.16773e+00
    3.56452e+01      1.27135e-05      1.00000e+01      4.15572e+00
    3.63079e+01      1.26728e-05      1.00000e+01      4.14354e+00
    3.69829e+01      1.26318e-05      1.00000e+01      4.13119e+00
    3.76705e+01      1.25894e-05      1.00000e+01      4.11841e+00
    3.83708e+01      1.25463e-05      1.00000e+01      4.10532e+00
    3.90842e+01      1.25026e-05      1.00000e+01      4.09198e+00
    3.98108e+01      1.24582e-05      1.00000e+01      4.07834e+00
    4.05510e+01      1.24130e-05      1.00000e+01      4.06444e+00
    4.13049e+01      1.23671e-05      1.00000e+01      4.05021e+00
    4.20728e+01      1.23206e-05      1.00000e+01      4.03574e+00
    4.28550e+01      1.22727e-05      1.00000e+01      4.02076e+00
    4.36517e+01      1.22239e-05      1.00000e+01      4.00543e+00
    4.44632e+01      1.21742e-05      1.00000e+01      3.98977e+00
    4.52899e+01      1.21239e-05      1.00000e+01      3.97384e+00
    4.61319e+01      1.20724e-05      1.00000e+01      3.95745e+00
    4.69895e+01      1.20201e-05      1.00000e+01      3.94074e+00
    4.78631e+01      1.19670e-05      1.00000e+01      3.92367e+00
    4.87529e+01      1.19130e-05      1.00000e+01      3.90627e+00
    4.96593e+01      1.18581e-05      1.00000e+01      3.88847e+00
    5.05826e+01      1.18020e-05      1.00000e+01      3.87024e+00
    5.15230e+01      1.17448e-05      1.00000e+01      3.85154e+00
    5.24808e+01      1.16865e-05      1.00000e+01      3.83243e+00
    5.34565e+01      1.16273e-05      1.00000e+01      3.81293e+00
    5.44504e+01      1.15671e-05      1.00000e+01      3.79302e+00
    5.54627e+01      1.15057e-05      1.00000e+01      3.77264e+00
    5.64938e+01      1.14433e-05      1.00000e+01      3.75183e+00
    5.75441e+01      1.13798e-05      1.00000e+01      3.73059e+00
    5.86139e+01      1.13150e-05      1.00000e+01      3.70885e+00
    5.97036e+01      1.12489e-05      1.00000e+01      3.68656e+00
    6.08136e+01      1.11817e-05      1.00000e+01      3.66383e+00
    6.19442e+01      1.11133e-05      1.00000e+01      3.64061e+00
    6.30958e+01      1.10436e-05      1.00000e+01      3.61687e+00
    6.42689e+01      1.09727e-05      1.00000e+01      3.59263e+00
    6.54637e+01      1.09004e-05      1.00000e+01      3.56785e+00
    6.66808e+01      1.08270e-05      1.00000e+01      3.54259e+00
    6.79205e+01      1.07521e-05      1.00000e+01      3.51674e+00
    6.91832e+01      1.06758e-05      1.00000e+01      3.49033e+00
    7.04694e+01      1.05980e-05      1.00000e+01      3.46333e+00
    7.17795e+01      1.05189e-05      1.00000e+01      3.43580e+00
    7.31140e+01      1.04385e-05      1.00000e+01      3.40771e+00
    7.44733e+01      1.03564e-05      1.00000e+01      3.37900e+00
    7.58579e+01      1.02728e-05      1.00000e+01      3.34966e+00
    7.72682e+01      1.01877e-05      1.00000e+01      3.31973e+00
    7.87047e+01      1.01011e-05      1.00000e+01      3.28919e+00
    8.01679e+01      1.00129e-05      1.00000e+01      3.25804e+00
    8.16583e+01      9.92261e-06      1.00000e+01      3.22608e+00
    8.31765e+01      9.83110e-06      1.00000e+01      3.19362e+00
    8.47228e+01      9.73835e-06      1.00000e+01      3.16063e+00
    8.62980e+01      9.64347e-06      1.00000e+01      3.12685e+00
    8.79024e+01      9.54671e-06      1.00000e+01      3.09236e+00
    8.95366e+01      9.44819e-06      1.00000e+01      3.05720e+00
    9.12012e+01      9.34806e-06      1.00000e+01      3.02140e+00
    9.28967e+01      9.24509e-06      1.00000e+01      2.98460e+00
    9.46238e+01      9.14210e-06      1.00000e+01      2.94764e+00
    9.63830e+01      9.03643e-06      1.00000e+01      2.90974e+00
    9.81749e+01      8.92887e-06      1.00000e+01      2.87113e+00
    1.00000e+02      8.81826e-06      1.00000e+01      2.83148e+00
