    Er (keV)         SM dN/dE         BG dN/dE        BSM dN/dE (events/kg/day/keV)
    1.01000e-02      2.49349e+02      1.00000e+01      9.84525e+01
    1.02859e-02      2.48445e+02      1.00000e+01      9.84525e+01
    1.04753e-02      2.47525e+02      1.00000e+01      9.84524e+01
    1.06682e-02      2.46587e+02      1.00000e+01      9.84524e+01
    1.08647e-02      2.45632e+02      1.00000e+01      9.84523e+01
    1.10648e-02      2.44660e+02      1.00000e+01      9.84523e+01
    1.12686e-02      2.43669e+02      1.00000e+01      9.84523e+01
    1.14763e-02      2.42660e+02      1.00000e+01      9.84522e+01
    1.16878e-02      2.41632e+02      1.00000e+01      9.84522e+01
    1.19032e-02      2.40585e+02      1.00000e+01      9.84521e+01
    1.21226e-02      2.39518e+02      1.00000e+01      9.84521e+01
    1.23462e-02      2.38432e+02      1.00000e+01      9.84520e+01
    1.25738e-02      2.37325e+02      1.00000e+01      9.84520e+01
    1.28057e-02      2.36198e+02      1.00000e+01      9.84519e+01
    1.30420e-02      2.35050e+02      1.00000e+01      9.84519e+01
    1.32826e-02      2.33880e+02      1.00000e+01      9.84518e+01
    1.35276e-02      2.32689e+02      1.00000e+01      9.84518e+01
    1.37773e-02      2.31476e+02      1.00000e+01      9.84517e+01
    1.40316e-02      2.30240e+02      1.00000e+01      9.84516e+01
    1.42906e-02      2.28981e+02      1.00000e+01      9.84516e+01
    1.45544e-02      2.27699e+02      1.00000e+01      9.84515e+01
    1.48231e-02      2.26392e+02      1.00000e+01      9.84515e+01
    1.50968e-02      2.25062e+02      1.00000e+01      9.84514e+01
    1.53757e-02      2.23707e+02      1.00000e+01      9.84514e+01
    1.56597e-02      2.22326e+02      1.00000e+01      9.84513e+01
    1.59489e-02      2.20920e+02      1.00000e+01      9.84512e+01
    1.62436e-02      2.19488e+02      1.00000e+01      9.84512e+01
    1.65437e-02      2.18030e+02      1.00000e+01      9.84511e+01
    1.68494e-02      2.16544e+02      1.00000e+01      9.84510e+01
    1.71608e-02      2.15030e+02      1.00000e+01      9.84510e+01
    1.74780e-02      2.13488e+02      1.00000e+01      9.84509e+01
    1.78011e-02      2.11918e+02      1.00000e+01      9.84508e+01
    1.81302e-02      2.10319e+02      1.00000e+01      9.84507e+01
    1.84654e-02      2.08689e+02      1.00000e+01      9.84507e+01
    1.88068e-02      2.07030e+02      1.00000e+01      9.84506e+01
    1.91546e-02      2.05339e+02      1.00000e+01      9.84505e+01
    1.95089e-02      2.03618e+02      1.00000e+01      9.84504e+01
    1.98697e-02      2.01864e+02      1.00000e+01      9.84504e+01
    2.02372e-02      2.00077e+02      1.00000e+01      9.84503e+01
    2.06116e-02      1.98258e+02      1.00000e+01      9.84502e+01
    2.09930e-02      1.96404e+02      1.00000e+01      9.84501e+01
    2.13814e-02      1.94516e+02      1.00000e+01      9.84500e+01
    2.17770e-02      1.92593e+02      1.00000e+01      9.84499e+01
    2.21800e-02      1.90634e+02      1.00000e+01      9.84499e+01
    2.25905e-02      1.88639e+02      1.00000e+01      9.84498e+01
    2.30087e-02      1.86607e+02      1.00000e+01      9.84497e+01
    2.34346e-02      1.84537e+02      1.00000e+01      9.84496e+01
    2.38684e-02      1.82428e+02      1.00000e+01      9.84495e+01
    2.43103e-02      1.80280e+02      1.00000e+01      9.84494e+01
    2.47604e-02      1.78093e+02      1.00000e+01      9.84493e+01
    2.52189e-02      1.75864e+02      1.00000e+01      9.84492e+01
    2.56859e-02      1.73594e+02      1.00000e+01      9.84491e+01
    2.61615e-02      1.71282e+02      1.00000e+01      9.84490e+01
    2.66461e-02      1.68928e+02      1.00000e+01      9.84489e+01
    2.71396e-02      1.66529e+02      1.00000e+01      9.84488e+01
    2.76423e-02      1.64085e+02      1.00000e+01      9.84487e+01
    2.81543e-02      1.61597e+02      1.00000e+01      9.84485e+01
    2.86759e-02      1.59061e+02      1.00000e+01      9.84484e+01
    2.92072e-02      1.56479e+02      1.00000e+01      9.84483e+01
    2.97483e-02      1.53849e+02      1.00000e+01      9.84482e+01
    3.02995e-02      1.51170e+02      1.00000e+01      9.84481e+01
    3.08610e-02      1.49980e+02      1.00000e+01      9.84479e+01
    3.14329e-02      1.48862e+02      1.00000e+01      9.84478e+01
    3.20154e-02      1.47724e+02      1.00000e+01      9.84477e+01
    3.26087e-02      1.46564e+02      1.00000e+01      9.84475e+01
    3.32131e-02      1.45382e+02      1.00000e+01      9.84474e+01
    3.38287e-02      1.44179e+02      1.00000e+01      9.84472e+01
    3.44558e-02      1.42953e+02      1.00000e+01      9.84471e+01
    3.50945e-02      1.41705e+02      1.00000e+01      9.84469e+01
    3.57451e-02      1.40433e+02      1.00000e+01      9.84468e+01
    3.64078e-02      1.39137e+02      1.00000e+01      9.84466e+01
    3.70828e-02      1.37818e+02      1.00000e+01      9.84465e+01
    3.77704e-02      1.36474e+02      1.00000e+01      9.84463e+01
    3.84707e-02      1.35105e+02      1.00000e+01      9.84461e+01
    3.91841e-02      1.33710e+02      1.00000e+01      9.84460e+01
    3.99107e-02      1.32290e+02      1.00000e+01      9.84458e+01
    4.06509e-02      1.30843e+02      1.00000e+01      9.84456e+01
    4.14048e-02      1.29370e+02      1.00000e+01      9.84454e+01
    4.21727e-02      1.27868e+02      1.00000e+01      9.84453e+01
    4.29549e-02      1.26339e+02      1.00000e+01      9.84451e+01
    4.37516e-02      1.24782e+02      1.00000e+01      9.84449e+01
    4.45631e-02      1.23196e+02      1.00000e+01      9.84447e+01
    4.53898e-02      1.21580e+02      1.00000e+01      9.84445e+01
    4.62318e-02      1.19934e+02      1.00000e+01      9.84443e+01
    4.70894e-02      1.18257e+02      1.00000e+01      9.84441e+01
    4.79630e-02      1.16550e+02      1.00000e+01      9.84439e+01
    4.88528e-02      1.14810e+02      1.00000e+01      9.84437e+01
    4.97592e-02      1.13038e+02      1.00000e+01      9.84434e+01
    5.06825e-02      1.11234e+02      1.00000e+01      9.84432e+01
    5.16229e-02      1.09757e+02      1.00000e+01      9.84430e+01
    5.25807e-02      1.08636e+02      1.00000e+01      9.84428e+01
    5.35564e-02      1.07495e+02      1.00000e+01      9.84426e+01
    5.45503e-02      1.06332e+02      1.00000e+01      9.84424e+01
    5.55626e-02      1.05148e+02      1.00000e+01      9.84422e+01
    5.65937e-02      1.03941e+02      1.00000e+01      9.84419e+01
    5.76440e-02      1.02712e+02      1.00000e+01      9.84417e+01
    5.87138e-02      1.01461e+02      1.00000e+01      9.84415e+01
    5.98035e-02      1.00186e+02      1.00000e+01      9.84413e+01
    6.09135e-02      9.88874e+01      1.00000e+01      9.84410e+01
    6.20441e-02      9.75647e+01      1.00000e+01      9.84408e+01
    6.31957e-02      9.62174e+01      1.00000e+01      9.84405e+01
    6.43688e-02      9.48451e+01      1.00000e+01      9.84403e+01
    6.55636e-02      9.34472e+01      1.00000e+01      9.84400e+01
    6.67807e-02      9.20233e+01      1.00000e+01      9.84398e+01
    6.80204e-02      9.05730e+01      1.00000e+01      9.84395e+01
    6.92831e-02      8.90957e+01      1.00000e+01      9.84392e+01
    7.05693e-02      8.75909e+01      1.00000e+01      9.84389e+01
    7.18794e-02      8.60582e+01      1.00000e+01      9.84387e+01
    7.32139e-02      8.49233e+01      1.00000e+01      9.84384e+01
    7.45732e-02      8.38081e+01      1.00000e+01      9.84381e+01
    7.59578e-02      8.26721e+01      1.00000e+01      9.84378e+01
    7.73681e-02      8.15149e+01      1.00000e+01      9.84375e+01
    7.88046e-02      8.03363e+01      1.00000e+01      9.84372e+01
    8.02678e-02      7.91357e+01      1.00000e+01      9.84368e+01
    8.17582e-02      7.79128e+01      1.00000e+01      9.84365e+01
    8.32764e-02      7.66672e+01      1.00000e+01      9.84362e+01
    8.48227e-02      7.53985e+01      1.00000e+01      9.84359e+01
    8.63979e-02      7.41061e+01      1.00000e+01      9.84355e+01
    8.80023e-02      7.27897e+01      1.00000e+01      9.84352e+01
    8.96365e-02      7.14489e+01      1.00000e+01      9.84348e+01
    9.13011e-02      7.00831e+01      1.00000e+01      9.84345e+01
    9.29966e-02      6.87290e+01      1.00000e+01      9.84621e+01
    9.47237e-02      6.76857e+01      1.00000e+01      9.87431e+01
    9.64829e-02      6.66230e+01      1.00000e+01      9.90294e+01
    9.82748e-02      6.55405e+01      1.00000e+01      9.93211e+01
    1.00100e-01      6.44379e+01      1.00000e+01      9.96181e+01
    1.01959e-01      6.33148e+01      1.00000e+01      9.99207e+01
    1.03853e-01      6.21708e+01      1.00000e+01      1.00229e+02
    1.05782e-01      6.10056e+01      1.00000e+01      1.00543e+02
    1.07747e-01      5.98186e+01      1.00000e+01      1.00863e+02
    1.09748e-01      5.86097e+01      1.00000e+01      1.01188e+02
    1.11786e-01      5.73782e+01      1.00000e+01      1.01520e+02
    1.13863e-01      5.61539e+01      1.00000e+01      1.01824e+02
    1.15978e-01      5.51838e+01      1.00000e+01      1.01824e+02
    1.18132e-01      5.41957e+01      1.00000e+01      1.01823e+02
    1.20326e-01      5.31892e+01      1.00000e+01      1.01823e+02
    1.22562e-01      5.21640e+01      1.00000e+01      1.01822e+02
    1.24838e-01      5.11197e+01      1.00000e+01      1.01822e+02
    1.27157e-01      5.00561e+01      1.00000e+01      1.01821e+02
    1.29520e-01      4.89726e+01      1.00000e+01      1.01820e+02
    1.31926e-01      4.78690e+01      1.00000e+01      1.01820e+02
    1.34376e-01      4.67449e+01      1.00000e+01      1.01819e+02
    1.36873e-01      4.58409e+01      1.00000e+01      1.01819e+02
    1.39416e-01      4.49315e+01      1.00000e+01      1.01818e+02
    1.42006e-01      4.40052e+01      1.00000e+01      1.01817e+02
    1.44644e-01      4.30617e+01      1.00000e+01      1.01817e+02
    1.47331e-01      4.21006e+01      1.00000e+01      1.01816e+02
    1.50068e-01      4.11217e+01      1.00000e+01      1.01815e+02
    1.52857e-01      4.01245e+01      1.00000e+01      1.01814e+02
    1.55697e-01      3.91360e+01      1.00000e+01      1.01814e+02
    1.58589e-01      3.83094e+01      1.00000e+01      1.01813e+02
    1.61536e-01      3.74675e+01      1.00000e+01      1.01812e+02
    1.64537e-01      3.66099e+01      1.00000e+01      1.01812e+02
    1.67594e-01      3.57363e+01      1.00000e+01      1.01811e+02
    1.70708e-01      3.48465e+01      1.00000e+01      1.01810e+02
    1.73880e-01      3.39401e+01      1.00000e+01      1.01810e+02
    1.77111e-01      3.30683e+01      1.00000e+01      1.01809e+02
    1.80402e-01      3.23037e+01      1.00000e+01      1.01808e+02
    1.83754e-01      3.15249e+01      1.00000e+01      1.01807e+02
    1.87168e-01      3.07317e+01      1.00000e+01      1.01807e+02
    1.90646e-01      2.99237e+01      1.00000e+01      1.01806e+02
    1.94189e-01      2.91007e+01      1.00000e+01      1.01805e+02
    1.97797e-01      2.82956e+01      1.00000e+01      1.01804e+02
    2.01472e-01      2.75915e+01      1.00000e+01      1.01803e+02
    2.05216e-01      2.68743e+01      1.00000e+01      1.01802e+02
    2.09030e-01      2.61438e+01      1.00000e+01      1.01802e+02
    2.12914e-01      2.53997e+01      1.00000e+01      1.01801e+02
    2.16870e-01      2.46418e+01      1.00000e+01      1.01800e+02
    2.20900e-01      2.39678e+01      1.00000e+01      1.01799e+02
    2.25005e-01      2.33117e+01      1.00000e+01      1.01798e+02
    2.29187e-01      2.26434e+01      1.00000e+01      1.01797e+02
    2.33446e-01      2.19627e+01      1.00000e+01      1.01796e+02
    2.37784e-01      2.12694e+01      1.00000e+01      1.01795e+02
    2.42203e-01      2.06563e+01      1.00000e+01      1.01794e+02
    2.46704e-01      2.00549e+01      1.00000e+01      1.01793e+02
    2.51289e-01      1.94422e+01      1.00000e+01      1.01793e+02
    2.55959e-01      1.88181e+01      1.00000e+01      1.01792e+02
    2.60715e-01      1.82077e+01      1.00000e+01      1.01791e+02
    2.65561e-01      1.76589e+01      1.00000e+01      1.01789e+02
    2.70496e-01      1.70999e+01      1.00000e+01      1.01788e+02
    2.75523e-01      1.65305e+01      1.00000e+01      1.01787e+02
    2.80643e-01      1.59562e+01      1.00000e+01      1.01786e+02
    2.85859e-01      1.54530e+01      1.00000e+01      1.01784e+02
    2.91172e-01      1.49405e+01      1.00000e+01      1.01783e+02
    2.96583e-01      1.44185e+01      1.00000e+01      1.01782e+02
    3.02095e-01      1.39003e+01      1.00000e+01      1.01781e+02
    3.07710e-01      1.34378e+01      1.00000e+01      1.01780e+02
    3.13429e-01      1.29667e+01      1.00000e+01      1.01779e+02
    3.19254e-01      1.24869e+01      1.00000e+01      1.01778e+02
    3.25187e-01      1.20354e+01      1.00000e+01      1.01776e+02
    3.31231e-01      1.16076e+01      1.00000e+01      1.01775e+02
    3.37387e-01      1.11718e+01      1.00000e+01      1.01774e+02
    3.43658e-01      1.07364e+01      1.00000e+01      1.01772e+02
    3.50045e-01      1.03473e+01      1.00000e+01      1.01771e+02
    3.56551e-01      9.95091e+00      1.00000e+01      1.01769e+02
    3.63178e-01      9.54718e+00      1.00000e+01      1.01768e+02
    3.69928e-01      9.18738e+00      1.00000e+01      1.01766e+02
    3.76804e-01      8.82467e+00      1.00000e+01      1.01765e+02
    3.83807e-01      8.45521e+00      1.00000e+01      1.01763e+02
    3.90941e-01      8.12387e+00      1.00000e+01      1.01761e+02
    3.98207e-01      7.79100e+00      1.00000e+01      1.01759e+02
    4.05609e-01      7.45378e+00      1.00000e+01      1.01758e+02
    4.13148e-01      7.15241e+00      1.00000e+01      1.01756e+02
    4.20827e-01      6.84543e+00      1.00000e+01      1.01754e+02
    4.28649e-01      6.54523e+00      1.00000e+01      1.01752e+02
    4.36616e-01      6.26616e+00      1.00000e+01      1.01750e+02
    4.44731e-01      5.98191e+00      1.00000e+01      1.01748e+02
    4.52998e-01      5.71955e+00      1.00000e+01      1.01746e+02
    4.61418e-01      5.46251e+00      1.00000e+01      1.01745e+02
    4.69994e-01      5.20868e+00      1.00000e+01      1.01743e+02
    4.78730e-01      4.97359e+00      1.00000e+01      1.01741e+02
    4.87628e-01      4.73413e+00      1.00000e+01      1.01739e+02
    4.96692e-01      4.51577e+00      1.00000e+01      1.01737e+02
    5.05925e-01      4.29654e+00      1.00000e+01      1.01735e+02
    5.15329e-01      4.08999e+00      1.00000e+01      1.01732e+02
    5.24907e-01      3.88985e+00      1.00000e+01      1.01730e+02
    5.34664e-01      3.69641e+00      1.00000e+01      1.01728e+02
    5.44603e-01      3.51242e+00      1.00000e+01      1.01726e+02
    5.54726e-01      3.33250e+00      1.00000e+01      1.01724e+02
    5.65037e-01      3.16303e+00      1.00000e+01      1.01721e+02
    5.75540e-01      2.99690e+00      1.00000e+01      1.01719e+02
    5.86238e-01      2.84041e+00      1.00000e+01      1.01717e+02
    5.97135e-01      2.68793e+00      1.00000e+01      1.01714e+02
    6.08235e-01      2.54318e+00      1.00000e+01      1.01712e+02
    6.19541e-01      2.40391e+00      1.00000e+01      1.01709e+02
    6.31057e-01      2.26957e+00      1.00000e+01      1.01707e+02
    6.42788e-01      2.14294e+00      1.00000e+01      1.01704e+02
    6.54736e-01      2.01818e+00      1.00000e+01      1.01701e+02
    6.66907e-01      1.90345e+00      1.00000e+01      1.01698e+02
    6.79304e-01      1.79019e+00      1.00000e+01      1.01695e+02
    6.91931e-01      1.68364e+00      1.00000e+01      1.01692e+02
    7.04793e-01      1.58176e+00      1.00000e+01      1.01689e+02
    7.17894e-01      1.48238e+00      1.00000e+01      1.01686e+02
    7.31239e-01      1.39111e+00      1.00000e+01      1.01683e+02
    7.44832e-01      1.30239e+00      1.00000e+01      1.01680e+02
    7.58678e-01      1.21711e+00      1.00000e+01      1.01676e+02
    7.72781e-01      1.13823e+00      1.00000e+01      1.01673e+02
    7.87146e-01      1.06209e+00      1.00000e+01      1.01669e+02
    8.01778e-01      9.89001e-01      1.00000e+01      1.01665e+02
    8.16682e-01      9.21628e-01      1.00000e+01      1.01663e+02
    8.31864e-01      8.57231e-01      1.00000e+01      1.01659e+02
    8.47327e-01      7.95696e-01      1.00000e+01      1.01655e+02
    8.63079e-01      7.37357e-01      1.00000e+01      1.01652e+02
    8.79123e-01      6.83365e-01      1.00000e+01      1.01649e+02
    8.95465e-01      6.31987e-01      1.00000e+01      1.01645e+02
    9.12111e-01      5.83274e-01      1.00000e+01      1.01641e+02
    9.29066e-01      5.37237e-01      1.00000e+01      1.01637e+02
    9.46337e-01      4.93973e-01      1.00000e+01      1.01633e+02
    9.63929e-01      4.53847e-01      1.00000e+01      1.01629e+02
    9.81848e-01      4.16089e-01      1.00000e+01      1.01625e+02
    1.00010e+00      3.80655e-01      1.00000e+01      1.03495e+02
    1.01869e+00      3.47496e-01      1.00000e+01      1.05002e+02
    1.03763e+00      3.16534e-01      1.00000e+01      1.04998e+02
    1.05692e+00      2.87676e-01      1.00000e+01      1.04993e+02
    1.07657e+00      2.60868e-01      1.00000e+01      1.04988e+02
    1.09658e+00      2.36022e-01      1.00000e+01      1.04984e+02
    1.11696e+00      2.12908e-01      1.00000e+01      1.04979e+02
    1.13773e+00      1.91250e-01      1.00000e+01      1.04973e+02
    1.15888e+00      1.72124e-01      1.00000e+01      1.04968e+02
    1.18042e+00      1.53975e-01      1.00000e+01      1.04963e+02
    1.20236e+00      1.37334e-01      1.00000e+01      1.04958e+02
    1.22472e+00      1.22062e-01      1.00000e+01      1.04952e+02
    1.24748e+00      1.08092e-01      1.00000e+01      1.04947e+02
    1.27067e+00      9.53501e-02      1.00000e+01      1.04941e+02
    1.29430e+00      8.37630e-02      1.00000e+01      1.04935e+02
    1.31836e+00      7.32528e-02      1.00000e+01      1.04929e+02
    1.34286e+00      6.37639e-02      1.00000e+01      1.04923e+02
    1.36783e+00      5.53612e-02      1.00000e+01      1.04917e+02
    1.39326e+00      4.78278e-02      1.00000e+01      1.04911e+02
    1.41916e+00      4.11021e-02      1.00000e+01      1.04904e+02
    1.44554e+00      3.51158e-02      1.00000e+01      1.04898e+02
    1.47241e+00      2.98897e-02      1.00000e+01      1.04891e+02
    1.49978e+00      2.53321e-02      1.00000e+01      1.04884e+02
    1.52767e+00      2.12976e-02      1.00000e+01      1.04878e+02
    1.55607e+00      1.78291e-02      1.00000e+01      1.04870e+02
    1.58499e+00      1.48274e-02      1.00000e+01      1.04863e+02
    1.61446e+00      1.22120e-02      1.00000e+01      1.04856e+02
    1.64447e+00      1.00007e-02      1.00000e+01      1.04848e+02
    1.67504e+00      8.11578e-03      1.00000e+01      1.04841e+02
    1.70618e+00      6.59161e-03      1.00000e+01      1.04833e+02
    1.73790e+00      5.28765e-03      1.00000e+01      1.04826e+02
    1.77021e+00      4.25265e-03      1.00000e+01      1.04818e+02
    1.80312e+00      3.39773e-03      1.00000e+01      1.04809e+02
    1.83664e+00      2.74096e-03      1.00000e+01      1.04800e+02
    1.87078e+00      2.22481e-03      1.00000e+01      1.04791e+02
    1.90556e+00      1.82256e-03      1.00000e+01      1.04782e+02
    1.94099e+00      1.52051e-03      1.00000e+01      1.04773e+02
    1.97707e+00      1.28252e-03      1.00000e+01      1.04764e+02
    2.01382e+00      1.10239e-03      1.00000e+01      1.08135e+02
    2.05126e+00      9.46927e-04      1.00000e+01      1.08124e+02
    2.08940e+00      8.20282e-04      1.00000e+01      1.08114e+02
    2.12824e+00      7.16347e-04      1.00000e+01      1.08104e+02
    2.16780e+00      6.31903e-04      1.00000e+01      1.08093e+02
    2.20810e+00      5.64768e-04      1.00000e+01      1.08083e+02
    2.24915e+00      5.11865e-04      1.00000e+01      1.08072e+02
    2.29097e+00      4.70820e-04      1.00000e+01      1.08061e+02
    2.33356e+00      4.39287e-04      1.00000e+01      1.08049e+02
    2.37694e+00      4.15189e-04      1.00000e+01      1.08038e+02
    2.42113e+00      3.96807e-04      1.00000e+01      1.08027e+02
    2.46614e+00      3.82763e-04      1.00000e+01      1.08014e+02
    2.51199e+00      3.72025e-04      1.00000e+01      1.08002e+02
    2.55869e+00      3.63779e-04      1.00000e+01      1.07989e+02
    2.60625e+00      3.57500e-04      1.00000e+01      1.07977e+02
    2.65471e+00      3.52813e-04      1.00000e+01      1.07963e+02
    2.70406e+00      3.49534e-04      1.00000e+01      1.07950e+02
    2.75433e+00      3.47338e-04      1.00000e+01      1.07937e+02
    2.80553e+00      3.46007e-04      1.00000e+01      1.07922e+02
    2.85769e+00      3.45297e-04      1.00000e+01      1.07908e+02
    2.91082e+00      3.44964e-04      1.00000e+01      1.07894e+02
    2.96493e+00      3.44824e-04      1.00000e+01      1.07879e+02
    3.02005e+00      3.44768e-04      1.00000e+01      1.07864e+02
    3.07620e+00      3.44735e-04      1.00000e+01      1.07849e+02
    3.13339e+00      3.44703e-04      1.00000e+01      1.07833e+02
    3.19164e+00      3.44671e-04      1.00000e+01      1.07818e+02
    3.25097e+00      3.44637e-04      1.00000e+01      1.07801e+02
    3.31141e+00      3.44603e-04      1.00000e+01      1.07785e+02
    3.37297e+00      3.44567e-04      1.00000e+01      1.07767e+02
    3.43568e+00      3.44533e-04      1.00000e+01      1.07751e+02
    3.49955e+00      3.44496e-04      1.00000e+01      1.07733e+02
    3.56461e+00      3.44461e-04      1.00000e+01      1.07715e+02
    3.63088e+00      3.44424e-04      1.00000e+01      1.07697e+02
    3.69838e+00      3.44385e-04      1.00000e+01      1.07678e+02
    3.76714e+00      3.44348e-04      1.00000e+01      1.07659e+02
    3.83717e+00      3.44311e-04      1.00000e+01      1.07640e+02
    3.90851e+00      3.44271e-04      1.00000e+01      1.07620e+02
    3.98117e+00      3.44230e-04      1.00000e+01      1.07600e+02
    4.05519e+00      3.44189e-04      1.00000e+01      1.07579e+02
    4.13058e+00      3.44148e-04      1.00000e+01      1.07559e+02
    4.20737e+00      3.44105e-04      1.00000e+01      1.07537e+02
    4.28559e+00      3.44062e-04      1.00000e+01      1.07515e+02
    4.36526e+00      3.44020e-04      1.00000e+01      1.07494e+02
    4.44641e+00      3.43976e-04      1.00000e+01      1.07471e+02
    4.52908e+00      3.43932e-04      1.00000e+01      1.07449e+02
    4.61328e+00      3.43889e-04      1.00000e+01      1.07427e+02
    4.69904e+00      3.43845e-04      1.00000e+01      1.07405e+02
    4.78640e+00      3.43799e-04      1.00000e+01      1.07382e+02
    4.87538e+00      3.43754e-04      1.00000e+01      1.07359e+02
    4.96602e+00      3.43709e-04      1.00000e+01      1.07336e+02
    5.05835e+00      3.43664e-04      1.00000e+01      1.07312e+02
    5.15239e+00      3.43617e-04      1.00000e+01      1.07289e+02
    5.24817e+00      3.43572e-04      1.00000e+01      1.07266e+02
    5.34574e+00      3.43525e-04      1.00000e+01      1.07242e+02
    5.44513e+00      3.43478e-04      1.00000e+01      1.07218e+02
    5.54636e+00      3.43430e-04      1.00000e+01      1.07194e+02
    5.64947e+00      3.43382e-04      1.00000e+01      1.07169e+02
    5.75450e+00      3.43332e-04      1.00000e+01      1.07144e+02
    5.86148e+00      3.43280e-04      1.00000e+01      1.07118e+02
    5.97045e+00      3.43230e-04      1.00000e+01      1.07091e+02
    6.08145e+00      3.43177e-04      1.00000e+01      1.07065e+02
    6.19451e+00      3.43124e-04      1.00000e+01      1.07037e+02
    6.30967e+00      3.43070e-04      1.00000e+01      1.07009e+02
    6.42698e+00      3.43012e-04      1.00000e+01      1.06980e+02
    6.54646e+00      3.42955e-04      1.00000e+01      1.06951e+02
    6.66817e+00      3.42899e-04      1.00000e+01      1.06922e+02
    6.79214e+00      3.42841e-04      1.00000e+01      1.06892e+02
    6.91841e+00      3.42782e-04      1.00000e+01      1.06861e+02
    7.04703e+00      3.42724e-04      1.00000e+01      1.06831e+02
    7.17804e+00      3.42659e-04      1.00000e+01      1.06798e+02
    7.31149e+00      3.42597e-04      1.00000e+01      1.06765e+02
    7.44742e+00      3.42532e-04      1.00000e+01      1.06732e+02
    7.58588e+00      3.42469e-04      1.00000e+01      1.06699e+02
    7.72691e+00      3.42401e-04      1.00000e+01      1.06664e+02
    7.87056e+00      3.42327e-04      1.00000e+01      1.06626e+02
    8.01688e+00      3.42269e-04      1.00000e+01      1.06594e+02
    8.16592e+00      3.42197e-04      1.00000e+01      1.06556e+02
    8.31774e+00      3.42125e-04      1.00000e+01      1.06519e+02
    8.47237e+00      3.42053e-04      1.00000e+01      1.06481e+02
    8.62989e+00      3.41979e-04      1.00000e+01      1.06442e+02
    8.79033e+00      3.41905e-04      1.00000e+01      1.06402e+02
    8.95375e+00      3.41829e-04      1.00000e+01      1.06362e+02
    9.12021e+00      3.41754e-04      1.00000e+01      1.06322e+02
    9.28976e+00      3.41673e-04      1.00000e+01      1.06280e+02
    9.46247e+00      3.41594e-04      1.00000e+01      1.06237e+02
    9.63839e+00      3.41514e-04      1.00000e+01      1.06194e+02
    9.81758e+00      3.41431e-04      1.00000e+01      1.06150e+02
    1.00001e+01      3.41346e-04      1.00000e+01      1.06105e+02
    1.01860e+01      3.41261e-04      1.00000e+01      1.06059e+02
    1.03754e+01      3.41173e-04      1.00000e+01      1.06012e+02
    1.05683e+01      3.41085e-04      1.00000e+01      1.05964e+02
    1.07648e+01      3.40993e-04      1.00000e+01      1.05915e+02
    1.09649e+01      3.40903e-04      1.00000e+01      1.05866e+02
    1.11687e+01      3.40808e-04      1.00000e+01      1.05815e+02
    1.13764e+01      3.40712e-04      1.00000e+01      1.05763e+02
    1.15879e+01      3.40615e-04      1.00000e+01      1.05710e+02
    1.18033e+01      3.40515e-04      1.00000e+01      1.05656e+02
    1.20227e+01      3.40414e-04      1.00000e+01      1.05601e+02
    1.22463e+01      3.40313e-04      1.00000e+01      1.05546e+02
    1.24739e+01      3.40207e-04      1.00000e+01      1.05489e+02
    1.27058e+01      3.40103e-04      1.00000e+01      1.05431e+02
    1.29421e+01      3.39995e-04      1.00000e+01      1.05372e+02
    1.31827e+01      3.39885e-04      1.00000e+01      1.05312e+02
    1.34277e+01      3.39774e-04      1.00000e+01      1.05250e+02
    1.36774e+01      3.39657e-04      1.00000e+01      1.05187e+02
    1.39317e+01      3.39544e-04      1.00000e+01      1.05124e+02
    1.41907e+01      3.39427e-04      1.00000e+01      1.05059e+02
    1.44545e+01      3.39311e-04      1.00000e+01      1.04994e+02
    1.47232e+01      3.39519e-04      1.00000e+01      1.05027e+02
    1.49969e+01      3.39065e-04      1.00000e+01      1.04858e+02
    1.52758e+01      3.38939e-04      1.00000e+01      1.04787e+02
    1.55598e+01      3.38811e-04      1.00000e+01      1.04716e+02
    1.58490e+01      3.38680e-04      1.00000e+01      1.04643e+02
    1.61437e+01      3.38544e-04      1.00000e+01      1.04568e+02
    1.64438e+01      3.38412e-04      1.00000e+01      1.04493e+02
    1.67495e+01      3.38274e-04      1.00000e+01      1.04415e+02
    1.70609e+01      3.38135e-04      1.00000e+01      1.04337e+02
    1.73781e+01      3.37992e-04      1.00000e+01      1.04256e+02
    1.77012e+01      3.37846e-04      1.00000e+01      1.04174e+02
    1.80303e+01      3.37699e-04      1.00000e+01      1.04091e+02
    1.83655e+01      3.37550e-04      1.00000e+01      1.04006e+02
    1.87069e+01      3.37398e-04      1.00000e+01      1.03919e+02
    1.90547e+01      3.37243e-04      1.00000e+01      1.03831e+02
    1.94090e+01      3.37084e-04      1.00000e+01      1.03740e+02
    1.97698e+01      3.36924e-04      1.00000e+01      1.03648e+02
    2.01373e+01      3.36761e-04      1.00000e+01      1.03555e+02
    2.05117e+01      3.36593e-04      1.00000e+01      1.03459e+02
    2.08931e+01      3.36424e-04      1.00000e+01      1.03362e+02
    2.12815e+01      3.36250e-04      1.00000e+01      1.03262e+02
    2.16771e+01      3.36076e-04      1.00000e+01      1.03161e+02
    2.20801e+01      3.35899e-04      1.00000e+01      1.03058e+02
    2.24906e+01      3.35722e-04      1.00000e+01      1.02954e+02
    2.29088e+01      3.35527e-04      1.00000e+01      1.02844e+02
    2.33347e+01      3.35345e-04      1.00000e+01      1.02736e+02
    2.37685e+01      3.35152e-04      1.00000e+01      1.02624e+02
    2.42104e+01      3.34957e-04      1.00000e+01      1.02511e+02
    2.46605e+01      3.34761e-04      1.00000e+01      1.02395e+02
    2.51190e+01      3.34560e-04      1.00000e+01      1.02277e+02
    2.55860e+01      3.34355e-04      1.00000e+01      1.02157e+02
    2.60616e+01      3.34146e-04      1.00000e+01      1.02034e+02
    2.65462e+01      3.33934e-04      1.00000e+01      1.01909e+02
    2.70397e+01      3.33721e-04      1.00000e+01      1.01783e+02
    2.75424e+01      3.33499e-04      1.00000e+01      1.01652e+02
    2.80544e+01      3.33276e-04      1.00000e+01      1.01520e+02
    2.85760e+01      3.33049e-04      1.00000e+01      1.01385e+02
    2.91073e+01      3.32818e-04      1.00000e+01      1.01248e+02
    2.96484e+01      3.32576e-04      1.00000e+01      1.01106e+02
    3.01996e+01      3.32343e-04      1.00000e+01      1.00964e+02
    3.07611e+01      3.32099e-04      1.00000e+01      1.00819e+02
    3.13330e+01      3.31850e-04      1.00000e+01      1.00670e+02
    3.19155e+01      3.31598e-04      1.00000e+01      1.00519e+02
    3.25088e+01      3.31340e-04      1.00000e+01      1.00364e+02
    3.31132e+01      3.31079e-04      1.00000e+01      1.00207e+02
    3.37288e+01      3.30816e-04      1.00000e+01      1.00048e+02
    3.43559e+01      3.30543e-04      1.00000e+01      9.98836e+01
    3.49946e+01      3.30269e-04      1.00000e+01      9.97174e+01
    3.56452e+01      3.29988e-04      1.00000e+01      9.95476e+01
    3.63079e+01      3.29701e-04      1.00000e+01      9.93739e+01
    3.69829e+01      3.29410e-04      1.00000e+01      9.91975e+01
    3.76705e+01      3.29119e-04      1.00000e+01      9.90190e+01
    3.83708e+01      3.28817e-04      1.00000e+01      9.88354e+01
    3.90842e+01      3.28511e-04      1.00000e+01      9.86487e+01
    3.98108e+01      3.28199e-04      1.00000e+01      9.84585e+01
    4.05510e+01      3.27882e-04      1.00000e+01      9.82646e+01
    4.13049e+01      3.27560e-04      1.00000e+01      9.80671e+01
    4.20728e+01      3.27231e-04      1.00000e+01      9.78655e+01
    4.28550e+01      3.26896e-04      1.00000e+01      9.76603e+01
    4.36517e+01      3.26556e-04      1.00000e+01      9.74512e+01
    4.44632e+01      3.26209e-04      1.00000e+01      9.72380e+01
    4.52899e+01      3.25855e-04      1.00000e+01      9.70204e+01
    4.61319e+01      3.25494e-04      1.00000e+01      9.67982e+01
    4.69895e+01      3.25130e-04      1.00000e+01      9.65730e+01
    4.78631e+01      3.24757e-04      1.00000e+01      9.63427e+01
    4.87529e+01      3.24379e-04      1.00000e+01      9.61085e+01
    4.96593e+01      3.23991e-04      1.00000e+01      9.58687e+01
    5.05826e+01      3.23595e-04      1.00000e+01      9.56240e+01
    5.15230e+01      3.23192e-04      1.00000e+01      9.53750e+01
    5.24808e+01      3.22782e-04      1.00000e+01      9.51213e+01
    5.34565e+01      3.22365e-04      1.00000e+01      9.48624e+01
    5.44504e+01      3.21942e-04      1.00000e+01      9.45993e+01
    5.54627e+01      3.21510e-04      1.00000e+01      9.43307e+01
    5.64938e+01      3.21067e-04      1.00000e+01      9.40563e+01
    5.75441e+01      3.20620e-04      1.00000e+01      9.37778e+01
    5.86139e+01      3.20170e-04      1.00000e+01      9.34955e+01
    5.97036e+01      3.19693e-04      1.00000e+01      9.32025e+01
    6.08136e+01      3.19221e-04      1.00000e+01      9.29077e+01
    6.19442e+01      3.18736e-04      1.00000e+01      9.26064e+01
    6.30958e+01      3.18255e-04      1.00000e+01      9.23056e+01
    6.42689e+01      3.17782e-04      1.00000e+01      9.20066e+01
    6.54637e+01      3.17312e-04      1.00000e+01      9.17079e+01
    6.66808e+01      3.16834e-04      1.00000e+01      9.14044e+01
    6.79205e+01      3.16348e-04      1.00000e+01      9.10954e+01
    6.91832e+01      3.15853e-04      1.00000e+01      9.07807e+01
    7.04694e+01      3.15347e-04      1.00000e+01      9.04599e+01
    7.17795e+01      3.14833e-04      1.00000e+01      9.01336e+01
    7.31140e+01      3.14308e-04      1.00000e+01      8.98010e+01
    7.44733e+01      3.13770e-04      1.00000e+01      8.94614e+01
    7.58579e+01      3.13230e-04      1.00000e+01      8.91183e+01
    7.72682e+01      3.12670e-04      1.00000e+01      8.87664e+01
    7.87047e+01      3.12105e-04      1.00000e+01      8.84096e+01
    8.01679e+01      3.11528e-04      1.00000e+01      8.80462e+01
    8.16583e+01      3.10944e-04      1.00000e+01      8.76776e+01
    8.31765e+01      3.10347e-04      1.00000e+01      8.73021e+01
    8.47228e+01      3.09741e-04      1.00000e+01      8.69207e+01
    8.62980e+01      3.09123e-04      1.00000e+01      8.65326e+01
    8.79024e+01      3.08491e-04      1.00000e+01      8.61371e+01
    8.95366e+01      3.07850e-04      1.00000e+01      8.57357e+01
    9.12012e+01      3.07196e-04      1.00000e+01      8.53274e+01
    9.28967e+01      3.06532e-04      1.00000e+01      8.49126e+01
    9.46238e+01      3.05853e-04      1.00000e+01      8.44903e+01
    9.63830e+01      3.05163e-04      1.00000e+01      8.40614e+01
    9.81749e+01      3.04458e-04      1.00000e+01      8.36251e+01
    1.00000e+02      3.03748e-04      1.00000e+01      8.31844e+01
