    Er (keV)         SM dN/dE         BG dN/dE        BSM dN/dE (events/kg/day/keV)
    1.00100e-01      1.47613e-03      1.00000e+02      -4.54583e-05
    1.01247e-01      1.47373e-03      1.00000e+02      -4.50229e-05
    1.02408e-01      1.47131e-03      1.00000e+02      -4.45825e-05
    1.03582e-01      1.46886e-03      1.00000e+02      -4.41370e-05
    1.04769e-01      1.46638e-03      1.00000e+02      -4.36864e-05
    1.05970e-01      1.46387e-03      1.00000e+02      -4.32306e-05
    1.07184e-01      1.46134e-03      1.00000e+02      -4.27696e-05
    1.08413e-01      1.45877e-03      1.00000e+02      -4.23033e-05
    1.09655e-01      1.45618e-03      1.00000e+02      -4.18317e-05
    1.10912e-01      1.45355e-03      1.00000e+02      -4.13546e-05
    1.12184e-01      1.45090e-03      1.00000e+02      -4.08721e-05
    1.13470e-01      1.44821e-03      1.00000e+02      -4.03841e-05
    1.14770e-01      1.44550e-03      1.00000e+02      -3.98904e-05
    1.16086e-01      1.44275e-03      1.00000e+02      -3.93911e-05
    1.17417e-01      1.43997e-03      1.00000e+02      -3.88861e-05
    1.18763e-01      1.43716e-03      1.00000e+02      -3.83752e-05
    1.20124e-01      1.43432e-03      1.00000e+02      -3.78585e-05
    1.21501e-01      1.43145e-03      1.00000e+02      -3.73359e-05
    1.22894e-01      1.42854e-03      1.00000e+02      -3.68073e-05
    1.24303e-01      1.42560e-03      1.00000e+02      -3.62726e-05
    1.25728e-01      1.42262e-03      1.00000e+02      -3.57317e-05
    1.27169e-01      1.41961e-03      1.00000e+02      -3.51847e-05
    1.28627e-01      1.41657e-03      1.00000e+02      -3.46314e-05
    1.30101e-01      1.41349e-03      1.00000e+02      -3.40718e-05
    1.31593e-01      1.41058e-03      1.00000e+02      -3.36989e-05
    1.33101e-01      1.40765e-03      1.00000e+02      -3.33358e-05
    1.34627e-01      1.40468e-03      1.00000e+02      -3.29686e-05
    1.36171e-01      1.40168e-03      1.00000e+02      -3.25972e-05
    1.37732e-01      1.39865e-03      1.00000e+02      -3.22216e-05
    1.39311e-01      1.39559e-03      1.00000e+02      -3.18416e-05
    1.40908e-01      1.39248e-03      1.00000e+02      -3.14573e-05
    1.42523e-01      1.38935e-03      1.00000e+02      -3.10685e-05
    1.44157e-01      1.38617e-03      1.00000e+02      -3.06753e-05
    1.45810e-01      1.38296e-03      1.00000e+02      -3.02776e-05
    1.47482e-01      1.37971e-03      1.00000e+02      -2.98753e-05
    1.49173e-01      1.37643e-03      1.00000e+02      -2.94684e-05
    1.50883e-01      1.37311e-03      1.00000e+02      -2.90569e-05
    1.52613e-01      1.36975e-03      1.00000e+02      -2.86406e-05
    1.54363e-01      1.36635e-03      1.00000e+02      -2.82195e-05
    1.56133e-01      1.36291e-03      1.00000e+02      -2.77937e-05
    1.57923e-01      1.35943e-03      1.00000e+02      -2.73629e-05
    1.59733e-01      1.35592e-03      1.00000e+02      -2.69272e-05
    1.61565e-01      1.35250e-03      1.00000e+02      -2.65738e-05
    1.63417e-01      1.34913e-03      1.00000e+02      -2.62673e-05
    1.65291e-01      1.34573e-03      1.00000e+02      -2.59574e-05
    1.67186e-01      1.34228e-03      1.00000e+02      -2.56439e-05
    1.69103e-01      1.33879e-03      1.00000e+02      -2.53268e-05
    1.71042e-01      1.33527e-03      1.00000e+02      -2.50061e-05
    1.73003e-01      1.33170e-03      1.00000e+02      -2.46816e-05
    1.74987e-01      1.32809e-03      1.00000e+02      -2.43535e-05
    1.76994e-01      1.32444e-03      1.00000e+02      -2.40216e-05
    1.79023e-01      1.32075e-03      1.00000e+02      -2.36859e-05
    1.81076e-01      1.31702e-03      1.00000e+02      -2.33463e-05
    1.83152e-01      1.31324e-03      1.00000e+02      -2.30029e-05
    1.85252e-01      1.30942e-03      1.00000e+02      -2.26555e-05
    1.87377e-01      1.30556e-03      1.00000e+02      -2.23041e-05
    1.89525e-01      1.30165e-03      1.00000e+02      -2.19487e-05
    1.91698e-01      1.29782e-03      1.00000e+02      -2.16386e-05
    1.93897e-01      1.29406e-03      1.00000e+02      -2.13744e-05
    1.96120e-01      1.29025e-03      1.00000e+02      -2.11071e-05
    1.98369e-01      1.28641e-03      1.00000e+02      -2.08368e-05
    2.00644e-01      1.28252e-03      1.00000e+02      -2.05634e-05
    2.02944e-01      1.27858e-03      1.00000e+02      -2.02868e-05
    2.05272e-01      1.27460e-03      1.00000e+02      -2.00071e-05
    2.07626e-01      1.27057e-03      1.00000e+02      -1.97242e-05
    2.10006e-01      1.26650e-03      1.00000e+02      -1.94380e-05
    2.12415e-01      1.26238e-03      1.00000e+02      -1.91485e-05
    2.14851e-01      1.25821e-03      1.00000e+02      -1.88558e-05
    2.17314e-01      1.25400e-03      1.00000e+02      -1.85596e-05
    2.19806e-01      1.24973e-03      1.00000e+02      -1.82601e-05
    2.22327e-01      1.24557e-03      1.00000e+02      -1.80016e-05
    2.24877e-01      1.24145e-03      1.00000e+02      -1.77697e-05
    2.27455e-01      1.23729e-03      1.00000e+02      -1.75352e-05
    2.30064e-01      1.23308e-03      1.00000e+02      -1.72981e-05
    2.32702e-01      1.22882e-03      1.00000e+02      -1.70582e-05
    2.35371e-01      1.22451e-03      1.00000e+02      -1.68155e-05
    2.38070e-01      1.22016e-03      1.00000e+02      -1.65701e-05
    2.40800e-01      1.21575e-03      1.00000e+02      -1.63218e-05
    2.43562e-01      1.21129e-03      1.00000e+02      -1.60707e-05
    2.46355e-01      1.20679e-03      1.00000e+02      -1.58167e-05
    2.49180e-01      1.20223e-03      1.00000e+02      -1.55598e-05
    2.52038e-01      1.19770e-03      1.00000e+02      -1.53205e-05
    2.54928e-01      1.19328e-03      1.00000e+02      -1.51154e-05
    2.57852e-01      1.18881e-03      1.00000e+02      -1.49079e-05
    2.60809e-01      1.18429e-03      1.00000e+02      -1.46981e-05
    2.63800e-01      1.17972e-03      1.00000e+02      -1.44858e-05
    2.66826e-01      1.17509e-03      1.00000e+02      -1.42712e-05
    2.69886e-01      1.17041e-03      1.00000e+02      -1.40540e-05
    2.72981e-01      1.16568e-03      1.00000e+02      -1.38344e-05
    2.76112e-01      1.16089e-03      1.00000e+02      -1.36122e-05
    2.79278e-01      1.15605e-03      1.00000e+02      -1.33875e-05
    2.82481e-01      1.15125e-03      1.00000e+02      -1.31783e-05
    2.85721e-01      1.14655e-03      1.00000e+02      -1.29945e-05
    2.88998e-01      1.14180e-03      1.00000e+02      -1.28087e-05
    2.92313e-01      1.13699e-03      1.00000e+02      -1.26206e-05
    2.95665e-01      1.13213e-03      1.00000e+02      -1.24305e-05
    2.99056e-01      1.12721e-03      1.00000e+02      -1.22381e-05
    3.02486e-01      1.12224e-03      1.00000e+02      -1.20436e-05
    3.05955e-01      1.11720e-03      1.00000e+02      -1.18468e-05
    3.09464e-01      1.11211e-03      1.00000e+02      -1.16477e-05
    3.13013e-01      1.10708e-03      1.00000e+02      -1.14632e-05
    3.16603e-01      1.10213e-03      1.00000e+02      -1.12972e-05
    3.20235e-01      1.09712e-03      1.00000e+02      -1.11293e-05
    3.23908e-01      1.09206e-03      1.00000e+02      -1.09594e-05
    3.27623e-01      1.08693e-03      1.00000e+02      -1.07877e-05
    3.31380e-01      1.08175e-03      1.00000e+02      -1.06139e-05
    3.35181e-01      1.07651e-03      1.00000e+02      -1.04382e-05
    3.39025e-01      1.07121e-03      1.00000e+02      -1.02604e-05
    3.42914e-01      1.06593e-03      1.00000e+02      -1.00909e-05
    3.46847e-01      1.06077e-03      1.00000e+02      -9.94021e-06
    3.50825e-01      1.05554e-03      1.00000e+02      -9.78780e-06
    3.54849e-01      1.05026e-03      1.00000e+02      -9.63364e-06
    3.58919e-01      1.04491e-03      1.00000e+02      -9.47772e-06
    3.63035e-01      1.03950e-03      1.00000e+02      -9.32000e-06
    3.67199e-01      1.03403e-03      1.00000e+02      -9.16048e-06
    3.71411e-01      1.02850e-03      1.00000e+02      -8.99912e-06
    3.75671e-01      1.02314e-03      1.00000e+02      -8.85957e-06
    3.79980e-01      1.01774e-03      1.00000e+02      -8.72094e-06
    3.84338e-01      1.01228e-03      1.00000e+02      -8.58072e-06
    3.88747e-01      1.00676e-03      1.00000e+02      -8.43889e-06
    3.93205e-01      1.00117e-03      1.00000e+02      -8.29544e-06
    3.97716e-01      9.95518e-04      1.00000e+02      -8.15034e-06
    4.02277e-01      9.89817e-04      1.00000e+02      -8.00482e-06
    4.06891e-01      9.84296e-04      1.00000e+02      -7.87872e-06
    4.11559e-01      9.78711e-04      1.00000e+02      -7.75117e-06
    4.16279e-01      9.73063e-04      1.00000e+02      -7.62216e-06
    4.21054e-01      9.67350e-04      1.00000e+02      -7.49166e-06
    4.25883e-01      9.61571e-04      1.00000e+02      -7.35968e-06
    4.30768e-01      9.55726e-04      1.00000e+02      -7.22617e-06
    4.35709e-01      9.49995e-04      1.00000e+02      -7.10467e-06
    4.40707e-01      9.44276e-04      1.00000e+02      -6.98747e-06
    4.45762e-01      9.38490e-04      1.00000e+02      -6.86894e-06
    4.50875e-01      9.32639e-04      1.00000e+02      -6.74904e-06
    4.56047e-01      9.26720e-04      1.00000e+02      -6.62776e-06
    4.61278e-01      9.20733e-04      1.00000e+02      -6.50510e-06
    4.66569e-01      9.14884e-04      1.00000e+02      -6.39413e-06
    4.71921e-01      9.09025e-04      1.00000e+02      -6.28556e-06
    4.77334e-01      9.03099e-04      1.00000e+02      -6.17574e-06
    4.82809e-01      8.97105e-04      1.00000e+02      -6.06466e-06
    4.88347e-01      8.91042e-04      1.00000e+02      -5.95230e-06
    4.93949e-01      8.84970e-04      1.00000e+02      -5.84209e-06
    4.99615e-01      8.79027e-04      1.00000e+02      -5.74187e-06
    5.05345e-01      8.73016e-04      1.00000e+02      -5.64049e-06
    5.11142e-01      8.66936e-04      1.00000e+02      -5.53796e-06
    5.17005e-01      8.60787e-04      1.00000e+02      -5.43424e-06
    5.22936e-01      8.54571e-04      1.00000e+02      -5.32957e-06
    5.28934e-01      8.48536e-04      1.00000e+02      -5.23641e-06
    5.35001e-01      8.42431e-04      1.00000e+02      -5.14219e-06
    5.41138e-01      8.36256e-04      1.00000e+02      -5.04689e-06
    5.47345e-01      8.30010e-04      1.00000e+02      -4.95049e-06
    5.53624e-01      8.23717e-04      1.00000e+02      -4.85407e-06
    5.59974e-01      8.17588e-04      1.00000e+02      -4.76700e-06
    5.66398e-01      8.11388e-04      1.00000e+02      -4.67893e-06
    5.72895e-01      8.05117e-04      1.00000e+02      -4.58985e-06
    5.79466e-01      7.98774e-04      1.00000e+02      -4.49975e-06
    5.86113e-01      7.92471e-04      1.00000e+02      -4.41306e-06
    5.92837e-01      7.86245e-04      1.00000e+02      -4.33126e-06
    5.99637e-01      7.79946e-04      1.00000e+02      -4.24852e-06
    6.06516e-01      7.73576e-04      1.00000e+02      -4.16483e-06
    6.13473e-01      7.67134e-04      1.00000e+02      -4.08023e-06
    6.20510e-01      7.60872e-04      1.00000e+02      -4.00386e-06
    6.27628e-01      7.54538e-04      1.00000e+02      -3.92661e-06
    6.34827e-01      7.48131e-04      1.00000e+02      -3.84848e-06
    6.42110e-01      7.41651e-04      1.00000e+02      -3.76945e-06
    6.49475e-01      7.35297e-04      1.00000e+02      -3.69611e-06
    6.56926e-01      7.28924e-04      1.00000e+02      -3.62369e-06
    6.64461e-01      7.22478e-04      1.00000e+02      -3.55043e-06
    6.72083e-01      7.15958e-04      1.00000e+02      -3.47633e-06
    6.79793e-01      7.09558e-04      1.00000e+02      -3.40721e-06
    6.87591e-01      7.03143e-04      1.00000e+02      -3.33903e-06
    6.95478e-01      6.96654e-04      1.00000e+02      -3.27008e-06
    7.03456e-01      6.90091e-04      1.00000e+02      -3.20033e-06
    7.11526e-01      6.83685e-04      1.00000e+02      -3.13616e-06
    7.19688e-01      6.77224e-04      1.00000e+02      -3.07176e-06
    7.27944e-01      6.70689e-04      1.00000e+02      -3.00662e-06
    7.36294e-01      6.64141e-04      1.00000e+02      -2.94226e-06
    7.44741e-01      6.57708e-04      1.00000e+02      -2.88193e-06
    7.53284e-01      6.51202e-04      1.00000e+02      -2.82090e-06
    7.61925e-01      6.44621e-04      1.00000e+02      -2.75918e-06
    7.70665e-01      6.38140e-04      1.00000e+02      -2.70082e-06
    7.79506e-01      6.31656e-04      1.00000e+02      -2.64347e-06
    7.88448e-01      6.25098e-04      1.00000e+02      -2.58546e-06
    7.97492e-01      6.18541e-04      1.00000e+02      -2.52842e-06
    8.06641e-01      6.12076e-04      1.00000e+02      -2.47436e-06
    8.15894e-01      6.05537e-04      1.00000e+02      -2.41968e-06
    8.25254e-01      5.98933e-04      1.00000e+02      -2.36458e-06
    8.34721e-01      5.92491e-04      1.00000e+02      -2.31351e-06
    8.44296e-01      5.85974e-04      1.00000e+02      -2.26186e-06
    8.53981e-01      5.79383e-04      1.00000e+02      -2.20962e-06
    8.63778e-01      5.72931e-04      1.00000e+02      -2.16077e-06
    8.73687e-01      5.66432e-04      1.00000e+02      -2.11185e-06
    8.83709e-01      5.59858e-04      1.00000e+02      -2.06237e-06
    8.93847e-01      5.53411e-04      1.00000e+02      -2.01584e-06
    9.04101e-01      5.46926e-04      1.00000e+02      -1.96940e-06
    9.14472e-01      5.40366e-04      1.00000e+02      -1.92244e-06
    9.24963e-01      5.33944e-04      1.00000e+02      -1.87840e-06
    9.35574e-01      5.27469e-04      1.00000e+02      -1.83423e-06
    9.46306e-01      5.20935e-04      1.00000e+02      -1.78976e-06
    9.57162e-01      5.14548e-04      1.00000e+02      -1.74815e-06
    9.68142e-01      5.08088e-04      1.00000e+02      -1.70606e-06
    9.79248e-01      5.01678e-04      1.00000e+02      -1.66450e-06
    9.90482e-01      4.95478e-04      1.00000e+02      -1.62479e-06
    1.00184e+00      4.89207e-04      1.00000e+02      -1.58462e-06
    1.01334e+00      4.82896e-04      1.00000e+02      -1.54594e-06
    1.02496e+00      4.76531e-04      1.00000e+02      -1.50797e-06
    1.03672e+00      4.70102e-04      1.00000e+02      -1.46967e-06
    1.04861e+00      4.63815e-04      1.00000e+02      -1.43370e-06
    1.06064e+00      4.57456e-04      1.00000e+02      -1.39732e-06
    1.07281e+00      4.51140e-04      1.00000e+02      -1.36192e-06
    1.08512e+00      4.44859e-04      1.00000e+02      -1.32743e-06
    1.09757e+00      4.38522e-04      1.00000e+02      -1.29271e-06
    1.11016e+00      4.32319e-04      1.00000e+02      -1.25995e-06
    1.12289e+00      4.26044e-04      1.00000e+02      -1.22682e-06
    1.13577e+00      4.19850e-04      1.00000e+02      -1.19494e-06
    1.14880e+00      4.13652e-04      1.00000e+02      -1.16344e-06
    1.16198e+00      4.07464e-04      1.00000e+02      -1.13240e-06
    1.17531e+00      4.01340e-04      1.00000e+02      -1.10241e-06
    1.18880e+00      3.95170e-04      1.00000e+02      -1.07231e-06
    1.20243e+00      3.89121e-04      1.00000e+02      -1.04374e-06
    1.21623e+00      3.83003e-04      1.00000e+02      -1.01483e-06
    1.23018e+00      3.77006e-04      1.00000e+02      -9.87387e-07
    1.24429e+00      3.70958e-04      1.00000e+02      -9.59805e-07
    1.25857e+00      3.64998e-04      1.00000e+02      -9.33317e-07
    1.27301e+00      3.59020e-04      1.00000e+02      -9.06969e-07
    1.28761e+00      3.53109e-04      1.00000e+02      -8.81481e-07
    1.30238e+00      3.47200e-04      1.00000e+02      -8.56291e-07
    1.31732e+00      3.41348e-04      1.00000e+02      -8.31833e-07
    1.33243e+00      3.35509e-04      1.00000e+02      -8.07731e-07
    1.34772e+00      3.29724e-04      1.00000e+02      -7.84312e-07
    1.36318e+00      3.23949e-04      1.00000e+02      -7.61225e-07
    1.37882e+00      3.18240e-04      1.00000e+02      -7.38849e-07
    1.39464e+00      3.12532e-04      1.00000e+02      -7.16723e-07
    1.41064e+00      3.06903e-04      1.00000e+02      -6.95381e-07
    1.42682e+00      3.01258e-04      1.00000e+02      -6.74151e-07
    1.44319e+00      2.95716e-04      1.00000e+02      -6.53831e-07
    1.45974e+00      2.90142e-04      1.00000e+02      -6.33497e-07
    1.47649e+00      2.84687e-04      1.00000e+02      -6.14139e-07
    1.49343e+00      2.79214e-04      1.00000e+02      -5.94848e-07
    1.51056e+00      2.73821e-04      1.00000e+02      -5.76240e-07
    1.52789e+00      2.68454e-04      1.00000e+02      -5.57963e-07
    1.54542e+00      2.63120e-04      1.00000e+02      -5.40061e-07
    1.56315e+00      2.57862e-04      1.00000e+02      -5.22764e-07
    1.58108e+00      2.52598e-04      1.00000e+02      -5.05597e-07
    1.59922e+00      2.47439e-04      1.00000e+02      -4.89184e-07
    1.61757e+00      2.42293e-04      1.00000e+02      -4.72976e-07
    1.63612e+00      2.37193e-04      1.00000e+02      -4.57162e-07
    1.65489e+00      2.32169e-04      1.00000e+02      -4.41883e-07
    1.67388e+00      2.27156e-04      1.00000e+02      -4.26792e-07
    1.69308e+00      2.22226e-04      1.00000e+02      -4.12252e-07
    1.71250e+00      2.17340e-04      1.00000e+02      -3.98049e-07
    1.73215e+00      2.12474e-04      1.00000e+02      -3.84064e-07
    1.75202e+00      2.07708e-04      1.00000e+02      -3.70669e-07
    1.77212e+00      2.02976e-04      1.00000e+02      -3.57535e-07
    1.79245e+00      1.98272e-04      1.00000e+02      -3.44636e-07
    1.81302e+00      1.93663e-04      1.00000e+02      -3.32271e-07
    1.83382e+00      1.89094e-04      1.00000e+02      -3.20171e-07
    1.85485e+00      1.84559e-04      1.00000e+02      -3.08314e-07
    1.87613e+00      1.80106e-04      1.00000e+02      -2.96887e-07
    1.89766e+00      1.75712e-04      1.00000e+02      -2.85788e-07
    1.91943e+00      1.71359e-04      1.00000e+02      -2.74935e-07
    1.94145e+00      1.67056e-04      1.00000e+02      -2.64360e-07
    1.96372e+00      1.62843e-04      1.00000e+02      -2.54214e-07
    1.98625e+00      1.58887e-04      1.00000e+02      -2.44309e-07
    2.00903e+00      1.55022e-04      1.00000e+02      -2.34652e-07
    2.03208e+00      1.50957e-04      1.00000e+02      -2.25265e-07
    2.05540e+00      1.46980e-04      1.00000e+02      -2.16253e-07
    2.07898e+00      1.43054e-04      1.00000e+02      -2.07480e-07
    2.10283e+00      1.39182e-04      1.00000e+02      -1.98948e-07
    2.12695e+00      1.35366e-04      1.00000e+02      -1.90660e-07
    2.15135e+00      1.31620e-04      1.00000e+02      -1.82656e-07
    2.17603e+00      1.27946e-04      1.00000e+02      -1.74940e-07
    2.20100e+00      1.24331e-04      1.00000e+02      -1.67453e-07
    2.22625e+00      1.20774e-04      1.00000e+02      -1.60193e-07
    2.25179e+00      1.17276e-04      1.00000e+02      -1.53159e-07
    2.27762e+00      1.13841e-04      1.00000e+02      -1.46353e-07
    2.30375e+00      1.10471e-04      1.00000e+02      -1.39781e-07
    2.33018e+00      1.07180e-04      1.00000e+02      -1.33465e-07
    2.35691e+00      1.03947e-04      1.00000e+02      -1.27354e-07
    2.38395e+00      1.00777e-04      1.00000e+02      -1.21450e-07
    2.41130e+00      9.76709e-05      1.00000e+02      -1.15749e-07
    2.43897e+00      9.46285e-05      1.00000e+02      -1.10248e-07
    2.46695e+00      9.16507e-05      1.00000e+02      -1.04944e-07
    2.49525e+00      8.87381e-05      1.00000e+02      -9.98333e-08
    2.52387e+00      8.58889e-05      1.00000e+02      -9.49086e-08
    2.55283e+00      8.31039e-05      1.00000e+02      -9.01672e-08
    2.58212e+00      8.03872e-05      1.00000e+02      -8.56097e-08
    2.61174e+00      7.77345e-05      1.00000e+02      -8.12264e-08
    2.64170e+00      7.51472e-05      1.00000e+02      -7.70149e-08
    2.67201e+00      7.26245e-05      1.00000e+02      -7.29694e-08
    2.70266e+00      7.01659e-05      1.00000e+02      -6.90848e-08
    2.73367e+00      6.77734e-05      1.00000e+02      -6.53610e-08
    2.76503e+00      6.54433e-05      1.00000e+02      -6.17885e-08
    2.79675e+00      6.31778e-05      1.00000e+02      -5.83658e-08
    2.82884e+00      6.09748e-05      1.00000e+02      -5.50867e-08
    2.86129e+00      5.88351e-05      1.00000e+02      -5.19484e-08
    2.89412e+00      5.67583e-05      1.00000e+02      -4.89466e-08
    2.92732e+00      5.47421e-05      1.00000e+02      -4.60752e-08
    2.96091e+00      5.27875e-05      1.00000e+02      -4.33317e-08
    2.99488e+00      5.08929e-05      1.00000e+02      -4.07111e-08
    3.02923e+00      4.90583e-05      1.00000e+02      -3.82099e-08
    3.06399e+00      4.72901e-05      1.00000e+02      -3.58377e-08
    3.09914e+00      4.55826e-05      1.00000e+02      -3.35795e-08
    3.13469e+00      4.39308e-05      1.00000e+02      -3.14265e-08
    3.17066e+00      4.23357e-05      1.00000e+02      -2.93768e-08
    3.20703e+00      4.07970e-05      1.00000e+02      -2.74275e-08
    3.24382e+00      3.93163e-05      1.00000e+02      -2.55800e-08
    3.28104e+00      3.78985e-05      1.00000e+02      -2.38373e-08
    3.31868e+00      3.65304e-05      1.00000e+02      -2.21796e-08
    3.35675e+00      3.52151e-05      1.00000e+02      -2.06079e-08
    3.39527e+00      3.39565e-05      1.00000e+02      -1.91258e-08
    3.43422e+00      3.27523e-05      1.00000e+02      -1.77297e-08
    3.47362e+00      3.15981e-05      1.00000e+02      -1.64098e-08
    3.51347e+00      3.04911e-05      1.00000e+02      -1.51612e-08
    3.55378e+00      2.94410e-05      1.00000e+02      -1.39957e-08
    3.59455e+00      2.84370e-05      1.00000e+02      -1.28963e-08
    3.63579e+00      2.74788e-05      1.00000e+02      -1.18616e-08
    3.67750e+00      2.65717e-05      1.00000e+02      -1.08974e-08
    3.71969e+00      2.57069e-05      1.00000e+02      -9.99024e-09
    3.76236e+00      2.48889e-05      1.00000e+02      -9.14493e-09
    3.80553e+00      2.41135e-05      1.00000e+02      -8.35508e-09
    3.84919e+00      2.33797e-05      1.00000e+02      -7.61784e-09
    3.89335e+00      2.26891e-05      1.00000e+02      -6.93455e-09
    3.93801e+00      2.20355e-05      1.00000e+02      -6.29642e-09
    3.98319e+00      2.14243e-05      1.00000e+02      -5.70882e-09
    4.02889e+00      2.08470e-05      1.00000e+02      -5.16108e-09
    4.07511e+00      2.03093e-05      1.00000e+02      -4.65872e-09
    4.12186e+00      1.98031e-05      1.00000e+02      -4.19234e-09
    4.16915e+00      1.93344e-05      1.00000e+02      -3.76648e-09
    4.21698e+00      1.88948e-05      1.00000e+02      -3.37310e-09
    4.26536e+00      1.84876e-05      1.00000e+02      -3.01343e-09
    4.31430e+00      1.81109e-05      1.00000e+02      -2.68590e-09
    4.36379e+00      1.77603e-05      1.00000e+02      -2.38518e-09
    4.41386e+00      1.74397e-05      1.00000e+02      -2.11420e-09
    4.46450e+00      1.71432e-05      1.00000e+02      -1.86729e-09
    4.51572e+00      1.68714e-05      1.00000e+02      -1.64419e-09
    4.56752e+00      1.66228e-05      1.00000e+02      -1.44304e-09
    4.61992e+00      1.63968e-05      1.00000e+02      -1.26293e-09
    4.67293e+00      1.61911e-05      1.00000e+02      -1.10141e-09
    4.72654e+00      1.60046e-05      1.00000e+02      -9.57036e-10
    4.78076e+00      1.58357e-05      1.00000e+02      -8.28370e-10
    4.83561e+00      1.56849e-05      1.00000e+02      -7.15287e-10
    4.89109e+00      1.55494e-05      1.00000e+02      -6.15326e-10
    4.94720e+00      1.54284e-05      1.00000e+02      -5.27390e-10
    5.00396e+00      1.53206e-05      1.00000e+02      -4.50449e-10
    5.06137e+00      1.52252e-05      1.00000e+02      -3.83430e-10
    5.11944e+00      1.51408e-05      1.00000e+02      -3.25278e-10
    5.17817e+00      1.50669e-05      1.00000e+02      -2.75355e-10
    5.23758e+00      1.50018e-05      1.00000e+02      -2.32219e-10
    5.29767e+00      1.49456e-05      1.00000e+02      -1.95799e-10
    5.35844e+00      1.48962e-05      1.00000e+02      -1.64532e-10
    5.41992e+00      1.48536e-05      1.00000e+02      -1.38306e-10
    5.48210e+00      1.48167e-05      1.00000e+02      -1.16188e-10
    5.54500e+00      1.47848e-05      1.00000e+02      -9.76507e-11
    5.60861e+00      1.47572e-05      1.00000e+02      -8.22148e-11
    5.67296e+00      1.47333e-05      1.00000e+02      -6.93537e-11
    5.73804e+00      1.47126e-05      1.00000e+02      -5.87000e-11
    5.80387e+00      1.46946e-05      1.00000e+02      -4.98869e-11
    5.87046e+00      1.46787e-05      1.00000e+02      -4.26041e-11
    5.93781e+00      1.46648e-05      1.00000e+02      -3.65927e-11
    6.00593e+00      1.46524e-05      1.00000e+02      -3.16299e-11
    6.07483e+00      1.46412e-05      1.00000e+02      -2.74939e-11
    6.14453e+00      1.46311e-05      1.00000e+02      -2.40440e-11
    6.21502e+00      1.46218e-05      1.00000e+02      -2.11612e-11
    6.28633e+00      1.46131e-05      1.00000e+02      -1.87143e-11
    6.35845e+00      1.46049e-05      1.00000e+02      -1.66367e-11
    6.43140e+00      1.45972e-05      1.00000e+02      -1.48513e-11
    6.50518e+00      1.45897e-05      1.00000e+02      -1.32930e-11
    6.57981e+00      1.45826e-05      1.00000e+02      -1.19411e-11
    6.65530e+00      1.45756e-05      1.00000e+02      -1.07369e-11
    6.73166e+00      1.45687e-05      1.00000e+02      -9.67129e-12
    6.80889e+00      1.45620e-05      1.00000e+02      -8.71076e-12
    6.88700e+00      1.45554e-05      1.00000e+02      -7.84713e-12
    6.96602e+00      1.45488e-05      1.00000e+02      -7.06310e-12
    7.04593e+00      1.45423e-05      1.00000e+02      -6.34640e-12
    7.12677e+00      1.45358e-05      1.00000e+02      -5.69979e-12
    7.20853e+00      1.45294e-05      1.00000e+02      -5.10690e-12
    7.29124e+00      1.45230e-05      1.00000e+02      -4.56591e-12
    7.37489e+00      1.45166e-05      1.00000e+02      -4.07214e-12
    7.45950e+00      1.45102e-05      1.00000e+02      -3.61976e-12
    7.54508e+00      1.45038e-05      1.00000e+02      -3.20761e-12
    7.63164e+00      1.44974e-05      1.00000e+02      -2.83109e-12
    7.71920e+00      1.44911e-05      1.00000e+02      -2.48803e-12
    7.80776e+00      1.44847e-05      1.00000e+02      -2.17579e-12
    7.89733e+00      1.44784e-05      1.00000e+02      -1.89436e-12
    7.98794e+00      1.44720e-05      1.00000e+02      -1.64123e-12
    8.07958e+00      1.44657e-05      1.00000e+02      -1.41406e-12
    8.17227e+00      1.44593e-05      1.00000e+02      -1.21247e-12
    8.26603e+00      1.44529e-05      1.00000e+02      -1.03151e-12
    8.36087e+00      1.44464e-05      1.00000e+02      -8.71954e-13
    8.45679e+00      1.44400e-05      1.00000e+02      -7.33619e-13
    8.55381e+00      1.44335e-05      1.00000e+02      -6.10831e-13
    8.65195e+00      1.44270e-05      1.00000e+02      -5.07210e-13
    8.75121e+00      1.44204e-05      1.00000e+02      -4.11589e-13
    8.85161e+00      1.44137e-05      1.00000e+02      -3.32647e-13
    8.95316e+00      1.44071e-05      1.00000e+02      -2.65873e-13
    9.05588e+00      1.44004e-05      1.00000e+02      -2.10508e-13
    9.15977e+00      1.43936e-05      1.00000e+02      -1.64081e-13
    9.26486e+00      1.43868e-05      1.00000e+02      -1.26266e-13
    9.37116e+00      1.43800e-05      1.00000e+02      -9.52665e-14
    9.47867e+00      1.43731e-05      1.00000e+02      -7.09318e-14
    9.58742e+00      1.43661e-05      1.00000e+02      -5.20523e-14
    9.69741e+00      1.43591e-05      1.00000e+02      -3.73607e-14
    9.80867e+00      1.43520e-05      1.00000e+02      -2.65910e-14
    9.92120e+00      1.43449e-05      1.00000e+02      -1.86309e-14
    1.00350e+01      1.43377e-05      1.00000e+02      -1.30372e-14
    1.01502e+01      1.43304e-05      1.00000e+02      -9.15397e-15
    1.02666e+01      1.43230e-05      1.00000e+02      -6.47621e-15
    1.03844e+01      1.43156e-05      1.00000e+02      -4.61080e-15
    1.05035e+01      1.43081e-05      1.00000e+02      -3.30286e-15
    1.06240e+01      1.43005e-05      1.00000e+02      -2.37005e-15
    1.07459e+01      1.42928e-05      1.00000e+02      -1.69057e-15
    1.08692e+01      1.42850e-05      1.00000e+02      -1.17029e-15
    1.09939e+01      1.42771e-05      1.00000e+02      -7.77853e-16
    1.11200e+01      1.42692e-05      1.00000e+02      -4.92579e-16
    1.12476e+01      1.42613e-05      1.00000e+02      -2.94748e-16
    1.13767e+01      1.42532e-05      1.00000e+02      -1.65126e-16
    1.15072e+01      1.42451e-05      1.00000e+02      -8.53709e-17
    1.16392e+01      1.42368e-05      1.00000e+02      -3.92736e-17
    1.17727e+01      1.42285e-05      1.00000e+02      -1.54014e-17
    1.19078e+01      1.42201e-05      1.00000e+02      -4.44332e-18
    1.20444e+01      1.42116e-05      1.00000e+02      -5.56252e-19
    1.21826e+01      1.42031e-05      1.00000e+02      -5.09834e-185
    1.23224e+01      1.41944e-05      1.00000e+02      -5.04605e-185
    1.24637e+01      1.41857e-05      1.00000e+02      -4.99428e-185
    1.26067e+01      1.41768e-05      1.00000e+02      -4.94304e-185
    1.27514e+01      1.41679e-05      1.00000e+02      -4.89231e-185
    1.28977e+01      1.41589e-05      1.00000e+02      -4.84210e-185
    1.30456e+01      1.41498e-05      1.00000e+02      -4.79239e-185
    1.31953e+01      1.41406e-05      1.00000e+02      -4.74318e-185
    1.33467e+01      1.41314e-05      1.00000e+02      -4.69445e-185
    1.34998e+01      1.41220e-05      1.00000e+02      -4.64622e-185
    1.36547e+01      1.41125e-05      1.00000e+02      -4.59846e-185
    1.38113e+01      1.41029e-05      1.00000e+02      -4.55117e-185
    1.39698e+01      1.40933e-05      1.00000e+02      -4.50435e-185
    1.41301e+01      1.40834e-05      1.00000e+02      -4.45800e-185
    1.42922e+01      1.40734e-05      1.00000e+02      -4.41209e-185
    1.44562e+01      1.40634e-05      1.00000e+02      -4.36664e-185
    1.46220e+01      1.40534e-05      1.00000e+02      -4.32163e-185
    1.47898e+01      1.40432e-05      1.00000e+02      -4.27707e-185
    1.49594e+01      1.40329e-05      1.00000e+02      -4.23293e-185
    1.51311e+01      1.40225e-05      1.00000e+02      -4.18922e-185
    1.53047e+01      1.40119e-05      1.00000e+02      -4.14593e-185
    1.54803e+01      1.40013e-05      1.00000e+02      -4.10306e-185
    1.56579e+01      1.39905e-05      1.00000e+02      -4.06060e-185
    1.58375e+01      1.39797e-05      1.00000e+02      -4.01855e-185
    1.60192e+01      1.39687e-05      1.00000e+02      -3.97689e-185
    1.62030e+01      1.39577e-05      1.00000e+02      -3.93564e-185
    1.63889e+01      1.39465e-05      1.00000e+02      -3.89477e-185
    1.65769e+01      1.39352e-05      1.00000e+02      -3.85429e-185
    1.67671e+01      1.39238e-05      1.00000e+02      -3.81419e-185
    1.69594e+01      1.39123e-05      1.00000e+02      -3.77447e-185
    1.71540e+01      1.39005e-05      1.00000e+02      -3.73512e-185
    1.73508e+01      1.38888e-05      1.00000e+02      -3.69614e-185
    1.75499e+01      1.38769e-05      1.00000e+02      -3.65751e-185
    1.77512e+01      1.38649e-05      1.00000e+02      -3.61925e-185
    1.79549e+01      1.38528e-05      1.00000e+02      -3.58134e-185
    1.81609e+01      1.38406e-05      1.00000e+02      -3.54377e-185
    1.83692e+01      1.38282e-05      1.00000e+02      -3.50655e-185
    1.85800e+01      1.38158e-05      1.00000e+02      -3.46967e-185
    1.87932e+01      1.38032e-05      1.00000e+02      -3.43312e-185
    1.90088e+01      1.37904e-05      1.00000e+02      -3.39691e-185
    1.92268e+01      1.37776e-05      1.00000e+02      -3.36102e-185
    1.94474e+01      1.37646e-05      1.00000e+02      -3.32545e-185
    1.96705e+01      1.37515e-05      1.00000e+02      -3.29020e-185
    1.98962e+01      1.37383e-05      1.00000e+02      -3.25527e-185
    2.01245e+01      1.37249e-05      1.00000e+02      -3.22065e-185
    2.03554e+01      1.37114e-05      1.00000e+02      -3.18633e-185
    2.05889e+01      1.36978e-05      1.00000e+02      -3.15231e-185
    2.08251e+01      1.36841e-05      1.00000e+02      -3.11860e-185
    2.10640e+01      1.36702e-05      1.00000e+02      -3.08517e-185
    2.13057e+01      1.36561e-05      1.00000e+02      -3.05204e-185
    2.15501e+01      1.36420e-05      1.00000e+02      -3.01920e-185
    2.17974e+01      1.36277e-05      1.00000e+02      -2.98664e-185
    2.20475e+01      1.36132e-05      1.00000e+02      -2.95436e-185
    2.23004e+01      1.35986e-05      1.00000e+02      -2.92235e-185
    2.25563e+01      1.35839e-05      1.00000e+02      -2.89062e-185
    2.28150e+01      1.35690e-05      1.00000e+02      -2.85916e-185
    2.30768e+01      1.35540e-05      1.00000e+02      -2.82796e-185
    2.33416e+01      1.35388e-05      1.00000e+02      -2.79703e-185
    2.36093e+01      1.35235e-05      1.00000e+02      -2.76636e-185
    2.38802e+01      1.35080e-05      1.00000e+02      -2.73594e-185
    2.41542e+01      1.34924e-05      1.00000e+02      -2.70577e-185
    2.44313e+01      1.34766e-05      1.00000e+02      -2.67586e-185
    2.47116e+01      1.34606e-05      1.00000e+02      -2.64619e-185
    2.49951e+01      1.34446e-05      1.00000e+02      -2.61676e-185
    2.52819e+01      1.34284e-05      1.00000e+02      -2.58758e-185
    2.55719e+01      1.34120e-05      1.00000e+02      -2.55863e-185
    2.58653e+01      1.33954e-05      1.00000e+02      -2.52992e-185
    2.61621e+01      1.33787e-05      1.00000e+02      -2.50144e-185
    2.64622e+01      1.33619e-05      1.00000e+02      -2.47319e-185
    2.67658e+01      1.33449e-05      1.00000e+02      -2.44516e-185
    2.70729e+01      1.33277e-05      1.00000e+02      -2.41736e-185
    2.73835e+01      1.33104e-05      1.00000e+02      -2.38978e-185
    2.76977e+01      1.32929e-05      1.00000e+02      -2.36242e-185
    2.80154e+01      1.32751e-05      1.00000e+02      -2.33527e-185
    2.83369e+01      1.32572e-05      1.00000e+02      -2.30834e-185
    2.86620e+01      1.32392e-05      1.00000e+02      -2.28161e-185
    2.89908e+01      1.32209e-05      1.00000e+02      -2.25510e-185
    2.93234e+01      1.32025e-05      1.00000e+02      -2.22879e-185
    2.96598e+01      1.31840e-05      1.00000e+02      -2.20268e-185
    3.00001e+01      1.31652e-05      1.00000e+02      -2.17678e-185
