    Er (keV)         SM dN/dE         BG dN/dE        BSM dN/dE (events/kg/day/keV)
    1.00100e-01      1.51655e+01      1.00000e+01      4.00946e-05
    1.01306e-01      1.50786e+01      1.00000e+01      4.00946e-05
    1.02526e-01      1.49905e+01      1.00000e+01      4.00945e-05
    1.03760e-01      1.49015e+01      1.00000e+01      4.00945e-05
    1.05010e-01      1.48114e+01      1.00000e+01      4.00944e-05
    1.06275e-01      1.47201e+01      1.00000e+01      4.00943e-05
    1.07555e-01      1.46278e+01      1.00000e+01      4.00943e-05
    1.08850e-01      1.45344e+01      1.00000e+01      4.00942e-05
    1.10161e-01      1.44398e+01      1.00000e+01      4.00941e-05
    1.11488e-01      1.43441e+01      1.00000e+01      4.00941e-05
    1.12830e-01      1.42473e+01      1.00000e+01      4.00940e-05
    1.14189e-01      1.41492e+01      1.00000e+01      4.00940e-05
    1.15565e-01      1.40500e+01      1.00000e+01      4.00939e-05
    1.16957e-01      1.39496e+01      1.00000e+01      4.00938e-05
    1.18365e-01      1.38480e+01      1.00000e+01      4.00938e-05
    1.19791e-01      1.37452e+01      1.00000e+01      4.00937e-05
    1.21234e-01      1.36411e+01      1.00000e+01      4.00936e-05
    1.22694e-01      1.35358e+01      1.00000e+01      4.00935e-05
    1.24172e-01      1.34292e+01      1.00000e+01      4.00935e-05
    1.25668e-01      1.33213e+01      1.00000e+01      4.00934e-05
    1.27182e-01      1.32121e+01      1.00000e+01      4.00933e-05
    1.28713e-01      1.31016e+01      1.00000e+01      4.00933e-05
    1.30264e-01      1.29898e+01      1.00000e+01      4.00932e-05
    1.31833e-01      1.28766e+01      1.00000e+01      4.00931e-05
    1.33421e-01      1.27620e+01      1.00000e+01      4.00930e-05
    1.35028e-01      1.26461e+01      1.00000e+01      4.00930e-05
    1.36655e-01      1.25288e+01      1.00000e+01      4.00929e-05
    1.38301e-01      1.24101e+01      1.00000e+01      4.00928e-05
    1.39967e-01      1.22899e+01      1.00000e+01      4.00927e-05
    1.41653e-01      1.21960e+01      1.00000e+01      4.00926e-05
    1.43360e-01      1.21080e+01      1.00000e+01      4.00925e-05
    1.45087e-01      1.20189e+01      1.00000e+01      4.00924e-05
    1.46834e-01      1.19287e+01      1.00000e+01      4.00923e-05
    1.48603e-01      1.18375e+01      1.00000e+01      4.00922e-05
    1.50393e-01      1.17451e+01      1.00000e+01      4.00921e-05
    1.52205e-01      1.16516e+01      1.00000e+01      4.00920e-05
    1.54039e-01      1.15570e+01      1.00000e+01      4.00919e-05
    1.55895e-01      1.14613e+01      1.00000e+01      4.00918e-05
    1.57773e-01      1.13644e+01      1.00000e+01      4.00917e-05
    1.59673e-01      1.12664e+01      1.00000e+01      4.00916e-05
    1.61597e-01      1.11671e+01      1.00000e+01      4.00915e-05
    1.63544e-01      1.10667e+01      1.00000e+01      4.00914e-05
    1.65514e-01      1.09650e+01      1.00000e+01      4.00913e-05
    1.67508e-01      1.08622e+01      1.00000e+01      4.00912e-05
    1.69526e-01      1.07580e+01      1.00000e+01      4.00911e-05
    1.71569e-01      1.06527e+01      1.00000e+01      4.00910e-05
    1.73636e-01      1.05460e+01      1.00000e+01      4.00909e-05
    1.75728e-01      1.04381e+01      1.00000e+01      4.00908e-05
    1.77845e-01      1.03289e+01      1.00000e+01      4.00906e-05
    1.79988e-01      1.02184e+01      1.00000e+01      4.00905e-05
    1.82156e-01      1.01253e+01      1.00000e+01      4.00904e-05
    1.84351e-01      1.00387e+01      1.00000e+01      4.00903e-05
    1.86572e-01      9.95108e+00      1.00000e+01      4.00902e-05
    1.88820e-01      9.86239e+00      1.00000e+01      4.00901e-05
    1.91095e-01      9.77264e+00      1.00000e+01      4.00899e-05
    1.93398e-01      9.68180e+00      1.00000e+01      4.00898e-05
    1.95728e-01      9.58987e+00      1.00000e+01      4.00897e-05
    1.98086e-01      9.49683e+00      1.00000e+01      4.00896e-05
    2.00473e-01      9.40266e+00      1.00000e+01      4.00895e-05
    2.02888e-01      9.30736e+00      1.00000e+01      4.00893e-05
    2.05333e-01      9.21092e+00      1.00000e+01      4.00892e-05
    2.07807e-01      9.11331e+00      1.00000e+01      4.00891e-05
    2.10311e-01      9.01452e+00      1.00000e+01      4.00889e-05
    2.12845e-01      8.91455e+00      1.00000e+01      4.00888e-05
    2.15410e-01      8.81336e+00      1.00000e+01      4.00887e-05
    2.18005e-01      8.71096e+00      1.00000e+01      4.00885e-05
    2.20632e-01      8.60733e+00      1.00000e+01      4.00884e-05
    2.23291e-01      8.52236e+00      1.00000e+01      4.00883e-05
    2.25981e-01      8.43872e+00      1.00000e+01      4.00881e-05
    2.28704e-01      8.35407e+00      1.00000e+01      4.00880e-05
    2.31460e-01      8.26840e+00      1.00000e+01      4.00879e-05
    2.34249e-01      8.18170e+00      1.00000e+01      4.00877e-05
    2.37072e-01      8.09395e+00      1.00000e+01      4.00876e-05
    2.39928e-01      8.00514e+00      1.00000e+01      4.00874e-05
    2.42820e-01      7.91526e+00      1.00000e+01      4.00873e-05
    2.45746e-01      7.82430e+00      1.00000e+01      4.00872e-05
    2.48707e-01      7.73224e+00      1.00000e+01      4.00870e-05
    2.51704e-01      7.63908e+00      1.00000e+01      4.00869e-05
    2.54737e-01      7.54479e+00      1.00000e+01      4.00867e-05
    2.57807e-01      7.44936e+00      1.00000e+01      4.00866e-05
    2.60913e-01      7.35278e+00      1.00000e+01      4.00864e-05
    2.64057e-01      7.27241e+00      1.00000e+01      4.00862e-05
    2.67239e-01      7.19291e+00      1.00000e+01      4.00861e-05
    2.70460e-01      7.11246e+00      1.00000e+01      4.00859e-05
    2.73719e-01      7.03103e+00      1.00000e+01      4.00858e-05
    2.77017e-01      6.94863e+00      1.00000e+01      4.00856e-05
    2.80356e-01      6.86523e+00      1.00000e+01      4.00855e-05
    2.83734e-01      6.78082e+00      1.00000e+01      4.00853e-05
    2.87153e-01      6.69540e+00      1.00000e+01      4.00852e-05
    2.90614e-01      6.60895e+00      1.00000e+01      4.00850e-05
    2.94116e-01      6.52145e+00      1.00000e+01      4.00848e-05
    2.97660e-01      6.43290e+00      1.00000e+01      4.00847e-05
    3.01247e-01      6.34328e+00      1.00000e+01      4.00845e-05
    3.04878e-01      6.26804e+00      1.00000e+01      4.00843e-05
    3.08552e-01      6.19313e+00      1.00000e+01      4.00841e-05
    3.12270e-01      6.11732e+00      1.00000e+01      4.00839e-05
    3.16033e-01      6.04060e+00      1.00000e+01      4.00838e-05
    3.19842e-01      5.96295e+00      1.00000e+01      4.00836e-05
    3.23696e-01      5.88436e+00      1.00000e+01      4.00834e-05
    3.27597e-01      5.80483e+00      1.00000e+01      4.00832e-05
    3.31545e-01      5.72434e+00      1.00000e+01      4.00830e-05
    3.35541e-01      5.64288e+00      1.00000e+01      4.00828e-05
    3.39585e-01      5.56043e+00      1.00000e+01      4.00826e-05
    3.43677e-01      5.48348e+00      1.00000e+01      4.00824e-05
    3.47819e-01      5.41348e+00      1.00000e+01      4.00822e-05
    3.52011e-01      5.34263e+00      1.00000e+01      4.00821e-05
    3.56253e-01      5.27093e+00      1.00000e+01      4.00819e-05
    3.60547e-01      5.19837e+00      1.00000e+01      4.00818e-05
    3.64892e-01      5.12493e+00      1.00000e+01      4.00816e-05
    3.69289e-01      5.05061e+00      1.00000e+01      4.00815e-05
    3.73740e-01      4.97539e+00      1.00000e+01      4.00813e-05
    3.78244e-01      4.89926e+00      1.00000e+01      4.00812e-05
    3.82803e-01      4.82406e+00      1.00000e+01      4.00810e-05
    3.87416e-01      4.75852e+00      1.00000e+01      4.00807e-05
    3.92085e-01      4.69219e+00      1.00000e+01      4.00805e-05
    3.96811e-01      4.62506e+00      1.00000e+01      4.00802e-05
    4.01593e-01      4.55712e+00      1.00000e+01      4.00799e-05
    4.06433e-01      4.48837e+00      1.00000e+01      4.00796e-05
    4.11331e-01      4.41878e+00      1.00000e+01      4.00794e-05
    4.16289e-01      4.34835e+00      1.00000e+01      4.00791e-05
    4.21306e-01      4.27708e+00      1.00000e+01      4.00788e-05
    4.26383e-01      4.21338e+00      1.00000e+01      4.00785e-05
    4.31522e-01      4.15133e+00      1.00000e+01      4.00782e-05
    4.36723e-01      4.08852e+00      1.00000e+01      4.00779e-05
    4.41987e-01      4.02496e+00      1.00000e+01      4.00776e-05
    4.47314e-01      3.96063e+00      1.00000e+01      4.00773e-05
    4.52705e-01      3.89553e+00      1.00000e+01      4.00770e-05
    4.58161e-01      3.82964e+00      1.00000e+01      4.00767e-05
    4.63683e-01      3.76459e+00      1.00000e+01      4.00764e-05
    4.69271e-01      3.70665e+00      1.00000e+01      4.00761e-05
    4.74927e-01      3.64802e+00      1.00000e+01      4.00759e-05
    4.80651e-01      3.58868e+00      1.00000e+01      4.00756e-05
    4.86444e-01      3.52862e+00      1.00000e+01      4.00754e-05
    4.92307e-01      3.46783e+00      1.00000e+01      4.00752e-05
    4.98241e-01      3.40632e+00      1.00000e+01      4.00749e-05
    5.04246e-01      3.34576e+00      1.00000e+01      4.00746e-05
    5.10323e-01      3.29127e+00      1.00000e+01      4.00743e-05
    5.16474e-01      3.23611e+00      1.00000e+01      4.00740e-05
    5.22699e-01      3.18029e+00      1.00000e+01      4.00737e-05
    5.28999e-01      3.12380e+00      1.00000e+01      4.00734e-05
    5.35375e-01      3.06663e+00      1.00000e+01      4.00731e-05
    5.41828e-01      3.00876e+00      1.00000e+01      4.00728e-05
    5.48358e-01      2.95607e+00      1.00000e+01      4.00725e-05
    5.54967e-01      2.90451e+00      1.00000e+01      4.00722e-05
    5.61656e-01      2.85234e+00      1.00000e+01      4.00719e-05
    5.68426e-01      2.79953e+00      1.00000e+01      4.00715e-05
    5.75277e-01      2.74609e+00      1.00000e+01      4.00712e-05
    5.82211e-01      2.69201e+00      1.00000e+01      4.00708e-05
    5.89228e-01      2.64273e+00      1.00000e+01      4.00705e-05
    5.96330e-01      2.59426e+00      1.00000e+01      4.00701e-05
    6.03518e-01      2.54521e+00      1.00000e+01      4.00698e-05
    6.10792e-01      2.49557e+00      1.00000e+01      4.00694e-05
    6.18154e-01      2.44533e+00      1.00000e+01      4.00691e-05
    6.25604e-01      2.39588e+00      1.00000e+01      4.00687e-05
    6.33145e-01      2.35072e+00      1.00000e+01      4.00684e-05
    6.40776e-01      2.30501e+00      1.00000e+01      4.00680e-05
    6.48500e-01      2.25876e+00      1.00000e+01      4.00677e-05
    6.56316e-01      2.21194e+00      1.00000e+01      4.00673e-05
    6.64227e-01      2.16457e+00      1.00000e+01      4.00670e-05
    6.72233e-01      2.12224e+00      1.00000e+01      4.00665e-05
    6.80335e-01      2.07942e+00      1.00000e+01      4.00660e-05
    6.88536e-01      2.03607e+00      1.00000e+01      4.00655e-05
    6.96835e-01      1.99221e+00      1.00000e+01      4.00649e-05
    7.05234e-01      1.94824e+00      1.00000e+01      4.00644e-05
    7.13734e-01      1.90847e+00      1.00000e+01      4.00640e-05
    7.22337e-01      1.86823e+00      1.00000e+01      4.00636e-05
    7.31044e-01      1.82750e+00      1.00000e+01      4.00632e-05
    7.39855e-01      1.78628e+00      1.00000e+01      4.00628e-05
    7.48773e-01      1.74670e+00      1.00000e+01      4.00624e-05
    7.57798e-01      1.70941e+00      1.00000e+01      4.00619e-05
    7.66932e-01      1.67168e+00      1.00000e+01      4.00614e-05
    7.76176e-01      1.63348e+00      1.00000e+01      4.00610e-05
    7.85532e-01      1.59499e+00      1.00000e+01      4.00605e-05
    7.95000e-01      1.55983e+00      1.00000e+01      4.00600e-05
    8.04583e-01      1.52424e+00      1.00000e+01      4.00595e-05
    8.14281e-01      1.48823e+00      1.00000e+01      4.00590e-05
    8.24096e-01      1.45178e+00      1.00000e+01      4.00585e-05
    8.34029e-01      1.41854e+00      1.00000e+01      4.00580e-05
    8.44082e-01      1.38548e+00      1.00000e+01      4.00575e-05
    8.54257e-01      1.35202e+00      1.00000e+01      4.00569e-05
    8.64553e-01      1.31816e+00      1.00000e+01      4.00564e-05
    8.74974e-01      1.28709e+00      1.00000e+01      4.00558e-05
    8.85521e-01      1.25605e+00      1.00000e+01      4.00553e-05
    8.96195e-01      1.22465e+00      1.00000e+01      4.00548e-05
    9.06997e-01      1.19315e+00      1.00000e+01      4.00542e-05
    9.17930e-01      1.16434e+00      1.00000e+01      4.00537e-05
    9.28994e-01      1.13519e+00      1.00000e+01      4.00531e-05
    9.40192e-01      1.10568e+00      1.00000e+01      4.00525e-05
    9.51525e-01      1.07719e+00      1.00000e+01      4.00519e-05
    9.62994e-01      1.05004e+00      1.00000e+01      4.00513e-05
    9.74602e-01      1.02255e+00      1.00000e+01      4.00507e-05
    9.86350e-01      9.94738e-01      1.00000e+01      4.00501e-05
    9.98239e-01      9.69338e-01      1.00000e+01      4.00495e-05
    1.01027e+00      9.43707e-01      1.00000e+01      4.00489e-05
    1.02245e+00      9.17768e-01      1.00000e+01      4.00482e-05
    1.03477e+00      8.93154e-01      1.00000e+01      4.00476e-05
    1.04725e+00      8.69205e-01      1.00000e+01      4.00468e-05
    1.05987e+00      8.44967e-01      1.00000e+01      4.00461e-05
    1.07265e+00      8.21400e-01      1.00000e+01      4.00454e-05
    1.08558e+00      7.98891e-01      1.00000e+01      4.00448e-05
    1.09866e+00      7.76111e-01      1.00000e+01      4.00441e-05
    1.11190e+00      7.53881e-01      1.00000e+01      4.00435e-05
    1.12531e+00      7.33101e-01      1.00000e+01      4.00428e-05
    1.13887e+00      7.12070e-01      1.00000e+01      4.00420e-05
    1.15260e+00      6.91324e-01      1.00000e+01      4.00413e-05
    1.16649e+00      6.71367e-01      1.00000e+01      4.00407e-05
    1.18055e+00      6.51170e-01      1.00000e+01      4.00400e-05
    1.19478e+00      6.31693e-01      1.00000e+01      4.00393e-05
    1.20919e+00      6.13109e-01      1.00000e+01      4.00385e-05
    1.22376e+00      5.94301e-01      1.00000e+01      4.00376e-05
    1.23851e+00      5.76450e-01      1.00000e+01      4.00368e-05
    1.25344e+00      5.58949e-01      1.00000e+01      4.00361e-05
    1.26855e+00      5.41236e-01      1.00000e+01      4.00353e-05
    1.28384e+00      5.24908e-01      1.00000e+01      4.00344e-05
    1.29932e+00      5.08409e-01      1.00000e+01      4.00336e-05
    1.31498e+00      4.92268e-01      1.00000e+01      4.00328e-05
    1.33083e+00      4.76869e-01      1.00000e+01      4.00320e-05
    1.34687e+00      4.61285e-01      1.00000e+01      4.00312e-05
    1.36311e+00      4.46686e-01      1.00000e+01      4.00302e-05
    1.37954e+00      4.32129e-01      1.00000e+01      4.00293e-05
    1.39617e+00      4.17895e-01      1.00000e+01      4.00283e-05
    1.41300e+00      4.04281e-01      1.00000e+01      4.00275e-05
    1.43003e+00      3.90505e-01      1.00000e+01      4.00266e-05
    1.44727e+00      3.77738e-01      1.00000e+01      4.00257e-05
    1.46471e+00      3.64816e-01      1.00000e+01      4.00248e-05
    1.48237e+00      3.52498e-01      1.00000e+01      4.00239e-05
    1.50024e+00      3.40388e-01      1.00000e+01      4.00229e-05
    1.51832e+00      3.28561e-01      1.00000e+01      4.00220e-05
    1.53662e+00      3.17175e-01      1.00000e+01      4.00210e-05
    1.55515e+00      3.05868e-01      1.00000e+01      4.00200e-05
    1.57389e+00      2.95156e-01      1.00000e+01      4.00191e-05
    1.59287e+00      2.84391e-01      1.00000e+01      4.00181e-05
    1.61207e+00      2.74297e-01      1.00000e+01      4.00170e-05
    1.63150e+00      2.64082e-01      1.00000e+01      4.00159e-05
    1.65116e+00      2.54562e-01      1.00000e+01      4.00148e-05
    1.67107e+00      2.44927e-01      1.00000e+01      4.00137e-05
    1.69121e+00      2.35908e-01      1.00000e+01      4.00127e-05
    1.71160e+00      2.26810e-01      1.00000e+01      4.00117e-05
    1.73223e+00      2.18290e-01      1.00000e+01      4.00105e-05
    1.75311e+00      2.09707e-01      1.00000e+01      4.00093e-05
    1.77424e+00      2.01658e-01      1.00000e+01      4.00082e-05
    1.79563e+00      1.93597e-01      1.00000e+01      4.00070e-05
    1.81728e+00      1.85982e-01      1.00000e+01      4.00059e-05
    1.83918e+00      1.78437e-01      1.00000e+01      4.00047e-05
    1.86135e+00      1.71219e-01      1.00000e+01      4.00038e-05
    1.88379e+00      1.64175e-01      1.00000e+01      4.00027e-05
    1.90650e+00      1.57349e-01      1.00000e+01      4.00014e-05
    1.92948e+00      1.50783e-01      1.00000e+01      4.00001e-05
    1.95274e+00      1.44293e-01      1.00000e+01      3.99986e-05
    1.97628e+00      1.38256e-01      1.00000e+01      3.99971e-05
    2.00010e+00      1.32261e-01      1.00000e+01      3.99957e-05
    2.02421e+00      1.26459e-01      1.00000e+01      3.99944e-05
    2.04861e+00      1.20864e-01      1.00000e+01      3.99931e-05
    2.07331e+00      1.15407e-01      1.00000e+01      3.99916e-05
    2.09830e+00      1.10267e-01      1.00000e+01      3.99903e-05
    2.12359e+00      1.05214e-01      1.00000e+01      3.99889e-05
    2.14919e+00      1.00350e-01      1.00000e+01      3.99873e-05
    2.17510e+00      9.57011e-02      1.00000e+01      3.99860e-05
    2.20132e+00      9.11546e-02      1.00000e+01      3.99847e-05
    2.22785e+00      8.68158e-02      1.00000e+01      3.99832e-05
    2.25471e+00      8.26428e-02      1.00000e+01      3.99817e-05
    2.28189e+00      7.85756e-02      1.00000e+01      3.99801e-05
    2.30940e+00      7.46932e-02      1.00000e+01      3.99785e-05
    2.33723e+00      7.09684e-02      1.00000e+01      3.99768e-05
    2.36541e+00      6.73482e-02      1.00000e+01      3.99753e-05
    2.39392e+00      6.38652e-02      1.00000e+01      3.99738e-05
    2.42278e+00      6.05641e-02      1.00000e+01      3.99721e-05
    2.45198e+00      5.73625e-02      1.00000e+01      3.99704e-05
    2.48154e+00      5.42638e-02      1.00000e+01      3.99687e-05
    2.51146e+00      5.13267e-02      1.00000e+01      3.99670e-05
    2.54173e+00      4.85158e-02      1.00000e+01      3.99653e-05
    2.57237e+00      4.58104e-02      1.00000e+01      3.99636e-05
    2.60338e+00      4.32111e-02      1.00000e+01      3.99618e-05
    2.63476e+00      4.07288e-02      1.00000e+01      3.99600e-05
    2.66652e+00      3.83681e-02      1.00000e+01      3.99584e-05
    2.69867e+00      3.61105e-02      1.00000e+01      3.99566e-05
    2.73120e+00      3.39514e-02      1.00000e+01      3.99548e-05
    2.76412e+00      3.18826e-02      1.00000e+01      3.99529e-05
    2.79744e+00      2.99147e-02      1.00000e+01      3.99508e-05
    2.83116e+00      2.80623e-02      1.00000e+01      3.99489e-05
    2.86529e+00      2.62937e-02      1.00000e+01      3.99469e-05
    2.89983e+00      2.46042e-02      1.00000e+01      3.99449e-05
    2.93479e+00      2.29946e-02      1.00000e+01      3.99427e-05
    2.97017e+00      2.14663e-02      1.00000e+01      3.99403e-05
    3.00597e+00      2.00142e-02      1.00000e+01      3.99388e-05
    3.04220e+00      1.86359e-02      1.00000e+01      3.99367e-05
    3.07888e+00      1.73390e-02      1.00000e+01      3.99346e-05
    3.11599e+00      1.61108e-02      1.00000e+01      3.99323e-05
    3.15355e+00      1.49504e-02      1.00000e+01      3.99301e-05
    3.19157e+00      1.38526e-02      1.00000e+01      3.99280e-05
    3.23004e+00      1.28167e-02      1.00000e+01      3.99258e-05
    3.26898e+00      1.18414e-02      1.00000e+01      3.99234e-05
    3.30839e+00      1.09248e-02      1.00000e+01      3.99210e-05
    3.34827e+00      1.00643e-02      1.00000e+01      3.99187e-05
    3.38863e+00      9.25800e-03      1.00000e+01      3.99164e-05
    3.42948e+00      8.50391e-03      1.00000e+01      3.99139e-05
    3.47082e+00      7.79977e-03      1.00000e+01      3.99115e-05
    3.51266e+00      7.14349e-03      1.00000e+01      3.99091e-05
    3.55500e+00      6.53291e-03      1.00000e+01      3.99067e-05
    3.59786e+00      5.96538e-03      1.00000e+01      3.99042e-05
    3.64123e+00      5.44034e-03      1.00000e+01      3.99016e-05
    3.68512e+00      4.95430e-03      1.00000e+01      3.98990e-05
    3.72955e+00      4.50736e-03      1.00000e+01      3.98963e-05
    3.77450e+00      4.09678e-03      1.00000e+01      3.98936e-05
    3.82000e+00      3.71920e-03      1.00000e+01      3.98913e-05
    3.86605e+00      3.37248e-03      1.00000e+01      3.98883e-05
    3.91266e+00      3.05496e-03      1.00000e+01      3.98855e-05
    3.95982e+00      2.76322e-03      1.00000e+01      3.98827e-05
    4.00756e+00      2.49751e-03      1.00000e+01      3.98801e-05
    4.05587e+00      2.25697e-03      1.00000e+01      3.98770e-05
    4.10476e+00      2.03846e-03      1.00000e+01      3.98742e-05
    4.15424e+00      1.84005e-03      1.00000e+01      3.98712e-05
    4.20432e+00      1.65992e-03      1.00000e+01      3.98682e-05
    4.25500e+00      1.47997e-03      1.00000e+01      3.98652e-05
    4.30629e+00      1.35439e-03      1.00000e+01      3.98622e-05
    4.35821e+00      1.22515e-03      1.00000e+01      3.98594e-05
    4.41074e+00      1.10945e-03      1.00000e+01      3.98559e-05
    4.46391e+00      1.00894e-03      1.00000e+01      3.98527e-05
    4.51772e+00      9.20302e-04      1.00000e+01      3.98496e-05
    4.57218e+00      8.42252e-04      1.00000e+01      3.98462e-05
    4.62730e+00      7.76343e-04      1.00000e+01      3.98429e-05
    4.68308e+00      7.18300e-04      1.00000e+01      3.98396e-05
    4.73954e+00      6.69145e-04      1.00000e+01      3.98362e-05
    4.79667e+00      6.28119e-04      1.00000e+01      3.98328e-05
    4.85449e+00      5.93065e-04      1.00000e+01      3.98293e-05
    4.91301e+00      5.64334e-04      1.00000e+01      3.98258e-05
    4.97224e+00      5.39890e-04      1.00000e+01      3.98225e-05
    5.03218e+00      5.19538e-04      1.00000e+01      3.98189e-05
    5.09284e+00      5.02092e-04      1.00000e+01      3.98153e-05
    5.15423e+00      4.87121e-04      1.00000e+01      3.98118e-05
    5.21636e+00      4.73868e-04      1.00000e+01      3.98083e-05
    5.27925e+00      4.62177e-04      1.00000e+01      3.98049e-05
    5.34289e+00      4.51689e-04      1.00000e+01      3.98013e-05
    5.40729e+00      4.42480e-04      1.00000e+01      3.97978e-05
    5.47248e+00      4.34331e-04      1.00000e+01      3.97942e-05
    5.53845e+00      4.27193e-04      1.00000e+01      3.97907e-05
    5.60521e+00      4.21086e-04      1.00000e+01      3.97871e-05
    5.67278e+00      4.15754e-04      1.00000e+01      3.97835e-05
    5.74117e+00      4.11199e-04      1.00000e+01      3.97803e-05
    5.81037e+00      4.07361e-04      1.00000e+01      3.97764e-05
    5.88042e+00      4.04089e-04      1.00000e+01      3.97728e-05
    5.95131e+00      4.01311e-04      1.00000e+01      3.97691e-05
    6.02305e+00      3.98987e-04      1.00000e+01      3.97657e-05
    6.09565e+00      3.97055e-04      1.00000e+01      3.97621e-05
    6.16914e+00      3.95429e-04      1.00000e+01      3.97585e-05
    6.24350e+00      3.94053e-04      1.00000e+01      3.97548e-05
    6.31877e+00      3.92891e-04      1.00000e+01      3.97513e-05
    6.39494e+00      3.91911e-04      1.00000e+01      3.97475e-05
    6.47203e+00      3.91084e-04      1.00000e+01      3.97440e-05
    6.55005e+00      3.90374e-04      1.00000e+01      3.97402e-05
    6.62901e+00      3.89762e-04      1.00000e+01      3.97362e-05
    6.70892e+00      3.89240e-04      1.00000e+01      3.97323e-05
    6.78979e+00      3.88801e-04      1.00000e+01      3.97282e-05
    6.87164e+00      3.88436e-04      1.00000e+01      3.97242e-05
    6.95448e+00      3.88140e-04      1.00000e+01      3.97204e-05
    7.03832e+00      3.87900e-04      1.00000e+01      3.97163e-05
    7.12316e+00      3.87713e-04      1.00000e+01      3.97122e-05
    7.20903e+00      3.87567e-04      1.00000e+01      3.97079e-05
    7.29593e+00      3.87457e-04      1.00000e+01      3.97037e-05
    7.38389e+00      3.87376e-04      1.00000e+01      3.96995e-05
    7.47290e+00      3.87309e-04      1.00000e+01      3.96948e-05
    7.56298e+00      3.87259e-04      1.00000e+01      3.96904e-05
    7.65415e+00      3.87211e-04      1.00000e+01      3.96859e-05
    7.74642e+00      3.87168e-04      1.00000e+01      3.96818e-05
    7.83980e+00      3.87117e-04      1.00000e+01      3.96770e-05
    7.93431e+00      3.87070e-04      1.00000e+01      3.96724e-05
    8.02996e+00      3.87020e-04      1.00000e+01      3.96676e-05
    8.12676e+00      3.86970e-04      1.00000e+01      3.96629e-05
    8.22473e+00      3.86919e-04      1.00000e+01      3.96580e-05
    8.32387e+00      3.86871e-04      1.00000e+01      3.96534e-05
    8.42422e+00      3.86818e-04      1.00000e+01      3.96483e-05
    8.52577e+00      3.86764e-04      1.00000e+01      3.96431e-05
    8.62855e+00      3.86712e-04      1.00000e+01      3.96380e-05
    8.73256e+00      3.86659e-04      1.00000e+01      3.96329e-05
    8.83783e+00      3.86604e-04      1.00000e+01      3.96277e-05
    8.94437e+00      3.86550e-04      1.00000e+01      3.96224e-05
    9.05220e+00      3.86495e-04      1.00000e+01      3.96170e-05
    9.16132e+00      3.86439e-04      1.00000e+01      3.96116e-05
    9.27176e+00      3.86384e-04      1.00000e+01      3.96062e-05
    9.38353e+00      3.86326e-04      1.00000e+01      3.96007e-05
    9.49664e+00      3.86269e-04      1.00000e+01      3.95950e-05
    9.61113e+00      3.86210e-04      1.00000e+01      3.95892e-05
    9.72699e+00      3.86152e-04      1.00000e+01      3.95836e-05
    9.84424e+00      3.86094e-04      1.00000e+01      3.95778e-05
    9.96292e+00      3.86032e-04      1.00000e+01      3.95718e-05
    1.00830e+01      3.85972e-04      1.00000e+01      3.95658e-05
    1.02046e+01      3.85910e-04      1.00000e+01      3.95597e-05
    1.03276e+01      3.85849e-04      1.00000e+01      3.95536e-05
    1.04521e+01      3.85786e-04      1.00000e+01      3.95474e-05
    1.05781e+01      3.85722e-04      1.00000e+01      3.95411e-05
    1.07056e+01      3.85658e-04      1.00000e+01      3.95347e-05
    1.08347e+01      3.85594e-04      1.00000e+01      3.95283e-05
    1.09653e+01      3.85530e-04      1.00000e+01      3.95219e-05
    1.10974e+01      3.85463e-04      1.00000e+01      3.95153e-05
    1.12312e+01      3.85394e-04      1.00000e+01      3.95084e-05
    1.13666e+01      3.85328e-04      1.00000e+01      3.95018e-05
    1.15036e+01      3.85261e-04      1.00000e+01      3.94951e-05
    1.16423e+01      3.85194e-04      1.00000e+01      3.94883e-05
    1.17827e+01      3.85123e-04      1.00000e+01      3.94811e-05
    1.19247e+01      3.85052e-04      1.00000e+01      3.94740e-05
    1.20685e+01      3.84980e-04      1.00000e+01      3.94668e-05
    1.22139e+01      3.84907e-04      1.00000e+01      3.94593e-05
    1.23612e+01      3.84833e-04      1.00000e+01      3.94518e-05
    1.25102e+01      3.84762e-04      1.00000e+01      3.94446e-05
    1.26610e+01      3.84686e-04      1.00000e+01      3.94369e-05
    1.28136e+01      3.84611e-04      1.00000e+01      3.94293e-05
    1.29681e+01      3.84535e-04      1.00000e+01      3.94215e-05
    1.31244e+01      3.84459e-04      1.00000e+01      3.94137e-05
    1.32826e+01      3.84380e-04      1.00000e+01      3.94056e-05
    1.34428e+01      3.84301e-04      1.00000e+01      3.93975e-05
    1.36048e+01      3.84222e-04      1.00000e+01      3.93894e-05
    1.37688e+01      3.84139e-04      1.00000e+01      3.93809e-05
    1.39348e+01      3.84059e-04      1.00000e+01      3.93726e-05
    1.41028e+01      3.83978e-04      1.00000e+01      3.93642e-05
    1.42728e+01      3.83896e-04      1.00000e+01      3.93557e-05
    1.44448e+01      3.83807e-04      1.00000e+01      3.93466e-05
    1.46190e+01      3.83724e-04      1.00000e+01      3.93379e-05
    1.47952e+01      3.83636e-04      1.00000e+01      3.93288e-05
    1.49736e+01      3.83550e-04      1.00000e+01      3.93199e-05
    1.51541e+01      3.83463e-04      1.00000e+01      3.93107e-05
    1.53367e+01      3.83375e-04      1.00000e+01      3.93015e-05
    1.55216e+01      3.83285e-04      1.00000e+01      3.92921e-05
    1.57087e+01      3.83195e-04      1.00000e+01      3.92827e-05
    1.58981e+01      3.83104e-04      1.00000e+01      3.92731e-05
    1.60898e+01      3.83011e-04      1.00000e+01      3.92633e-05
    1.62837e+01      3.82918e-04      1.00000e+01      3.92535e-05
    1.64800e+01      3.82823e-04      1.00000e+01      3.92435e-05
    1.66787e+01      3.82729e-04      1.00000e+01      3.92335e-05
    1.68797e+01      3.82631e-04      1.00000e+01      3.92232e-05
    1.70832e+01      3.82535e-04      1.00000e+01      3.92129e-05
    1.72892e+01      3.82435e-04      1.00000e+01      3.92023e-05
    1.74976e+01      3.82335e-04      1.00000e+01      3.91916e-05
    1.77085e+01      3.82236e-04      1.00000e+01      3.91811e-05
    1.79220e+01      3.82134e-04      1.00000e+01      3.91702e-05
    1.81380e+01      3.82031e-04      1.00000e+01      3.91591e-05
    1.83567e+01      3.81930e-04      1.00000e+01      3.91483e-05
    1.85780e+01      3.81825e-04      1.00000e+01      3.91370e-05
    1.88019e+01      3.81719e-04      1.00000e+01      3.91256e-05
    1.90286e+01      3.81613e-04      1.00000e+01      3.91141e-05
    1.92580e+01      3.81503e-04      1.00000e+01      3.91022e-05
    1.94901e+01      3.81395e-04      1.00000e+01      3.90905e-05
    1.97251e+01      3.81280e-04      1.00000e+01      3.90781e-05
    1.99629e+01      3.81173e-04      1.00000e+01      3.90665e-05
    2.02035e+01      3.81058e-04      1.00000e+01      3.90540e-05
    2.04471e+01      3.80945e-04      1.00000e+01      3.90415e-05
    2.06936e+01      3.80828e-04      1.00000e+01      3.90288e-05
    2.09430e+01      3.80709e-04      1.00000e+01      3.90158e-05
    2.11955e+01      3.80595e-04      1.00000e+01      3.90032e-05
    2.14510e+01      3.80475e-04      1.00000e+01      3.89900e-05
    2.17096e+01      3.80355e-04      1.00000e+01      3.89768e-05
    2.19713e+01      3.80235e-04      1.00000e+01      3.89635e-05
    2.22362e+01      3.80111e-04      1.00000e+01      3.89498e-05
    2.25042e+01      3.79988e-04      1.00000e+01      3.89361e-05
    2.27755e+01      3.79861e-04      1.00000e+01      3.89220e-05
    2.30501e+01      3.79735e-04      1.00000e+01      3.89079e-05
    2.33279e+01      3.79614e-04      1.00000e+01      3.88943e-05
    2.36092e+01      3.79477e-04      1.00000e+01      3.88791e-05
    2.38938e+01      3.79348e-04      1.00000e+01      3.88646e-05
    2.41818e+01      3.79219e-04      1.00000e+01      3.88500e-05
    2.44733e+01      3.79085e-04      1.00000e+01      3.88349e-05
    2.47683e+01      3.78951e-04      1.00000e+01      3.88197e-05
    2.50669e+01      3.78815e-04      1.00000e+01      3.88043e-05
    2.53691e+01      3.78679e-04      1.00000e+01      3.87889e-05
    2.56749e+01      3.78539e-04      1.00000e+01      3.87730e-05
    2.59844e+01      3.78399e-04      1.00000e+01      3.87571e-05
    2.62977e+01      3.78259e-04      1.00000e+01      3.87410e-05
    2.66147e+01      3.78115e-04      1.00000e+01      3.87246e-05
    2.69355e+01      3.77969e-04      1.00000e+01      3.87079e-05
    2.72602e+01      3.77803e-04      1.00000e+01      3.86891e-05
    2.75889e+01      3.77677e-04      1.00000e+01      3.86742e-05
    2.79214e+01      3.77528e-04      1.00000e+01      3.86570e-05
    2.82580e+01      3.77377e-04      1.00000e+01      3.86396e-05
    2.85987e+01      3.77226e-04      1.00000e+01      3.86220e-05
    2.89434e+01      3.77072e-04      1.00000e+01      3.86041e-05
    2.92924e+01      3.76918e-04      1.00000e+01      3.85862e-05
    2.96455e+01      3.76761e-04      1.00000e+01      3.85678e-05
    3.00029e+01      3.76602e-04      1.00000e+01      3.85492e-05
    3.03645e+01      3.76444e-04      1.00000e+01      3.85307e-05
    3.07306e+01      3.76282e-04      1.00000e+01      3.85116e-05
    3.11010e+01      3.76117e-04      1.00000e+01      3.84922e-05
    3.14760e+01      3.75955e-04      1.00000e+01      3.84731e-05
    3.18554e+01      3.75786e-04      1.00000e+01      3.84531e-05
    3.22394e+01      3.75620e-04      1.00000e+01      3.84335e-05
    3.26281e+01      3.75453e-04      1.00000e+01      3.84136e-05
    3.30214e+01      3.75282e-04      1.00000e+01      3.83931e-05
    3.34195e+01      3.75109e-04      1.00000e+01      3.83725e-05
    3.38223e+01      3.74935e-04      1.00000e+01      3.83517e-05
    3.42301e+01      3.74759e-04      1.00000e+01      3.83306e-05
    3.46427e+01      3.74581e-04      1.00000e+01      3.83092e-05
    3.50603e+01      3.74402e-04      1.00000e+01      3.82876e-05
    3.54830e+01      3.74219e-04      1.00000e+01      3.82656e-05
    3.59107e+01      3.74038e-04      1.00000e+01      3.82436e-05
    3.63436e+01      3.73852e-04      1.00000e+01      3.82212e-05
    3.67817e+01      3.73666e-04      1.00000e+01      3.81985e-05
    3.72251e+01      3.73477e-04      1.00000e+01      3.81754e-05
    3.76739e+01      3.73289e-04      1.00000e+01      3.81525e-05
    3.81281e+01      3.73034e-04      1.00000e+01      3.81286e-05
    3.85877e+01      3.72899e-04      1.00000e+01      3.81047e-05
    3.90529e+01      3.72706e-04      1.00000e+01      3.80809e-05
    3.95236e+01      3.72508e-04      1.00000e+01      3.80565e-05
    4.00001e+01      3.72309e-04      1.00000e+01      3.80319e-05
