    Er (keV)         SM dN/dE         BG dN/dE        BSM dN/dE (events/kg/day/keV)
    1.01000e-02      2.47699e+02      5.00000e+00      3.21418e-05
    1.02614e-02      2.47060e+02      5.00000e+00      3.21418e-05
    1.04254e-02      2.46409e+02      5.00000e+00      3.21418e-05
    1.05921e-02      2.45749e+02      5.00000e+00      3.21418e-05
    1.07615e-02      2.45077e+02      5.00000e+00      3.21417e-05
    1.09336e-02      2.44395e+02      5.00000e+00      3.21417e-05
    1.11084e-02      2.43702e+02      5.00000e+00      3.21417e-05
    1.12861e-02      2.42998e+02      5.00000e+00      3.21417e-05
    1.14667e-02      2.42282e+02      5.00000e+00      3.21417e-05
    1.16502e-02      2.41555e+02      5.00000e+00      3.21417e-05
    1.18366e-02      2.40816e+02      5.00000e+00      3.21417e-05
    1.20261e-02      2.40065e+02      5.00000e+00      3.21417e-05
    1.22186e-02      2.39302e+02      5.00000e+00      3.21417e-05
    1.24142e-02      2.38526e+02      5.00000e+00      3.21417e-05
    1.26129e-02      2.37738e+02      5.00000e+00      3.21417e-05
    1.28149e-02      2.36938e+02      5.00000e+00      3.21417e-05
    1.30202e-02      2.36124e+02      5.00000e+00      3.21417e-05
    1.32287e-02      2.35298e+02      5.00000e+00      3.21417e-05
    1.34406e-02      2.34458e+02      5.00000e+00      3.21417e-05
    1.36560e-02      2.33604e+02      5.00000e+00      3.21417e-05
    1.38748e-02      2.32737e+02      5.00000e+00      3.21416e-05
    1.40971e-02      2.31855e+02      5.00000e+00      3.21416e-05
    1.43231e-02      2.30960e+02      5.00000e+00      3.21416e-05
    1.45527e-02      2.30050e+02      5.00000e+00      3.21416e-05
    1.47859e-02      2.29125e+02      5.00000e+00      3.21416e-05
    1.50230e-02      2.28185e+02      5.00000e+00      3.21416e-05
    1.52639e-02      2.27230e+02      5.00000e+00      3.21416e-05
    1.55086e-02      2.26260e+02      5.00000e+00      3.21416e-05
    1.57574e-02      2.25274e+02      5.00000e+00      3.21416e-05
    1.60101e-02      2.24273e+02      5.00000e+00      3.21416e-05
    1.62669e-02      2.23255e+02      5.00000e+00      3.21416e-05
    1.65279e-02      2.22220e+02      5.00000e+00      3.21416e-05
    1.67931e-02      2.21169e+02      5.00000e+00      3.21415e-05
    1.70625e-02      2.20101e+02      5.00000e+00      3.21415e-05
    1.73363e-02      2.19016e+02      5.00000e+00      3.21415e-05
    1.76145e-02      2.17913e+02      5.00000e+00      3.21415e-05
    1.78972e-02      2.16792e+02      5.00000e+00      3.21415e-05
    1.81845e-02      2.15653e+02      5.00000e+00      3.21415e-05
    1.84764e-02      2.14496e+02      5.00000e+00      3.21415e-05
    1.87731e-02      2.13321e+02      5.00000e+00      3.21415e-05
    1.90745e-02      2.12126e+02      5.00000e+00      3.21415e-05
    1.93808e-02      2.10912e+02      5.00000e+00      3.21415e-05
    1.96920e-02      2.09678e+02      5.00000e+00      3.21414e-05
    2.00082e-02      2.08425e+02      5.00000e+00      3.21414e-05
    2.03296e-02      2.07151e+02      5.00000e+00      3.21414e-05
    2.06561e-02      2.05856e+02      5.00000e+00      3.21414e-05
    2.09879e-02      2.04541e+02      5.00000e+00      3.21414e-05
    2.13251e-02      2.03205e+02      5.00000e+00      3.21414e-05
    2.16677e-02      2.01847e+02      5.00000e+00      3.21414e-05
    2.20158e-02      2.00467e+02      5.00000e+00      3.21414e-05
    2.23696e-02      1.99064e+02      5.00000e+00      3.21414e-05
    2.27291e-02      1.97640e+02      5.00000e+00      3.21413e-05
    2.30943e-02      1.96192e+02      5.00000e+00      3.21413e-05
    2.34655e-02      1.94720e+02      5.00000e+00      3.21413e-05
    2.38426e-02      1.93225e+02      5.00000e+00      3.21413e-05
    2.42259e-02      1.91706e+02      5.00000e+00      3.21413e-05
    2.46153e-02      1.90163e+02      5.00000e+00      3.21413e-05
    2.50110e-02      1.88594e+02      5.00000e+00      3.21413e-05
    2.54131e-02      1.87000e+02      5.00000e+00      3.21413e-05
    2.58217e-02      1.85381e+02      5.00000e+00      3.21412e-05
    2.62369e-02      1.83735e+02      5.00000e+00      3.21412e-05
    2.66588e-02      1.82062e+02      5.00000e+00      3.21412e-05
    2.70875e-02      1.80363e+02      5.00000e+00      3.21412e-05
    2.75231e-02      1.78636e+02      5.00000e+00      3.21412e-05
    2.79658e-02      1.76882e+02      5.00000e+00      3.21412e-05
    2.84156e-02      1.75099e+02      5.00000e+00      3.21411e-05
    2.88727e-02      1.73287e+02      5.00000e+00      3.21411e-05
    2.93371e-02      1.71446e+02      5.00000e+00      3.21411e-05
    2.98090e-02      1.69575e+02      5.00000e+00      3.21411e-05
    3.02886e-02      1.67675e+02      5.00000e+00      3.21411e-05
    3.07759e-02      1.65743e+02      5.00000e+00      3.21411e-05
    3.12710e-02      1.63780e+02      5.00000e+00      3.21411e-05
    3.17742e-02      1.61786e+02      5.00000e+00      3.21410e-05
    3.22855e-02      1.59759e+02      5.00000e+00      3.21410e-05
    3.28050e-02      1.57700e+02      5.00000e+00      3.21410e-05
    3.33329e-02      1.55607e+02      5.00000e+00      3.21410e-05
    3.38693e-02      1.53481e+02      5.00000e+00      3.21410e-05
    3.44144e-02      1.51320e+02      5.00000e+00      3.21409e-05
    3.49683e-02      1.49125e+02      5.00000e+00      3.21409e-05
    3.55311e-02      1.46894e+02      5.00000e+00      3.21409e-05
    3.61031e-02      1.44627e+02      5.00000e+00      3.21409e-05
    3.66842e-02      1.42323e+02      5.00000e+00      3.21409e-05
    3.72747e-02      1.39982e+02      5.00000e+00      3.21408e-05
    3.78748e-02      1.37604e+02      5.00000e+00      3.21408e-05
    3.84845e-02      1.35187e+02      5.00000e+00      3.21408e-05
    3.91041e-02      1.32731e+02      5.00000e+00      3.21408e-05
    3.97337e-02      1.30235e+02      5.00000e+00      3.21408e-05
    4.03735e-02      1.27910e+02      5.00000e+00      3.21407e-05
    4.10236e-02      1.27037e+02      5.00000e+00      3.21407e-05
    4.16841e-02      1.26149e+02      5.00000e+00      3.21407e-05
    4.23554e-02      1.25246e+02      5.00000e+00      3.21406e-05
    4.30374e-02      1.24329e+02      5.00000e+00      3.21406e-05
    4.37305e-02      1.23398e+02      5.00000e+00      3.21406e-05
    4.44348e-02      1.22451e+02      5.00000e+00      3.21405e-05
    4.51504e-02      1.21489e+02      5.00000e+00      3.21405e-05
    4.58776e-02      1.20512e+02      5.00000e+00      3.21405e-05
    4.66165e-02      1.19518e+02      5.00000e+00      3.21404e-05
    4.73674e-02      1.18509e+02      5.00000e+00      3.21404e-05
    4.81304e-02      1.17484e+02      5.00000e+00      3.21404e-05
    4.89056e-02      1.16441e+02      5.00000e+00      3.21403e-05
    4.96934e-02      1.15382e+02      5.00000e+00      3.21403e-05
    5.04940e-02      1.14306e+02      5.00000e+00      3.21402e-05
    5.13074e-02      1.13213e+02      5.00000e+00      3.21402e-05
    5.21340e-02      1.12102e+02      5.00000e+00      3.21402e-05
    5.29739e-02      1.10973e+02      5.00000e+00      3.21401e-05
    5.38274e-02      1.09826e+02      5.00000e+00      3.21401e-05
    5.46946e-02      1.08660e+02      5.00000e+00      3.21400e-05
    5.55758e-02      1.07475e+02      5.00000e+00      3.21400e-05
    5.64713e-02      1.06272e+02      5.00000e+00      3.21399e-05
    5.73812e-02      1.05049e+02      5.00000e+00      3.21399e-05
    5.83059e-02      1.03806e+02      5.00000e+00      3.21399e-05
    5.92454e-02      1.02543e+02      5.00000e+00      3.21398e-05
    6.02001e-02      1.01259e+02      5.00000e+00      3.21398e-05
    6.11702e-02      9.99554e+01      5.00000e+00      3.21397e-05
    6.21560e-02      9.86304e+01      5.00000e+00      3.21397e-05
    6.31577e-02      9.72839e+01      5.00000e+00      3.21396e-05
    6.41755e-02      9.59157e+01      5.00000e+00      3.21396e-05
    6.52098e-02      9.45254e+01      5.00000e+00      3.21395e-05
    6.62608e-02      9.31127e+01      5.00000e+00      3.21395e-05
    6.73287e-02      9.16772e+01      5.00000e+00      3.21394e-05
    6.84139e-02      9.02185e+01      5.00000e+00      3.21394e-05
    6.95166e-02      8.87362e+01      5.00000e+00      3.21393e-05
    7.06371e-02      8.72587e+01      5.00000e+00      3.21411e-05
    7.17757e-02      8.63653e+01      5.00000e+00      3.21827e-05
    7.29326e-02      8.54575e+01      5.00000e+00      3.22250e-05
    7.41083e-02      8.45350e+01      5.00000e+00      3.22680e-05
    7.53029e-02      8.35976e+01      5.00000e+00      3.23116e-05
    7.65168e-02      8.26451e+01      5.00000e+00      3.23560e-05
    7.77503e-02      8.16772e+01      5.00000e+00      3.24010e-05
    7.90037e-02      8.06937e+01      5.00000e+00      3.24468e-05
    8.02773e-02      7.96943e+01      5.00000e+00      3.24934e-05
    8.15715e-02      7.86788e+01      5.00000e+00      3.25407e-05
    8.28866e-02      7.76469e+01      5.00000e+00      3.25887e-05
    8.42229e-02      7.65983e+01      5.00000e+00      3.26376e-05
    8.55808e-02      7.55328e+01      5.00000e+00      3.26872e-05
    8.69606e-02      7.44501e+01      5.00000e+00      3.27376e-05
    8.83627e-02      7.33499e+01      5.00000e+00      3.27888e-05
    8.97874e-02      7.22320e+01      5.00000e+00      3.28409e-05
    9.12351e-02      7.10960e+01      5.00000e+00      3.28938e-05
    9.27061e-02      6.99417e+01      5.00000e+00      3.29476e-05
    9.42009e-02      6.87688e+01      5.00000e+00      3.30022e-05
    9.57199e-02      6.75769e+01      5.00000e+00      3.30577e-05
    9.72633e-02      6.63658e+01      5.00000e+00      3.31141e-05
    9.88317e-02      6.51351e+01      5.00000e+00      3.31714e-05
    1.00425e-01      6.38846e+01      5.00000e+00      3.32296e-05
    1.02045e-01      6.29332e+01      5.00000e+00      3.32462e-05
    1.03690e-01      6.20926e+01      5.00000e+00      3.32461e-05
    1.05362e-01      6.12384e+01      5.00000e+00      3.32460e-05
    1.07062e-01      6.03705e+01      5.00000e+00      3.32460e-05
    1.08788e-01      5.94885e+01      5.00000e+00      3.32459e-05
    1.10543e-01      5.85923e+01      5.00000e+00      3.32458e-05
    1.12325e-01      5.76816e+01      5.00000e+00      3.32458e-05
    1.14137e-01      5.67562e+01      5.00000e+00      3.32457e-05
    1.15977e-01      5.58159e+01      5.00000e+00      3.32456e-05
    1.17848e-01      5.48604e+01      5.00000e+00      3.32456e-05
    1.19749e-01      5.38895e+01      5.00000e+00      3.32455e-05
    1.21680e-01      5.29029e+01      5.00000e+00      3.32454e-05
    1.23642e-01      5.19004e+01      5.00000e+00      3.32453e-05
    1.25637e-01      5.08817e+01      5.00000e+00      3.32453e-05
    1.27663e-01      4.98466e+01      5.00000e+00      3.32452e-05
    1.29722e-01      4.87947e+01      5.00000e+00      3.32451e-05
    1.31814e-01      4.78267e+01      5.00000e+00      3.32450e-05
    1.33940e-01      4.70743e+01      5.00000e+00      3.32449e-05
    1.36101e-01      4.63098e+01      5.00000e+00      3.32449e-05
    1.38296e-01      4.55329e+01      5.00000e+00      3.32448e-05
    1.40527e-01      4.47435e+01      5.00000e+00      3.32447e-05
    1.42794e-01      4.39413e+01      5.00000e+00      3.32446e-05
    1.45097e-01      4.31262e+01      5.00000e+00      3.32446e-05
    1.47437e-01      4.22979e+01      5.00000e+00      3.32445e-05
    1.49816e-01      4.14563e+01      5.00000e+00      3.32444e-05
    1.52232e-01      4.06011e+01      5.00000e+00      3.32443e-05
    1.54688e-01      3.97320e+01      5.00000e+00      3.32442e-05
    1.57183e-01      3.88490e+01      5.00000e+00      3.32441e-05
    1.59719e-01      3.79517e+01      5.00000e+00      3.32441e-05
    1.62295e-01      3.71211e+01      5.00000e+00      3.32440e-05
    1.64913e-01      3.64508e+01      5.00000e+00      3.32438e-05
    1.67574e-01      3.57696e+01      5.00000e+00      3.32437e-05
    1.70277e-01      3.50774e+01      5.00000e+00      3.32436e-05
    1.73024e-01      3.43741e+01      5.00000e+00      3.32434e-05
    1.75815e-01      3.36594e+01      5.00000e+00      3.32433e-05
    1.78652e-01      3.29331e+01      5.00000e+00      3.32432e-05
    1.81534e-01      3.21952e+01      5.00000e+00      3.32430e-05
    1.84462e-01      3.14453e+01      5.00000e+00      3.32429e-05
    1.87438e-01      3.06833e+01      5.00000e+00      3.32427e-05
    1.90462e-01      2.99090e+01      5.00000e+00      3.32426e-05
    1.93535e-01      2.92342e+01      5.00000e+00      3.32425e-05
    1.96657e-01      2.86313e+01      5.00000e+00      3.32423e-05
    1.99830e-01      2.80187e+01      5.00000e+00      3.32422e-05
    2.03054e-01      2.73963e+01      5.00000e+00      3.32420e-05
    2.06330e-01      2.67638e+01      5.00000e+00      3.32419e-05
    2.09659e-01      2.61210e+01      5.00000e+00      3.32417e-05
    2.13042e-01      2.54679e+01      5.00000e+00      3.32416e-05
    2.16479e-01      2.48043e+01      5.00000e+00      3.32414e-05
    2.19971e-01      2.41299e+01      5.00000e+00      3.32412e-05
    2.23521e-01      2.35112e+01      5.00000e+00      3.32411e-05
    2.27127e-01      2.29782e+01      5.00000e+00      3.32410e-05
    2.30791e-01      2.24365e+01      5.00000e+00      3.32408e-05
    2.34515e-01      2.18861e+01      5.00000e+00      3.32407e-05
    2.38299e-01      2.13268e+01      5.00000e+00      3.32405e-05
    2.42144e-01      2.07585e+01      5.00000e+00      3.32404e-05
    2.46051e-01      2.01810e+01      5.00000e+00      3.32402e-05
    2.50021e-01      1.95942e+01      5.00000e+00      3.32401e-05
    2.54055e-01      1.90529e+01      5.00000e+00      3.32399e-05
    2.58154e-01      1.85786e+01      5.00000e+00      3.32397e-05
    2.62320e-01      1.80967e+01      5.00000e+00      3.32396e-05
    2.66552e-01      1.76070e+01      5.00000e+00      3.32394e-05
    2.70853e-01      1.71093e+01      5.00000e+00      3.32392e-05
    2.75224e-01      1.66037e+01      5.00000e+00      3.32391e-05
    2.79665e-01      1.60898e+01      5.00000e+00      3.32389e-05
    2.84177e-01      1.56050e+01      5.00000e+00      3.32387e-05
    2.88763e-01      1.51854e+01      5.00000e+00      3.32385e-05
    2.93422e-01      1.47591e+01      5.00000e+00      3.32383e-05
    2.98157e-01      1.43258e+01      5.00000e+00      3.32381e-05
    3.02968e-01      1.38856e+01      5.00000e+00      3.32379e-05
    3.07857e-01      1.34383e+01      5.00000e+00      3.32377e-05
    3.12825e-01      1.29837e+01      5.00000e+00      3.32375e-05
    3.17873e-01      1.26131e+01      5.00000e+00      3.32373e-05
    3.23002e-01      1.22384e+01      5.00000e+00      3.32370e-05
    3.28214e-01      1.18578e+01      5.00000e+00      3.32368e-05
    3.33510e-01      1.14709e+01      5.00000e+00      3.32366e-05
    3.38892e-01      1.10778e+01      5.00000e+00      3.32364e-05
    3.44361e-01      1.06945e+01      5.00000e+00      3.32361e-05
    3.49918e-01      1.03675e+01      5.00000e+00      3.32360e-05
    3.55564e-01      1.00352e+01      5.00000e+00      3.32359e-05
    3.61302e-01      9.69749e+00      5.00000e+00      3.32357e-05
    3.67133e-01      9.35435e+00      5.00000e+00      3.32356e-05
    3.73057e-01      9.00567e+00      5.00000e+00      3.32354e-05
    3.79077e-01      8.71266e+00      5.00000e+00      3.32352e-05
    3.85194e-01      8.42005e+00      5.00000e+00      3.32349e-05
    3.91411e-01      8.12272e+00      5.00000e+00      3.32347e-05
    3.97727e-01      7.82059e+00      5.00000e+00      3.32344e-05
    4.04145e-01      7.51653e+00      5.00000e+00      3.32341e-05
    4.10667e-01      7.26156e+00      5.00000e+00      3.32338e-05
    4.17294e-01      7.00248e+00      5.00000e+00      3.32334e-05
    4.24029e-01      6.73922e+00      5.00000e+00      3.32330e-05
    4.30872e-01      6.47170e+00      5.00000e+00      3.32326e-05
    4.37825e-01      6.22512e+00      5.00000e+00      3.32323e-05
    4.44890e-01      5.99681e+00      5.00000e+00      3.32320e-05
    4.52070e-01      5.76481e+00      5.00000e+00      3.32317e-05
    4.59366e-01      5.52906e+00      5.00000e+00      3.32314e-05
    4.66779e-01      5.30288e+00      5.00000e+00      3.32311e-05
    4.74312e-01      5.10169e+00      5.00000e+00      3.32309e-05
    4.81966e-01      4.89726e+00      5.00000e+00      3.32306e-05
    4.89745e-01      4.68952e+00      5.00000e+00      3.32304e-05
    4.97648e-01      4.49165e+00      5.00000e+00      3.32301e-05
    5.05679e-01      4.31300e+00      5.00000e+00      3.32297e-05
    5.13840e-01      4.13147e+00      5.00000e+00      3.32294e-05
    5.22133e-01      3.94701e+00      5.00000e+00      3.32290e-05
    5.30559e-01      3.77984e+00      5.00000e+00      3.32287e-05
    5.39122e-01      3.62048e+00      5.00000e+00      3.32283e-05
    5.47823e-01      3.45855e+00      5.00000e+00      3.32279e-05
    5.56664e-01      3.29815e+00      5.00000e+00      3.32275e-05
    5.65648e-01      3.15773e+00      5.00000e+00      3.32272e-05
    5.74776e-01      3.01504e+00      5.00000e+00      3.32269e-05
    5.84053e-01      2.87005e+00      5.00000e+00      3.32265e-05
    5.93479e-01      2.74172e+00      5.00000e+00      3.32261e-05
    6.03057e-01      2.61502e+00      5.00000e+00      3.32257e-05
    6.12789e-01      2.48627e+00      5.00000e+00      3.32253e-05
    6.22679e-01      2.36896e+00      5.00000e+00      3.32249e-05
    6.32729e-01      2.25594e+00      5.00000e+00      3.32245e-05
    6.42940e-01      2.14110e+00      5.00000e+00      3.32242e-05
    6.53317e-01      2.03619e+00      5.00000e+00      3.32238e-05
    6.63861e-01      1.93495e+00      5.00000e+00      3.32234e-05
    6.74575e-01      1.83208e+00      5.00000e+00      3.32230e-05
    6.85462e-01      1.73994e+00      5.00000e+00      3.32224e-05
    6.96525e-01      1.64893e+00      5.00000e+00      3.32218e-05
    7.07766e-01      1.55765e+00      5.00000e+00      3.32212e-05
    7.19189e-01      1.47700e+00      5.00000e+00      3.32208e-05
    7.30796e-01      1.39505e+00      5.00000e+00      3.32203e-05
    7.42591e-01      1.31730e+00      5.00000e+00      3.32198e-05
    7.54576e-01      1.24457e+00      5.00000e+00      3.32193e-05
    7.66755e-01      1.17067e+00      5.00000e+00      3.32188e-05
    7.79130e-01      1.10558e+00      5.00000e+00      3.32183e-05
    7.91704e-01      1.03992e+00      5.00000e+00      3.32177e-05
    8.04482e-01      9.78105e-01      5.00000e+00      3.32172e-05
    8.17466e-01      9.19578e-01      5.00000e+00      3.32167e-05
    8.30660e-01      8.61956e-01      5.00000e+00      3.32161e-05
    8.44066e-01      8.10542e-01      5.00000e+00      3.32155e-05
    8.57689e-01      7.58298e-01      5.00000e+00      3.32149e-05
    8.71532e-01      7.10727e-01      5.00000e+00      3.32143e-05
    8.85599e-01      6.62604e-01      5.00000e+00      3.32137e-05
    8.99892e-01      6.19403e-01      5.00000e+00      3.32131e-05
    9.14416e-01      5.76978e-01      5.00000e+00      3.32125e-05
    9.29175e-01      5.37868e-01      5.00000e+00      3.32119e-05
    9.44171e-01      4.99838e-01      5.00000e+00      3.32112e-05
    9.59410e-01      4.64637e-01      5.00000e+00      3.32106e-05
    9.74895e-01      4.30530e-01      5.00000e+00      3.32100e-05
    9.90630e-01      3.99158e-01      5.00000e+00      3.36206e-05
    1.00662e+00      3.68606e-01      5.00000e+00      3.42042e-05
    1.02287e+00      3.40881e-01      5.00000e+00      3.43148e-05
    1.03937e+00      3.13487e-01      5.00000e+00      3.43140e-05
    1.05615e+00      2.89233e-01      5.00000e+00      3.43132e-05
    1.07320e+00      2.65282e-01      5.00000e+00      3.43123e-05
    1.09052e+00      2.43691e-01      5.00000e+00      3.43116e-05
    1.10812e+00      2.23157e-01      5.00000e+00      3.43108e-05
    1.12600e+00      2.04182e-01      5.00000e+00      3.43101e-05
    1.14418e+00      1.86243e-01      5.00000e+00      3.43093e-05
    1.16265e+00      1.68729e-01      5.00000e+00      3.43085e-05
    1.18141e+00      1.53436e-01      5.00000e+00      3.43077e-05
    1.20048e+00      1.38876e-01      5.00000e+00      3.43068e-05
    1.21986e+00      1.25183e-01      5.00000e+00      3.43059e-05
    1.23954e+00      1.12968e-01      5.00000e+00      3.43050e-05
    1.25955e+00      1.01366e-01      5.00000e+00      3.43041e-05
    1.27988e+00      9.06322e-02      5.00000e+00      3.43031e-05
    1.30054e+00      8.10614e-02      5.00000e+00      3.43022e-05
    1.32153e+00      7.20910e-02      5.00000e+00      3.43013e-05
    1.34286e+00      6.37635e-02      5.00000e+00      3.43003e-05
    1.36453e+00      5.65210e-02      5.00000e+00      3.42993e-05
    1.38656e+00      4.97767e-02      5.00000e+00      3.42982e-05
    1.40894e+00      4.35922e-02      5.00000e+00      3.42971e-05
    1.43168e+00      3.81443e-02      5.00000e+00      3.42963e-05
    1.45479e+00      3.33212e-02      5.00000e+00      3.42952e-05
    1.47827e+00      2.89400e-02      5.00000e+00      3.42941e-05
    1.50213e+00      2.49956e-02      5.00000e+00      3.42929e-05
    1.52637e+00      2.14703e-02      5.00000e+00      3.42919e-05
    1.55101e+00      1.84181e-02      5.00000e+00      3.42908e-05
    1.57604e+00      1.57291e-02      5.00000e+00      3.42897e-05
    1.60148e+00      1.33478e-02      5.00000e+00      3.42885e-05
    1.62733e+00      1.12540e-02      5.00000e+00      3.42874e-05
    1.65360e+00      9.43215e-03      5.00000e+00      3.42862e-05
    1.68029e+00      7.86939e-03      5.00000e+00      3.42848e-05
    1.70741e+00      6.52471e-03      5.00000e+00      3.42837e-05
    1.73497e+00      5.40059e-03      5.00000e+00      3.42824e-05
    1.76297e+00      4.46119e-03      5.00000e+00      3.42810e-05
    1.79143e+00      3.68325e-03      5.00000e+00      3.42795e-05
    1.82034e+00      3.01329e-03      5.00000e+00      3.42782e-05
    1.84972e+00      2.51822e-03      5.00000e+00      3.42769e-05
    1.87958e+00      2.11659e-03      5.00000e+00      3.42758e-05
    1.90992e+00      1.78765e-03      5.00000e+00      3.42745e-05
    1.94074e+00      1.52520e-03      5.00000e+00      3.42729e-05
    1.97207e+00      1.31188e-03      5.00000e+00      3.42712e-05
    2.00390e+00      1.14841e-03      5.00000e+00      3.51768e-05
    2.03624e+00      1.00694e-03      5.00000e+00      3.53736e-05
    2.06911e+00      8.84259e-04      5.00000e+00      3.53718e-05
    2.10251e+00      7.82542e-04      5.00000e+00      3.53702e-05
    2.13644e+00      6.97501e-04      5.00000e+00      3.53683e-05
    2.17093e+00      6.26770e-04      5.00000e+00      3.53668e-05
    2.20597e+00      5.68502e-04      5.00000e+00      3.53653e-05
    2.24158e+00      5.20989e-04      5.00000e+00      3.53635e-05
    2.27776e+00      4.82605e-04      5.00000e+00      3.53617e-05
    2.31452e+00      4.52171e-04      5.00000e+00      3.53598e-05
    2.35188e+00      4.28547e-04      5.00000e+00      3.53579e-05
    2.38984e+00      4.09555e-04      5.00000e+00      3.53561e-05
    2.42842e+00      3.94382e-04      5.00000e+00      3.53541e-05
    2.46761e+00      3.82421e-04      5.00000e+00      3.53521e-05
    2.50744e+00      3.73080e-04      5.00000e+00      3.53499e-05
    2.54792e+00      3.65527e-04      5.00000e+00      3.53480e-05
    2.58904e+00      3.59572e-04      5.00000e+00      3.53460e-05
    2.63083e+00      3.55002e-04      5.00000e+00      3.53440e-05
    2.67329e+00      3.51454e-04      5.00000e+00      3.53420e-05
    2.71644e+00      3.48938e-04      5.00000e+00      3.53398e-05
    2.76029e+00      3.47175e-04      5.00000e+00      3.53376e-05
    2.80484e+00      3.46052e-04      5.00000e+00      3.53352e-05
    2.85012e+00      3.45398e-04      5.00000e+00      3.53330e-05
    2.89612e+00      3.45053e-04      5.00000e+00      3.53305e-05
    2.94287e+00      3.44887e-04      5.00000e+00      3.53280e-05
    2.99037e+00      3.44814e-04      5.00000e+00      3.53256e-05
    3.03864e+00      3.44780e-04      5.00000e+00      3.53233e-05
    3.08768e+00      3.44752e-04      5.00000e+00      3.53207e-05
    3.13752e+00      3.44724e-04      5.00000e+00      3.53181e-05
    3.18817e+00      3.44695e-04      5.00000e+00      3.53154e-05
    3.23963e+00      3.44668e-04      5.00000e+00      3.53129e-05
    3.29192e+00      3.44639e-04      5.00000e+00      3.53101e-05
    3.34505e+00      3.44610e-04      5.00000e+00      3.53074e-05
    3.39905e+00      3.44581e-04      5.00000e+00      3.53046e-05
    3.45391e+00      3.44549e-04      5.00000e+00      3.53016e-05
    3.50966e+00      3.44519e-04      5.00000e+00      3.52987e-05
    3.56631e+00      3.44490e-04      5.00000e+00      3.52960e-05
    3.62388e+00      3.44458e-04      5.00000e+00      3.52929e-05
    3.68237e+00      3.44426e-04      5.00000e+00      3.52899e-05
    3.74181e+00      3.44392e-04      5.00000e+00      3.52866e-05
    3.80220e+00      3.44361e-04      5.00000e+00      3.52836e-05
    3.86358e+00      3.44328e-04      5.00000e+00      3.52804e-05
    3.92594e+00      3.44294e-04      5.00000e+00      3.52770e-05
    3.98931e+00      3.44262e-04      5.00000e+00      3.52738e-05
    4.05370e+00      3.44226e-04      5.00000e+00      3.52704e-05
    4.11913e+00      3.44192e-04      5.00000e+00      3.52670e-05
    4.18562e+00      3.44156e-04      5.00000e+00      3.52634e-05
    4.25318e+00      3.44121e-04      5.00000e+00      3.52600e-05
    4.32183e+00      3.44084e-04      5.00000e+00      3.52563e-05
    4.39159e+00      3.44049e-04      5.00000e+00      3.52528e-05
    4.46248e+00      3.44010e-04      5.00000e+00      3.52488e-05
    4.53451e+00      3.43973e-04      5.00000e+00      3.52451e-05
    4.60770e+00      3.43934e-04      5.00000e+00      3.52411e-05
    4.68208e+00      3.43895e-04      5.00000e+00      3.52373e-05
    4.75765e+00      3.43856e-04      5.00000e+00      3.52333e-05
    4.83444e+00      3.43815e-04      5.00000e+00      3.52291e-05
    4.91248e+00      3.43775e-04      5.00000e+00      3.52250e-05
    4.99177e+00      3.43735e-04      5.00000e+00      3.52210e-05
    5.07235e+00      3.43693e-04      5.00000e+00      3.52168e-05
    5.15422e+00      3.43652e-04      5.00000e+00      3.52127e-05
    5.23742e+00      3.43610e-04      5.00000e+00      3.52085e-05
    5.32196e+00      3.43568e-04      5.00000e+00      3.52043e-05
    5.40786e+00      3.43526e-04      5.00000e+00      3.52001e-05
    5.49515e+00      3.43483e-04      5.00000e+00      3.51960e-05
    5.58385e+00      3.43440e-04      5.00000e+00      3.51918e-05
    5.67398e+00      3.43391e-04      5.00000e+00      3.51869e-05
    5.76556e+00      3.43355e-04      5.00000e+00      3.51835e-05
    5.85863e+00      3.43309e-04      5.00000e+00      3.51791e-05
    5.95319e+00      3.43264e-04      5.00000e+00      3.51748e-05
    6.04929e+00      3.43220e-04      5.00000e+00      3.51707e-05
    6.14693e+00      3.43174e-04      5.00000e+00      3.51664e-05
    6.24615e+00      3.43128e-04      5.00000e+00      3.51621e-05
    6.34697e+00      3.43082e-04      5.00000e+00      3.51578e-05
    6.44942e+00      3.43035e-04      5.00000e+00      3.51535e-05
    6.55352e+00      3.42988e-04      5.00000e+00      3.51491e-05
    6.65931e+00      3.42938e-04      5.00000e+00      3.51445e-05
    6.76680e+00      3.42888e-04      5.00000e+00      3.51398e-05
    6.87602e+00      3.42837e-04      5.00000e+00      3.51350e-05
    6.98701e+00      3.42787e-04      5.00000e+00      3.51304e-05
    7.09979e+00      3.42735e-04      5.00000e+00      3.51255e-05
    7.21439e+00      3.42683e-04      5.00000e+00      3.51205e-05
    7.33084e+00      3.42630e-04      5.00000e+00      3.51156e-05
    7.44917e+00      3.42574e-04      5.00000e+00      3.51102e-05
    7.56941e+00      3.42519e-04      5.00000e+00      3.51051e-05
    7.69159e+00      3.42462e-04      5.00000e+00      3.50996e-05
    7.81575e+00      3.42407e-04      5.00000e+00      3.50944e-05
    7.94190e+00      3.42351e-04      5.00000e+00      3.50891e-05
    8.07010e+00      3.42292e-04      5.00000e+00      3.50834e-05
    8.20036e+00      3.42232e-04      5.00000e+00      3.50777e-05
    8.33273e+00      3.42173e-04      5.00000e+00      3.50720e-05
    8.46723e+00      3.42111e-04      5.00000e+00      3.50660e-05
    8.60390e+00      3.42049e-04      5.00000e+00      3.50600e-05
    8.74278e+00      3.41986e-04      5.00000e+00      3.50539e-05
    8.88390e+00      3.41925e-04      5.00000e+00      3.50481e-05
    9.02730e+00      3.41858e-04      5.00000e+00      3.50415e-05
    9.17301e+00      3.41792e-04      5.00000e+00      3.50351e-05
    9.32108e+00      3.41725e-04      5.00000e+00      3.50286e-05
    9.47154e+00      3.41658e-04      5.00000e+00      3.50220e-05
    9.62442e+00      3.41588e-04      5.00000e+00      3.50152e-05
    9.77977e+00      3.41519e-04      5.00000e+00      3.50084e-05
    9.93763e+00      3.41449e-04      5.00000e+00      3.50015e-05
    1.00980e+01      3.41377e-04      5.00000e+00      3.49944e-05
    1.02610e+01      3.41303e-04      5.00000e+00      3.49871e-05
    1.04267e+01      3.41230e-04      5.00000e+00      3.49799e-05
    1.05950e+01      3.41154e-04      5.00000e+00      3.49724e-05
    1.07660e+01      3.41080e-04      5.00000e+00      3.49650e-05
    1.09398e+01      3.41003e-04      5.00000e+00      3.49574e-05
    1.11163e+01      3.40925e-04      5.00000e+00      3.49495e-05
    1.12958e+01      3.40845e-04      5.00000e+00      3.49416e-05
    1.14781e+01      3.40765e-04      5.00000e+00      3.49335e-05
    1.16634e+01      3.40685e-04      5.00000e+00      3.49255e-05
    1.18517e+01      3.40601e-04      5.00000e+00      3.49170e-05
    1.20430e+01      3.40517e-04      5.00000e+00      3.49085e-05
    1.22373e+01      3.40430e-04      5.00000e+00      3.48997e-05
    1.24349e+01      3.40345e-04      5.00000e+00      3.48911e-05
    1.26356e+01      3.40257e-04      5.00000e+00      3.48822e-05
    1.28395e+01      3.40168e-04      5.00000e+00      3.48731e-05
    1.30468e+01      3.40078e-04      5.00000e+00      3.48639e-05
    1.32574e+01      3.39984e-04      5.00000e+00      3.48543e-05
    1.34714e+01      3.39892e-04      5.00000e+00      3.48449e-05
    1.36888e+01      3.39797e-04      5.00000e+00      3.48351e-05
    1.39098e+01      3.39702e-04      5.00000e+00      3.48253e-05
    1.41343e+01      3.39605e-04      5.00000e+00      3.48153e-05
    1.43625e+01      3.39507e-04      5.00000e+00      3.48051e-05
    1.45943e+01      3.39405e-04      5.00000e+00      3.47945e-05
    1.48299e+01      3.39304e-04      5.00000e+00      3.47840e-05
    1.50693e+01      3.39201e-04      5.00000e+00      3.47732e-05
    1.53125e+01      3.39096e-04      5.00000e+00      3.47623e-05
    1.55597e+01      3.38990e-04      5.00000e+00      3.47512e-05
    1.58108e+01      3.38883e-04      5.00000e+00      3.47400e-05
    1.60660e+01      3.38774e-04      5.00000e+00      3.47285e-05
    1.63254e+01      3.38665e-04      5.00000e+00      3.47170e-05
    1.65889e+01      3.38553e-04      5.00000e+00      3.47051e-05
    1.68566e+01      3.38439e-04      5.00000e+00      3.46931e-05
    1.71287e+01      3.38324e-04      5.00000e+00      3.46809e-05
    1.74052e+01      3.38206e-04      5.00000e+00      3.46683e-05
    1.76862e+01      3.38087e-04      5.00000e+00      3.46556e-05
    1.79716e+01      3.37967e-04      5.00000e+00      3.46428e-05
    1.82617e+01      3.37849e-04      5.00000e+00      3.46301e-05
    1.85565e+01      3.37724e-04      5.00000e+00      3.46167e-05
    1.88560e+01      3.37598e-04      5.00000e+00      3.46031e-05
    1.91604e+01      3.37472e-04      5.00000e+00      3.45895e-05
    1.94697e+01      3.37343e-04      5.00000e+00      3.45755e-05
    1.97840e+01      3.37213e-04      5.00000e+00      3.45614e-05
    2.01033e+01      3.37079e-04      5.00000e+00      3.45469e-05
    2.04278e+01      3.36945e-04      5.00000e+00      3.45322e-05
    2.07575e+01      3.36805e-04      5.00000e+00      3.45169e-05
    2.10926e+01      3.36659e-04      5.00000e+00      3.45010e-05
    2.14331e+01      3.36528e-04      5.00000e+00      3.44865e-05
    2.17790e+01      3.36388e-04      5.00000e+00      3.44710e-05
    2.21306e+01      3.36242e-04      5.00000e+00      3.44549e-05
    2.24878e+01      3.36095e-04      5.00000e+00      3.44386e-05
    2.28508e+01      3.35949e-04      5.00000e+00      3.44223e-05
    2.32196e+01      3.35797e-04      5.00000e+00      3.44055e-05
    2.35944e+01      3.35645e-04      5.00000e+00      3.43883e-05
    2.39753e+01      3.35492e-04      5.00000e+00      3.43711e-05
    2.43623e+01      3.35336e-04      5.00000e+00      3.43536e-05
    2.47555e+01      3.35178e-04      5.00000e+00      3.43357e-05
    2.51551e+01      3.35017e-04      5.00000e+00      3.43175e-05
    2.55612e+01      3.34854e-04      5.00000e+00      3.42990e-05
    2.59738e+01      3.34688e-04      5.00000e+00      3.42801e-05
    2.63930e+01      3.34521e-04      5.00000e+00      3.42610e-05
    2.68190e+01      3.34351e-04      5.00000e+00      3.42415e-05
    2.72519e+01      3.34179e-04      5.00000e+00      3.42217e-05
    2.76918e+01      3.34005e-04      5.00000e+00      3.42017e-05
    2.81388e+01      3.33828e-04      5.00000e+00      3.41812e-05
    2.85930e+01      3.33650e-04      5.00000e+00      3.41606e-05
    2.90546e+01      3.33467e-04      5.00000e+00      3.41393e-05
    2.95235e+01      3.33284e-04      5.00000e+00      3.41179e-05
    3.00001e+01      3.33096e-04      5.00000e+00      3.40960e-05
