    Er (keV)         SM dN/dE         BG dN/dE        BSM dN/dE (events/kg/day/keV)
    1.00100e-01      2.05887e-03      1.00000e+01      -1.68348e-04
    1.01306e-01      2.01932e-03      1.00000e+01      -1.64646e-04
    1.02526e-01      1.97929e-03      1.00000e+01      -1.60899e-04
    1.03760e-01      1.93878e-03      1.00000e+01      -1.57106e-04
    1.05010e-01      1.89778e-03      1.00000e+01      -1.53268e-04
    1.06275e-01      1.85629e-03      1.00000e+01      -1.49384e-04
    1.07555e-01      1.81430e-03      1.00000e+01      -1.45453e-04
    1.08850e-01      1.77180e-03      1.00000e+01      -1.41475e-04
    1.10161e-01      1.72878e-03      1.00000e+01      -1.37448e-04
    1.11488e-01      1.68525e-03      1.00000e+01      -1.33373e-04
    1.12830e-01      1.64120e-03      1.00000e+01      -1.29249e-04
    1.14189e-01      1.59661e-03      1.00000e+01      -1.25075e-04
    1.15565e-01      1.55149e-03      1.00000e+01      -1.20851e-04
    1.16957e-01      1.50582e-03      1.00000e+01      -1.16576e-04
    1.18365e-01      1.45960e-03      1.00000e+01      -1.12250e-04
    1.19791e-01      1.41282e-03      1.00000e+01      -1.07871e-04
    1.21234e-01      1.36548e-03      1.00000e+01      -1.03439e-04
    1.22694e-01      1.31757e-03      1.00000e+01      -9.89544e-05
    1.24172e-01      1.26909e-03      1.00000e+01      -9.44154e-05
    1.25668e-01      1.22001e-03      1.00000e+01      -8.98217e-05
    1.27182e-01      1.17035e-03      1.00000e+01      -8.51726e-05
    1.28713e-01      1.12009e-03      1.00000e+01      -8.04675e-05
    1.30264e-01      1.06922e-03      1.00000e+01      -7.57056e-05
    1.31833e-01      1.01774e-03      1.00000e+01      -7.08863e-05
    1.33421e-01      9.65633e-04      1.00000e+01      -6.60090e-05
    1.35028e-01      9.12902e-04      1.00000e+01      -6.10728e-05
    1.36655e-01      8.59536e-04      1.00000e+01      -5.60771e-05
    1.38301e-01      8.05526e-04      1.00000e+01      -5.10212e-05
    1.39967e-01      7.50865e-04      1.00000e+01      -4.59044e-05
    1.41653e-01      7.21555e-04      1.00000e+01      -4.36629e-05
    1.43360e-01      6.98442e-04      1.00000e+01      -4.21342e-05
    1.45087e-01      6.75050e-04      1.00000e+01      -4.05870e-05
    1.46834e-01      6.51376e-04      1.00000e+01      -3.90211e-05
    1.48603e-01      6.27417e-04      1.00000e+01      -3.74364e-05
    1.50393e-01      6.03169e-04      1.00000e+01      -3.58326e-05
    1.52205e-01      5.78629e-04      1.00000e+01      -3.42095e-05
    1.54039e-01      5.53793e-04      1.00000e+01      -3.25668e-05
    1.55895e-01      5.28657e-04      1.00000e+01      -3.09042e-05
    1.57773e-01      5.03219e-04      1.00000e+01      -2.92217e-05
    1.59673e-01      4.77473e-04      1.00000e+01      -2.75189e-05
    1.61597e-01      4.51418e-04      1.00000e+01      -2.57955e-05
    1.63544e-01      4.25048e-04      1.00000e+01      -2.40513e-05
    1.65514e-01      3.98361e-04      1.00000e+01      -2.22862e-05
    1.67508e-01      3.71352e-04      1.00000e+01      -2.04997e-05
    1.69526e-01      3.44017e-04      1.00000e+01      -1.86917e-05
    1.71569e-01      3.16352e-04      1.00000e+01      -1.68620e-05
    1.73636e-01      2.88355e-04      1.00000e+01      -1.50101e-05
    1.75728e-01      2.60019e-04      1.00000e+01      -1.31360e-05
    1.77845e-01      2.31342e-04      1.00000e+01      -1.12392e-05
    1.79988e-01      2.02320e-04      1.00000e+01      -9.31959e-06
    1.82156e-01      1.93787e-04      1.00000e+01      -8.70310e-06
    1.84351e-01      1.93561e-04      1.00000e+01      -8.61439e-06
    1.86572e-01      1.93332e-04      1.00000e+01      -8.52462e-06
    1.88820e-01      1.93101e-04      1.00000e+01      -8.43376e-06
    1.91095e-01      1.92867e-04      1.00000e+01      -8.34180e-06
    1.93398e-01      1.92630e-04      1.00000e+01      -8.24874e-06
    1.95728e-01      1.92390e-04      1.00000e+01      -8.15455e-06
    1.98086e-01      1.92147e-04      1.00000e+01      -8.05923e-06
    2.00473e-01      1.91901e-04      1.00000e+01      -7.96277e-06
    2.02888e-01      1.91653e-04      1.00000e+01      -7.86513e-06
    2.05333e-01      1.91401e-04      1.00000e+01      -7.76633e-06
    2.07807e-01      1.91146e-04      1.00000e+01      -7.66633e-06
    2.10311e-01      1.90889e-04      1.00000e+01      -7.56512e-06
    2.12845e-01      1.90628e-04      1.00000e+01      -7.46269e-06
    2.15410e-01      1.90364e-04      1.00000e+01      -7.35903e-06
    2.18005e-01      1.90097e-04      1.00000e+01      -7.25412e-06
    2.20632e-01      1.89826e-04      1.00000e+01      -7.14795e-06
    2.23291e-01      1.89563e-04      1.00000e+01      -7.06833e-06
    2.25981e-01      1.89298e-04      1.00000e+01      -6.99102e-06
    2.28704e-01      1.89030e-04      1.00000e+01      -6.91279e-06
    2.31460e-01      1.88759e-04      1.00000e+01      -6.83361e-06
    2.34249e-01      1.88484e-04      1.00000e+01      -6.75348e-06
    2.37072e-01      1.88207e-04      1.00000e+01      -6.67238e-06
    2.39928e-01      1.87925e-04      1.00000e+01      -6.59030e-06
    2.42820e-01      1.87641e-04      1.00000e+01      -6.50723e-06
    2.45746e-01      1.87353e-04      1.00000e+01      -6.42316e-06
    2.48707e-01      1.87061e-04      1.00000e+01      -6.33808e-06
    2.51704e-01      1.86766e-04      1.00000e+01      -6.25197e-06
    2.54737e-01      1.86468e-04      1.00000e+01      -6.16483e-06
    2.57807e-01      1.86165e-04      1.00000e+01      -6.07663e-06
    2.60913e-01      1.85860e-04      1.00000e+01      -5.98737e-06
    2.64057e-01      1.85562e-04      1.00000e+01      -5.91779e-06
    2.67239e-01      1.85261e-04      1.00000e+01      -5.84958e-06
    2.70460e-01      1.84957e-04      1.00000e+01      -5.78055e-06
    2.73719e-01      1.84649e-04      1.00000e+01      -5.71069e-06
    2.77017e-01      1.84338e-04      1.00000e+01      -5.63998e-06
    2.80356e-01      1.84023e-04      1.00000e+01      -5.56842e-06
    2.83734e-01      1.83704e-04      1.00000e+01      -5.49600e-06
    2.87153e-01      1.83381e-04      1.00000e+01      -5.42270e-06
    2.90614e-01      1.83054e-04      1.00000e+01      -5.34853e-06
    2.94116e-01      1.82724e-04      1.00000e+01      -5.27345e-06
    2.97660e-01      1.82389e-04      1.00000e+01      -5.19748e-06
    3.01247e-01      1.82050e-04      1.00000e+01      -5.12058e-06
    3.04878e-01      1.81720e-04      1.00000e+01      -5.05909e-06
    3.08552e-01      1.81386e-04      1.00000e+01      -4.99818e-06
    3.12270e-01      1.81049e-04      1.00000e+01      -4.93654e-06
    3.16033e-01      1.80707e-04      1.00000e+01      -4.87415e-06
    3.19842e-01      1.80362e-04      1.00000e+01      -4.81101e-06
    3.23696e-01      1.80012e-04      1.00000e+01      -4.74710e-06
    3.27597e-01      1.79658e-04      1.00000e+01      -4.68243e-06
    3.31545e-01      1.79299e-04      1.00000e+01      -4.61698e-06
    3.35541e-01      1.78936e-04      1.00000e+01      -4.55073e-06
    3.39585e-01      1.78569e-04      1.00000e+01      -4.48369e-06
    3.43677e-01      1.78204e-04      1.00000e+01      -4.42215e-06
    3.47819e-01      1.77841e-04      1.00000e+01      -4.36753e-06
    3.52011e-01      1.77474e-04      1.00000e+01      -4.31226e-06
    3.56253e-01      1.77103e-04      1.00000e+01      -4.25631e-06
    3.60547e-01      1.76727e-04      1.00000e+01      -4.19970e-06
    3.64892e-01      1.76347e-04      1.00000e+01      -4.14240e-06
    3.69289e-01      1.75962e-04      1.00000e+01      -4.08441e-06
    3.73740e-01      1.75572e-04      1.00000e+01      -4.02572e-06
    3.78244e-01      1.75178e-04      1.00000e+01      -3.96632e-06
    3.82803e-01      1.74781e-04      1.00000e+01      -3.90789e-06
    3.87416e-01      1.74391e-04      1.00000e+01      -3.85842e-06
    3.92085e-01      1.73997e-04      1.00000e+01      -3.80835e-06
    3.96811e-01      1.73598e-04      1.00000e+01      -3.75768e-06
    4.01593e-01      1.73194e-04      1.00000e+01      -3.70640e-06
    4.06433e-01      1.72785e-04      1.00000e+01      -3.65450e-06
    4.11331e-01      1.72371e-04      1.00000e+01      -3.60198e-06
    4.16289e-01      1.71952e-04      1.00000e+01      -3.54882e-06
    4.21306e-01      1.71529e-04      1.00000e+01      -3.49502e-06
    4.26383e-01      1.71111e-04      1.00000e+01      -3.44787e-06
    4.31522e-01      1.70691e-04      1.00000e+01      -3.40224e-06
    4.36723e-01      1.70266e-04      1.00000e+01      -3.35605e-06
    4.41987e-01      1.69836e-04      1.00000e+01      -3.30931e-06
    4.47314e-01      1.69401e-04      1.00000e+01      -3.26201e-06
    4.52705e-01      1.68960e-04      1.00000e+01      -3.21414e-06
    4.58161e-01      1.68515e-04      1.00000e+01      -3.16568e-06
    4.63683e-01      1.68066e-04      1.00000e+01      -3.11800e-06
    4.69271e-01      1.67624e-04      1.00000e+01      -3.07627e-06
    4.74927e-01      1.67176e-04      1.00000e+01      -3.03404e-06
    4.80651e-01      1.66723e-04      1.00000e+01      -2.99130e-06
    4.86444e-01      1.66265e-04      1.00000e+01      -2.94805e-06
    4.92307e-01      1.65801e-04      1.00000e+01      -2.90427e-06
    4.98241e-01      1.65331e-04      1.00000e+01      -2.85997e-06
    5.04246e-01      1.64859e-04      1.00000e+01      -2.81648e-06
    5.10323e-01      1.64392e-04      1.00000e+01      -2.77784e-06
    5.16474e-01      1.63920e-04      1.00000e+01      -2.73873e-06
    5.22699e-01      1.63443e-04      1.00000e+01      -2.69915e-06
    5.28999e-01      1.62959e-04      1.00000e+01      -2.65909e-06
    5.35375e-01      1.62470e-04      1.00000e+01      -2.61856e-06
    5.41828e-01      1.61975e-04      1.00000e+01      -2.57753e-06
    5.48358e-01      1.61486e-04      1.00000e+01      -2.54046e-06
    5.54967e-01      1.60994e-04      1.00000e+01      -2.50430e-06
    5.61656e-01      1.60497e-04      1.00000e+01      -2.46770e-06
    5.68426e-01      1.59994e-04      1.00000e+01      -2.43066e-06
    5.75277e-01      1.59484e-04      1.00000e+01      -2.39317e-06
    5.82211e-01      1.58969e-04      1.00000e+01      -2.35523e-06
    5.89228e-01      1.58459e-04      1.00000e+01      -2.32084e-06
    5.96330e-01      1.57946e-04      1.00000e+01      -2.28707e-06
    6.03518e-01      1.57427e-04      1.00000e+01      -2.25289e-06
    6.10792e-01      1.56902e-04      1.00000e+01      -2.21830e-06
    6.18154e-01      1.56370e-04      1.00000e+01      -2.18329e-06
    6.25604e-01      1.55836e-04      1.00000e+01      -2.14884e-06
    6.33145e-01      1.55306e-04      1.00000e+01      -2.11742e-06
    6.40776e-01      1.54770e-04      1.00000e+01      -2.08563e-06
    6.48500e-01      1.54228e-04      1.00000e+01      -2.05344e-06
    6.56316e-01      1.53679e-04      1.00000e+01      -2.02087e-06
    6.64227e-01      1.53124e-04      1.00000e+01      -1.98791e-06
    6.72233e-01      1.52577e-04      1.00000e+01      -1.95846e-06
    6.80335e-01      1.52024e-04      1.00000e+01      -1.92866e-06
    6.88536e-01      1.51464e-04      1.00000e+01      -1.89850e-06
    6.96835e-01      1.50897e-04      1.00000e+01      -1.86797e-06
    7.05234e-01      1.50325e-04      1.00000e+01      -1.83737e-06
    7.13734e-01      1.49760e-04      1.00000e+01      -1.80959e-06
    7.22337e-01      1.49188e-04      1.00000e+01      -1.78149e-06
    7.31044e-01      1.48609e-04      1.00000e+01      -1.75304e-06
    7.39855e-01      1.48024e-04      1.00000e+01      -1.72426e-06
    7.48773e-01      1.47438e-04      1.00000e+01      -1.69649e-06
    7.57798e-01      1.46854e-04      1.00000e+01      -1.67015e-06
    7.66932e-01      1.46263e-04      1.00000e+01      -1.64349e-06
    7.76176e-01      1.45666e-04      1.00000e+01      -1.61651e-06
    7.85532e-01      1.45061e-04      1.00000e+01      -1.58932e-06
    7.95000e-01      1.44464e-04      1.00000e+01      -1.56450e-06
    8.04583e-01      1.43860e-04      1.00000e+01      -1.53938e-06
    8.14281e-01      1.43249e-04      1.00000e+01      -1.51396e-06
    8.24096e-01      1.42630e-04      1.00000e+01      -1.48823e-06
    8.34029e-01      1.42018e-04      1.00000e+01      -1.46439e-06
    8.44082e-01      1.41400e-04      1.00000e+01      -1.44062e-06
    8.54257e-01      1.40775e-04      1.00000e+01      -1.41656e-06
    8.64553e-01      1.40143e-04      1.00000e+01      -1.39221e-06
    8.74974e-01      1.39517e-04      1.00000e+01      -1.36961e-06
    8.85521e-01      1.38886e-04      1.00000e+01      -1.34701e-06
    8.96195e-01      1.38246e-04      1.00000e+01      -1.32414e-06
    9.06997e-01      1.37601e-04      1.00000e+01      -1.30117e-06
    9.17930e-01      1.36962e-04      1.00000e+01      -1.27986e-06
    9.28994e-01      1.36315e-04      1.00000e+01      -1.25829e-06
    9.40192e-01      1.35661e-04      1.00000e+01      -1.23646e-06
    9.51525e-01      1.35006e-04      1.00000e+01      -1.21525e-06
    9.62994e-01      1.34351e-04      1.00000e+01      -1.19483e-06
    9.74602e-01      1.33689e-04      1.00000e+01      -1.17418e-06
    9.86350e-01      1.33019e-04      1.00000e+01      -1.15327e-06
    9.98239e-01      1.32356e-04      1.00000e+01      -1.13384e-06
    1.01027e+00      1.31686e-04      1.00000e+01      -1.11423e-06
    1.02245e+00      1.31008e-04      1.00000e+01      -1.09438e-06
    1.03477e+00      1.30332e-04      1.00000e+01      -1.07533e-06
    1.04725e+00      1.29655e-04      1.00000e+01      -1.05666e-06
    1.05987e+00      1.28968e-04      1.00000e+01      -1.03777e-06
    1.07265e+00      1.28281e-04      1.00000e+01      -1.01928e-06
    1.08558e+00      1.27594e-04      1.00000e+01      -1.00144e-06
    1.09866e+00      1.26899e-04      1.00000e+01      -9.83397e-07
    1.11190e+00      1.26201e-04      1.00000e+01      -9.65589e-07
    1.12531e+00      1.25505e-04      1.00000e+01      -9.48515e-07
    1.13887e+00      1.24800e-04      1.00000e+01      -9.31235e-07
    1.15260e+00      1.24093e-04      1.00000e+01      -9.14194e-07
    1.16649e+00      1.23388e-04      1.00000e+01      -8.97809e-07
    1.18055e+00      1.22674e-04      1.00000e+01      -8.81227e-07
    1.19478e+00      1.21960e-04      1.00000e+01      -8.65008e-07
    1.20919e+00      1.21245e-04      1.00000e+01      -8.49250e-07
    1.22376e+00      1.20522e-04      1.00000e+01      -8.33303e-07
    1.23851e+00      1.19801e-04      1.00000e+01      -8.17937e-07
    1.25344e+00      1.19078e-04      1.00000e+01      -8.02754e-07
    1.26855e+00      1.18345e-04      1.00000e+01      -7.87388e-07
    1.28384e+00      1.17619e-04      1.00000e+01      -7.72880e-07
    1.29932e+00      1.16885e-04      1.00000e+01      -7.58214e-07
    1.31498e+00      1.16148e-04      1.00000e+01      -7.43743e-07
    1.33083e+00      1.15412e-04      1.00000e+01      -7.29723e-07
    1.34687e+00      1.14667e-04      1.00000e+01      -7.15534e-07
    1.36311e+00      1.13927e-04      1.00000e+01      -7.01964e-07
    1.37954e+00      1.13180e-04      1.00000e+01      -6.88379e-07
    1.39617e+00      1.12431e-04      1.00000e+01      -6.74967e-07
    1.41300e+00      1.11681e-04      1.00000e+01      -6.61928e-07
    1.43003e+00      1.10923e-04      1.00000e+01      -6.48734e-07
    1.44727e+00      1.10172e-04      1.00000e+01      -6.36211e-07
    1.46471e+00      1.09412e-04      1.00000e+01      -6.23537e-07
    1.48237e+00      1.08654e-04      1.00000e+01      -6.11245e-07
    1.50024e+00      1.07892e-04      1.00000e+01      -5.99055e-07
    1.51832e+00      1.07128e-04      1.00000e+01      -5.87032e-07
    1.53662e+00      1.06364e-04      1.00000e+01      -5.75293e-07
    1.55515e+00      1.05594e-04      1.00000e+01      -5.63570e-07
    1.57389e+00      1.04828e-04      1.00000e+01      -5.52244e-07
    1.59287e+00      1.04053e-04      1.00000e+01      -5.40839e-07
    1.61207e+00      1.03284e-04      1.00000e+01      -5.29901e-07
    1.63150e+00      1.02506e-04      1.00000e+01      -5.18831e-07
    1.65116e+00      1.01734e-04      1.00000e+01      -5.08253e-07
    1.67107e+00      1.00952e-04      1.00000e+01      -4.97549e-07
    1.69121e+00      1.00177e-04      1.00000e+01      -4.87287e-07
    1.71160e+00      9.93920e-05      1.00000e+01      -4.76924e-07
    1.73223e+00      9.86136e-05      1.00000e+01      -4.66989e-07
    1.75311e+00      9.78268e-05      1.00000e+01      -4.56965e-07
    1.77424e+00      9.70455e-05      1.00000e+01      -4.47341e-07
    1.79563e+00      9.62569e-05      1.00000e+01      -4.37669e-07
    1.81728e+00      9.54726e-05      1.00000e+01      -4.28326e-07
    1.83918e+00      9.46832e-05      1.00000e+01      -4.19005e-07
    1.86135e+00      9.38954e-05      1.00000e+01      -4.09924e-07
    1.88379e+00      9.31052e-05      1.00000e+01      -4.00948e-07
    1.90650e+00      9.23139e-05      1.00000e+01      -3.92114e-07
    1.92948e+00      9.15238e-05      1.00000e+01      -3.83480e-07
    1.95274e+00      9.07292e-05      1.00000e+01      -3.74882e-07
    1.97628e+00      8.99404e-05      1.00000e+01      -3.66587e-07
    2.00010e+00      8.91465e-05      1.00000e+01      -3.58312e-07
    2.02421e+00      8.83543e-05      1.00000e+01      -3.50242e-07
    2.04861e+00      8.75612e-05      1.00000e+01      -3.42298e-07
    2.07331e+00      8.67650e-05      1.00000e+01      -3.34423e-07
    2.09830e+00      8.59733e-05      1.00000e+01      -3.26801e-07
    2.12359e+00      8.51778e-05      1.00000e+01      -3.19228e-07
    2.14919e+00      8.43826e-05      1.00000e+01      -3.11801e-07
    2.17510e+00      8.35901e-05      1.00000e+01      -3.04546e-07
    2.20132e+00      8.27954e-05      1.00000e+01      -2.97359e-07
    2.22785e+00      8.20036e-05      1.00000e+01      -2.90347e-07
    2.25471e+00      8.12121e-05      1.00000e+01      -2.83467e-07
    2.28189e+00      8.04183e-05      1.00000e+01      -2.76660e-07
    2.30940e+00      7.96263e-05      1.00000e+01      -2.70010e-07
    2.33723e+00      7.88360e-05      1.00000e+01      -2.63496e-07
    2.36541e+00      7.80447e-05      1.00000e+01      -2.57064e-07
    2.39392e+00      7.72544e-05      1.00000e+01      -2.50753e-07
    2.42278e+00      7.64671e-05      1.00000e+01      -2.44601e-07
    2.45198e+00      7.56788e-05      1.00000e+01      -2.38532e-07
    2.48154e+00      7.48900e-05      1.00000e+01      -2.32552e-07
    2.51146e+00      7.41053e-05      1.00000e+01      -2.26723e-07
    2.54173e+00      7.33226e-05      1.00000e+01      -2.21011e-07
    2.57237e+00      7.25403e-05      1.00000e+01      -2.15390e-07
    2.60338e+00      7.17588e-05      1.00000e+01      -2.09861e-07
    2.63476e+00      7.09800e-05      1.00000e+01      -2.04458e-07
    2.66652e+00      7.02040e-05      1.00000e+01      -1.99174e-07
    2.69867e+00      6.94290e-05      1.00000e+01      -1.93980e-07
    2.73120e+00      6.86553e-05      1.00000e+01      -1.88879e-07
    2.76412e+00      6.78827e-05      1.00000e+01      -1.83870e-07
    2.79744e+00      6.71124e-05      1.00000e+01      -1.78970e-07
    2.83116e+00      6.63459e-05      1.00000e+01      -1.74184e-07
    2.86529e+00      6.55818e-05      1.00000e+01      -1.69490e-07
    2.89983e+00      6.48196e-05      1.00000e+01      -1.64885e-07
    2.93479e+00      6.40596e-05      1.00000e+01      -1.60370e-07
    2.97017e+00      6.33025e-05      1.00000e+01      -1.55947e-07
    3.00597e+00      6.25481e-05      1.00000e+01      -1.51613e-07
    3.04220e+00      6.17965e-05      1.00000e+01      -1.47369e-07
    3.07888e+00      6.10491e-05      1.00000e+01      -1.43228e-07
    3.11599e+00      6.03043e-05      1.00000e+01      -1.39170e-07
    3.15355e+00      5.95633e-05      1.00000e+01      -1.35200e-07
    3.19157e+00      5.88259e-05      1.00000e+01      -1.31314e-07
    3.23004e+00      5.80917e-05      1.00000e+01      -1.27511e-07
    3.26898e+00      5.73606e-05      1.00000e+01      -1.23788e-07
    3.30839e+00      5.66334e-05      1.00000e+01      -1.20146e-07
    3.34827e+00      5.59096e-05      1.00000e+01      -1.16584e-07
    3.38863e+00      5.51894e-05      1.00000e+01      -1.13099e-07
    3.42948e+00      5.44738e-05      1.00000e+01      -1.09694e-07
    3.47082e+00      5.37630e-05      1.00000e+01      -1.06368e-07
    3.51266e+00      5.30566e-05      1.00000e+01      -1.03116e-07
    3.55500e+00      5.23541e-05      1.00000e+01      -9.99380e-08
    3.59786e+00      5.16556e-05      1.00000e+01      -9.68311e-08
    3.64123e+00      5.09619e-05      1.00000e+01      -9.37966e-08
    3.68512e+00      5.02732e-05      1.00000e+01      -9.08331e-08
    3.72955e+00      4.95897e-05      1.00000e+01      -8.79428e-08
    3.77450e+00      4.89109e-05      1.00000e+01      -8.51229e-08
    3.82000e+00      4.82370e-05      1.00000e+01      -8.23695e-08
    3.86605e+00      4.75688e-05      1.00000e+01      -7.96834e-08
    3.91266e+00      4.69058e-05      1.00000e+01      -7.70614e-08
    3.95982e+00      4.62481e-05      1.00000e+01      -7.45024e-08
    4.00756e+00      4.55956e-05      1.00000e+01      -7.20050e-08
    4.05587e+00      4.49495e-05      1.00000e+01      -6.95763e-08
    4.10476e+00      4.43088e-05      1.00000e+01      -6.72086e-08
    4.15424e+00      4.36735e-05      1.00000e+01      -6.48982e-08
    4.20432e+00      4.30434e-05      1.00000e+01      -6.26437e-08
    4.25500e+00      4.24195e-05      1.00000e+01      -6.04490e-08
    4.30629e+00      4.18036e-05      1.00000e+01      -5.83190e-08
    4.35821e+00      4.11932e-05      1.00000e+01      -5.62413e-08
    4.41074e+00      4.05884e-05      1.00000e+01      -5.42149e-08
    4.46391e+00      3.99915e-05      1.00000e+01      -5.22508e-08
    4.51772e+00      3.93999e-05      1.00000e+01      -5.03361e-08
    4.57218e+00      3.88134e-05      1.00000e+01      -4.84675e-08
    4.62730e+00      3.82364e-05      1.00000e+01      -4.66612e-08
    4.68308e+00      3.76658e-05      1.00000e+01      -4.49020e-08
    4.73954e+00      3.71013e-05      1.00000e+01      -4.31903e-08
    4.79667e+00      3.65443e-05      1.00000e+01      -4.15308e-08
    4.85449e+00      3.59931e-05      1.00000e+01      -3.99132e-08
    4.91301e+00      3.54500e-05      1.00000e+01      -3.83483e-08
    4.97224e+00      3.49137e-05      1.00000e+01      -3.68257e-08
    5.03218e+00      3.43862e-05      1.00000e+01      -3.53535e-08
    5.09284e+00      3.38651e-05      1.00000e+01      -3.39216e-08
    5.15423e+00      3.33516e-05      1.00000e+01      -3.25355e-08
    5.21636e+00      3.28446e-05      1.00000e+01      -3.11877e-08
    5.27925e+00      3.23468e-05      1.00000e+01      -2.98873e-08
    5.34289e+00      3.18554e-05      1.00000e+01      -2.86230e-08
    5.40729e+00      3.13720e-05      1.00000e+01      -2.74010e-08
    5.47248e+00      3.08964e-05      1.00000e+01      -2.62177e-08
    5.53845e+00      3.04288e-05      1.00000e+01      -2.50722e-08
    5.60521e+00      2.99696e-05      1.00000e+01      -2.39669e-08
    5.67278e+00      2.95181e-05      1.00000e+01      -2.28966e-08
    5.74117e+00      2.90739e-05      1.00000e+01      -2.18608e-08
    5.81037e+00      2.86385e-05      1.00000e+01      -2.08629e-08
    5.88042e+00      2.82107e-05      1.00000e+01      -1.98978e-08
    5.95131e+00      2.77906e-05      1.00000e+01      -1.89653e-08
    6.02305e+00      2.73793e-05      1.00000e+01      -1.80669e-08
    6.09565e+00      2.69766e-05      1.00000e+01      -1.72019e-08
    6.16914e+00      2.65821e-05      1.00000e+01      -1.63680e-08
    6.24350e+00      2.61952e-05      1.00000e+01      -1.55635e-08
    6.31877e+00      2.58159e-05      1.00000e+01      -1.47877e-08
    6.39494e+00      2.54455e-05      1.00000e+01      -1.40421e-08
    6.47203e+00      2.50836e-05      1.00000e+01      -1.33254e-08
    6.55005e+00      2.47300e-05      1.00000e+01      -1.26364e-08
    6.62901e+00      2.43846e-05      1.00000e+01      -1.19743e-08
    6.70892e+00      2.40462e-05      1.00000e+01      -1.13368e-08
    6.78979e+00      2.37173e-05      1.00000e+01      -1.07269e-08
    6.87164e+00      2.33973e-05      1.00000e+01      -1.01427e-08
    6.95448e+00      2.30846e-05      1.00000e+01      -9.58165e-09
    7.03832e+00      2.27799e-05      1.00000e+01      -9.04386e-09
    7.12316e+00      2.24836e-05      1.00000e+01      -8.52931e-09
    7.20903e+00      2.21957e-05      1.00000e+01      -8.03747e-09
    7.29593e+00      2.19152e-05      1.00000e+01      -7.56623e-09
    7.38389e+00      2.16432e-05      1.00000e+01      -7.11654e-09
    7.47290e+00      2.13790e-05      1.00000e+01      -6.68696e-09
    7.56298e+00      2.11230e-05      1.00000e+01      -6.27767e-09
    7.65415e+00      2.08751e-05      1.00000e+01      -5.88774e-09
    7.74642e+00      2.06346e-05      1.00000e+01      -5.51577e-09
    7.83980e+00      2.04016e-05      1.00000e+01      -5.16134e-09
    7.93431e+00      2.01768e-05      1.00000e+01      -4.82514e-09
    8.02996e+00      1.99595e-05      1.00000e+01      -4.50547e-09
    8.12676e+00      1.97499e-05      1.00000e+01      -4.20226e-09
    8.22473e+00      1.95478e-05      1.00000e+01      -3.91497e-09
    8.32387e+00      1.93523e-05      1.00000e+01      -3.64178e-09
    8.42422e+00      1.91646e-05      1.00000e+01      -3.38392e-09
    8.52577e+00      1.89838e-05      1.00000e+01      -3.13983e-09
    8.62855e+00      1.88109e-05      1.00000e+01      -2.91047e-09
    8.73256e+00      1.86441e-05      1.00000e+01      -2.69309e-09
    8.83783e+00      1.84836e-05      1.00000e+01      -2.48762e-09
    8.94437e+00      1.83311e-05      1.00000e+01      -2.29588e-09
    9.05220e+00      1.81845e-05      1.00000e+01      -2.11479e-09
    9.16132e+00      1.80441e-05      1.00000e+01      -1.94456e-09
    9.27176e+00      1.79104e-05      1.00000e+01      -1.78538e-09
    9.38353e+00      1.77829e-05      1.00000e+01      -1.63639e-09
    9.49664e+00      1.76611e-05      1.00000e+01      -1.49684e-09
    9.61113e+00      1.75454e-05      1.00000e+01      -1.36675e-09
    9.72699e+00      1.74354e-05      1.00000e+01      -1.24556e-09
    9.84424e+00      1.73310e-05      1.00000e+01      -1.13289e-09
    9.96292e+00      1.72320e-05      1.00000e+01      -1.02815e-09
    1.00830e+01      1.71382e-05      1.00000e+01      -9.31016e-10
    1.02046e+01      1.70496e-05      1.00000e+01      -8.41197e-10
    1.03276e+01      1.69657e-05      1.00000e+01      -7.58134e-10
    1.04521e+01      1.68869e-05      1.00000e+01      -6.81797e-10
    1.05781e+01      1.68124e-05      1.00000e+01      -6.11408e-10
    1.07056e+01      1.67424e-05      1.00000e+01      -5.46925e-10
    1.08347e+01      1.66764e-05      1.00000e+01      -4.87685e-10
    1.09653e+01      1.66151e-05      1.00000e+01      -4.34076e-10
    1.10974e+01      1.65571e-05      1.00000e+01      -3.84841e-10
    1.12312e+01      1.65029e-05      1.00000e+01      -3.40067e-10
    1.13666e+01      1.64525e-05      1.00000e+01      -2.99883e-10
    1.15036e+01      1.64051e-05      1.00000e+01      -2.63173e-10
    1.16423e+01      1.63612e-05      1.00000e+01      -2.30475e-10
    1.17827e+01      1.63201e-05      1.00000e+01      -2.01002e-10
    1.19247e+01      1.62818e-05      1.00000e+01      -1.74652e-10
    1.20685e+01      1.62462e-05      1.00000e+01      -1.51209e-10
    1.22139e+01      1.62130e-05      1.00000e+01      -1.30398e-10
    1.23612e+01      1.61821e-05      1.00000e+01      -1.12019e-10
    1.25102e+01      1.61534e-05      1.00000e+01      -9.58571e-11
    1.26610e+01      1.61265e-05      1.00000e+01      -8.16429e-11
    1.28136e+01      1.61015e-05      1.00000e+01      -6.93446e-11
    1.29681e+01      1.60781e-05      1.00000e+01      -5.86357e-11
    1.31244e+01      1.60562e-05      1.00000e+01      -4.93819e-11
    1.32826e+01      1.60357e-05      1.00000e+01      -4.15037e-11
    1.34428e+01      1.60162e-05      1.00000e+01      -3.46553e-11
    1.36048e+01      1.59980e-05      1.00000e+01      -2.90116e-11
    1.37688e+01      1.59805e-05      1.00000e+01      -2.41247e-11
    1.39348e+01      1.59639e-05      1.00000e+01      -2.00936e-11
    1.41028e+01      1.59478e-05      1.00000e+01      -1.67021e-11
    1.42728e+01      1.59324e-05      1.00000e+01      -1.38982e-11
    1.44448e+01      1.59175e-05      1.00000e+01      -1.15839e-11
    1.46190e+01      1.59031e-05      1.00000e+01      -9.68518e-12
    1.47952e+01      1.58889e-05      1.00000e+01      -8.12290e-12
    1.49736e+01      1.58749e-05      1.00000e+01      -6.84791e-12
    1.51541e+01      1.58611e-05      1.00000e+01      -5.81572e-12
    1.53367e+01      1.58474e-05      1.00000e+01      -4.96315e-12
    1.55216e+01      1.58337e-05      1.00000e+01      -4.26604e-12
    1.57087e+01      1.58201e-05      1.00000e+01      -3.69245e-12
    1.58981e+01      1.58065e-05      1.00000e+01      -3.22439e-12
    1.60898e+01      1.57929e-05      1.00000e+01      -2.82971e-12
    1.62837e+01      1.57792e-05      1.00000e+01      -2.49665e-12
    1.64800e+01      1.57655e-05      1.00000e+01      -2.21749e-12
    1.66787e+01      1.57517e-05      1.00000e+01      -1.97473e-12
    1.68797e+01      1.57377e-05      1.00000e+01      -1.76549e-12
    1.70832e+01      1.57236e-05      1.00000e+01      -1.58153e-12
    1.72892e+01      1.57094e-05      1.00000e+01      -1.41903e-12
    1.74976e+01      1.56951e-05      1.00000e+01      -1.27403e-12
    1.77085e+01      1.56807e-05      1.00000e+01      -1.14362e-12
    1.79220e+01      1.56662e-05      1.00000e+01      -1.02585e-12
    1.81380e+01      1.56515e-05      1.00000e+01      -9.18945e-13
    1.83567e+01      1.56367e-05      1.00000e+01      -8.21275e-13
    1.85780e+01      1.56217e-05      1.00000e+01      -7.31898e-13
    1.88019e+01      1.56066e-05      1.00000e+01      -6.51723e-13
    1.90286e+01      1.55914e-05      1.00000e+01      -5.78848e-13
    1.92580e+01      1.55760e-05      1.00000e+01      -5.12223e-13
    1.94901e+01      1.55605e-05      1.00000e+01      -4.51514e-13
    1.97251e+01      1.55448e-05      1.00000e+01      -3.96172e-13
    1.99629e+01      1.55289e-05      1.00000e+01      -3.45797e-13
    2.02035e+01      1.55129e-05      1.00000e+01      -3.00197e-13
    2.04471e+01      1.54968e-05      1.00000e+01      -2.58973e-13
    2.06936e+01      1.54805e-05      1.00000e+01      -2.21677e-13
    2.09430e+01      1.54640e-05      1.00000e+01      -1.89472e-13
    2.11955e+01      1.54474e-05      1.00000e+01      -1.60996e-13
    2.14510e+01      1.54306e-05      1.00000e+01      -1.35675e-13
    2.17096e+01      1.54136e-05      1.00000e+01      -1.13211e-13
    2.19713e+01      1.53964e-05      1.00000e+01      -9.35079e-14
    2.22362e+01      1.53791e-05      1.00000e+01      -7.81671e-14
    2.25042e+01      1.53617e-05      1.00000e+01      -6.19261e-14
    2.27755e+01      1.53440e-05      1.00000e+01      -4.97823e-14
    2.30501e+01      1.53261e-05      1.00000e+01      -3.93711e-14
    2.33279e+01      1.53081e-05      1.00000e+01      -3.05526e-14
    2.36092e+01      1.52899e-05      1.00000e+01      -2.34163e-14
    2.38938e+01      1.52715e-05      1.00000e+01      -1.77255e-14
    2.41818e+01      1.52529e-05      1.00000e+01      -1.30279e-14
    2.44733e+01      1.52341e-05      1.00000e+01      -9.41581e-15
    2.47683e+01      1.52151e-05      1.00000e+01      -6.66683e-15
    2.50669e+01      1.51960e-05      1.00000e+01      -4.59531e-15
    2.53691e+01      1.51767e-05      1.00000e+01      -3.10500e-15
    2.56749e+01      1.51572e-05      1.00000e+01      -2.09501e-15
    2.59844e+01      1.51375e-05      1.00000e+01      -1.40568e-15
    2.62977e+01      1.51176e-05      1.00000e+01      -9.73551e-16
    2.66147e+01      1.50974e-05      1.00000e+01      -7.05379e-16
    2.69355e+01      1.50772e-05      1.00000e+01      -5.25935e-16
    2.72602e+01      1.50567e-05      1.00000e+01      -3.82661e-16
    2.75889e+01      1.50359e-05      1.00000e+01      -2.68694e-16
    2.79214e+01      1.50149e-05      1.00000e+01      -1.80468e-16
    2.82580e+01      1.49937e-05      1.00000e+01      -1.14400e-16
    2.85987e+01      1.49723e-05      1.00000e+01      -6.70651e-17
    2.89434e+01      1.49507e-05      1.00000e+01      -3.51986e-17
    2.92924e+01      1.49289e-05      1.00000e+01      -1.55754e-17
    2.96455e+01      1.49068e-05      1.00000e+01      -5.10406e-18
    3.00029e+01      1.48846e-05      1.00000e+01      -8.56606e-19
    3.03645e+01      1.48621e-05      1.00000e+01      -6.17608e-21
    3.07306e+01      1.48395e-05      1.00000e+01      -7.58329e-186
    3.11010e+01      1.48166e-05      1.00000e+01      -7.50999e-186
    3.14760e+01      1.47935e-05      1.00000e+01      -7.43750e-186
    3.18554e+01      1.47702e-05      1.00000e+01      -7.36580e-186
    3.22394e+01      1.47467e-05      1.00000e+01      -7.29489e-186
    3.26281e+01      1.47230e-05      1.00000e+01      -7.22475e-186
    3.30214e+01      1.46991e-05      1.00000e+01      -7.15538e-186
    3.34195e+01      1.46749e-05      1.00000e+01      -7.08676e-186
    3.38223e+01      1.46505e-05      1.00000e+01      -7.01889e-186
    3.42301e+01      1.46257e-05      1.00000e+01      -6.95175e-186
    3.46427e+01      1.46007e-05      1.00000e+01      -6.88534e-186
    3.50603e+01      1.45755e-05      1.00000e+01      -6.81965e-186
    3.54830e+01      1.45499e-05      1.00000e+01      -6.75466e-186
    3.59107e+01      1.45242e-05      1.00000e+01      -6.69037e-186
    3.63436e+01      1.44982e-05      1.00000e+01      -6.62677e-186
    3.67817e+01      1.44720e-05      1.00000e+01      -6.56385e-186
    3.72251e+01      1.44455e-05      1.00000e+01      -6.50160e-186
    3.76739e+01      1.44188e-05      1.00000e+01      -6.44001e-186
    3.81281e+01      1.43918e-05      1.00000e+01      -6.37908e-186
    3.85877e+01      1.43646e-05      1.00000e+01      -6.31879e-186
    3.90529e+01      1.43371e-05      1.00000e+01      -6.25913e-186
    3.95236e+01      1.43095e-05      1.00000e+01      -6.20010e-186
    4.00001e+01      1.42816e-05      1.00000e+01      -6.14169e-186
