    Er (keV)         SM dN/dE         BG dN/dE        BSM dN/dE (events/kg/day/keV)
    1.01000e-02      2.47699e+02      5.00000e+00      -4.57772e+01
    1.02614e-02      2.47060e+02      5.00000e+00      -4.55800e+01
    1.04254e-02      2.46409e+02      5.00000e+00      -4.53797e+01
    1.05921e-02      2.45749e+02      5.00000e+00      -4.51761e+01
    1.07615e-02      2.45077e+02      5.00000e+00      -4.49692e+01
    1.09336e-02      2.44395e+02      5.00000e+00      -4.47589e+01
    1.11084e-02      2.43702e+02      5.00000e+00      -4.45453e+01
    1.12861e-02      2.42998e+02      5.00000e+00      -4.43283e+01
    1.14667e-02      2.42282e+02      5.00000e+00      -4.41077e+01
    1.16502e-02      2.41555e+02      5.00000e+00      -4.38836e+01
    1.18366e-02      2.40816e+02      5.00000e+00      -4.36558e+01
    1.20261e-02      2.40065e+02      5.00000e+00      -4.34244e+01
    1.22186e-02      2.39302e+02      5.00000e+00      -4.31892e+01
    1.24142e-02      2.38526e+02      5.00000e+00      -4.29503e+01
    1.26129e-02      2.37738e+02      5.00000e+00      -4.27074e+01
    1.28149e-02      2.36938e+02      5.00000e+00      -4.24607e+01
    1.30202e-02      2.36124e+02      5.00000e+00      -4.22100e+01
    1.32287e-02      2.35298e+02      5.00000e+00      -4.19552e+01
    1.34406e-02      2.34458e+02      5.00000e+00      -4.16964e+01
    1.36560e-02      2.33604e+02      5.00000e+00      -4.14333e+01
    1.38748e-02      2.32737e+02      5.00000e+00      -4.11660e+01
    1.40971e-02      2.31855e+02      5.00000e+00      -4.08944e+01
    1.43231e-02      2.30960e+02      5.00000e+00      -4.06184e+01
    1.45527e-02      2.30050e+02      5.00000e+00      -4.03379e+01
    1.47859e-02      2.29125e+02      5.00000e+00      -4.00530e+01
    1.50230e-02      2.28185e+02      5.00000e+00      -3.97634e+01
    1.52639e-02      2.27230e+02      5.00000e+00      -3.94691e+01
    1.55086e-02      2.26260e+02      5.00000e+00      -3.91701e+01
    1.57574e-02      2.25274e+02      5.00000e+00      -3.88663e+01
    1.60101e-02      2.24273e+02      5.00000e+00      -3.85575e+01
    1.62669e-02      2.23255e+02      5.00000e+00      -3.82438e+01
    1.65279e-02      2.22220e+02      5.00000e+00      -3.79250e+01
    1.67931e-02      2.21169e+02      5.00000e+00      -3.76011e+01
    1.70625e-02      2.20101e+02      5.00000e+00      -3.72719e+01
    1.73363e-02      2.19016e+02      5.00000e+00      -3.69375e+01
    1.76145e-02      2.17913e+02      5.00000e+00      -3.65976e+01
    1.78972e-02      2.16792e+02      5.00000e+00      -3.62522e+01
    1.81845e-02      2.15653e+02      5.00000e+00      -3.59013e+01
    1.84764e-02      2.14496e+02      5.00000e+00      -3.55447e+01
    1.87731e-02      2.13321e+02      5.00000e+00      -3.51824e+01
    1.90745e-02      2.12126e+02      5.00000e+00      -3.48142e+01
    1.93808e-02      2.10912e+02      5.00000e+00      -3.44400e+01
    1.96920e-02      2.09678e+02      5.00000e+00      -3.40598e+01
    2.00082e-02      2.08425e+02      5.00000e+00      -3.36735e+01
    2.03296e-02      2.07151e+02      5.00000e+00      -3.32810e+01
    2.06561e-02      2.05856e+02      5.00000e+00      -3.28821e+01
    2.09879e-02      2.04541e+02      5.00000e+00      -3.24767e+01
    2.13251e-02      2.03205e+02      5.00000e+00      -3.20649e+01
    2.16677e-02      2.01847e+02      5.00000e+00      -3.16463e+01
    2.20158e-02      2.00467e+02      5.00000e+00      -3.12211e+01
    2.23696e-02      1.99064e+02      5.00000e+00      -3.07889e+01
    2.27291e-02      1.97640e+02      5.00000e+00      -3.03498e+01
    2.30943e-02      1.96192e+02      5.00000e+00      -2.99036e+01
    2.34655e-02      1.94720e+02      5.00000e+00      -2.94502e+01
    2.38426e-02      1.93225e+02      5.00000e+00      -2.89895e+01
    2.42259e-02      1.91706e+02      5.00000e+00      -2.85213e+01
    2.46153e-02      1.90163e+02      5.00000e+00      -2.80456e+01
    2.50110e-02      1.88594e+02      5.00000e+00      -2.75622e+01
    2.54131e-02      1.87000e+02      5.00000e+00      -2.70710e+01
    2.58217e-02      1.85381e+02      5.00000e+00      -2.65718e+01
    2.62369e-02      1.83735e+02      5.00000e+00      -2.60647e+01
    2.66588e-02      1.82062e+02      5.00000e+00      -2.55493e+01
    2.70875e-02      1.80363e+02      5.00000e+00      -2.50256e+01
    2.75231e-02      1.78636e+02      5.00000e+00      -2.44934e+01
    2.79658e-02      1.76882e+02      5.00000e+00      -2.39527e+01
    2.84156e-02      1.75099e+02      5.00000e+00      -2.34032e+01
    2.88727e-02      1.73287e+02      5.00000e+00      -2.28449e+01
    2.93371e-02      1.71446e+02      5.00000e+00      -2.22775e+01
    2.98090e-02      1.69575e+02      5.00000e+00      -2.17010e+01
    3.02886e-02      1.67675e+02      5.00000e+00      -2.11152e+01
    3.07759e-02      1.65743e+02      5.00000e+00      -2.05200e+01
    3.12710e-02      1.63780e+02      5.00000e+00      -1.99151e+01
    3.17742e-02      1.61786e+02      5.00000e+00      -1.93004e+01
    3.22855e-02      1.59759e+02      5.00000e+00      -1.86759e+01
    3.28050e-02      1.57700e+02      5.00000e+00      -1.80412e+01
    3.33329e-02      1.55607e+02      5.00000e+00      -1.73964e+01
    3.38693e-02      1.53481e+02      5.00000e+00      -1.67411e+01
    3.44144e-02      1.51320e+02      5.00000e+00      -1.60752e+01
    3.49683e-02      1.49125e+02      5.00000e+00      -1.53986e+01
    3.55311e-02      1.46894e+02      5.00000e+00      -1.47110e+01
    3.61031e-02      1.44627e+02      5.00000e+00      -1.40124e+01
    3.66842e-02      1.42323e+02      5.00000e+00      -1.33025e+01
    3.72747e-02      1.39982e+02      5.00000e+00      -1.25811e+01
    3.78748e-02      1.37604e+02      5.00000e+00      -1.18481e+01
    3.84845e-02      1.35187e+02      5.00000e+00      -1.11032e+01
    3.91041e-02      1.32731e+02      5.00000e+00      -1.03463e+01
    3.97337e-02      1.30235e+02      5.00000e+00      -9.57724e+00
    4.03735e-02      1.27910e+02      5.00000e+00      -8.88040e+00
    4.10236e-02      1.27037e+02      5.00000e+00      -8.76965e+00
    4.16841e-02      1.26149e+02      5.00000e+00      -8.65711e+00
    4.23554e-02      1.25246e+02      5.00000e+00      -8.54276e+00
    4.30374e-02      1.24329e+02      5.00000e+00      -8.42656e+00
    4.37305e-02      1.23398e+02      5.00000e+00      -8.30848e+00
    4.44348e-02      1.22451e+02      5.00000e+00      -8.18850e+00
    4.51504e-02      1.21489e+02      5.00000e+00      -8.06658e+00
    4.58776e-02      1.20512e+02      5.00000e+00      -7.94270e+00
    4.66165e-02      1.19518e+02      5.00000e+00      -7.81681e+00
    4.73674e-02      1.18509e+02      5.00000e+00      -7.68889e+00
    4.81304e-02      1.17484e+02      5.00000e+00      -7.55891e+00
    4.89056e-02      1.16441e+02      5.00000e+00      -7.42683e+00
    4.96934e-02      1.15382e+02      5.00000e+00      -7.29262e+00
    5.04940e-02      1.14306e+02      5.00000e+00      -7.15624e+00
    5.13074e-02      1.13213e+02      5.00000e+00      -7.01766e+00
    5.21340e-02      1.12102e+02      5.00000e+00      -6.87684e+00
    5.29739e-02      1.10973e+02      5.00000e+00      -6.73375e+00
    5.38274e-02      1.09826e+02      5.00000e+00      -6.58835e+00
    5.46946e-02      1.08660e+02      5.00000e+00      -6.44060e+00
    5.55758e-02      1.07475e+02      5.00000e+00      -6.29047e+00
    5.64713e-02      1.06272e+02      5.00000e+00      -6.13791e+00
    5.73812e-02      1.05049e+02      5.00000e+00      -5.98290e+00
    5.83059e-02      1.03806e+02      5.00000e+00      -5.82538e+00
    5.92454e-02      1.02543e+02      5.00000e+00      -5.66531e+00
    6.02001e-02      1.01259e+02      5.00000e+00      -5.50267e+00
    6.11702e-02      9.99554e+01      5.00000e+00      -5.33740e+00
    6.21560e-02      9.86304e+01      5.00000e+00      -5.16946e+00
    6.31577e-02      9.72839e+01      5.00000e+00      -4.99881e+00
    6.41755e-02      9.59157e+01      5.00000e+00      -4.82540e+00
    6.52098e-02      9.45254e+01      5.00000e+00      -4.64920e+00
    6.62608e-02      9.31127e+01      5.00000e+00      -4.47015e+00
    6.73287e-02      9.16772e+01      5.00000e+00      -4.28821e+00
    6.84139e-02      9.02185e+01      5.00000e+00      -4.10334e+00
    6.95166e-02      8.87362e+01      5.00000e+00      -3.91548e+00
    7.06371e-02      8.72587e+01      5.00000e+00      -3.73032e+00
    7.17757e-02      8.63653e+01      5.00000e+00      -3.66376e+00
    7.29326e-02      8.54575e+01      5.00000e+00      -3.59613e+00
    7.41083e-02      8.45350e+01      5.00000e+00      -3.52741e+00
    7.53029e-02      8.35976e+01      5.00000e+00      -3.45758e+00
    7.65168e-02      8.26451e+01      5.00000e+00      -3.38662e+00
    7.77503e-02      8.16772e+01      5.00000e+00      -3.31452e+00
    7.90037e-02      8.06937e+01      5.00000e+00      -3.24125e+00
    8.02773e-02      7.96943e+01      5.00000e+00      -3.16680e+00
    8.15715e-02      7.86788e+01      5.00000e+00      -3.09115e+00
    8.28866e-02      7.76469e+01      5.00000e+00      -3.01427e+00
    8.42229e-02      7.65983e+01      5.00000e+00      -2.93616e+00
    8.55808e-02      7.55328e+01      5.00000e+00      -2.85678e+00
    8.69606e-02      7.44501e+01      5.00000e+00      -2.77613e+00
    8.83627e-02      7.33499e+01      5.00000e+00      -2.69417e+00
    8.97874e-02      7.22320e+01      5.00000e+00      -2.61089e+00
    9.12351e-02      7.10960e+01      5.00000e+00      -2.52626e+00
    9.27061e-02      6.99417e+01      5.00000e+00      -2.44027e+00
    9.42009e-02      6.87688e+01      5.00000e+00      -2.35289e+00
    9.57199e-02      6.75769e+01      5.00000e+00      -2.26410e+00
    9.72633e-02      6.63658e+01      5.00000e+00      -2.17388e+00
    9.88317e-02      6.51351e+01      5.00000e+00      -2.08220e+00
    1.00425e-01      6.38846e+01      5.00000e+00      -1.98904e+00
    1.02045e-01      6.29332e+01      5.00000e+00      -1.93172e+00
    1.03690e-01      6.20926e+01      5.00000e+00      -1.88823e+00
    1.05362e-01      6.12384e+01      5.00000e+00      -1.84405e+00
    1.07062e-01      6.03705e+01      5.00000e+00      -1.79914e+00
    1.08788e-01      5.94885e+01      5.00000e+00      -1.75352e+00
    1.10543e-01      5.85923e+01      5.00000e+00      -1.70715e+00
    1.12325e-01      5.76816e+01      5.00000e+00      -1.66004e+00
    1.14137e-01      5.67562e+01      5.00000e+00      -1.61217e+00
    1.15977e-01      5.58159e+01      5.00000e+00      -1.56352e+00
    1.17848e-01      5.48604e+01      5.00000e+00      -1.51409e+00
    1.19749e-01      5.38895e+01      5.00000e+00      -1.46386e+00
    1.21680e-01      5.29029e+01      5.00000e+00      -1.41282e+00
    1.23642e-01      5.19004e+01      5.00000e+00      -1.36096e+00
    1.25637e-01      5.08817e+01      5.00000e+00      -1.30826e+00
    1.27663e-01      4.98466e+01      5.00000e+00      -1.25471e+00
    1.29722e-01      4.87947e+01      5.00000e+00      -1.20029e+00
    1.31814e-01      4.78267e+01      5.00000e+00      -1.15306e+00
    1.33940e-01      4.70743e+01      5.00000e+00      -1.12357e+00
    1.36101e-01      4.63098e+01      5.00000e+00      -1.09359e+00
    1.38296e-01      4.55329e+01      5.00000e+00      -1.06313e+00
    1.40527e-01      4.47435e+01      5.00000e+00      -1.03218e+00
    1.42794e-01      4.39413e+01      5.00000e+00      -1.00073e+00
    1.45097e-01      4.31262e+01      5.00000e+00      -9.68776e-01
    1.47437e-01      4.22979e+01      5.00000e+00      -9.36303e-01
    1.49816e-01      4.14563e+01      5.00000e+00      -9.03305e-01
    1.52232e-01      4.06011e+01      5.00000e+00      -8.69775e-01
    1.54688e-01      3.97320e+01      5.00000e+00      -8.35704e-01
    1.57183e-01      3.88490e+01      5.00000e+00      -8.01083e-01
    1.59719e-01      3.79517e+01      5.00000e+00      -7.65904e-01
    1.62295e-01      3.71211e+01      5.00000e+00      -7.35016e-01
    1.64913e-01      3.64508e+01      5.00000e+00      -7.14011e-01
    1.67574e-01      3.57696e+01      5.00000e+00      -6.92667e-01
    1.70277e-01      3.50774e+01      5.00000e+00      -6.70979e-01
    1.73024e-01      3.43741e+01      5.00000e+00      -6.48940e-01
    1.75815e-01      3.36594e+01      5.00000e+00      -6.26546e-01
    1.78652e-01      3.29331e+01      5.00000e+00      -6.03790e-01
    1.81534e-01      3.21952e+01      5.00000e+00      -5.80667e-01
    1.84462e-01      3.14453e+01      5.00000e+00      -5.57171e-01
    1.87438e-01      3.06833e+01      5.00000e+00      -5.33295e-01
    1.90462e-01      2.99090e+01      5.00000e+00      -5.09034e-01
    1.93535e-01      2.92342e+01      5.00000e+00      -4.89770e-01
    1.96657e-01      2.86313e+01      5.00000e+00      -4.74187e-01
    1.99830e-01      2.80187e+01      5.00000e+00      -4.58352e-01
    2.03054e-01      2.73963e+01      5.00000e+00      -4.42261e-01
    2.06330e-01      2.67638e+01      5.00000e+00      -4.25911e-01
    2.09659e-01      2.61210e+01      5.00000e+00      -4.09297e-01
    2.13042e-01      2.54679e+01      5.00000e+00      -3.92415e-01
    2.16479e-01      2.48043e+01      5.00000e+00      -3.75260e-01
    2.19971e-01      2.41299e+01      5.00000e+00      -3.57828e-01
    2.23521e-01      2.35112e+01      5.00000e+00      -3.42682e-01
    2.27127e-01      2.29782e+01      5.00000e+00      -3.30980e-01
    2.30791e-01      2.24365e+01      5.00000e+00      -3.19089e-01
    2.34515e-01      2.18861e+01      5.00000e+00      -3.07006e-01
    2.38299e-01      2.13268e+01      5.00000e+00      -2.94728e-01
    2.42144e-01      2.07585e+01      5.00000e+00      -2.82252e-01
    2.46051e-01      2.01810e+01      5.00000e+00      -2.69574e-01
    2.50021e-01      1.95942e+01      5.00000e+00      -2.56692e-01
    2.54055e-01      1.90529e+01      5.00000e+00      -2.45395e-01
    2.58154e-01      1.85786e+01      5.00000e+00      -2.36388e-01
    2.62320e-01      1.80967e+01      5.00000e+00      -2.27236e-01
    2.66552e-01      1.76070e+01      5.00000e+00      -2.17935e-01
    2.70853e-01      1.71093e+01      5.00000e+00      -2.08485e-01
    2.75224e-01      1.66037e+01      5.00000e+00      -1.98882e-01
    2.79665e-01      1.60898e+01      5.00000e+00      -1.89124e-01
    2.84177e-01      1.56050e+01      5.00000e+00      -1.80239e-01
    2.88763e-01      1.51854e+01      5.00000e+00      -1.73228e-01
    2.93422e-01      1.47591e+01      5.00000e+00      -1.66104e-01
    2.98157e-01      1.43258e+01      5.00000e+00      -1.58865e-01
    3.02968e-01      1.38856e+01      5.00000e+00      -1.51509e-01
    3.07857e-01      1.34383e+01      5.00000e+00      -1.44034e-01
    3.12825e-01      1.29837e+01      5.00000e+00      -1.36438e-01
    3.17873e-01      1.26131e+01      5.00000e+00      -1.30898e-01
    3.23002e-01      1.22384e+01      5.00000e+00      -1.25316e-01
    3.28214e-01      1.18578e+01      5.00000e+00      -1.19643e-01
    3.33510e-01      1.14709e+01      5.00000e+00      -1.13879e-01
    3.38892e-01      1.10778e+01      5.00000e+00      -1.08022e-01
    3.44361e-01      1.06945e+01      5.00000e+00      -1.02409e-01
    3.49918e-01      1.03675e+01      5.00000e+00      -9.80169e-02
    3.55564e-01      1.00352e+01      5.00000e+00      -9.35537e-02
    3.61302e-01      9.69749e+00      5.00000e+00      -8.90184e-02
    3.67133e-01      9.35435e+00      5.00000e+00      -8.44099e-02
    3.73057e-01      9.00567e+00      5.00000e+00      -7.97271e-02
    3.79077e-01      8.71266e+00      5.00000e+00      -7.61164e-02
    3.85194e-01      8.42005e+00      5.00000e+00      -7.25435e-02
    3.91411e-01      8.12272e+00      5.00000e+00      -6.89129e-02
    3.97727e-01      7.82059e+00      5.00000e+00      -6.52237e-02
    4.04145e-01      7.51653e+00      5.00000e+00      -6.15244e-02
    4.10667e-01      7.26156e+00      5.00000e+00      -5.86710e-02
    4.17294e-01      7.00248e+00      5.00000e+00      -5.57716e-02
    4.24029e-01      6.73922e+00      5.00000e+00      -5.28254e-02
    4.30872e-01      6.47170e+00      5.00000e+00      -4.98316e-02
    4.37825e-01      6.22512e+00      5.00000e+00      -4.71786e-02
    4.44890e-01      5.99681e+00      5.00000e+00      -4.48255e-02
    4.52070e-01      5.76481e+00      5.00000e+00      -4.24344e-02
    4.59366e-01      5.52906e+00      5.00000e+00      -4.00048e-02
    4.66779e-01      5.30288e+00      5.00000e+00      -3.77212e-02
    4.74312e-01      5.10169e+00      5.00000e+00      -3.57975e-02
    4.81966e-01      4.89726e+00      5.00000e+00      -3.38428e-02
    4.89745e-01      4.68952e+00      5.00000e+00      -3.18566e-02
    4.97648e-01      4.49165e+00      5.00000e+00      -3.00078e-02
    5.05679e-01      4.31300e+00      5.00000e+00      -2.84167e-02
    5.13840e-01      4.13147e+00      5.00000e+00      -2.67999e-02
    5.22133e-01      3.94701e+00      5.00000e+00      -2.51570e-02
    5.30559e-01      3.77984e+00      5.00000e+00      -2.37278e-02
    5.39122e-01      3.62048e+00      5.00000e+00      -2.24001e-02
    5.47823e-01      3.45855e+00      5.00000e+00      -2.10509e-02
    5.56664e-01      3.29815e+00      5.00000e+00      -1.97254e-02
    5.65648e-01      3.15773e+00      5.00000e+00      -1.86263e-02
    5.74776e-01      3.01504e+00      5.00000e+00      -1.75094e-02
    5.84053e-01      2.87005e+00      5.00000e+00      -1.63745e-02
    5.93479e-01      2.74172e+00      5.00000e+00      -1.54181e-02
    6.03057e-01      2.61502e+00      5.00000e+00      -1.44845e-02
    6.12789e-01      2.48627e+00      5.00000e+00      -1.35359e-02
    6.22679e-01      2.36896e+00      5.00000e+00      -1.27031e-02
    6.32729e-01      2.25594e+00      5.00000e+00      -1.19170e-02
    6.42940e-01      2.14110e+00      5.00000e+00      -1.11181e-02
    6.53317e-01      2.03619e+00      5.00000e+00      -1.04141e-02
    6.63861e-01      1.93495e+00      5.00000e+00      -9.74765e-03
    6.74575e-01      1.83208e+00      5.00000e+00      -9.07048e-03
    6.85462e-01      1.73994e+00      5.00000e+00      -8.48914e-03
    6.96525e-01      1.64893e+00      5.00000e+00      -7.92091e-03
    7.07766e-01      1.55765e+00      5.00000e+00      -7.35323e-03
    7.19189e-01      1.47700e+00      5.00000e+00      -6.87452e-03
    7.30796e-01      1.39505e+00      5.00000e+00      -6.38808e-03
    7.42591e-01      1.31730e+00      5.00000e+00      -5.93599e-03
    7.54576e-01      1.24457e+00      5.00000e+00      -5.52466e-03
    7.66755e-01      1.17067e+00      5.00000e+00      -5.10669e-03
    7.79130e-01      1.10558e+00      5.00000e+00      -4.75432e-03
    7.91704e-01      1.03992e+00      5.00000e+00      -4.39981e-03
    8.04482e-01      9.78105e-01      5.00000e+00      -4.07335e-03
    8.17466e-01      9.19578e-01      5.00000e+00      -3.77116e-03
    8.30660e-01      8.61956e-01      5.00000e+00      -3.47580e-03
    8.44066e-01      8.10542e-01      5.00000e+00      -3.22081e-03
    8.57689e-01      7.58298e-01      5.00000e+00      -2.96170e-03
    8.71532e-01      7.10727e-01      5.00000e+00      -2.73620e-03
    8.85599e-01      6.62604e-01      5.00000e+00      -2.50854e-03
    8.99892e-01      6.19403e-01      5.00000e+00      -2.31006e-03
    9.14416e-01      5.76978e-01      5.00000e+00      -2.11685e-03
    9.29175e-01      5.37868e-01      5.00000e+00      -1.94338e-03
    9.44171e-01      4.99838e-01      5.00000e+00      -1.77687e-03
    9.59410e-01      4.64637e-01      5.00000e+00      -1.62649e-03
    9.74895e-01      4.30530e-01      5.00000e+00      -1.48275e-03
    9.90630e-01      3.99158e-01      5.00000e+00      -1.35379e-03
    1.00662e+00      3.68606e-01      5.00000e+00      -1.22966e-03
    1.02287e+00      3.40881e-01      5.00000e+00      -1.12016e-03
    1.03937e+00      3.13487e-01      5.00000e+00      -1.01279e-03
    1.05615e+00      2.89233e-01      5.00000e+00      -9.20814e-04
    1.07320e+00      2.65282e-01      5.00000e+00      -8.30576e-04
    1.09052e+00      2.43691e-01      5.00000e+00      -7.51518e-04
    1.10812e+00      2.23157e-01      5.00000e+00      -6.77173e-04
    1.12600e+00      2.04182e-01      5.00000e+00      -6.09687e-04
    1.14418e+00      1.86243e-01      5.00000e+00      -5.47658e-04
    1.16265e+00      1.68729e-01      5.00000e+00      -4.87906e-04
    1.18141e+00      1.53436e-01      5.00000e+00      -4.37060e-04
    1.20048e+00      1.38876e-01      5.00000e+00      -3.89295e-04
    1.21986e+00      1.25183e-01      5.00000e+00      -3.45142e-04
    1.23954e+00      1.12968e-01      5.00000e+00      -3.06788e-04
    1.25955e+00      1.01366e-01      5.00000e+00      -2.70830e-04
    1.27988e+00      9.06322e-02      5.00000e+00      -2.38194e-04
    1.30054e+00      8.10614e-02      5.00000e+00      -2.09794e-04
    1.32153e+00      7.20910e-02      5.00000e+00      -1.83555e-04
    1.34286e+00      6.37635e-02      5.00000e+00      -1.59601e-04
    1.36453e+00      5.65210e-02      5.00000e+00      -1.39313e-04
    1.38656e+00      4.97767e-02      5.00000e+00      -1.20709e-04
    1.40894e+00      4.35922e-02      5.00000e+00      -1.03927e-04
    1.43168e+00      3.81443e-02      5.00000e+00      -8.94096e-05
    1.45479e+00      3.33212e-02      5.00000e+00      -7.68470e-05
    1.47827e+00      2.89400e-02      5.00000e+00      -6.56191e-05
    1.50213e+00      2.49956e-02      5.00000e+00      -5.56844e-05
    1.52637e+00      2.14703e-02      5.00000e+00      -4.69649e-05
    1.55101e+00      1.84181e-02      5.00000e+00      -3.95776e-05
    1.57604e+00      1.57291e-02      5.00000e+00      -3.31900e-05
    1.60148e+00      1.33478e-02      5.00000e+00      -2.76312e-05
    1.62733e+00      1.12540e-02      5.00000e+00      -2.28307e-05
    1.65360e+00      9.43215e-03      5.00000e+00      -1.87287e-05
    1.68029e+00      7.86939e-03      5.00000e+00      -1.52706e-05
    1.70741e+00      6.52471e-03      5.00000e+00      -1.23504e-05
    1.73497e+00      5.40059e-03      5.00000e+00      -9.95445e-06
    1.76297e+00      4.46119e-03      5.00000e+00      -7.98604e-06
    1.79143e+00      3.68325e-03      5.00000e+00      -6.38098e-06
    1.82034e+00      3.01329e-03      5.00000e+00      -5.02791e-06
    1.84972e+00      2.51822e-03      5.00000e+00      -4.03164e-06
    1.87958e+00      2.11659e-03      5.00000e+00      -3.23627e-06
    1.90992e+00      1.78765e-03      5.00000e+00      -2.59584e-06
    1.94074e+00      1.52520e-03      5.00000e+00      -2.09230e-06
    1.97207e+00      1.31188e-03      5.00000e+00      -1.68956e-06
    2.00390e+00      1.14841e-03      5.00000e+00      -1.36972e-06
    2.03624e+00      1.00694e-03      5.00000e+00      -1.10821e-06
    2.06911e+00      8.84259e-04      5.00000e+00      -8.88870e-07
    2.10251e+00      7.82542e-04      5.00000e+00      -7.10341e-07
    2.13644e+00      6.97501e-04      5.00000e+00      -5.63721e-07
    2.17093e+00      6.26770e-04      5.00000e+00      -4.43804e-07
    2.20597e+00      5.68502e-04      5.00000e+00      -3.46646e-07
    2.24158e+00      5.20989e-04      5.00000e+00      -2.68717e-07
    2.27776e+00      4.82605e-04      5.00000e+00      -2.06780e-07
    2.31452e+00      4.52171e-04      5.00000e+00      -1.58500e-07
    2.35188e+00      4.28547e-04      5.00000e+00      -1.21675e-07
    2.38984e+00      4.09555e-04      5.00000e+00      -9.25547e-08
    2.42842e+00      3.94382e-04      5.00000e+00      -6.96966e-08
    2.46761e+00      3.82421e-04      5.00000e+00      -5.20221e-08
    2.50744e+00      3.73080e-04      5.00000e+00      -3.84949e-08
    2.54792e+00      3.65527e-04      5.00000e+00      -2.77564e-08
    2.58904e+00      3.59572e-04      5.00000e+00      -1.94594e-08
    2.63083e+00      3.55002e-04      5.00000e+00      -1.32228e-08
    2.67329e+00      3.51454e-04      5.00000e+00      -8.46331e-09
    2.71644e+00      3.48938e-04      5.00000e+00      -5.15770e-09
    2.76029e+00      3.47175e-04      5.00000e+00      -2.88010e-09
    2.80484e+00      3.46052e-04      5.00000e+00      -1.46107e-09
    2.85012e+00      3.45398e-04      5.00000e+00      -6.54357e-10
    2.89612e+00      3.45053e-04      5.00000e+00      -2.47609e-10
    2.94287e+00      3.44887e-04      5.00000e+00      -7.11800e-11
    2.99037e+00      3.44814e-04      5.00000e+00      -1.20526e-11
    3.03864e+00      3.44780e-04      5.00000e+00      -7.15140e-14
    3.08768e+00      3.44752e-04      5.00000e+00      -6.96707e-190
    3.13752e+00      3.44724e-04      5.00000e+00      -1.08807e-189
    3.18817e+00      3.44695e-04      5.00000e+00      -1.57675e-189
    3.23963e+00      3.44668e-04      5.00000e+00      -2.16450e-189
    3.29192e+00      3.44639e-04      5.00000e+00      -2.84214e-189
    3.34505e+00      3.44610e-04      5.00000e+00      -3.60823e-189
    3.39905e+00      3.44581e-04      5.00000e+00      -4.46375e-189
    3.45391e+00      3.44549e-04      5.00000e+00      -5.40482e-189
    3.50966e+00      3.44519e-04      5.00000e+00      -6.42737e-189
    3.56631e+00      3.44490e-04      5.00000e+00      -7.52941e-189
    3.62388e+00      3.44458e-04      5.00000e+00      -8.70882e-189
    3.68237e+00      3.44426e-04      5.00000e+00      -9.96340e-189
    3.74181e+00      3.44392e-04      5.00000e+00      -1.12909e-188
    3.80220e+00      3.44361e-04      5.00000e+00      -1.26891e-188
    3.86358e+00      3.44328e-04      5.00000e+00      -1.41557e-188
    3.92594e+00      3.44294e-04      5.00000e+00      -1.56884e-188
    3.98931e+00      3.44262e-04      5.00000e+00      -1.72850e-188
    4.05370e+00      3.44226e-04      5.00000e+00      -1.89433e-188
    4.11913e+00      3.44192e-04      5.00000e+00      -2.06611e-188
    4.18562e+00      3.44156e-04      5.00000e+00      -2.24363e-188
    4.25318e+00      3.44121e-04      5.00000e+00      -2.42672e-188
    4.32183e+00      3.44084e-04      5.00000e+00      -2.61522e-188
    4.39159e+00      3.44049e-04      5.00000e+00      -2.80883e-188
    4.46248e+00      3.44010e-04      5.00000e+00      -3.00738e-188
    4.53451e+00      3.43973e-04      5.00000e+00      -3.21076e-188
    4.60770e+00      3.43934e-04      5.00000e+00      -3.41868e-188
    4.68208e+00      3.43895e-04      5.00000e+00      -3.63101e-188
    4.75765e+00      3.43856e-04      5.00000e+00      -3.84756e-188
    4.83444e+00      3.43815e-04      5.00000e+00      -4.06813e-188
    4.91248e+00      3.43775e-04      5.00000e+00      -4.29257e-188
    4.99177e+00      3.43735e-04      5.00000e+00      -4.52068e-188
    5.07235e+00      3.43693e-04      5.00000e+00      -4.75231e-188
    5.15422e+00      3.43652e-04      5.00000e+00      -4.98728e-188
    5.23742e+00      3.43610e-04      5.00000e+00      -5.22542e-188
    5.32196e+00      3.43568e-04      5.00000e+00      -5.46658e-188
    5.40786e+00      3.43526e-04      5.00000e+00      -5.71058e-188
    5.49515e+00      3.43483e-04      5.00000e+00      -5.95729e-188
    5.58385e+00      3.43440e-04      5.00000e+00      -6.20652e-188
    5.67398e+00      3.43391e-04      5.00000e+00      -6.45812e-188
    5.76556e+00      3.43355e-04      5.00000e+00      -6.71196e-188
    5.85863e+00      3.43309e-04      5.00000e+00      -6.96786e-188
    5.95319e+00      3.43264e-04      5.00000e+00      -7.22568e-188
    6.04929e+00      3.43220e-04      5.00000e+00      -7.48529e-188
    6.14693e+00      3.43174e-04      5.00000e+00      -7.74654e-188
    6.24615e+00      3.43128e-04      5.00000e+00      -8.00931e-188
    6.34697e+00      3.43082e-04      5.00000e+00      -8.27341e-188
    6.44942e+00      3.43035e-04      5.00000e+00      -8.53872e-188
    6.55352e+00      3.42988e-04      5.00000e+00      -8.80515e-188
    6.65931e+00      3.42938e-04      5.00000e+00      -9.07247e-188
    6.76680e+00      3.42888e-04      5.00000e+00      -9.34067e-188
    6.87602e+00      3.42837e-04      5.00000e+00      -9.60949e-188
    6.98701e+00      3.42787e-04      5.00000e+00      -9.87890e-188
    7.09979e+00      3.42735e-04      5.00000e+00      -1.01488e-187
    7.21439e+00      3.42683e-04      5.00000e+00      -1.04189e-187
    7.33084e+00      3.42630e-04      5.00000e+00      -1.06892e-187
    7.44917e+00      3.42574e-04      5.00000e+00      -1.09596e-187
    7.56941e+00      3.42519e-04      5.00000e+00      -1.12299e-187
    7.69159e+00      3.42462e-04      5.00000e+00      -1.15000e-187
    7.81575e+00      3.42407e-04      5.00000e+00      -1.17699e-187
    7.94190e+00      3.42351e-04      5.00000e+00      -1.20393e-187
    8.07010e+00      3.42292e-04      5.00000e+00      -1.23082e-187
    8.20036e+00      3.42232e-04      5.00000e+00      -1.25764e-187
    8.33273e+00      3.42173e-04      5.00000e+00      -1.28440e-187
    8.46723e+00      3.42111e-04      5.00000e+00      -1.31106e-187
    8.60390e+00      3.42049e-04      5.00000e+00      -1.33763e-187
    8.74278e+00      3.41986e-04      5.00000e+00      -1.36408e-187
    8.88390e+00      3.41925e-04      5.00000e+00      -1.39043e-187
    9.02730e+00      3.41858e-04      5.00000e+00      -1.41663e-187
    9.17301e+00      3.41792e-04      5.00000e+00      -1.44271e-187
    9.32108e+00      3.41725e-04      5.00000e+00      -1.46863e-187
    9.47154e+00      3.41658e-04      5.00000e+00      -1.49439e-187
    9.62442e+00      3.41588e-04      5.00000e+00      -1.51998e-187
    9.77977e+00      3.41519e-04      5.00000e+00      -1.54539e-187
    9.93763e+00      3.41449e-04      5.00000e+00      -1.57062e-187
    1.00980e+01      3.41377e-04      5.00000e+00      -1.59564e-187
    1.02610e+01      3.41303e-04      5.00000e+00      -1.62046e-187
    1.04267e+01      3.41230e-04      5.00000e+00      -1.64505e-187
    1.05950e+01      3.41154e-04      5.00000e+00      -1.66942e-187
    1.07660e+01      3.41080e-04      5.00000e+00      -1.69356e-187
    1.09398e+01      3.41003e-04      5.00000e+00      -1.71745e-187
    1.11163e+01      3.40925e-04      5.00000e+00      -1.74108e-187
    1.12958e+01      3.40845e-04      5.00000e+00      -1.76445e-187
    1.14781e+01      3.40765e-04      5.00000e+00      -1.78755e-187
    1.16634e+01      3.40685e-04      5.00000e+00      -1.81036e-187
    1.18517e+01      3.40601e-04      5.00000e+00      -1.83289e-187
    1.20430e+01      3.40517e-04      5.00000e+00      -1.85512e-187
    1.22373e+01      3.40430e-04      5.00000e+00      -1.87704e-187
    1.24349e+01      3.40345e-04      5.00000e+00      -1.89865e-187
    1.26356e+01      3.40257e-04      5.00000e+00      -1.91994e-187
    1.28395e+01      3.40168e-04      5.00000e+00      -1.94089e-187
    1.30468e+01      3.40078e-04      5.00000e+00      -1.96151e-187
    1.32574e+01      3.39984e-04      5.00000e+00      -1.98178e-187
    1.34714e+01      3.39892e-04      5.00000e+00      -2.00170e-187
    1.36888e+01      3.39797e-04      5.00000e+00      -2.02125e-187
    1.39098e+01      3.39702e-04      5.00000e+00      -2.04044e-187
    1.41343e+01      3.39605e-04      5.00000e+00      -2.05924e-187
    1.43625e+01      3.39507e-04      5.00000e+00      -2.07767e-187
    1.45943e+01      3.39405e-04      5.00000e+00      -2.09570e-187
    1.48299e+01      3.39304e-04      5.00000e+00      -2.11333e-187
    1.50693e+01      3.39201e-04      5.00000e+00      -2.13056e-187
    1.53125e+01      3.39096e-04      5.00000e+00      -2.14737e-187
    1.55597e+01      3.38990e-04      5.00000e+00      -2.16376e-187
    1.58108e+01      3.38883e-04      5.00000e+00      -2.17973e-187
    1.60660e+01      3.38774e-04      5.00000e+00      -2.19527e-187
    1.63254e+01      3.38665e-04      5.00000e+00      -2.21036e-187
    1.65889e+01      3.38553e-04      5.00000e+00      -2.22501e-187
    1.68566e+01      3.38439e-04      5.00000e+00      -2.23921e-187
    1.71287e+01      3.38324e-04      5.00000e+00      -2.25295e-187
    1.74052e+01      3.38206e-04      5.00000e+00      -2.26622e-187
    1.76862e+01      3.38087e-04      5.00000e+00      -2.27902e-187
    1.79716e+01      3.37967e-04      5.00000e+00      -2.29135e-187
    1.82617e+01      3.37849e-04      5.00000e+00      -2.30319e-187
    1.85565e+01      3.37724e-04      5.00000e+00      -2.31455e-187
    1.88560e+01      3.37598e-04      5.00000e+00      -2.32542e-187
    1.91604e+01      3.37472e-04      5.00000e+00      -2.33578e-187
    1.94697e+01      3.37343e-04      5.00000e+00      -2.34564e-187
    1.97840e+01      3.37213e-04      5.00000e+00      -2.35499e-187
    2.01033e+01      3.37079e-04      5.00000e+00      -2.36383e-187
    2.04278e+01      3.36945e-04      5.00000e+00      -2.37215e-187
    2.07575e+01      3.36805e-04      5.00000e+00      -2.37995e-187
    2.10926e+01      3.36659e-04      5.00000e+00      -2.38722e-187
    2.14331e+01      3.36528e-04      5.00000e+00      -2.39395e-187
    2.17790e+01      3.36388e-04      5.00000e+00      -2.40015e-187
    2.21306e+01      3.36242e-04      5.00000e+00      -2.40581e-187
    2.24878e+01      3.36095e-04      5.00000e+00      -2.41092e-187
    2.28508e+01      3.35949e-04      5.00000e+00      -2.41549e-187
    2.32196e+01      3.35797e-04      5.00000e+00      -2.41950e-187
    2.35944e+01      3.35645e-04      5.00000e+00      -2.42296e-187
    2.39753e+01      3.35492e-04      5.00000e+00      -2.42586e-187
    2.43623e+01      3.35336e-04      5.00000e+00      -2.42819e-187
    2.47555e+01      3.35178e-04      5.00000e+00      -2.42996e-187
    2.51551e+01      3.35017e-04      5.00000e+00      -2.43117e-187
    2.55612e+01      3.34854e-04      5.00000e+00      -2.43180e-187
    2.59738e+01      3.34688e-04      5.00000e+00      -2.43186e-187
    2.63930e+01      3.34521e-04      5.00000e+00      -2.43135e-187
    2.68190e+01      3.34351e-04      5.00000e+00      -2.43026e-187
    2.72519e+01      3.34179e-04      5.00000e+00      -2.42859e-187
    2.76918e+01      3.34005e-04      5.00000e+00      -2.42634e-187
    2.81388e+01      3.33828e-04      5.00000e+00      -2.42351e-187
    2.85930e+01      3.33650e-04      5.00000e+00      -2.42010e-187
    2.90546e+01      3.33467e-04      5.00000e+00      -2.41611e-187
    2.95235e+01      3.33284e-04      5.00000e+00      -2.41153e-187
    3.00001e+01      3.33096e-04      5.00000e+00      -2.40637e-187
