    Er (keV)         SM dN/dE         BG dN/dE        BSM dN/dE (events/kg/day/keV)
    2.01000e-02      3.10408e+01      1.00000e+01      1.22824e+02
    2.04064e-02      3.09186e+01      1.00000e+01      1.22824e+02
    2.07174e-02      3.07945e+01      1.00000e+01      1.22824e+02
    2.10332e-02      3.06685e+01      1.00000e+01      1.22823e+02
    2.13539e-02      3.05405e+01      1.00000e+01      1.22823e+02
    2.16794e-02      3.04106e+01      1.00000e+01      1.22823e+02
    2.20100e-02      3.02787e+01      1.00000e+01      1.22823e+02
    2.23456e-02      3.01448e+01      1.00000e+01      1.22823e+02
    2.26864e-02      3.00089e+01      1.00000e+01      1.22823e+02
    2.30323e-02      2.98708e+01      1.00000e+01      1.22823e+02
    2.33836e-02      2.97307e+01      1.00000e+01      1.22823e+02
    2.37403e-02      2.95884e+01      1.00000e+01      1.22823e+02
    2.41024e-02      2.94439e+01      1.00000e+01      1.22823e+02
    2.44701e-02      2.92972e+01      1.00000e+01      1.22822e+02
    2.48434e-02      2.91482e+01      1.00000e+01      1.22822e+02
    2.52224e-02      2.89970e+01      1.00000e+01      1.22822e+02
    2.56072e-02      2.88435e+01      1.00000e+01      1.22822e+02
    2.59979e-02      2.86876e+01      1.00000e+01      1.22822e+02
    2.63946e-02      2.85293e+01      1.00000e+01      1.22822e+02
    2.67974e-02      2.83686e+01      1.00000e+01      1.22822e+02
    2.72064e-02      2.82054e+01      1.00000e+01      1.22822e+02
    2.76216e-02      2.80644e+01      1.00000e+01      1.22822e+02
    2.80431e-02      2.79318e+01      1.00000e+01      1.22821e+02
    2.84712e-02      2.77972e+01      1.00000e+01      1.22821e+02
    2.89058e-02      2.76605e+01      1.00000e+01      1.22821e+02
    2.93470e-02      2.75216e+01      1.00000e+01      1.22821e+02
    2.97950e-02      2.73807e+01      1.00000e+01      1.22821e+02
    3.02499e-02      2.72376e+01      1.00000e+01      1.22821e+02
    3.07117e-02      2.70923e+01      1.00000e+01      1.22821e+02
    3.11806e-02      2.69448e+01      1.00000e+01      1.22821e+02
    3.16567e-02      2.67950e+01      1.00000e+01      1.22821e+02
    3.21401e-02      2.66430e+01      1.00000e+01      1.22820e+02
    3.26309e-02      2.64886e+01      1.00000e+01      1.22820e+02
    3.31292e-02      2.63318e+01      1.00000e+01      1.22820e+02
    3.36351e-02      2.61727e+01      1.00000e+01      1.22820e+02
    3.41488e-02      2.60111e+01      1.00000e+01      1.22820e+02
    3.46704e-02      2.58470e+01      1.00000e+01      1.22820e+02
    3.51999e-02      2.56804e+01      1.00000e+01      1.22820e+02
    3.57376e-02      2.55158e+01      1.00000e+01      1.22820e+02
    3.62835e-02      2.53751e+01      1.00000e+01      1.22819e+02
    3.68377e-02      2.52323e+01      1.00000e+01      1.22819e+02
    3.74005e-02      2.50873e+01      1.00000e+01      1.22819e+02
    3.79718e-02      2.49400e+01      1.00000e+01      1.22819e+02
    3.85520e-02      2.47905e+01      1.00000e+01      1.22819e+02
    3.91410e-02      2.46388e+01      1.00000e+01      1.22819e+02
    3.97390e-02      2.44847e+01      1.00000e+01      1.22819e+02
    4.03462e-02      2.43282e+01      1.00000e+01      1.22819e+02
    4.09627e-02      2.41693e+01      1.00000e+01      1.22818e+02
    4.15886e-02      2.40080e+01      1.00000e+01      1.22818e+02
    4.22241e-02      2.38443e+01      1.00000e+01      1.22818e+02
    4.28694e-02      2.36780e+01      1.00000e+01      1.22818e+02
    4.35245e-02      2.35092e+01      1.00000e+01      1.22818e+02
    4.41897e-02      2.33462e+01      1.00000e+01      1.22818e+02
    4.48651e-02      2.32002e+01      1.00000e+01      1.22817e+02
    4.55508e-02      2.30520e+01      1.00000e+01      1.22817e+02
    4.62470e-02      2.29015e+01      1.00000e+01      1.22817e+02
    4.69539e-02      2.27487e+01      1.00000e+01      1.22817e+02
    4.76716e-02      2.25935e+01      1.00000e+01      1.22816e+02
    4.84003e-02      2.24360e+01      1.00000e+01      1.22816e+02
    4.91401e-02      2.22761e+01      1.00000e+01      1.22816e+02
    4.98913e-02      2.21137e+01      1.00000e+01      1.22816e+02
    5.06540e-02      2.19488e+01      1.00000e+01      1.22815e+02
    5.14284e-02      2.17814e+01      1.00000e+01      1.22815e+02
    5.22146e-02      2.16115e+01      1.00000e+01      1.22815e+02
    5.30129e-02      2.14615e+01      1.00000e+01      1.22814e+02
    5.38235e-02      2.13126e+01      1.00000e+01      1.22814e+02
    5.46464e-02      2.11613e+01      1.00000e+01      1.22814e+02
    5.54819e-02      2.10078e+01      1.00000e+01      1.22814e+02
    5.63303e-02      2.08519e+01      1.00000e+01      1.22814e+02
    5.71916e-02      2.06937e+01      1.00000e+01      1.22813e+02
    5.80661e-02      2.05330e+01      1.00000e+01      1.22813e+02
    5.89540e-02      2.03699e+01      1.00000e+01      1.22813e+02
    5.98556e-02      2.02042e+01      1.00000e+01      1.22813e+02
    6.07709e-02      2.00393e+01      1.00000e+01      1.22812e+02
    6.17002e-02      1.98928e+01      1.00000e+01      1.22812e+02
    6.26438e-02      1.97440e+01      1.00000e+01      1.22812e+02
    6.36019e-02      1.95929e+01      1.00000e+01      1.22811e+02
    6.45746e-02      1.94396e+01      1.00000e+01      1.22811e+02
    6.55622e-02      1.92838e+01      1.00000e+01      1.22811e+02
    6.65650e-02      1.91257e+01      1.00000e+01      1.22811e+02
    6.75831e-02      1.89652e+01      1.00000e+01      1.22810e+02
    6.86168e-02      1.88022e+01      1.00000e+01      1.22810e+02
    6.96663e-02      1.86513e+01      1.00000e+01      1.22810e+02
    7.07319e-02      1.85056e+01      1.00000e+01      1.22809e+02
    7.18138e-02      1.83578e+01      1.00000e+01      1.22809e+02
    7.29124e-02      1.82076e+01      1.00000e+01      1.22809e+02
    7.40277e-02      1.80552e+01      1.00000e+01      1.22809e+02
    7.51601e-02      1.79005e+01      1.00000e+01      1.22808e+02
    7.63099e-02      1.77433e+01      1.00000e+01      1.22808e+02
    7.74773e-02      1.75868e+01      1.00000e+01      1.22808e+02
    7.86625e-02      1.74454e+01      1.00000e+01      1.22807e+02
    7.98659e-02      1.73019e+01      1.00000e+01      1.22807e+02
    8.10878e-02      1.71561e+01      1.00000e+01      1.22807e+02
    8.23283e-02      1.70081e+01      1.00000e+01      1.22806e+02
    8.35879e-02      1.68579e+01      1.00000e+01      1.22806e+02
    8.48668e-02      1.67054e+01      1.00000e+01      1.22806e+02
    8.61652e-02      1.65582e+01      1.00000e+01      1.22805e+02
    8.74836e-02      1.64200e+01      1.00000e+01      1.22805e+02
    8.88221e-02      1.62797e+01      1.00000e+01      1.22804e+02
    9.01812e-02      1.61373e+01      1.00000e+01      1.22804e+02
    9.15610e-02      1.59927e+01      1.00000e+01      1.22803e+02
    9.29620e-02      1.58458e+01      1.00000e+01      1.22803e+02
    9.43845e-02      1.57019e+01      1.00000e+01      1.22803e+02
    9.58287e-02      1.55682e+01      1.00000e+01      1.22802e+02
    9.72951e-02      1.54324e+01      1.00000e+01      1.22802e+02
    9.87839e-02      1.52946e+01      1.00000e+01      1.22802e+02
    1.00296e-01      1.51546e+01      1.00000e+01      1.22802e+02
    1.01830e-01      1.50125e+01      1.00000e+01      1.22801e+02
    1.03389e-01      1.48799e+01      1.00000e+01      1.22801e+02
    1.04971e-01      1.47503e+01      1.00000e+01      1.22800e+02
    1.06577e-01      1.46187e+01      1.00000e+01      1.22800e+02
    1.08208e-01      1.44850e+01      1.00000e+01      1.22799e+02
    1.09864e-01      1.43493e+01      1.00000e+01      1.22799e+02
    1.11546e-01      1.42176e+01      1.00000e+01      1.22799e+02
    1.13253e-01      1.40890e+01      1.00000e+01      1.22798e+02
    1.14986e-01      1.39583e+01      1.00000e+01      1.22798e+02
    1.16746e-01      1.38257e+01      1.00000e+01      1.22797e+02
    1.18533e-01      1.36910e+01      1.00000e+01      1.22797e+02
    1.20347e-01      1.35633e+01      1.00000e+01      1.22796e+02
    1.22189e-01      1.34363e+01      1.00000e+01      1.22796e+02
    1.24059e-01      1.33073e+01      1.00000e+01      1.22795e+02
    1.25958e-01      1.31764e+01      1.00000e+01      1.22795e+02
    1.27885e-01      1.30464e+01      1.00000e+01      1.22794e+02
    1.29843e-01      1.29209e+01      1.00000e+01      1.22794e+02
    1.31830e-01      1.27935e+01      1.00000e+01      1.22793e+02
    1.33848e-01      1.26641e+01      1.00000e+01      1.22793e+02
    1.35897e-01      1.25339e+01      1.00000e+01      1.22792e+02
    1.37977e-01      1.24093e+01      1.00000e+01      1.22791e+02
    1.40089e-01      1.22827e+01      1.00000e+01      1.22790e+02
    1.42233e-01      1.21542e+01      1.00000e+01      1.22789e+02
    1.44410e-01      1.20255e+01      1.00000e+01      1.22788e+02
    1.46621e-01      1.19012e+01      1.00000e+01      1.22788e+02
    1.48865e-01      1.17750e+01      1.00000e+01      1.22788e+02
    1.51144e-01      1.16468e+01      1.00000e+01      1.22787e+02
    1.53458e-01      1.15208e+01      1.00000e+01      1.22787e+02
    1.55807e-01      1.13968e+01      1.00000e+01      1.22786e+02
    1.58192e-01      1.12708e+01      1.00000e+01      1.22785e+02
    1.60614e-01      1.11430e+01      1.00000e+01      1.22784e+02
    1.63072e-01      1.10209e+01      1.00000e+01      1.22784e+02
    1.65569e-01      1.08969e+01      1.00000e+01      1.22783e+02
    1.68104e-01      1.07710e+01      1.00000e+01      1.22783e+02
    1.70677e-01      1.06476e+01      1.00000e+01      1.22782e+02
    1.73290e-01      1.05245e+01      1.00000e+01      1.22781e+02
    1.75943e-01      1.03995e+01      1.00000e+01      1.22780e+02
    1.78636e-01      1.02763e+01      1.00000e+01      1.22780e+02
    1.81371e-01      1.01547e+01      1.00000e+01      1.22779e+02
    1.84148e-01      1.00313e+01      1.00000e+01      1.22778e+02
    1.86967e-01      9.90915e+00      1.00000e+01      1.22777e+02
    1.89830e-01      9.78852e+00      1.00000e+01      1.22776e+02
    1.92736e-01      9.66604e+00      1.00000e+01      1.22775e+02
    1.95687e-01      9.54554e+00      1.00000e+01      1.22775e+02
    1.98683e-01      9.42579e+00      1.00000e+01      1.22774e+02
    2.01724e-01      9.30421e+00      1.00000e+01      1.22773e+02
    2.04813e-01      9.18592e+00      1.00000e+01      1.22772e+02
    2.07949e-01      9.06688e+00      1.00000e+01      1.22772e+02
    2.11132e-01      8.94706e+00      1.00000e+01      1.22771e+02
    2.14365e-01      8.83036e+00      1.00000e+01      1.22770e+02
    2.17647e-01      8.71188e+00      1.00000e+01      1.22769e+02
    2.20980e-01      8.59516e+00      1.00000e+01      1.22768e+02
    2.24363e-01      8.47884e+00      1.00000e+01      1.22767e+02
    2.27798e-01      8.36169e+00      1.00000e+01      1.22766e+02
    2.31286e-01      8.24767e+00      1.00000e+01      1.22765e+02
    2.34827e-01      8.13190e+00      1.00000e+01      1.22764e+02
    2.38423e-01      8.01838e+00      1.00000e+01      1.22763e+02
    2.42074e-01      7.90417e+00      1.00000e+01      1.22762e+02
    2.45780e-01      7.79099e+00      1.00000e+01      1.22731e+02
    2.49543e-01      7.67877e+00      1.00000e+01      1.22671e+02
    2.53364e-01      7.56639e+00      1.00000e+01      1.22646e+02
    2.57244e-01      7.45598e+00      1.00000e+01      1.22707e+02
    2.61183e-01      7.34467e+00      1.00000e+01      1.22758e+02
    2.65182e-01      7.23578e+00      1.00000e+01      1.22756e+02
    2.69242e-01      7.12566e+00      1.00000e+01      1.22755e+02
    2.73365e-01      7.01834e+00      1.00000e+01      1.22754e+02
    2.77551e-01      6.90976e+00      1.00000e+01      1.22753e+02
    2.81801e-01      6.80381e+00      1.00000e+01      1.22751e+02
    2.86116e-01      6.69689e+00      1.00000e+01      1.22750e+02
    2.90497e-01      6.59262e+00      1.00000e+01      1.22749e+02
    2.94946e-01      6.48768e+00      1.00000e+01      1.22748e+02
    2.99462e-01      6.38406e+00      1.00000e+01      1.22747e+02
    3.04048e-01      6.28072e+00      1.00000e+01      1.22745e+02
    3.08703e-01      6.17860e+00      1.00000e+01      1.22744e+02
    3.13431e-01      6.07752e+00      1.00000e+01      1.22743e+02
    3.18230e-01      5.97654e+00      1.00000e+01      1.22742e+02
    3.23103e-01      5.87748e+00      1.00000e+01      1.22741e+02
    3.28051e-01      5.77808e+00      1.00000e+01      1.22739e+02
    3.33075e-01      5.68031e+00      1.00000e+01      1.22738e+02
    3.38175e-01      5.58327e+00      1.00000e+01      1.22736e+02
    3.43354e-01      5.48681e+00      1.00000e+01      1.22736e+02
    3.48612e-01      5.39198e+00      1.00000e+01      1.22734e+02
    3.53950e-01      5.29725e+00      1.00000e+01      1.22733e+02
    3.59370e-01      5.20358e+00      1.00000e+01      1.22732e+02
    3.64874e-01      5.11110e+00      1.00000e+01      1.22730e+02
    3.70461e-01      5.01898e+00      1.00000e+01      1.22729e+02
    3.76134e-01      4.92811e+00      1.00000e+01      1.22727e+02
    3.81894e-01      4.83813e+00      1.00000e+01      1.22726e+02
    3.87743e-01      4.74850e+00      1.00000e+01      1.22724e+02
    3.93681e-01      4.65944e+00      1.00000e+01      1.22722e+02
    3.99710e-01      4.57286e+00      1.00000e+01      1.22720e+02
    4.05831e-01      4.48637e+00      1.00000e+01      1.22718e+02
    4.12046e-01      4.40021e+00      1.00000e+01      1.22716e+02
    4.18356e-01      4.31503e+00      1.00000e+01      1.22714e+02
    4.24763e-01      4.22832e+00      1.00000e+01      1.22712e+02
    4.31268e-01      4.14616e+00      1.00000e+01      1.22711e+02
    4.37872e-01      4.06597e+00      1.00000e+01      1.22709e+02
    4.44578e-01      3.98449e+00      1.00000e+01      1.22707e+02
    4.51386e-01      3.90401e+00      1.00000e+01      1.22705e+02
    4.58299e-01      3.82469e+00      1.00000e+01      1.22704e+02
    4.65318e-01      3.74610e+00      1.00000e+01      1.22702e+02
    4.72444e-01      3.66828e+00      1.00000e+01      1.22700e+02
    4.79679e-01      3.59141e+00      1.00000e+01      1.22698e+02
    4.87026e-01      3.51555e+00      1.00000e+01      1.22696e+02
    4.94484e-01      3.44040e+00      1.00000e+01      1.22694e+02
    5.02057e-01      3.36587e+00      1.00000e+01      1.22692e+02
    5.09746e-01      3.29280e+00      1.00000e+01      1.22690e+02
    5.17553e-01      3.22045e+00      1.00000e+01      1.22688e+02
    5.25479e-01      3.14926e+00      1.00000e+01      1.22685e+02
    5.33527e-01      3.07854e+00      1.00000e+01      1.22683e+02
    5.41698e-01      3.00908e+00      1.00000e+01      1.22681e+02
    5.49994e-01      2.94069e+00      1.00000e+01      1.22679e+02
    5.58417e-01      2.87278e+00      1.00000e+01      1.22676e+02
    5.66970e-01      2.80589e+00      1.00000e+01      1.22674e+02
    5.75653e-01      2.74013e+00      1.00000e+01      1.22671e+02
    5.84469e-01      2.67501e+00      1.00000e+01      1.22669e+02
    5.93421e-01      2.61081e+00      1.00000e+01      1.22667e+02
    6.02509e-01      2.54773e+00      1.00000e+01      1.22664e+02
    6.11737e-01      2.48657e+00      1.00000e+01      1.22662e+02
    6.21106e-01      2.42841e+00      1.00000e+01      1.22659e+02
    6.30618e-01      2.36552e+00      1.00000e+01      1.22656e+02
    6.40276e-01      2.30546e+00      1.00000e+01      1.22655e+02
    6.50083e-01      2.24575e+00      1.00000e+01      1.22651e+02
    6.60039e-01      2.18830e+00      1.00000e+01      1.22648e+02
    6.70148e-01      2.12969e+00      1.00000e+01      1.22645e+02
    6.80412e-01      2.07598e+00      1.00000e+01      1.22642e+02
    6.90833e-01      2.02117e+00      1.00000e+01      1.22639e+02
    7.01413e-01      1.96717e+00      1.00000e+01      1.22637e+02
    7.12156e-01      1.91450e+00      1.00000e+01      1.22635e+02
    7.23063e-01      1.86251e+00      1.00000e+01      1.22630e+02
    7.34137e-01      1.81110e+00      1.00000e+01      1.22627e+02
    7.45381e-01      1.76066e+00      1.00000e+01      1.22624e+02
    7.56798e-01      1.71264e+00      1.00000e+01      1.22621e+02
    7.68389e-01      1.66291e+00      1.00000e+01      1.22618e+02
    7.80157e-01      1.61573e+00      1.00000e+01      1.22614e+02
    7.92106e-01      1.56895e+00      1.00000e+01      1.22611e+02
    8.04238e-01      1.52320e+00      1.00000e+01      1.22606e+02
    8.16556e-01      1.47836e+00      1.00000e+01      1.22604e+02
    8.29062e-01      1.43360e+00      1.00000e+01      1.22613e+02
    8.41760e-01      1.39061e+00      1.00000e+01      1.22607e+02
    8.54653e-01      1.34989e+00      1.00000e+01      1.22594e+02
    8.67743e-01      1.30835e+00      1.00000e+01      1.22590e+02
    8.81033e-01      1.26778e+00      1.00000e+01      1.22586e+02
    8.94527e-01      1.22827e+00      1.00000e+01      1.22582e+02
    9.08228e-01      1.18966e+00      1.00000e+01      1.22578e+02
    9.22139e-01      1.15196e+00      1.00000e+01      1.22575e+02
    9.36262e-01      1.11498e+00      1.00000e+01      1.22570e+02
    9.50602e-01      1.07890e+00      1.00000e+01      1.22566e+02
    9.65162e-01      1.04365e+00      1.00000e+01      1.22562e+02
    9.79945e-01      1.00924e+00      1.00000e+01      1.22558e+02
    9.94954e-01      9.75605e-01      1.00000e+01      1.22554e+02
    1.01019e+00      9.42791e-01      1.00000e+01      1.22549e+02
    1.02567e+00      9.10794e-01      1.00000e+01      1.22545e+02
    1.04138e+00      8.79575e-01      1.00000e+01      1.22540e+02
    1.05733e+00      8.49136e-01      1.00000e+01      1.22536e+02
    1.07352e+00      8.19459e-01      1.00000e+01      1.22531e+02
    1.08996e+00      7.90398e-01      1.00000e+01      1.22527e+02
    1.10666e+00      7.62312e-01      1.00000e+01      1.22522e+02
    1.12361e+00      7.34902e-01      1.00000e+01      1.22517e+02
    1.14082e+00      7.08207e-01      1.00000e+01      1.22512e+02
    1.15829e+00      6.82088e-01      1.00000e+01      1.22507e+02
    1.17603e+00      6.56911e-01      1.00000e+01      1.22502e+02
    1.19404e+00      6.32432e-01      1.00000e+01      1.22497e+02
    1.21233e+00      6.08478e-01      1.00000e+01      1.22492e+02
    1.23090e+00      5.85268e-01      1.00000e+01      1.22486e+02
    1.24976e+00      5.62730e-01      1.00000e+01      1.22481e+02
    1.26890e+00      5.40839e-01      1.00000e+01      1.22475e+02
    1.28833e+00      5.19637e-01      1.00000e+01      1.22468e+02
    1.30807e+00      4.99045e-01      1.00000e+01      1.22463e+02
    1.32810e+00      4.79094e-01      1.00000e+01      1.22458e+02
    1.34844e+00      4.59921e-01      1.00000e+01      1.22452e+02
    1.36910e+00      4.40979e-01      1.00000e+01      1.22447e+02
    1.39007e+00      4.22844e-01      1.00000e+01      1.22440e+02
    1.41136e+00      4.05247e-01      1.00000e+01      1.22434e+02
    1.43298e+00      3.88229e-01      1.00000e+01      1.22429e+02
    1.45493e+00      3.72032e-01      1.00000e+01      1.22422e+02
    1.47721e+00      3.55827e-01      1.00000e+01      1.22416e+02
    1.49984e+00      3.40439e-01      1.00000e+01      1.22409e+02
    1.52281e+00      3.25618e-01      1.00000e+01      1.22403e+02
    1.54613e+00      3.11155e-01      1.00000e+01      1.22395e+02
    1.56982e+00      2.97171e-01      1.00000e+01      1.22389e+02
    1.59386e+00      2.83810e-01      1.00000e+01      1.22382e+02
    1.61827e+00      2.70847e-01      1.00000e+01      1.22546e+02
    1.64306e+00      2.58324e-01      1.00000e+01      1.22368e+02
    1.66823e+00      2.46240e-01      1.00000e+01      1.22360e+02
    1.69378e+00      2.34590e-01      1.00000e+01      1.22352e+02
    1.71972e+00      2.23354e-01      1.00000e+01      1.22346e+02
    1.74607e+00      2.12507e-01      1.00000e+01      1.22338e+02
    1.77281e+00      2.02063e-01      1.00000e+01      1.22331e+02
    1.79996e+00      1.91821e-01      1.00000e+01      1.22322e+02
    1.82753e+00      1.82265e-01      1.00000e+01      1.22313e+02
    1.85553e+00      1.72990e-01      1.00000e+01      1.22305e+02
    1.88395e+00      1.64036e-01      1.00000e+01      1.22296e+02
    1.91280e+00      1.55447e-01      1.00000e+01      1.22287e+02
    1.94210e+00      1.47183e-01      1.00000e+01      1.22279e+02
    1.97185e+00      1.39270e-01      1.00000e+01      1.22269e+02
    2.00205e+00      1.31684e-01      1.00000e+01      1.22262e+02
    2.03272e+00      1.24396e-01      1.00000e+01      1.22253e+02
    2.06386e+00      1.17829e-01      1.00000e+01      1.22243e+02
    2.09547e+00      1.10751e-01      1.00000e+01      1.22234e+02
    2.12756e+00      1.04392e-01      1.00000e+01      1.22223e+02
    2.16015e+00      9.82632e-02      1.00000e+01      1.22214e+02
    2.19324e+00      9.24938e-02      1.00000e+01      1.22205e+02
    2.22684e+00      8.69402e-02      1.00000e+01      1.22194e+02
    2.26094e+00      8.16388e-02      1.00000e+01      1.22183e+02
    2.29558e+00      7.65942e-02      1.00000e+01      1.22173e+02
    2.33074e+00      7.17791e-02      1.00000e+01      1.22163e+02
    2.36644e+00      6.71937e-02      1.00000e+01      1.22152e+02
    2.40269e+00      6.28214e-02      1.00000e+01      1.22142e+02
    2.43949e+00      5.86839e-02      1.00000e+01      1.22131e+02
    2.47685e+00      5.47284e-02      1.00000e+01      1.22119e+02
    2.51479e+00      5.09885e-02      1.00000e+01      1.22108e+02
    2.55331e+00      4.74484e-02      1.00000e+01      1.22096e+02
    2.59242e+00      4.41026e-02      1.00000e+01      1.22084e+02
    2.63213e+00      4.09209e-02      1.00000e+01      1.22071e+02
    2.67245e+00      3.79176e-02      1.00000e+01      1.22058e+02
    2.71338e+00      3.50989e-02      1.00000e+01      1.22047e+02
    2.75495e+00      3.24368e-02      1.00000e+01      1.22034e+02
    2.79715e+00      2.99329e-02      1.00000e+01      1.22021e+02
    2.83999e+00      2.75796e-02      1.00000e+01      1.22008e+02
    2.88349e+00      2.53703e-02      1.00000e+01      1.21995e+02
    2.92766e+00      2.33027e-02      1.00000e+01      1.21981e+02
    2.97250e+00      2.13602e-02      1.00000e+01      1.21968e+02
    3.01803e+00      1.95419e-02      1.00000e+01      1.21953e+02
    3.06426e+00      1.78433e-02      1.00000e+01      1.21939e+02
    3.11120e+00      1.62589e-02      1.00000e+01      1.21924e+02
    3.15886e+00      1.47838e-02      1.00000e+01      1.21910e+02
    3.20724e+00      1.34128e-02      1.00000e+01      1.21895e+02
    3.25637e+00      1.21411e-02      1.00000e+01      1.21880e+02
    3.30625e+00      1.09650e-02      1.00000e+01      1.21865e+02
    3.35689e+00      9.87950e-03      1.00000e+01      1.21849e+02
    3.40831e+00      8.88032e-03      1.00000e+01      1.21832e+02
    3.46052e+00      7.96410e-03      1.00000e+01      1.21816e+02
    3.51352e+00      7.12552e-03      1.00000e+01      1.21800e+02
    3.56734e+00      6.36034e-03      1.00000e+01      1.21783e+02
    3.62198e+00      5.66508e-03      1.00000e+01      1.21766e+02
    3.67746e+00      5.03501e-03      1.00000e+01      1.21749e+02
    3.73379e+00      4.46605e-03      1.00000e+01      1.21731e+02
    3.79099e+00      3.95365e-03      1.00000e+01      1.21713e+02
    3.84905e+00      3.49339e-03      1.00000e+01      1.21696e+02
    3.90801e+00      3.08209e-03      1.00000e+01      1.21677e+02
    3.96787e+00      2.71540e-03      1.00000e+01      1.21658e+02
    4.02865e+00      2.38902e-03      1.00000e+01      1.21639e+02
    4.09036e+00      2.09877e-03      1.00000e+01      1.21619e+02
    4.15302e+00      1.84276e-03      1.00000e+01      1.21599e+02
    4.21663e+00      1.61795e-03      1.00000e+01      1.21580e+02
    4.28122e+00      1.42156e-03      1.00000e+01      1.21559e+02
    4.34680e+00      1.25106e-03      1.00000e+01      1.21539e+02
    4.41338e+00      1.10400e-03      1.00000e+01      1.21519e+02
    4.48098e+00      9.78765e-04      1.00000e+01      1.21498e+02
    4.54962e+00      8.72721e-04      1.00000e+01      1.21477e+02
    4.61931e+00      7.83761e-04      1.00000e+01      1.21456e+02
    4.69006e+00      7.17918e-04      1.00000e+01      1.23497e+02
    4.76190e+00      6.51857e-04      1.00000e+01      1.21414e+02
    4.83485e+00      6.04036e-04      1.00000e+01      1.21393e+02
    4.90890e+00      5.65844e-04      1.00000e+01      1.21371e+02
    4.98410e+00      5.35389e-04      1.00000e+01      1.21350e+02
    5.06044e+00      5.10884e-04      1.00000e+01      1.21328e+02
    5.13796e+00      4.90757e-04      1.00000e+01      1.21306e+02
    5.21666e+00      4.73728e-04      1.00000e+01      1.21285e+02
    5.29656e+00      4.59095e-04      1.00000e+01      1.21262e+02
    5.37769e+00      4.46463e-04      1.00000e+01      1.21240e+02
    5.46007e+00      4.35712e-04      1.00000e+01      1.21218e+02
    5.54370e+00      4.26632e-04      1.00000e+01      1.21195e+02
    5.62862e+00      4.19061e-04      1.00000e+01      1.21172e+02
    5.71484e+00      4.12828e-04      1.00000e+01      1.21149e+02
    5.80238e+00      4.07719e-04      1.00000e+01      1.21124e+02
    5.89125e+00      4.03576e-04      1.00000e+01      1.21100e+02
    5.98150e+00      4.00243e-04      1.00000e+01      1.21076e+02
    6.07312e+00      3.97578e-04      1.00000e+01      1.21051e+02
    6.16614e+00      3.95449e-04      1.00000e+01      1.21025e+02
    6.26059e+00      3.93732e-04      1.00000e+01      1.21000e+02
    6.35649e+00      3.92343e-04      1.00000e+01      1.20973e+02
    6.45386e+00      3.91226e-04      1.00000e+01      1.20946e+02
    6.55272e+00      3.90311e-04      1.00000e+01      1.20919e+02
    6.65309e+00      3.89556e-04      1.00000e+01      1.20892e+02
    6.75500e+00      3.88943e-04      1.00000e+01      1.20864e+02
    6.85847e+00      3.88451e-04      1.00000e+01      1.20835e+02
    6.96353e+00      3.88068e-04      1.00000e+01      1.20806e+02
    7.07019e+00      3.87779e-04      1.00000e+01      1.20777e+02
    7.17849e+00      3.87567e-04      1.00000e+01      1.20747e+02
    7.28845e+00      3.87418e-04      1.00000e+01      1.20716e+02
    7.40009e+00      3.87313e-04      1.00000e+01      1.20686e+02
    7.51345e+00      3.87239e-04      1.00000e+01      1.20654e+02
    7.62854e+00      3.87176e-04      1.00000e+01      1.20623e+02
    7.74539e+00      3.87112e-04      1.00000e+01      1.20590e+02
    7.86403e+00      3.87051e-04      1.00000e+01      1.20557e+02
    7.98449e+00      3.86985e-04      1.00000e+01      1.20523e+02
    8.10679e+00      3.86923e-04      1.00000e+01      1.20490e+02
    8.23097e+00      3.86858e-04      1.00000e+01      1.20456e+02
    8.35705e+00      3.86791e-04      1.00000e+01      1.20421e+02
    8.48506e+00      3.86723e-04      1.00000e+01      1.20385e+02
    8.61503e+00      3.86655e-04      1.00000e+01      1.20349e+02
    8.74700e+00      3.86585e-04      1.00000e+01      1.20312e+02
    8.88098e+00      3.86516e-04      1.00000e+01      1.20275e+02
    9.01702e+00      3.86445e-04      1.00000e+01      1.20238e+02
    9.15514e+00      3.86372e-04      1.00000e+01      1.20199e+02
    9.29537e+00      3.86298e-04      1.00000e+01      1.20160e+02
    9.43776e+00      3.86223e-04      1.00000e+01      1.20120e+02
    9.58232e+00      3.86152e-04      1.00000e+01      1.20081e+02
    9.72910e+00      3.86072e-04      1.00000e+01      1.20039e+02
    9.87813e+00      3.85994e-04      1.00000e+01      1.19997e+02
    1.00294e+01      3.85912e-04      1.00000e+01      1.19954e+02
    1.01831e+01      3.85835e-04      1.00000e+01      1.19912e+02
    1.03391e+01      3.85754e-04      1.00000e+01      1.19868e+02
    1.04974e+01      3.85671e-04      1.00000e+01      1.19824e+02
    1.06582e+01      3.85588e-04      1.00000e+01      1.19779e+02
    1.08215e+01      3.85502e-04      1.00000e+01      1.19733e+02
    1.09872e+01      3.85415e-04      1.00000e+01      1.19686e+02
    1.11555e+01      3.85326e-04      1.00000e+01      1.19638e+02
    1.13264e+01      3.85240e-04      1.00000e+01      1.19591e+02
    1.14999e+01      3.85120e-04      1.00000e+01      1.19543e+02
    1.16761e+01      3.85063e-04      1.00000e+01      1.19494e+02
    1.18549e+01      3.84964e-04      1.00000e+01      1.19442e+02
    1.20365e+01      3.84870e-04      1.00000e+01      1.19390e+02
    1.22209e+01      3.84775e-04      1.00000e+01      1.19338e+02
    1.24081e+01      3.84678e-04      1.00000e+01      1.19286e+02
    1.25982e+01      3.84577e-04      1.00000e+01      1.19231e+02
    1.27911e+01      3.84480e-04      1.00000e+01      1.19177e+02
    1.29871e+01      3.84379e-04      1.00000e+01      1.19122e+02
    1.31860e+01      3.84276e-04      1.00000e+01      1.19066e+02
    1.33880e+01      3.84173e-04      1.00000e+01      1.19009e+02
    1.35931e+01      3.84069e-04      1.00000e+01      1.18951e+02
    1.38013e+01      3.83960e-04      1.00000e+01      1.18891e+02
    1.40127e+01      3.83851e-04      1.00000e+01      1.18831e+02
    1.42273e+01      3.83744e-04      1.00000e+01      1.18771e+02
    1.44452e+01      3.83635e-04      1.00000e+01      1.18710e+02
    1.46665e+01      3.83519e-04      1.00000e+01      1.18647e+02
    1.48912e+01      3.83405e-04      1.00000e+01      1.18583e+02
    1.51193e+01      3.83288e-04      1.00000e+01      1.18518e+02
    1.53509e+01      3.83168e-04      1.00000e+01      1.18452e+02
    1.55860e+01      3.83050e-04      1.00000e+01      1.18386e+02
    1.58248e+01      3.82928e-04      1.00000e+01      1.18317e+02
    1.60672e+01      3.82803e-04      1.00000e+01      1.18248e+02
    1.63133e+01      3.82677e-04      1.00000e+01      1.18177e+02
    1.65632e+01      3.82550e-04      1.00000e+01      1.18106e+02
    1.68169e+01      3.82422e-04      1.00000e+01      1.18034e+02
    1.70745e+01      3.82293e-04      1.00000e+01      1.17961e+02
    1.73360e+01      3.82159e-04      1.00000e+01      1.17885e+02
    1.76016e+01      3.82024e-04      1.00000e+01      1.17809e+02
    1.78712e+01      3.81889e-04      1.00000e+01      1.17732e+02
    1.81449e+01      3.81750e-04      1.00000e+01      1.17653e+02
    1.84229e+01      3.81611e-04      1.00000e+01      1.17574e+02
    1.87051e+01      3.81467e-04      1.00000e+01      1.17493e+02
    1.89916e+01      3.81323e-04      1.00000e+01      1.17411e+02
    1.92825e+01      3.81177e-04      1.00000e+01      1.17327e+02
    1.95779e+01      3.81029e-04      1.00000e+01      1.17242e+02
    1.98778e+01      3.80875e-04      1.00000e+01      1.17155e+02
    2.01822e+01      3.80722e-04      1.00000e+01      1.17067e+02
    2.04914e+01      3.80566e-04      1.00000e+01      1.16978e+02
    2.08053e+01      3.80410e-04      1.00000e+01      1.16887e+02
    2.11240e+01      3.80250e-04      1.00000e+01      1.16795e+02
    2.14475e+01      3.80088e-04      1.00000e+01      1.16702e+02
    2.17761e+01      3.79921e-04      1.00000e+01      1.16606e+02
    2.21096e+01      3.79756e-04      1.00000e+01      1.16510e+02
    2.24483e+01      3.79587e-04      1.00000e+01      1.16412e+02
    2.27922e+01      3.79415e-04      1.00000e+01      1.16312e+02
    2.31413e+01      3.79241e-04      1.00000e+01      1.16211e+02
    2.34958e+01      3.79062e-04      1.00000e+01      1.16107e+02
    2.38557e+01      3.78884e-04      1.00000e+01      1.16003e+02
    2.42211e+01      3.78701e-04      1.00000e+01      1.15896e+02
    2.45921e+01      3.78518e-04      1.00000e+01      1.15789e+02
    2.49688e+01      3.78329e-04      1.00000e+01      1.15679e+02
    2.53513e+01      3.78141e-04      1.00000e+01      1.15568e+02
    2.57396e+01      3.77949e-04      1.00000e+01      1.15455e+02
    2.61339e+01      3.77754e-04      1.00000e+01      1.15340e+02
    2.65342e+01      3.77556e-04      1.00000e+01      1.15223e+02
    2.69406e+01      3.77355e-04      1.00000e+01      1.15105e+02
    2.73533e+01      3.77152e-04      1.00000e+01      1.14984e+02
    2.77723e+01      3.76942e-04      1.00000e+01      1.14861e+02
    2.81977e+01      3.76736e-04      1.00000e+01      1.14738e+02
    2.86297e+01      3.76523e-04      1.00000e+01      1.14612e+02
    2.90682e+01      3.76304e-04      1.00000e+01      1.14482e+02
    2.95135e+01      3.76085e-04      1.00000e+01      1.14352e+02
    2.99656e+01      3.75864e-04      1.00000e+01      1.14220e+02
    3.04246e+01      3.75643e-04      1.00000e+01      1.14086e+02
    3.08906e+01      3.75410e-04      1.00000e+01      1.13948e+02
    3.13638e+01      3.75179e-04      1.00000e+01      1.13810e+02
    3.18442e+01      3.74942e-04      1.00000e+01      1.13669e+02
    3.23320e+01      3.74706e-04      1.00000e+01      1.13526e+02
    3.28273e+01      3.74461e-04      1.00000e+01      1.13379e+02
    3.33301e+01      3.74217e-04      1.00000e+01      1.13232e+02
    3.38406e+01      3.73969e-04      1.00000e+01      1.13082e+02
    3.43590e+01      3.73714e-04      1.00000e+01      1.12929e+02
    3.48853e+01      3.73460e-04      1.00000e+01      1.12774e+02
    3.54197e+01      3.73194e-04      1.00000e+01      1.12615e+02
    3.59622e+01      3.72936e-04      1.00000e+01      1.12457e+02
    3.65131e+01      3.72663e-04      1.00000e+01      1.12292e+02
    3.70724e+01      3.72412e-04      1.00000e+01      1.12133e+02
    3.76403e+01      3.72120e-04      1.00000e+01      1.11961e+02
    3.82169e+01      3.71839e-04      1.00000e+01      1.11790e+02
    3.88023e+01      3.71555e-04      1.00000e+01      1.11617e+02
    3.93966e+01      3.71267e-04      1.00000e+01      1.11441e+02
    4.00001e+01      3.70974e-04      1.00000e+01      1.11262e+02
