    Er (keV)         SM dN/dE         BG dN/dE         BSM dN/dE (events/kg/day/keV)
    5.00000e-02      1.17505e+02      1.00000e+02      1.02583e-03
    2.24750e-01      2.47226e+01      1.00000e+02      1.65614e-04
    3.99500e-01      8.10001e+00      1.00000e+02      8.76417e-05
    5.74250e-01      3.18021e+00      1.00000e+02      5.97649e-05
    7.49000e-01      1.33825e+00      1.00000e+02      4.52382e-05
    9.23750e-01      5.80573e-01      1.00000e+02      3.64309e-05
    1.09850e+00      2.45161e-01      1.00000e+02      3.04678e-05
    1.27325e+00      9.90352e-02      1.00000e+02      2.61963e-05
    1.44800e+00      3.62941e-02      1.00000e+02      2.29648e-05
    1.62275e+00      1.22093e-02      1.00000e+02      2.04492e-05
    1.79750e+00      3.68395e-03      1.00000e+02      1.84251e-05
    1.97225e+00      1.36568e-03      1.00000e+02      1.67691e-05
    2.14700e+00      6.79037e-04      1.00000e+02      1.53831e-05
    2.32175e+00      4.41855e-04      1.00000e+02      1.42108e-05
    2.49650e+00      3.66041e-04      1.00000e+02      1.32025e-05
    2.67125e+00      3.41242e-04      1.00000e+02      1.23293e-05
    2.84600e+00      3.34679e-04      1.00000e+02      1.15630e-05
    3.02075e+00      3.34017e-04      1.00000e+02      1.08872e-05
    3.19550e+00      3.33921e-04      1.00000e+02      1.02851e-05
    3.37025e+00      3.33827e-04      1.00000e+02      9.74679e-06
    3.54500e+00      3.33736e-04      1.00000e+02      9.26136e-06
    3.71975e+00      3.33642e-04      1.00000e+02      8.82234e-06
    3.89450e+00      3.33553e-04      1.00000e+02      8.42265e-06
    4.06925e+00      3.33462e-04      1.00000e+02      8.05787e-06
    4.24400e+00      3.33372e-04      1.00000e+02      7.72300e-06
    4.41875e+00      3.33283e-04      1.00000e+02      7.41509e-06
    4.59350e+00      3.33194e-04      1.00000e+02      7.13047e-06
    4.76825e+00      3.33105e-04      1.00000e+02      6.86710e-06
    4.94300e+00      3.33017e-04      1.00000e+02      6.62222e-06
    5.11775e+00      3.32931e-04      1.00000e+02      6.39443e-06
    5.29250e+00      3.32846e-04      1.00000e+02      6.18163e-06
    5.46725e+00      3.32763e-04      1.00000e+02      5.98271e-06
    5.64200e+00      3.32680e-04      1.00000e+02      5.79604e-06
    5.81675e+00      3.32600e-04      1.00000e+02      5.62085e-06
    5.99150e+00      3.32520e-04      1.00000e+02      5.45582e-06
    6.16625e+00      3.32441e-04      1.00000e+02      5.30033e-06
    6.34100e+00      3.32363e-04      1.00000e+02      5.15337e-06
    6.51575e+00      3.32286e-04      1.00000e+02      5.01444e-06
    6.69050e+00      3.32207e-04      1.00000e+02      4.88268e-06
    6.86525e+00      3.32128e-04      1.00000e+02      4.75773e-06
    7.04000e+00      3.32051e-04      1.00000e+02      4.63896e-06
    7.21475e+00      3.31974e-04      1.00000e+02      4.52603e-06
    7.38950e+00      3.31897e-04      1.00000e+02      4.41840e-06
    7.56425e+00      3.31818e-04      1.00000e+02      4.31579e-06
    7.73900e+00      3.31739e-04      1.00000e+02      4.21778e-06
    7.91375e+00      3.31664e-04      1.00000e+02      4.12420e-06
    8.08850e+00      3.31587e-04      1.00000e+02      4.03461e-06
    8.26325e+00      3.31509e-04      1.00000e+02      3.94885e-06
    8.43800e+00      3.31434e-04      1.00000e+02      3.86664e-06
    8.61275e+00      3.31356e-04      1.00000e+02      3.78779e-06
    8.78750e+00      3.31279e-04      1.00000e+02      3.71206e-06
    8.96225e+00      3.31202e-04      1.00000e+02      3.63932e-06
    9.13700e+00      3.31127e-04      1.00000e+02      3.56936e-06
    9.31175e+00      3.31051e-04      1.00000e+02      3.50204e-06
    9.48650e+00      3.30974e-04      1.00000e+02      3.43718e-06
    9.66125e+00      3.30899e-04      1.00000e+02      3.37472e-06
    9.83600e+00      3.30823e-04      1.00000e+02      3.31444e-06
    1.00108e+01      3.30747e-04      1.00000e+02      3.25630e-06
    1.01855e+01      3.30671e-04      1.00000e+02      3.20013e-06
    1.03603e+01      3.30595e-04      1.00000e+02      3.14589e-06
    1.05350e+01      3.30520e-04      1.00000e+02      3.09343e-06
    1.07098e+01      3.30445e-04      1.00000e+02      3.04271e-06
    1.08845e+01      3.30371e-04      1.00000e+02      2.99361e-06
    1.10593e+01      3.30296e-04      1.00000e+02      2.94607e-06
    1.12340e+01      3.30220e-04      1.00000e+02      2.89999e-06
    1.14088e+01      3.30147e-04      1.00000e+02      2.85537e-06
    1.15835e+01      3.30074e-04      1.00000e+02      2.81208e-06
    1.17583e+01      3.29997e-04      1.00000e+02      2.77006e-06
    1.19330e+01      3.29923e-04      1.00000e+02      2.72927e-06
    1.21078e+01      3.29847e-04      1.00000e+02      2.68967e-06
    1.22825e+01      3.29772e-04      1.00000e+02      2.65119e-06
    1.24573e+01      3.29700e-04      1.00000e+02      2.61382e-06
    1.26320e+01      3.29626e-04      1.00000e+02      2.57747e-06
    1.28068e+01      3.29552e-04      1.00000e+02      2.54211e-06
    1.29815e+01      3.29478e-04      1.00000e+02      2.50771e-06
    1.31563e+01      3.29405e-04      1.00000e+02      2.47423e-06
    1.33310e+01      3.29331e-04      1.00000e+02      2.44161e-06
    1.35058e+01      3.29257e-04      1.00000e+02      2.40985e-06
    1.36805e+01      3.29182e-04      1.00000e+02      2.37889e-06
    1.38553e+01      3.29110e-04      1.00000e+02      2.34873e-06
    1.40300e+01      3.29036e-04      1.00000e+02      2.31931e-06
    1.42048e+01      3.28966e-04      1.00000e+02      2.29064e-06
    1.43795e+01      3.28890e-04      1.00000e+02      2.26262e-06
    1.45543e+01      3.28815e-04      1.00000e+02      2.23530e-06
    1.47290e+01      3.28743e-04      1.00000e+02      2.20862e-06
    1.49038e+01      3.28669e-04      1.00000e+02      2.18258e-06
    1.50785e+01      3.28592e-04      1.00000e+02      2.15711e-06
    1.52533e+01      3.28525e-04      1.00000e+02      2.13229e-06
    1.54280e+01      3.28452e-04      1.00000e+02      2.10800e-06
    1.56028e+01      3.28379e-04      1.00000e+02      2.08425e-06
    1.57775e+01      3.28307e-04      1.00000e+02      2.06102e-06
    1.59523e+01      3.28235e-04      1.00000e+02      2.03832e-06
    1.61270e+01      3.28163e-04      1.00000e+02      2.01610e-06
    1.63018e+01      3.28091e-04      1.00000e+02      1.99436e-06
    1.64765e+01      3.28018e-04      1.00000e+02      1.97307e-06
    1.66513e+01      3.27948e-04      1.00000e+02      1.95225e-06
    1.68260e+01      3.27875e-04      1.00000e+02      1.93185e-06
    1.70008e+01      3.27802e-04      1.00000e+02      1.91186e-06
    1.71755e+01      3.27732e-04      1.00000e+02      1.89230e-06
    1.73503e+01      3.27660e-04      1.00000e+02      1.87311e-06
    1.75250e+01      3.27587e-04      1.00000e+02      1.85431e-06
    1.76998e+01      3.27517e-04      1.00000e+02      1.83590e-06
    1.78745e+01      3.27447e-04      1.00000e+02      1.81784e-06
    1.80493e+01      3.27377e-04      1.00000e+02      1.80013e-06
    1.82240e+01      3.27304e-04      1.00000e+02      1.78275e-06
    1.83988e+01      3.27235e-04      1.00000e+02      1.76572e-06
    1.85735e+01      3.27163e-04      1.00000e+02      1.74899e-06
    1.87483e+01      3.27093e-04      1.00000e+02      1.73259e-06
    1.89230e+01      3.27021e-04      1.00000e+02      1.71647e-06
    1.90978e+01      3.26952e-04      1.00000e+02      1.70067e-06
    1.92725e+01      3.26880e-04      1.00000e+02      1.68514e-06
    1.94473e+01      3.26809e-04      1.00000e+02      1.66990e-06
    1.96220e+01      3.26737e-04      1.00000e+02      1.65491e-06
    1.97968e+01      3.26670e-04      1.00000e+02      1.64022e-06
    1.99715e+01      3.26600e-04      1.00000e+02      1.62577e-06
    2.01463e+01      3.26528e-04      1.00000e+02      1.61156e-06
    2.03210e+01      3.26458e-04      1.00000e+02      1.59760e-06
    2.04958e+01      3.26388e-04      1.00000e+02      1.58389e-06
    2.06705e+01      3.26315e-04      1.00000e+02      1.57038e-06
    2.08453e+01      3.26245e-04      1.00000e+02      1.55713e-06
    2.10200e+01      3.26177e-04      1.00000e+02      1.54410e-06
    2.11948e+01      3.26108e-04      1.00000e+02      1.53127e-06
    2.13695e+01      3.26037e-04      1.00000e+02      1.51865e-06
    2.15443e+01      3.25686e-04      1.00000e+02      1.50497e-06
    2.17190e+01      3.25899e-04      1.00000e+02      1.49404e-06
    2.18938e+01      3.25830e-04      1.00000e+02      1.48203e-06
    2.20685e+01      3.25792e-04      1.00000e+02      1.47020e-06
    2.22433e+01      3.25690e-04      1.00000e+02      1.45856e-06
    2.24180e+01      3.19066e-04      1.00000e+02      1.41868e-06
    2.25928e+01      3.25552e-04      1.00000e+02      1.43582e-06
    2.27675e+01      3.25484e-04      1.00000e+02      1.42471e-06
    2.29423e+01      3.25414e-04      1.00000e+02      1.41378e-06
    2.31170e+01      3.25344e-04      1.00000e+02      1.40299e-06
    2.32918e+01      3.25277e-04      1.00000e+02      1.39239e-06
    2.34665e+01      3.25208e-04      1.00000e+02      1.38194e-06
    2.36413e+01      3.25137e-04      1.00000e+02      1.37163e-06
    2.38160e+01      3.25071e-04      1.00000e+02      1.36149e-06
    2.39908e+01      3.25002e-04      1.00000e+02      1.35149e-06
    2.41655e+01      3.24935e-04      1.00000e+02      1.34164e-06
    2.43403e+01      3.24866e-04      1.00000e+02      1.33193e-06
    2.45150e+01      3.24797e-04      1.00000e+02      1.32235e-06
    2.46898e+01      3.24728e-04      1.00000e+02      1.31291e-06
    2.48645e+01      3.24661e-04      1.00000e+02      1.30360e-06
    2.50393e+01      3.24593e-04      1.00000e+02      1.29443e-06
    2.52140e+01      3.24524e-04      1.00000e+02      1.28538e-06
    2.53888e+01      3.24458e-04      1.00000e+02      1.27646e-06
    2.55635e+01      3.24389e-04      1.00000e+02      1.26765e-06
    2.57383e+01      3.24321e-04      1.00000e+02      1.25897e-06
    2.59130e+01      3.24255e-04      1.00000e+02      1.25041e-06
    2.60878e+01      3.24185e-04      1.00000e+02      1.24195e-06
    2.62625e+01      3.24117e-04      1.00000e+02      1.23360e-06
    2.64373e+01      3.24051e-04      1.00000e+02      1.22538e-06
    2.66120e+01      3.23985e-04      1.00000e+02      1.21727e-06
    2.67868e+01      3.23915e-04      1.00000e+02      1.20924e-06
    2.69615e+01      3.23847e-04      1.00000e+02      1.20133e-06
    2.71363e+01      3.23780e-04      1.00000e+02      1.19352e-06
    2.73110e+01      3.23714e-04      1.00000e+02      1.18581e-06
    2.74858e+01      3.23647e-04      1.00000e+02      1.17820e-06
    2.76605e+01      3.23579e-04      1.00000e+02      1.17069e-06
    2.78353e+01      3.23513e-04      1.00000e+02      1.16327e-06
    2.80100e+01      3.23446e-04      1.00000e+02      1.15594e-06
    2.81848e+01      3.23379e-04      1.00000e+02      1.14870e-06
    2.83595e+01      3.23310e-04      1.00000e+02      1.14154e-06
    2.85343e+01      3.23246e-04      1.00000e+02      1.13449e-06
    2.87090e+01      3.23179e-04      1.00000e+02      1.12752e-06
    2.88838e+01      3.23112e-04      1.00000e+02      1.12062e-06
    2.90585e+01      3.23044e-04      1.00000e+02      1.11381e-06
    2.92333e+01      3.22979e-04      1.00000e+02      1.10709e-06
    2.94080e+01      3.22911e-04      1.00000e+02      1.10044e-06
    2.95828e+01      3.22846e-04      1.00000e+02      1.09387e-06
    2.97575e+01      3.22780e-04      1.00000e+02      1.08738e-06
    2.99323e+01      3.22713e-04      1.00000e+02      1.08097e-06
    3.01070e+01      3.22647e-04      1.00000e+02      1.07463e-06
    3.02818e+01      3.22582e-04      1.00000e+02      1.06836e-06
    3.04565e+01      3.22516e-04      1.00000e+02      1.06216e-06
    3.06313e+01      3.22450e-04      1.00000e+02      1.05604e-06
    3.08060e+01      3.22384e-04      1.00000e+02      1.04998e-06
    3.09808e+01      3.22317e-04      1.00000e+02      1.04399e-06
    3.11555e+01      3.22250e-04      1.00000e+02      1.03807e-06
    3.13303e+01      3.22188e-04      1.00000e+02      1.03223e-06
    3.15050e+01      3.22122e-04      1.00000e+02      1.02643e-06
    3.16798e+01      3.22055e-04      1.00000e+02      1.02071e-06
    3.18545e+01      3.21987e-04      1.00000e+02      1.01504e-06
    3.20293e+01      3.21923e-04      1.00000e+02      1.00944e-06
    3.22040e+01      3.21858e-04      1.00000e+02      1.00390e-06
    3.23788e+01      3.21794e-04      1.00000e+02      9.98423e-07
    3.25535e+01      3.21729e-04      1.00000e+02      9.93002e-07
    3.27283e+01      3.21664e-04      1.00000e+02      9.87637e-07
    3.29030e+01      3.21598e-04      1.00000e+02      9.82326e-07
    3.30778e+01      3.21534e-04      1.00000e+02      9.77081e-07
    3.32525e+01      3.21469e-04      1.00000e+02      9.71885e-07
    3.34273e+01      3.21300e-04      1.00000e+02      9.66441e-07
    3.36020e+01      3.21339e-04      1.00000e+02      9.61655e-07
    3.37767e+01      3.21275e-04      1.00000e+02      9.56622e-07
    3.39515e+01      3.21210e-04      1.00000e+02      9.51637e-07
    3.41262e+01      3.21145e-04      1.00000e+02      9.46705e-07
    3.43010e+01      3.21081e-04      1.00000e+02      9.41822e-07
    3.44757e+01      3.21017e-04      1.00000e+02      9.36990e-07
    3.46505e+01      3.20951e-04      1.00000e+02      9.32203e-07
    3.48252e+01      3.20875e-04      1.00000e+02      9.27436e-07
    3.50000e+01      3.20823e-04      1.00000e+02      9.22780e-07
