    Er (keV)         SM dN/dE         BG dN/dE        BSM dN/dE (events/kg/day/keV)
    2.50100e-01      7.66155e+00      1.00000e+02      -2.82476e-01
    2.52651e-01      7.59394e+00      1.00000e+02      -2.77991e-01
    2.55227e-01      7.52564e+00      1.00000e+02      -2.73460e-01
    2.57830e-01      7.45665e+00      1.00000e+02      -2.68883e-01
    2.60459e-01      7.38695e+00      1.00000e+02      -2.64259e-01
    2.63115e-01      7.31654e+00      1.00000e+02      -2.59588e-01
    2.65799e-01      7.24541e+00      1.00000e+02      -2.54869e-01
    2.68509e-01      7.17356e+00      1.00000e+02      -2.50102e-01
    2.71248e-01      7.10097e+00      1.00000e+02      -2.45286e-01
    2.74014e-01      7.02764e+00      1.00000e+02      -2.40422e-01
    2.76808e-01      6.95357e+00      1.00000e+02      -2.35507e-01
    2.79631e-01      6.87873e+00      1.00000e+02      -2.30543e-01
    2.82483e-01      6.80314e+00      1.00000e+02      -2.25528e-01
    2.85364e-01      6.72677e+00      1.00000e+02      -2.20462e-01
    2.88274e-01      6.64963e+00      1.00000e+02      -2.15344e-01
    2.91214e-01      6.57694e+00      1.00000e+02      -2.10750e-01
    2.94184e-01      6.51286e+00      1.00000e+02      -2.07136e-01
    2.97185e-01      6.44813e+00      1.00000e+02      -2.03485e-01
    3.00215e-01      6.38274e+00      1.00000e+02      -1.99797e-01
    3.03277e-01      6.31668e+00      1.00000e+02      -1.96072e-01
    3.06370e-01      6.24995e+00      1.00000e+02      -1.92309e-01
    3.09495e-01      6.18254e+00      1.00000e+02      -1.88507e-01
    3.12651e-01      6.11444e+00      1.00000e+02      -1.84666e-01
    3.15840e-01      6.04564e+00      1.00000e+02      -1.80786e-01
    3.19061e-01      5.97615e+00      1.00000e+02      -1.76867e-01
    3.22315e-01      5.90594e+00      1.00000e+02      -1.72908e-01
    3.25602e-01      5.83502e+00      1.00000e+02      -1.68908e-01
    3.28923e-01      5.76337e+00      1.00000e+02      -1.64867e-01
    3.32278e-01      5.69843e+00      1.00000e+02      -1.61468e-01
    3.35667e-01      5.63809e+00      1.00000e+02      -1.58516e-01
    3.39090e-01      5.57712e+00      1.00000e+02      -1.55533e-01
    3.42549e-01      5.51553e+00      1.00000e+02      -1.52520e-01
    3.46042e-01      5.45332e+00      1.00000e+02      -1.49476e-01
    3.49572e-01      5.39047e+00      1.00000e+02      -1.46401e-01
    3.53137e-01      5.32698e+00      1.00000e+02      -1.43295e-01
    3.56739e-01      5.26284e+00      1.00000e+02      -1.40157e-01
    3.60377e-01      5.19804e+00      1.00000e+02      -1.36987e-01
    3.64053e-01      5.13259e+00      1.00000e+02      -1.33785e-01
    3.67766e-01      5.06647e+00      1.00000e+02      -1.30550e-01
    3.71517e-01      5.00274e+00      1.00000e+02      -1.27525e-01
    3.75306e-01      4.94621e+00      1.00000e+02      -1.25092e-01
    3.79134e-01      4.88911e+00      1.00000e+02      -1.22633e-01
    3.83001e-01      4.83142e+00      1.00000e+02      -1.20149e-01
    3.86907e-01      4.77315e+00      1.00000e+02      -1.17640e-01
    3.90853e-01      4.71428e+00      1.00000e+02      -1.15105e-01
    3.94840e-01      4.65481e+00      1.00000e+02      -1.12544e-01
    3.98867e-01      4.59473e+00      1.00000e+02      -1.09957e-01
    4.02935e-01      4.53404e+00      1.00000e+02      -1.07344e-01
    4.07045e-01      4.47273e+00      1.00000e+02      -1.04704e-01
    4.11196e-01      4.41213e+00      1.00000e+02      -1.02130e-01
    4.15391e-01      4.35903e+00      1.00000e+02      -1.00095e-01
    4.19627e-01      4.30538e+00      1.00000e+02      -9.80389e-02
    4.23907e-01      4.25119e+00      1.00000e+02      -9.59619e-02
    4.28231e-01      4.19644e+00      1.00000e+02      -9.38637e-02
    4.32599e-01      4.14114e+00      1.00000e+02      -9.17440e-02
    4.37011e-01      4.08527e+00      1.00000e+02      -8.96028e-02
    4.41469e-01      4.02883e+00      1.00000e+02      -8.74397e-02
    4.45971e-01      3.97182e+00      1.00000e+02      -8.52545e-02
    4.50520e-01      3.91422e+00      1.00000e+02      -8.30470e-02
    4.55115e-01      3.86453e+00      1.00000e+02      -8.13145e-02
    4.59758e-01      3.81480e+00      1.00000e+02      -7.95916e-02
    4.64447e-01      3.76456e+00      1.00000e+02      -7.78512e-02
    4.69184e-01      3.71381e+00      1.00000e+02      -7.60930e-02
    4.73970e-01      3.66254e+00      1.00000e+02      -7.43169e-02
    4.78804e-01      3.61075e+00      1.00000e+02      -7.25227e-02
    4.83688e-01      3.55843e+00      1.00000e+02      -7.07102e-02
    4.88622e-01      3.50557e+00      1.00000e+02      -6.88791e-02
    4.93606e-01      3.45546e+00      1.00000e+02      -6.72341e-02
    4.98640e-01      3.40764e+00      1.00000e+02      -6.57478e-02
    5.03726e-01      3.35934e+00      1.00000e+02      -6.42464e-02
    5.08865e-01      3.31054e+00      1.00000e+02      -6.27296e-02
    5.14055e-01      3.26124e+00      1.00000e+02      -6.11973e-02
    5.19298e-01      3.21145e+00      1.00000e+02      -5.96494e-02
    5.24595e-01      3.16114e+00      1.00000e+02      -5.80857e-02
    5.29946e-01      3.11032e+00      1.00000e+02      -5.65061e-02
    5.35352e-01      3.06485e+00      1.00000e+02      -5.51811e-02
    5.40812e-01      3.02045e+00      1.00000e+02      -5.39136e-02
    5.46329e-01      2.97560e+00      1.00000e+02      -5.26331e-02
    5.51901e-01      2.93030e+00      1.00000e+02      -5.13397e-02
    5.57531e-01      2.88453e+00      1.00000e+02      -5.00330e-02
    5.63218e-01      2.83829e+00      1.00000e+02      -4.87130e-02
    5.68963e-01      2.79159e+00      1.00000e+02      -4.73795e-02
    5.74766e-01      2.74803e+00      1.00000e+02      -4.61945e-02
    5.80629e-01      2.70636e+00      1.00000e+02      -4.51012e-02
    5.86552e-01      2.66426e+00      1.00000e+02      -4.39966e-02
    5.92535e-01      2.62173e+00      1.00000e+02      -4.28809e-02
    5.98579e-01      2.57877e+00      1.00000e+02      -4.17537e-02
    6.04684e-01      2.53537e+00      1.00000e+02      -4.06150e-02
    6.10852e-01      2.49152e+00      1.00000e+02      -3.94647e-02
    6.17083e-01      2.45221e+00      1.00000e+02      -3.85041e-02
    6.23378e-01      2.41295e+00      1.00000e+02      -3.75518e-02
    6.29736e-01      2.37329e+00      1.00000e+02      -3.65899e-02
    6.36160e-01      2.33323e+00      1.00000e+02      -3.56181e-02
    6.42649e-01      2.29276e+00      1.00000e+02      -3.46364e-02
    6.49204e-01      2.25187e+00      1.00000e+02      -3.36447e-02
    6.55827e-01      2.21375e+00      1.00000e+02      -3.27610e-02
    6.62516e-01      2.17697e+00      1.00000e+02      -3.19323e-02
    6.69274e-01      2.13981e+00      1.00000e+02      -3.10952e-02
    6.76101e-01      2.10228e+00      1.00000e+02      -3.02495e-02
    6.82998e-01      2.06436e+00      1.00000e+02      -2.93952e-02
    6.89965e-01      2.02606e+00      1.00000e+02      -2.85321e-02
    6.97003e-01      1.99077e+00      1.00000e+02      -2.77761e-02
    7.04113e-01      1.95623e+00      1.00000e+02      -2.70496e-02
    7.11295e-01      1.92133e+00      1.00000e+02      -2.63158e-02
    7.18551e-01      1.88608e+00      1.00000e+02      -2.55745e-02
    7.25880e-01      1.85047e+00      1.00000e+02      -2.48256e-02
    7.33285e-01      1.81528e+00      1.00000e+02      -2.40942e-02
    7.40765e-01      1.78298e+00      1.00000e+02      -2.34582e-02
    7.48321e-01      1.75034e+00      1.00000e+02      -2.28157e-02
    7.55954e-01      1.71738e+00      1.00000e+02      -2.21667e-02
    7.63666e-01      1.68408e+00      1.00000e+02      -2.15111e-02
    7.71456e-01      1.65043e+00      1.00000e+02      -2.08488e-02
    7.79325e-01      1.61999e+00      1.00000e+02      -2.02825e-02
    7.87275e-01      1.58949e+00      1.00000e+02      -1.97177e-02
    7.95305e-01      1.55868e+00      1.00000e+02      -1.91472e-02
    8.03418e-01      1.52755e+00      1.00000e+02      -1.85708e-02
    8.11614e-01      1.49610e+00      1.00000e+02      -1.79885e-02
    8.19893e-01      1.46760e+00      1.00000e+02      -1.74885e-02
    8.28256e-01      1.43903e+00      1.00000e+02      -1.69892e-02
    8.36705e-01      1.41016e+00      1.00000e+02      -1.64848e-02
    8.45240e-01      1.38100e+00      1.00000e+02      -1.59752e-02
    8.53862e-01      1.35212e+00      1.00000e+02      -1.54751e-02
    8.62573e-01      1.32550e+00      1.00000e+02      -1.50352e-02
    8.71372e-01      1.29861e+00      1.00000e+02      -1.45908e-02
    8.80260e-01      1.27145e+00      1.00000e+02      -1.41419e-02
    8.89240e-01      1.24401e+00      1.00000e+02      -1.36884e-02
    8.98311e-01      1.21818e+00      1.00000e+02      -1.32751e-02
    9.07474e-01      1.19312e+00      1.00000e+02      -1.28821e-02
    9.16731e-01      1.16781e+00      1.00000e+02      -1.24851e-02
    9.26083e-01      1.14223e+00      1.00000e+02      -1.20841e-02
    9.35530e-01      1.11722e+00      1.00000e+02      -1.16975e-02
    9.45073e-01      1.09377e+00      1.00000e+02      -1.13480e-02
    9.54714e-01      1.07009e+00      1.00000e+02      -1.09949e-02
    9.64453e-01      1.04616e+00      1.00000e+02      -1.06383e-02
    9.74291e-01      1.02239e+00      1.00000e+02      -1.02863e-02
    9.84230e-01      1.00048e+00      1.00000e+02      -9.97487e-03
    9.94270e-01      9.78356e-01      1.00000e+02      -9.66031e-03
    1.00441e+00      9.56002e-01      1.00000e+02      -9.34253e-03
    1.01466e+00      9.33789e-01      1.00000e+02      -9.02911e-03
    1.02501e+00      9.13120e-01      1.00000e+02      -8.74901e-03
    1.03547e+00      8.92240e-01      1.00000e+02      -8.46605e-03
    1.04603e+00      8.71147e-01      1.00000e+02      -8.18020e-03
    1.05670e+00      8.50568e-01      1.00000e+02      -7.90514e-03
    1.06748e+00      8.31183e-01      1.00000e+02      -7.65368e-03
    1.07837e+00      8.11601e-01      1.00000e+02      -7.39967e-03
    1.08937e+00      7.91819e-01      1.00000e+02      -7.14306e-03
    1.10048e+00      7.73088e-01      1.00000e+02      -6.90653e-03
    1.11171e+00      7.54827e-01      1.00000e+02      -6.67957e-03
    1.12305e+00      7.36379e-01      1.00000e+02      -6.45029e-03
    1.13450e+00      7.17922e-01      1.00000e+02      -6.22176e-03
    1.14608e+00      7.00863e-01      1.00000e+02      -6.01830e-03
    1.15777e+00      6.83630e-01      1.00000e+02      -5.81277e-03
    1.16958e+00      6.66221e-01      1.00000e+02      -5.60514e-03
    1.18151e+00      6.49708e-01      1.00000e+02      -5.41327e-03
    1.19356e+00      6.33555e-01      1.00000e+02      -5.22823e-03
    1.20574e+00      6.17237e-01      1.00000e+02      -5.04130e-03
    1.21804e+00      6.01348e-01      1.00000e+02      -4.86140e-03
    1.23046e+00      5.86376e-01      1.00000e+02      -4.69585e-03
    1.24302e+00      5.71251e-01      1.00000e+02      -4.52862e-03
    1.25570e+00      5.56151e-01      1.00000e+02      -4.36259e-03
    1.26851e+00      5.41922e-01      1.00000e+02      -4.21152e-03
    1.28145e+00      5.27548e-01      1.00000e+02      -4.05891e-03
    1.29452e+00      5.13089e-01      1.00000e+02      -3.90560e-03
    1.30772e+00      4.99808e-01      1.00000e+02      -3.76935e-03
    1.32107e+00      4.86393e-01      1.00000e+02      -3.63170e-03
    1.33454e+00      4.72880e-01      1.00000e+02      -3.49320e-03
    1.34816e+00      4.60383e-01      1.00000e+02      -3.36939e-03
    1.36191e+00      4.47760e-01      1.00000e+02      -3.24431e-03
    1.37580e+00      4.35132e-01      1.00000e+02      -3.11962e-03
    1.38984e+00      4.23374e-01      1.00000e+02      -3.00696e-03
    1.40401e+00      4.11497e-01      1.00000e+02      -2.89315e-03
    1.41834e+00      3.99780e-01      1.00000e+02      -2.78183e-03
    1.43281e+00      3.88696e-01      1.00000e+02      -2.67904e-03
    1.44742e+00      3.77498e-01      1.00000e+02      -2.57520e-03
    1.46219e+00      3.66674e-01      1.00000e+02      -2.47640e-03
    1.47711e+00      3.56199e-01      1.00000e+02      -2.38234e-03
    1.49217e+00      3.45617e-01      1.00000e+02      -2.28731e-03
    1.50740e+00      3.35674e-01      1.00000e+02      -2.20026e-03
    1.52277e+00      3.25780e-01      1.00000e+02      -2.11411e-03
    1.53831e+00      3.15967e-01      1.00000e+02      -2.02920e-03
    1.55400e+00      3.06697e-01      1.00000e+02      -1.95091e-03
    1.56985e+00      2.97333e-01      1.00000e+02      -1.87181e-03
    1.58587e+00      2.88387e-01      1.00000e+02      -1.79771e-03
    1.60205e+00      2.79596e-01      1.00000e+02      -1.72563e-03
    1.61839e+00      2.70855e-01      1.00000e+02      -1.65434e-03
    1.63490e+00      2.62595e-01      1.00000e+02      -1.58856e-03
    1.65158e+00      2.54251e-01      1.00000e+02      -1.52211e-03
    1.66843e+00      2.46334e-01      1.00000e+02      -1.46042e-03
    1.68545e+00      2.38484e-01      1.00000e+02      -1.39966e-03
    1.70264e+00      2.30803e-01      1.00000e+02      -1.34087e-03
    1.72001e+00      2.23394e-01      1.00000e+02      -1.28513e-03
    1.73756e+00      2.15973e-01      1.00000e+02      -1.22945e-03
    1.75528e+00      2.08995e-01      1.00000e+02      -1.17836e-03
    1.77319e+00      2.01946e-01      1.00000e+02      -1.12674e-03
    1.79128e+00      1.95289e-01      1.00000e+02      -1.07908e-03
    1.80955e+00      1.88641e-01      1.00000e+02      -1.03169e-03
    1.82801e+00      1.82251e-01      1.00000e+02      -9.86885e-04
    1.84666e+00      1.75967e-01      1.00000e+02      -9.43255e-04
    1.86550e+00      1.69867e-01      1.00000e+02      -9.01401e-04
    1.88453e+00      1.63956e-01      1.00000e+02      -8.61357e-04
    1.90375e+00      1.58161e-01      1.00000e+02      -8.22464e-04
    1.92318e+00      1.52586e-01      1.00000e+02      -7.85615e-04
    1.94279e+00      1.47082e-01      1.00000e+02      -7.49525e-04
    1.96261e+00      1.41787e-01      1.00000e+02      -7.15413e-04
    1.98264e+00      1.36561e-01      1.00000e+02      -6.81971e-04
    2.00286e+00      1.31563e-01      1.00000e+02      -6.50521e-04
    2.02329e+00      1.26429e-01      1.00000e+02      -6.18734e-04
    2.04393e+00      1.21065e-01      1.00000e+02      -5.86589e-04
    2.06479e+00      1.16278e-01      1.00000e+02      -5.57589e-04
    2.08585e+00      1.12473e-01      1.00000e+02      -5.33969e-04
    2.10713e+00      1.08466e-01      1.00000e+02      -5.09763e-04
    2.12862e+00      1.04238e-01      1.00000e+02      -4.84929e-04
    2.15034e+00      1.00159e-01      1.00000e+02      -4.61273e-04
    2.17228e+00      9.61621e-02      1.00000e+02      -4.38307e-04
    2.19444e+00      9.23483e-02      1.00000e+02      -4.16751e-04
    2.21682e+00      8.85613e-02      1.00000e+02      -3.95458e-04
    2.23944e+00      8.50014e-02      1.00000e+02      -3.75855e-04
    2.26228e+00      8.14646e-02      1.00000e+02      -3.56470e-04
    2.28536e+00      7.80945e-02      1.00000e+02      -3.38312e-04
    2.30868e+00      7.48016e-02      1.00000e+02      -3.20737e-04
    2.33223e+00      7.16023e-02      1.00000e+02      -3.03857e-04
    2.35602e+00      6.85415e-02      1.00000e+02      -2.87954e-04
    2.38006e+00      6.55212e-02      1.00000e+02      -2.72368e-04
    2.40434e+00      6.26669e-02      1.00000e+02      -2.57910e-04
    2.42887e+00      5.98668e-02      1.00000e+02      -2.43847e-04
    2.45364e+00      5.71474e-02      1.00000e+02      -2.30353e-04
    2.47868e+00      5.45717e-02      1.00000e+02      -2.17754e-04
    2.50396e+00      5.20463e-02      1.00000e+02      -2.05495e-04
    2.52951e+00      4.96287e-02      1.00000e+02      -1.93945e-04
    2.55531e+00      4.72966e-02      1.00000e+02      -1.82935e-04
    2.58138e+00      4.50181e-02      1.00000e+02      -1.72272e-04
    2.60771e+00      4.28667e-02      1.00000e+02      -1.62367e-04
    2.63432e+00      4.07771e-02      1.00000e+02      -1.52849e-04
    2.66119e+00      3.87395e-02      1.00000e+02      -1.43656e-04
    2.68834e+00      3.68193e-02      1.00000e+02      -1.35132e-04
    2.71577e+00      3.49616e-02      1.00000e+02      -1.26971e-04
    2.74347e+00      3.31600e-02      1.00000e+02      -1.19131e-04
    2.77146e+00      3.14583e-02      1.00000e+02      -1.11830e-04
    2.79973e+00      2.98191e-02      1.00000e+02      -1.04888e-04
    2.82830e+00      2.82271e-02      1.00000e+02      -9.82178e-05
    2.85715e+00      2.66933e-02      1.00000e+02      -9.18713e-05
    2.88630e+00      2.52510e-02      1.00000e+02      -8.59877e-05
    2.91574e+00      2.38587e-02      1.00000e+02      -8.03659e-05
    2.94549e+00      2.25166e-02      1.00000e+02      -7.50052e-05
    2.97554e+00      2.12396e-02      1.00000e+02      -6.99738e-05
    3.00589e+00      2.00252e-02      1.00000e+02      -6.52535e-05
    3.03656e+00      1.88570e-02      1.00000e+02      -6.07622e-05
    3.06753e+00      1.77355e-02      1.00000e+02      -5.64984e-05
    3.09883e+00      1.66654e-02      1.00000e+02      -5.24807e-05
    3.13044e+00      1.56564e-02      1.00000e+02      -4.87473e-05
    3.16238e+00      1.46919e-02      1.00000e+02      -4.52167e-05
    3.19464e+00      1.37688e-02      1.00000e+02      -4.18772e-05
    3.22723e+00      1.28857e-02      1.00000e+02      -3.87210e-05
    3.26015e+00      1.20485e-02      1.00000e+02      -3.57649e-05
    3.29341e+00      1.12622e-02      1.00000e+02      -3.30273e-05
    3.32701e+00      1.05142e-02      1.00000e+02      -3.04528e-05
    3.36095e+00      9.80424e-03      1.00000e+02      -2.80371e-05
    3.39524e+00      9.13113e-03      1.00000e+02      -2.57737e-05
    3.42988e+00      8.49398e-03      1.00000e+02      -2.36566e-05
    3.46487e+00      7.89315e-03      1.00000e+02      -2.16836e-05
    3.50022e+00      7.32864e-03      1.00000e+02      -1.98536e-05
    3.53592e+00      6.79979e-03      1.00000e+02      -1.81608e-05
    3.57200e+00      6.30222e-03      1.00000e+02      -1.65864e-05
    3.60844e+00      5.83376e-03      1.00000e+02      -1.51218e-05
    3.64525e+00      5.39584e-03      1.00000e+02      -1.37681e-05
    3.68244e+00      4.98640e-03      1.00000e+02      -1.25171e-05
    3.72000e+00      4.60307e-03      1.00000e+02      -1.13599e-05
    3.75796e+00      4.24533e-03      1.00000e+02      -1.02926e-05
    3.79629e+00      3.91208e-03      1.00000e+02      -9.31009e-06
    3.83502e+00      3.60229e-03      1.00000e+02      -8.40746e-06
    3.87415e+00      3.31475e-03      1.00000e+02      -7.57948e-06
    3.91367e+00      3.04757e-03      1.00000e+02      -6.81933e-06
    3.95360e+00      2.80049e-03      1.00000e+02      -6.12458e-06
    3.99393e+00      2.57167e-03      1.00000e+02      -5.48900e-06
    4.03467e+00      2.36000e-03      1.00000e+02      -4.90811e-06
    4.07584e+00      2.16474e-03      1.00000e+02      -4.37852e-06
    4.11742e+00      1.98448e-03      1.00000e+02      -3.89557e-06
    4.15942e+00      1.82016e-03      1.00000e+02      -3.46004e-06
    4.20185e+00      1.66977e-03      1.00000e+02      -3.06615e-06
    4.24472e+00      1.53152e-03      1.00000e+02      -2.70847e-06
    4.28803e+00      1.40406e-03      1.00000e+02      -2.38278e-06
    4.33177e+00      1.28887e-03      1.00000e+02      -2.09170e-06
    4.37596e+00      1.18440e-03      1.00000e+02      -1.83071e-06
    4.42061e+00      1.09000e-03      1.00000e+02      -1.59755e-06
    4.46570e+00      1.00454e-03      1.00000e+02      -1.38906e-06
    4.51126e+00      9.29813e-04      1.00000e+02      -1.20846e-06
    4.55728e+00      8.62752e-04      1.00000e+02      -1.04832e-06
    4.60378e+00      8.03200e-04      1.00000e+02      -9.07583e-07
    4.65074e+00      7.51036e-04      1.00000e+02      -7.85377e-07
    4.69819e+00      7.04458e-04      1.00000e+02      -6.77550e-07
    4.74612e+00      6.63828e-04      1.00000e+02      -5.84378e-07
    4.79454e+00      6.20757e-04      1.00000e+02      -4.88017e-07
    4.84345e+00      5.99493e-04      1.00000e+02      -4.38839e-07
    4.89286e+00      5.73692e-04      1.00000e+02      -3.81238e-07
    4.94278e+00      5.50223e-04      1.00000e+02      -3.29500e-07
    4.99321e+00      5.32299e-04      1.00000e+02      -2.90007e-07
    5.04415e+00      5.15876e-04      1.00000e+02      -2.54336e-07
    5.09561e+00      5.01427e-04      1.00000e+02      -2.23253e-07
    5.14759e+00      4.88577e-04      1.00000e+02      -1.95896e-07
    5.20010e+00      4.77178e-04      1.00000e+02      -1.71946e-07
    5.25316e+00      4.66866e-04      1.00000e+02      -1.50528e-07
    5.30675e+00      4.57439e-04      1.00000e+02      -1.31179e-07
    5.36089e+00      4.48891e-04      1.00000e+02      -1.13874e-07
    5.41558e+00      4.41365e-04      1.00000e+02      -9.87932e-08
    5.47083e+00      4.34480e-04      1.00000e+02      -8.51593e-08
    5.52664e+00      4.28420e-04      1.00000e+02      -7.33185e-08
    5.58302e+00      4.23407e-04      1.00000e+02      -6.35715e-08
    5.63998e+00      4.18243e-04      1.00000e+02      -5.37504e-08
    5.69752e+00      4.14071e-04      1.00000e+02      -4.58715e-08
    5.75564e+00      4.10352e-04      1.00000e+02      -3.89294e-08
    5.81436e+00      4.07164e-04      1.00000e+02      -3.30606e-08
    5.87368e+00      4.04360e-04      1.00000e+02      -2.79541e-08
    5.93360e+00      4.01964e-04      1.00000e+02      -2.36482e-08
    5.99413e+00      3.99870e-04      1.00000e+02      -1.99262e-08
    6.05528e+00      3.98093e-04      1.00000e+02      -1.68116e-08
    6.11706e+00      3.96545e-04      1.00000e+02      -1.41362e-08
    6.17946e+00      3.95223e-04      1.00000e+02      -1.18837e-08
    6.24251e+00      3.94068e-04      1.00000e+02      -9.94585e-09
    6.30619e+00      3.93070e-04      1.00000e+02      -8.29573e-09
    6.37053e+00      3.92207e-04      1.00000e+02      -6.89737e-09
    6.43552e+00      3.91455e-04      1.00000e+02      -5.69734e-09
    6.50117e+00      3.90807e-04      1.00000e+02      -4.68377e-09
    6.56750e+00      3.90356e-04      1.00000e+02      -3.80474e-09
    6.63450e+00      3.89723e-04      1.00000e+02      -3.04321e-09
    6.70218e+00      3.89283e-04      1.00000e+02      -2.40193e-09
    6.77056e+00      3.88900e-04      1.00000e+02      -1.85843e-09
    6.83963e+00      3.88571e-04      1.00000e+02      -1.40412e-09
    6.90941e+00      3.88295e-04      1.00000e+02      -1.03426e-09
    6.97990e+00      3.88063e-04      1.00000e+02      -7.38152e-10
    7.05110e+00      3.87869e-04      1.00000e+02      -5.04924e-10
    7.12304e+00      3.87713e-04      1.00000e+02      -3.27005e-10
    7.19571e+00      3.87586e-04      1.00000e+02      -1.96946e-10
    7.26912e+00      3.87486e-04      1.00000e+02      -1.08522e-10
    7.34328e+00      3.87410e-04      1.00000e+02      -5.17462e-11
    7.41819e+00      3.87348e-04      1.00000e+02      -1.94135e-11
    7.49387e+00      3.87297e-04      1.00000e+02      -4.54690e-12
    7.57032e+00      3.87255e-04      1.00000e+02      -2.82539e-13
    7.64755e+00      3.87215e-04      1.00000e+02      -8.70326e-192
    7.72557e+00      3.87175e-04      1.00000e+02      -1.67757e-191
    7.80439e+00      3.87136e-04      1.00000e+02      -3.06687e-191
    7.88401e+00      3.87095e-04      1.00000e+02      -5.02901e-191
    7.96444e+00      3.87054e-04      1.00000e+02      -7.55469e-191
    8.04569e+00      3.87012e-04      1.00000e+02      -1.06345e-190
    8.12777e+00      3.86969e-04      1.00000e+02      -1.42591e-190
    8.21069e+00      3.86927e-04      1.00000e+02      -1.84190e-190
    8.29446e+00      3.86885e-04      1.00000e+02      -2.31049e-190
    8.37908e+00      3.86840e-04      1.00000e+02      -2.83074e-190
    8.46456e+00      3.86796e-04      1.00000e+02      -3.40173e-190
    8.55092e+00      3.86752e-04      1.00000e+02      -4.02252e-190
    8.63815e+00      3.86707e-04      1.00000e+02      -4.69221e-190
    8.72628e+00      3.86662e-04      1.00000e+02      -5.41079e-190
    8.81530e+00      3.86616e-04      1.00000e+02      -6.17725e-190
    8.90523e+00      3.86572e-04      1.00000e+02      -6.98995e-190
    8.99608e+00      3.86524e-04      1.00000e+02      -7.84802e-190
    9.08786e+00      3.86477e-04      1.00000e+02      -8.75134e-190
    9.18058e+00      3.86429e-04      1.00000e+02      -9.69948e-190
    9.27424e+00      3.86382e-04      1.00000e+02      -1.06904e-189
    9.36885e+00      3.86332e-04      1.00000e+02      -1.17239e-189
    9.46443e+00      3.86285e-04      1.00000e+02      -1.28000e-189
    9.56099e+00      3.86239e-04      1.00000e+02      -1.39163e-189
    9.65853e+00      3.86188e-04      1.00000e+02      -1.50737e-189
    9.75706e+00      3.86137e-04      1.00000e+02      -1.62703e-189
    9.85660e+00      3.86088e-04      1.00000e+02      -1.75059e-189
    9.95716e+00      3.86035e-04      1.00000e+02      -1.87795e-189
    1.00587e+01      3.85984e-04      1.00000e+02      -2.00906e-189
    1.01614e+01      3.85932e-04      1.00000e+02      -2.14383e-189
    1.02650e+01      3.85879e-04      1.00000e+02      -2.28222e-189
    1.03697e+01      3.85825e-04      1.00000e+02      -2.42409e-189
    1.04755e+01      3.85774e-04      1.00000e+02      -2.56948e-189
    1.05824e+01      3.85721e-04      1.00000e+02      -2.71823e-189
    1.06904e+01      3.85665e-04      1.00000e+02      -2.87027e-189
    1.07994e+01      3.85609e-04      1.00000e+02      -3.02562e-189
    1.09096e+01      3.85558e-04      1.00000e+02      -3.18414e-189
    1.10209e+01      3.85502e-04      1.00000e+02      -3.34576e-189
    1.11333e+01      3.85445e-04      1.00000e+02      -3.51044e-189
    1.12469e+01      3.85389e-04      1.00000e+02      -3.67813e-189
    1.13617e+01      3.85331e-04      1.00000e+02      -3.84875e-189
    1.14776e+01      3.85273e-04      1.00000e+02      -4.02223e-189
    1.15947e+01      3.85219e-04      1.00000e+02      -4.19852e-189
    1.17130e+01      3.85157e-04      1.00000e+02      -4.37754e-189
    1.18325e+01      3.85097e-04      1.00000e+02      -4.55924e-189
    1.19532e+01      3.85037e-04      1.00000e+02      -4.74357e-189
    1.20751e+01      3.84977e-04      1.00000e+02      -4.93045e-189
    1.21983e+01      3.84914e-04      1.00000e+02      -5.11984e-189
    1.23228e+01      3.84851e-04      1.00000e+02      -5.31167e-189
    1.24485e+01      3.84792e-04      1.00000e+02      -5.50588e-189
    1.25755e+01      3.84729e-04      1.00000e+02      -5.70242e-189
    1.27038e+01      3.84666e-04      1.00000e+02      -5.90124e-189
    1.28334e+01      3.84598e-04      1.00000e+02      -6.10227e-189
    1.29643e+01      3.84537e-04      1.00000e+02      -6.30546e-189
    1.30966e+01      3.84472e-04      1.00000e+02      -6.51075e-189
    1.32302e+01      3.84405e-04      1.00000e+02      -6.71809e-189
    1.33651e+01      3.84339e-04      1.00000e+02      -6.92743e-189
    1.35015e+01      3.84274e-04      1.00000e+02      -7.13872e-189
    1.36392e+01      3.84203e-04      1.00000e+02      -7.35189e-189
    1.37784e+01      3.84137e-04      1.00000e+02      -7.56691e-189
    1.39189e+01      3.84069e-04      1.00000e+02      -7.78370e-189
    1.40609e+01      3.83998e-04      1.00000e+02      -8.00224e-189
    1.42044e+01      3.83931e-04      1.00000e+02      -8.22246e-189
    1.43493e+01      3.83857e-04      1.00000e+02      -8.44432e-189
    1.44957e+01      3.83784e-04      1.00000e+02      -8.66776e-189
    1.46436e+01      3.83712e-04      1.00000e+02      -8.89273e-189
    1.47930e+01      3.83639e-04      1.00000e+02      -9.11920e-189
    1.49439e+01      3.83566e-04      1.00000e+02      -9.34711e-189
    1.50963e+01      3.83492e-04      1.00000e+02      -9.57641e-189
    1.52504e+01      3.83418e-04      1.00000e+02      -9.80705e-189
    1.54059e+01      3.83342e-04      1.00000e+02      -1.00390e-188
    1.55631e+01      3.83264e-04      1.00000e+02      -1.02722e-188
    1.57219e+01      3.83187e-04      1.00000e+02      -1.05066e-188
    1.58823e+01      3.83112e-04      1.00000e+02      -1.07422e-188
    1.60443e+01      3.83032e-04      1.00000e+02      -1.09788e-188
    1.62080e+01      3.82954e-04      1.00000e+02      -1.12166e-188
    1.63733e+01      3.82875e-04      1.00000e+02      -1.14554e-188
    1.65404e+01      3.82794e-04      1.00000e+02      -1.16952e-188
    1.67091e+01      3.82714e-04      1.00000e+02      -1.19359e-188
    1.68796e+01      3.82631e-04      1.00000e+02      -1.21775e-188
    1.70518e+01      3.82550e-04      1.00000e+02      -1.24200e-188
    1.72258e+01      3.82465e-04      1.00000e+02      -1.26632e-188
    1.74015e+01      3.82381e-04      1.00000e+02      -1.29073e-188
    1.75790e+01      3.82296e-04      1.00000e+02      -1.31521e-188
    1.77584e+01      3.82210e-04      1.00000e+02      -1.33976e-188
    1.79395e+01      3.82126e-04      1.00000e+02      -1.36437e-188
    1.81226e+01      3.82038e-04      1.00000e+02      -1.38905e-188
    1.83075e+01      3.81955e-04      1.00000e+02      -1.41378e-188
    1.84942e+01      3.81865e-04      1.00000e+02      -1.43857e-188
    1.86829e+01      3.81774e-04      1.00000e+02      -1.46340e-188
    1.88735e+01      3.81684e-04      1.00000e+02      -1.48828e-188
    1.90661e+01      3.81595e-04      1.00000e+02      -1.51321e-188
    1.92606e+01      3.81501e-04      1.00000e+02      -1.53817e-188
    1.94571e+01      3.81410e-04      1.00000e+02      -1.56316e-188
    1.96556e+01      3.81313e-04      1.00000e+02      -1.58819e-188
    1.98561e+01      3.81222e-04      1.00000e+02      -1.61324e-188
    2.00587e+01      3.81127e-04      1.00000e+02      -1.63832e-188
    2.02633e+01      3.81031e-04      1.00000e+02      -1.66342e-188
    2.04700e+01      3.80934e-04      1.00000e+02      -1.68853e-188
    2.06789e+01      3.80833e-04      1.00000e+02      -1.71366e-188
    2.08898e+01      3.80735e-04      1.00000e+02      -1.73879e-188
    2.11029e+01      3.80636e-04      1.00000e+02      -1.76393e-188
    2.13182e+01      3.80535e-04      1.00000e+02      -1.78907e-188
    2.15357e+01      3.80436e-04      1.00000e+02      -1.81422e-188
    2.17554e+01      3.80334e-04      1.00000e+02      -1.83935e-188
    2.19774e+01      3.80230e-04      1.00000e+02      -1.86448e-188
    2.22016e+01      3.80127e-04      1.00000e+02      -1.88960e-188
    2.24281e+01      3.75127e-04      1.00000e+02      -1.91471e-188
    2.26569e+01      3.79914e-04      1.00000e+02      -1.93979e-188
    2.28880e+01      3.79810e-04      1.00000e+02      -1.96486e-188
    2.31215e+01      3.79703e-04      1.00000e+02      -1.98990e-188
    2.33574e+01      3.79595e-04      1.00000e+02      -2.01491e-188
    2.35957e+01      3.79482e-04      1.00000e+02      -2.03989e-188
    2.38364e+01      3.79374e-04      1.00000e+02      -2.06484e-188
    2.40796e+01      3.79264e-04      1.00000e+02      -2.08976e-188
    2.43253e+01      3.79152e-04      1.00000e+02      -2.11463e-188
    2.45735e+01      3.79038e-04      1.00000e+02      -2.13946e-188
    2.48242e+01      3.78924e-04      1.00000e+02      -2.16425e-188
    2.50774e+01      3.78810e-04      1.00000e+02      -2.18898e-188
    2.53332e+01      3.78695e-04      1.00000e+02      -2.21366e-188
    2.55917e+01      3.78577e-04      1.00000e+02      -2.23829e-188
    2.58528e+01      3.78458e-04      1.00000e+02      -2.26286e-188
    2.61165e+01      3.78339e-04      1.00000e+02      -2.28737e-188
    2.63830e+01      3.78218e-04      1.00000e+02      -2.31182e-188
    2.66521e+01      3.78098e-04      1.00000e+02      -2.33620e-188
    2.69240e+01      3.77975e-04      1.00000e+02      -2.36051e-188
    2.71987e+01      3.77850e-04      1.00000e+02      -2.38475e-188
    2.74762e+01      3.77726e-04      1.00000e+02      -2.40891e-188
    2.77565e+01      3.77601e-04      1.00000e+02      -2.43299e-188
    2.80397e+01      3.77475e-04      1.00000e+02      -2.45700e-188
    2.83257e+01      3.77348e-04      1.00000e+02      -2.48092e-188
    2.86147e+01      3.77219e-04      1.00000e+02      -2.50476e-188
    2.89067e+01      3.77088e-04      1.00000e+02      -2.52850e-188
    2.92016e+01      3.76956e-04      1.00000e+02      -2.55216e-188
    2.94995e+01      3.76825e-04      1.00000e+02      -2.57572e-188
    2.98004e+01      3.76692e-04      1.00000e+02      -2.59918e-188
    3.01045e+01      3.76557e-04      1.00000e+02      -2.62255e-188
    3.04116e+01      3.76422e-04      1.00000e+02      -2.64581e-188
    3.07218e+01      3.76286e-04      1.00000e+02      -2.66897e-188
    3.10353e+01      3.76147e-04      1.00000e+02      -2.69202e-188
    3.13519e+01      3.76011e-04      1.00000e+02      -2.71497e-188
    3.16717e+01      3.75868e-04      1.00000e+02      -2.73780e-188
    3.19948e+01      3.75726e-04      1.00000e+02      -2.76051e-188
    3.23213e+01      3.75585e-04      1.00000e+02      -2.78311e-188
    3.26510e+01      3.75443e-04      1.00000e+02      -2.80559e-188
    3.29841e+01      3.75298e-04      1.00000e+02      -2.82794e-188
    3.33206e+01      3.75152e-04      1.00000e+02      -2.85017e-188
    3.36605e+01      3.75004e-04      1.00000e+02      -2.87228e-188
    3.40040e+01      3.74857e-04      1.00000e+02      -2.89425e-188
    3.43509e+01      3.74707e-04      1.00000e+02      -2.91610e-188
    3.47013e+01      3.74555e-04      1.00000e+02      -2.93780e-188
    3.50553e+01      3.74403e-04      1.00000e+02      -2.95938e-188
    3.54130e+01      3.74249e-04      1.00000e+02      -2.98081e-188
    3.57743e+01      3.74095e-04      1.00000e+02      -3.00210e-188
    3.61392e+01      3.73939e-04      1.00000e+02      -3.02325e-188
    3.65079e+01      3.73782e-04      1.00000e+02      -3.04425e-188
    3.68804e+01      3.73624e-04      1.00000e+02      -3.06510e-188
    3.72566e+01      3.73465e-04      1.00000e+02      -3.08580e-188
    3.76367e+01      3.73304e-04      1.00000e+02      -3.10635e-188
    3.80207e+01      3.73141e-04      1.00000e+02      -3.12675e-188
    3.84086e+01      3.72978e-04      1.00000e+02      -3.14699e-188
    3.88004e+01      3.72812e-04      1.00000e+02      -3.16706e-188
    3.91963e+01      3.72645e-04      1.00000e+02      -3.18698e-188
    3.95961e+01      3.72479e-04      1.00000e+02      -3.20673e-188
    4.00001e+01      3.72309e-04      1.00000e+02      -3.22632e-188
