    Er (keV)         SM dN/dE         BG dN/dE        BSM dN/dE (events/kg/day/keV)
    5.01000e-02      2.20460e+01      5.00000e+00      4.00971e-05
    5.07729e-02      2.19467e+01      5.00000e+00      4.00970e-05
    5.14550e-02      2.18460e+01      5.00000e+00      4.00970e-05
    5.21461e-02      2.17440e+01      5.00000e+00      4.00970e-05
    5.28466e-02      2.16407e+01      5.00000e+00      4.00969e-05
    5.35565e-02      2.15359e+01      5.00000e+00      4.00969e-05
    5.42760e-02      2.14297e+01      5.00000e+00      4.00969e-05
    5.50052e-02      2.13221e+01      5.00000e+00      4.00968e-05
    5.57441e-02      2.12131e+01      5.00000e+00      4.00968e-05
    5.64931e-02      2.11026e+01      5.00000e+00      4.00967e-05
    5.72520e-02      2.09906e+01      5.00000e+00      4.00967e-05
    5.80213e-02      2.08771e+01      5.00000e+00      4.00967e-05
    5.88008e-02      2.07620e+01      5.00000e+00      4.00966e-05
    5.95909e-02      2.06454e+01      5.00000e+00      4.00966e-05
    6.03916e-02      2.05273e+01      5.00000e+00      4.00965e-05
    6.12030e-02      2.04075e+01      5.00000e+00      4.00965e-05
    6.20254e-02      2.02862e+01      5.00000e+00      4.00965e-05
    6.28589e-02      2.01632e+01      5.00000e+00      4.00964e-05
    6.37035e-02      2.00385e+01      5.00000e+00      4.00964e-05
    6.45596e-02      1.99122e+01      5.00000e+00      4.00963e-05
    6.54271e-02      1.97842e+01      5.00000e+00      4.00963e-05
    6.63064e-02      1.96544e+01      5.00000e+00      4.00963e-05
    6.71974e-02      1.95230e+01      5.00000e+00      4.00962e-05
    6.81005e-02      1.93897e+01      5.00000e+00      4.00962e-05
    6.90157e-02      1.92546e+01      5.00000e+00      4.00961e-05
    6.99433e-02      1.91178e+01      5.00000e+00      4.00961e-05
    7.08833e-02      1.89790e+01      5.00000e+00      4.00960e-05
    7.18360e-02      1.88385e+01      5.00000e+00      4.00960e-05
    7.28014e-02      1.86960e+01      5.00000e+00      4.00959e-05
    7.37799e-02      1.85516e+01      5.00000e+00      4.00959e-05
    7.47716e-02      1.84053e+01      5.00000e+00      4.00958e-05
    7.57766e-02      1.82569e+01      5.00000e+00      4.00958e-05
    7.67951e-02      1.81066e+01      5.00000e+00      4.00957e-05
    7.78274e-02      1.79543e+01      5.00000e+00      4.00957e-05
    7.88735e-02      1.77999e+01      5.00000e+00      4.00956e-05
    7.99337e-02      1.76435e+01      5.00000e+00      4.00956e-05
    8.10082e-02      1.74849e+01      5.00000e+00      4.00955e-05
    8.20971e-02      1.73242e+01      5.00000e+00      4.00955e-05
    8.32007e-02      1.71614e+01      5.00000e+00      4.00954e-05
    8.43192e-02      1.69963e+01      5.00000e+00      4.00953e-05
    8.54527e-02      1.68291e+01      5.00000e+00      4.00953e-05
    8.66014e-02      1.66595e+01      5.00000e+00      4.00952e-05
    8.77657e-02      1.64877e+01      5.00000e+00      4.00952e-05
    8.89456e-02      1.63136e+01      5.00000e+00      4.00951e-05
    9.01413e-02      1.61372e+01      5.00000e+00      4.00951e-05
    9.13532e-02      1.60255e+01      5.00000e+00      4.00950e-05
    9.25814e-02      1.59267e+01      5.00000e+00      4.00949e-05
    9.38261e-02      1.58266e+01      5.00000e+00      4.00949e-05
    9.50875e-02      1.57252e+01      5.00000e+00      4.00948e-05
    9.63660e-02      1.56224e+01      5.00000e+00      4.00947e-05
    9.76616e-02      1.55182e+01      5.00000e+00      4.00947e-05
    9.89747e-02      1.54126e+01      5.00000e+00      4.00946e-05
    1.00305e-01      1.53056e+01      5.00000e+00      4.00946e-05
    1.01654e-01      1.51972e+01      5.00000e+00      4.00945e-05
    1.03021e-01      1.50873e+01      5.00000e+00      4.00944e-05
    1.04406e-01      1.49759e+01      5.00000e+00      4.00944e-05
    1.05810e-01      1.48630e+01      5.00000e+00      4.00943e-05
    1.07233e-01      1.47486e+01      5.00000e+00      4.00942e-05
    1.08675e-01      1.46327e+01      5.00000e+00      4.00942e-05
    1.10136e-01      1.45152e+01      5.00000e+00      4.00941e-05
    1.11617e-01      1.43961e+01      5.00000e+00      4.00940e-05
    1.13118e-01      1.42754e+01      5.00000e+00      4.00939e-05
    1.14639e-01      1.41531e+01      5.00000e+00      4.00939e-05
    1.16181e-01      1.40291e+01      5.00000e+00      4.00938e-05
    1.17743e-01      1.39035e+01      5.00000e+00      4.00937e-05
    1.19326e-01      1.37762e+01      5.00000e+00      4.00936e-05
    1.20931e-01      1.36471e+01      5.00000e+00      4.00936e-05
    1.22557e-01      1.35164e+01      5.00000e+00      4.00935e-05
    1.24205e-01      1.33839e+01      5.00000e+00      4.00934e-05
    1.25876e-01      1.32495e+01      5.00000e+00      4.00933e-05
    1.27568e-01      1.31134e+01      5.00000e+00      4.00932e-05
    1.29284e-01      1.29755e+01      5.00000e+00      4.00931e-05
    1.31023e-01      1.28436e+01      5.00000e+00      4.00931e-05
    1.32785e-01      1.27459e+01      5.00000e+00      4.00930e-05
    1.34571e-01      1.26469e+01      5.00000e+00      4.00929e-05
    1.36380e-01      1.25466e+01      5.00000e+00      4.00928e-05
    1.38215e-01      1.24450e+01      5.00000e+00      4.00927e-05
    1.40074e-01      1.23420e+01      5.00000e+00      4.00926e-05
    1.41957e-01      1.22376e+01      5.00000e+00      4.00925e-05
    1.43867e-01      1.21318e+01      5.00000e+00      4.00924e-05
    1.45802e-01      1.20246e+01      5.00000e+00      4.00923e-05
    1.47763e-01      1.19159e+01      5.00000e+00      4.00922e-05
    1.49750e-01      1.18057e+01      5.00000e+00      4.00921e-05
    1.51764e-01      1.16941e+01      5.00000e+00      4.00920e-05
    1.53805e-01      1.15810e+01      5.00000e+00      4.00918e-05
    1.55874e-01      1.14664e+01      5.00000e+00      4.00917e-05
    1.57971e-01      1.13502e+01      5.00000e+00      4.00916e-05
    1.60095e-01      1.12324e+01      5.00000e+00      4.00915e-05
    1.62249e-01      1.11131e+01      5.00000e+00      4.00914e-05
    1.64431e-01      1.09922e+01      5.00000e+00      4.00913e-05
    1.66643e-01      1.08696e+01      5.00000e+00      4.00912e-05
    1.68884e-01      1.07454e+01      5.00000e+00      4.00910e-05
    1.71156e-01      1.06208e+01      5.00000e+00      4.00909e-05
    1.73458e-01      1.05244e+01      5.00000e+00      4.00908e-05
    1.75792e-01      1.04268e+01      5.00000e+00      4.00907e-05
    1.78156e-01      1.03279e+01      5.00000e+00      4.00906e-05
    1.80553e-01      1.02276e+01      5.00000e+00      4.00905e-05
    1.82981e-01      1.01259e+01      5.00000e+00      4.00904e-05
    1.85443e-01      1.00229e+01      5.00000e+00      4.00903e-05
    1.87937e-01      9.91856e+00      5.00000e+00      4.00902e-05
    1.90465e-01      9.81277e+00      5.00000e+00      4.00901e-05
    1.93028e-01      9.70555e+00      5.00000e+00      4.00900e-05
    1.95624e-01      9.59689e+00      5.00000e+00      4.00898e-05
    1.98256e-01      9.48677e+00      5.00000e+00      4.00897e-05
    2.00923e-01      9.37517e+00      5.00000e+00      4.00896e-05
    2.03626e-01      9.26207e+00      5.00000e+00      4.00895e-05
    2.06365e-01      9.14744e+00      5.00000e+00      4.00894e-05
    2.09141e-01      9.03127e+00      5.00000e+00      4.00892e-05
    2.11954e-01      8.91842e+00      5.00000e+00      4.00891e-05
    2.14806e-01      8.82491e+00      5.00000e+00      4.00890e-05
    2.17695e-01      8.73013e+00      5.00000e+00      4.00888e-05
    2.20624e-01      8.63408e+00      5.00000e+00      4.00886e-05
    2.23592e-01      8.53673e+00      5.00000e+00      4.00885e-05
    2.26600e-01      8.43807e+00      5.00000e+00      4.00883e-05
    2.29649e-01      8.33809e+00      5.00000e+00      4.00882e-05
    2.32738e-01      8.23676e+00      5.00000e+00      4.00880e-05
    2.35869e-01      8.13407e+00      5.00000e+00      4.00878e-05
    2.39042e-01      8.02999e+00      5.00000e+00      4.00877e-05
    2.42258e-01      7.92452e+00      5.00000e+00      4.00875e-05
    2.45517e-01      7.81762e+00      5.00000e+00      4.00873e-05
    2.48821e-01      7.70928e+00      5.00000e+00      4.00871e-05
    2.52168e-01      7.60211e+00      5.00000e+00      4.00870e-05
    2.55561e-01      7.51300e+00      5.00000e+00      4.00868e-05
    2.58999e-01      7.42270e+00      5.00000e+00      4.00866e-05
    2.62483e-01      7.33118e+00      5.00000e+00      4.00865e-05
    2.66015e-01      7.23843e+00      5.00000e+00      4.00863e-05
    2.69594e-01      7.14443e+00      5.00000e+00      4.00861e-05
    2.73221e-01      7.04916e+00      5.00000e+00      4.00859e-05
    2.76897e-01      6.95261e+00      5.00000e+00      4.00857e-05
    2.80622e-01      6.85477e+00      5.00000e+00      4.00856e-05
    2.84398e-01      6.75560e+00      5.00000e+00      4.00854e-05
    2.88224e-01      6.65511e+00      5.00000e+00      4.00852e-05
    2.92102e-01      6.55325e+00      5.00000e+00      4.00850e-05
    2.96032e-01      6.46928e+00      5.00000e+00      4.00848e-05
    3.00015e-01      6.38426e+00      5.00000e+00      4.00846e-05
    3.04052e-01      6.29810e+00      5.00000e+00      4.00845e-05
    3.08142e-01      6.21079e+00      5.00000e+00      4.00843e-05
    3.12288e-01      6.12230e+00      5.00000e+00      4.00841e-05
    3.16490e-01      6.03261e+00      5.00000e+00      4.00839e-05
    3.20748e-01      5.94172e+00      5.00000e+00      4.00837e-05
    3.25064e-01      5.84961e+00      5.00000e+00      4.00835e-05
    3.29438e-01      5.75626e+00      5.00000e+00      4.00833e-05
    3.33870e-01      5.66684e+00      5.00000e+00      4.00831e-05
    3.38362e-01      5.58768e+00      5.00000e+00      4.00830e-05
    3.42915e-01      5.50745e+00      5.00000e+00      4.00828e-05
    3.47529e-01      5.42614e+00      5.00000e+00      4.00826e-05
    3.52205e-01      5.34374e+00      5.00000e+00      4.00824e-05
    3.56944e-01      5.26023e+00      5.00000e+00      4.00821e-05
    3.61747e-01      5.17560e+00      5.00000e+00      4.00819e-05
    3.66614e-01      5.08983e+00      5.00000e+00      4.00817e-05
    3.71547e-01      5.00290e+00      5.00000e+00      4.00815e-05
    3.76546e-01      4.92541e+00      5.00000e+00      4.00812e-05
    3.81613e-01      4.85058e+00      5.00000e+00      4.00810e-05
    3.86748e-01      4.77475e+00      5.00000e+00      4.00807e-05
    3.91952e-01      4.69790e+00      5.00000e+00      4.00804e-05
    3.97226e-01      4.62001e+00      5.00000e+00      4.00800e-05
    4.02571e-01      4.54107e+00      5.00000e+00      4.00797e-05
    4.07987e-01      4.46107e+00      5.00000e+00      4.00794e-05
    4.13477e-01      4.38066e+00      5.00000e+00      4.00791e-05
    4.19041e-01      4.31097e+00      5.00000e+00      4.00788e-05
    4.24679e-01      4.24035e+00      5.00000e+00      4.00785e-05
    4.30394e-01      4.16878e+00      5.00000e+00      4.00782e-05
    4.36185e-01      4.09624e+00      5.00000e+00      4.00779e-05
    4.42054e-01      4.02273e+00      5.00000e+00      4.00776e-05
    4.48003e-01      3.94823e+00      5.00000e+00      4.00773e-05
    4.54031e-01      3.87362e+00      5.00000e+00      4.00770e-05
    4.60140e-01      3.80811e+00      5.00000e+00      4.00767e-05
    4.66332e-01      3.74172e+00      5.00000e+00      4.00764e-05
    4.72607e-01      3.67444e+00      5.00000e+00      4.00761e-05
    4.78966e-01      3.60625e+00      5.00000e+00      4.00759e-05
    4.85412e-01      3.53714e+00      5.00000e+00      4.00756e-05
    4.91943e-01      3.46711e+00      5.00000e+00      4.00753e-05
    4.98563e-01      3.40294e+00      5.00000e+00      4.00750e-05
    5.05272e-01      3.34078e+00      5.00000e+00      4.00746e-05
    5.12071e-01      3.27779e+00      5.00000e+00      4.00743e-05
    5.18962e-01      3.21394e+00      5.00000e+00      4.00740e-05
    5.25945e-01      3.14924e+00      5.00000e+00      4.00736e-05
    5.33022e-01      3.08367e+00      5.00000e+00      4.00733e-05
    5.40195e-01      3.02446e+00      5.00000e+00      4.00729e-05
    5.47464e-01      2.96597e+00      5.00000e+00      4.00726e-05
    5.54831e-01      2.90668e+00      5.00000e+00      4.00722e-05
    5.62297e-01      2.84660e+00      5.00000e+00      4.00718e-05
    5.69864e-01      2.78570e+00      5.00000e+00      4.00715e-05
    5.77532e-01      2.72682e+00      5.00000e+00      4.00711e-05
    5.85304e-01      2.67175e+00      5.00000e+00      4.00707e-05
    5.93180e-01      2.61593e+00      5.00000e+00      4.00703e-05
    6.01162e-01      2.55937e+00      5.00000e+00      4.00699e-05
    6.09252e-01      2.50205e+00      5.00000e+00      4.00694e-05
    6.17451e-01      2.44641e+00      5.00000e+00      4.00690e-05
    6.25759e-01      2.39571e+00      5.00000e+00      4.00686e-05
    6.34180e-01      2.34433e+00      5.00000e+00      4.00683e-05
    6.42714e-01      2.29226e+00      5.00000e+00      4.00679e-05
    6.51363e-01      2.23948e+00      5.00000e+00      4.00675e-05
    6.60129e-01      2.18923e+00      5.00000e+00      4.00670e-05
    6.69012e-01      2.14097e+00      5.00000e+00      4.00665e-05
    6.78015e-01      2.09207e+00      5.00000e+00      4.00660e-05
    6.87139e-01      2.04250e+00      5.00000e+00      4.00654e-05
    6.96386e-01      1.99274e+00      5.00000e+00      4.00649e-05
    7.05757e-01      1.94777e+00      5.00000e+00      4.00645e-05
    7.15254e-01      1.90219e+00      5.00000e+00      4.00640e-05
    7.24880e-01      1.85601e+00      5.00000e+00      4.00635e-05
    7.34634e-01      1.80920e+00      5.00000e+00      4.00631e-05
    7.44521e-01      1.76629e+00      5.00000e+00      4.00626e-05
    7.54540e-01      1.72354e+00      5.00000e+00      4.00621e-05
    7.64694e-01      1.68022e+00      5.00000e+00      4.00615e-05
    7.74984e-01      1.63631e+00      5.00000e+00      4.00610e-05
    7.85414e-01      1.59618e+00      5.00000e+00      4.00605e-05
    7.95983e-01      1.55617e+00      5.00000e+00      4.00600e-05
    8.06695e-01      1.51563e+00      5.00000e+00      4.00594e-05
    8.17551e-01      1.47488e+00      5.00000e+00      4.00589e-05
    8.28553e-01      1.43766e+00      5.00000e+00      4.00583e-05
    8.39703e-01      1.39994e+00      5.00000e+00      4.00577e-05
    8.51003e-01      1.36172e+00      5.00000e+00      4.00572e-05
    8.62456e-01      1.32502e+00      5.00000e+00      4.00566e-05
    8.74062e-01      1.29015e+00      5.00000e+00      4.00559e-05
    8.85825e-01      1.25482e+00      5.00000e+00      4.00553e-05
    8.97746e-01      1.21910e+00      5.00000e+00      4.00547e-05
    9.09827e-01      1.18650e+00      5.00000e+00      4.00541e-05
    9.22071e-01      1.15346e+00      5.00000e+00      4.00535e-05
    9.34480e-01      1.11997e+00      5.00000e+00      4.00529e-05
    9.47056e-01      1.08861e+00      5.00000e+00      4.00523e-05
    9.59801e-01      1.05774e+00      5.00000e+00      4.00516e-05
    9.72717e-01      1.02647e+00      5.00000e+00      4.00509e-05
    9.85808e-01      9.96642e-01      5.00000e+00      4.00502e-05
    9.99074e-01      9.67750e-01      5.00000e+00      4.00495e-05
    1.01252e+00      9.38470e-01      5.00000e+00      4.00488e-05
    1.02615e+00      9.10442e-01      5.00000e+00      4.00481e-05
    1.03996e+00      8.83337e-01      5.00000e+00      4.00474e-05
    1.05395e+00      8.55867e-01      5.00000e+00      4.00467e-05
    1.06813e+00      8.29803e-01      5.00000e+00      4.00459e-05
    1.08251e+00      8.04335e-01      5.00000e+00      4.00450e-05
    1.09708e+00      7.78524e-01      5.00000e+00      4.00442e-05
    1.11184e+00      7.54497e-01      5.00000e+00      4.00434e-05
    1.12680e+00      7.30508e-01      5.00000e+00      4.00426e-05
    1.14197e+00      7.06565e-01      5.00000e+00      4.00419e-05
    1.15734e+00      6.84267e-01      5.00000e+00      4.00411e-05
    1.17291e+00      6.61668e-01      5.00000e+00      4.00404e-05
    1.18870e+00      6.39950e-01      5.00000e+00      4.00396e-05
    1.20469e+00      6.18893e-01      5.00000e+00      4.00386e-05
    1.22091e+00      5.97633e-01      5.00000e+00      4.00377e-05
    1.23734e+00      5.77996e-01      5.00000e+00      4.00368e-05
    1.25399e+00      5.58095e-01      5.00000e+00      4.00360e-05
    1.27087e+00      5.39033e-01      5.00000e+00      4.00351e-05
    1.28797e+00      5.20439e-01      5.00000e+00      4.00343e-05
    1.30530e+00      5.02020e-01      5.00000e+00      4.00334e-05
    1.32287e+00      4.84641e-01      5.00000e+00      4.00324e-05
    1.34067e+00      4.67028e-01      5.00000e+00      4.00314e-05
    1.35872e+00      4.50705e-01      5.00000e+00      4.00302e-05
    1.37700e+00      4.34218e-01      5.00000e+00      4.00290e-05
    1.39553e+00      4.18583e-01      5.00000e+00      4.00281e-05
    1.41431e+00      4.03104e-01      5.00000e+00      4.00274e-05
    1.43335e+00      3.88216e-01      5.00000e+00      4.00265e-05
    1.45264e+00      3.73679e-01      5.00000e+00      4.00255e-05
    1.47219e+00      3.59575e-01      5.00000e+00      4.00244e-05
    1.49200e+00      3.45914e-01      5.00000e+00      4.00233e-05
    1.51208e+00      3.32600e-01      5.00000e+00      4.00222e-05
    1.53243e+00      3.19723e-01      5.00000e+00      4.00212e-05
    1.55305e+00      3.07227e-01      5.00000e+00      4.00202e-05
    1.57395e+00      2.95165e-01      5.00000e+00      4.00191e-05
    1.59514e+00      2.83524e-01      5.00000e+00      4.00179e-05
    1.61660e+00      2.72204e-01      5.00000e+00      4.00167e-05
    1.63836e+00      2.61104e-01      5.00000e+00      4.00155e-05
    1.66041e+00      2.50039e-01      5.00000e+00      4.00144e-05
    1.68276e+00      2.39726e-01      5.00000e+00      4.00132e-05
    1.70540e+00      2.29489e-01      5.00000e+00      4.00120e-05
    1.72835e+00      2.19887e-01      5.00000e+00      4.00108e-05
    1.75162e+00      2.10306e-01      5.00000e+00      4.00095e-05
    1.77519e+00      2.00972e-01      5.00000e+00      4.00082e-05
    1.79908e+00      1.92185e-01      5.00000e+00      4.00068e-05
    1.82329e+00      1.83772e-01      5.00000e+00      4.00054e-05
    1.84783e+00      1.75625e-01      5.00000e+00      4.00035e-05
    1.87270e+00      1.67580e-01      5.00000e+00      4.00019e-05
    1.89790e+00      1.59895e-01      5.00000e+00      4.00015e-05
    1.92344e+00      1.52493e-01      5.00000e+00      4.00004e-05
    1.94933e+00      1.45224e-01      5.00000e+00      3.99989e-05
    1.97557e+00      1.38221e-01      5.00000e+00      3.99972e-05
    2.00215e+00      1.31591e-01      5.00000e+00      3.99956e-05
    2.02910e+00      1.25282e-01      5.00000e+00      3.99941e-05
    2.05641e+00      1.19680e-01      5.00000e+00      3.99925e-05
    2.08408e+00      1.13648e-01      5.00000e+00      3.99910e-05
    2.11213e+00      1.07430e-01      5.00000e+00      3.99895e-05
    2.14056e+00      1.01967e-01      5.00000e+00      3.99878e-05
    2.16937e+00      9.67158e-02      5.00000e+00      3.99864e-05
    2.19856e+00      9.16309e-02      5.00000e+00      3.99849e-05
    2.22815e+00      8.67340e-02      5.00000e+00      3.99832e-05
    2.25814e+00      8.21296e-02      5.00000e+00      3.99815e-05
    2.28853e+00      7.76593e-02      5.00000e+00      3.99797e-05
    2.31933e+00      7.33387e-02      5.00000e+00      3.99779e-05
    2.35054e+00      6.91882e-02      5.00000e+00      3.99761e-05
    2.38218e+00      6.52850e-02      5.00000e+00      3.99744e-05
    2.41424e+00      6.15305e-02      5.00000e+00      3.99721e-05
    2.44673e+00      5.79239e-02      5.00000e+00      3.99702e-05
    2.47966e+00      5.44660e-02      5.00000e+00      3.99688e-05
    2.51303e+00      5.11562e-02      5.00000e+00      3.99669e-05
    2.54685e+00      4.80395e-02      5.00000e+00      3.99651e-05
    2.58113e+00      4.50646e-02      5.00000e+00      3.99631e-05
    2.61587e+00      4.22215e-02      5.00000e+00      3.99611e-05
    2.65107e+00      3.95109e-02      5.00000e+00      3.99592e-05
    2.68675e+00      3.69325e-02      5.00000e+00      3.99573e-05
    2.72291e+00      3.44847e-02      5.00000e+00      3.99552e-05
    2.75956e+00      3.21637e-02      5.00000e+00      3.99532e-05
    2.79670e+00      2.99630e-02      5.00000e+00      3.99509e-05
    2.83434e+00      2.78794e-02      5.00000e+00      3.99493e-05
    2.87248e+00      2.55928e-02      5.00000e+00      3.99462e-05
    2.91114e+00      2.40281e-02      5.00000e+00      3.99441e-05
    2.95032e+00      2.23067e-02      5.00000e+00      3.99418e-05
    2.99003e+00      2.06491e-02      5.00000e+00      3.99397e-05
    3.03027e+00      1.90851e-02      5.00000e+00      3.99374e-05
    3.07105e+00      1.76122e-02      5.00000e+00      3.99350e-05
    3.11239e+00      1.62248e-02      5.00000e+00      3.99325e-05
    3.15428e+00      1.49227e-02      5.00000e+00      3.99301e-05
    3.19673e+00      1.37004e-02      5.00000e+00      3.99276e-05
    3.23975e+00      1.25597e-02      5.00000e+00      3.99252e-05
    3.28335e+00      1.14945e-02      5.00000e+00      3.99225e-05
    3.32754e+00      1.05007e-02      5.00000e+00      3.99202e-05
    3.37233e+00      9.57834e-03      5.00000e+00      3.99173e-05
    3.41771e+00      8.72073e-03      5.00000e+00      3.99147e-05
    3.46371e+00      7.91771e-03      5.00000e+00      3.99119e-05
    3.51033e+00      7.17788e-03      5.00000e+00      3.99092e-05
    3.55757e+00      6.49468e-03      5.00000e+00      3.99065e-05
    3.60545e+00      5.86911e-03      5.00000e+00      3.99037e-05
    3.65398e+00      5.29674e-03      5.00000e+00      3.99008e-05
    3.70315e+00      4.77147e-03      5.00000e+00      3.98979e-05
    3.75299e+00      4.28971e-03      5.00000e+00      3.98948e-05
    3.80350e+00      3.84967e-03      5.00000e+00      3.98919e-05
    3.85469e+00      3.45469e-03      5.00000e+00      3.98889e-05
    3.90657e+00      3.09469e-03      5.00000e+00      3.98859e-05
    3.95915e+00      2.76709e-03      5.00000e+00      3.98828e-05
    4.01243e+00      2.47308e-03      5.00000e+00      3.98798e-05
    4.06644e+00      2.20855e-03      5.00000e+00      3.98764e-05
    4.12116e+00      1.96907e-03      5.00000e+00      3.98732e-05
    4.17663e+00      1.75708e-03      5.00000e+00      3.98698e-05
    4.23284e+00      1.56723e-03      5.00000e+00      3.98665e-05
    4.28981e+00      1.39807e-03      5.00000e+00      3.98630e-05
    4.34755e+00      1.25030e-03      5.00000e+00      3.98600e-05
    4.40606e+00      1.11921e-03      5.00000e+00      3.98565e-05
    4.46536e+00      1.00668e-03      5.00000e+00      3.98526e-05
    4.52546e+00      9.08044e-04      5.00000e+00      3.98491e-05
    4.58636e+00      8.24621e-04      5.00000e+00      3.98453e-05
    4.64809e+00      7.52907e-04      5.00000e+00      3.98417e-05
    4.71065e+00      6.93425e-04      5.00000e+00      3.98379e-05
    4.77404e+00      6.43324e-04      5.00000e+00      3.98342e-05
    4.83830e+00      6.02965e-04      5.00000e+00      3.98303e-05
    4.90341e+00      5.68715e-04      5.00000e+00      3.98264e-05
    4.96941e+00      5.40947e-04      5.00000e+00      3.98226e-05
    5.03629e+00      5.18275e-04      5.00000e+00      3.98187e-05
    5.10407e+00      4.99220e-04      5.00000e+00      3.98147e-05
    5.17277e+00      4.82986e-04      5.00000e+00      3.98108e-05
    5.24239e+00      4.68873e-04      5.00000e+00      3.98069e-05
    5.31294e+00      4.56475e-04      5.00000e+00      3.98030e-05
    5.38445e+00      4.45592e-04      5.00000e+00      3.97992e-05
    5.45691e+00      4.36128e-04      5.00000e+00      3.97951e-05
    5.53036e+00      4.28042e-04      5.00000e+00      3.97912e-05
    5.60479e+00      4.21118e-04      5.00000e+00      3.97871e-05
    5.68022e+00      4.15232e-04      5.00000e+00      3.97831e-05
    5.75667e+00      4.10301e-04      5.00000e+00      3.97794e-05
    5.83415e+00      4.06181e-04      5.00000e+00      3.97751e-05
    5.91267e+00      4.02760e-04      5.00000e+00      3.97711e-05
    5.99225e+00      3.99939e-04      5.00000e+00      3.97672e-05
    6.07289e+00      3.97625e-04      5.00000e+00      3.97632e-05
    6.15463e+00      3.95726e-04      5.00000e+00      3.97591e-05
    6.23746e+00      3.94155e-04      5.00000e+00      3.97551e-05
    6.32141e+00      3.92855e-04      5.00000e+00      3.97511e-05
    6.40649e+00      3.91779e-04      5.00000e+00      3.97470e-05
    6.49271e+00      3.90886e-04      5.00000e+00      3.97429e-05
    6.58010e+00      3.90130e-04      5.00000e+00      3.97386e-05
    6.66866e+00      3.89493e-04      5.00000e+00      3.97344e-05
    6.75841e+00      3.88962e-04      5.00000e+00      3.97297e-05
    6.84937e+00      3.88530e-04      5.00000e+00      3.97253e-05
    6.94155e+00      3.88183e-04      5.00000e+00      3.97210e-05
    7.03498e+00      3.87909e-04      5.00000e+00      3.97164e-05
    7.12966e+00      3.87700e-04      5.00000e+00      3.97118e-05
    7.22562e+00      3.87543e-04      5.00000e+00      3.97071e-05
    7.32287e+00      3.87430e-04      5.00000e+00      3.97025e-05
    7.42142e+00      3.87346e-04      5.00000e+00      3.96976e-05
    7.52131e+00      3.87281e-04      5.00000e+00      3.96924e-05
    7.62253e+00      3.87228e-04      5.00000e+00      3.96874e-05
    7.72512e+00      3.87175e-04      5.00000e+00      3.96825e-05
    7.82910e+00      3.87123e-04      5.00000e+00      3.96775e-05
    7.93447e+00      3.87069e-04      5.00000e+00      3.96724e-05
    8.04125e+00      3.87014e-04      5.00000e+00      3.96671e-05
    8.14948e+00      3.86958e-04      5.00000e+00      3.96618e-05
    8.25916e+00      3.86901e-04      5.00000e+00      3.96563e-05
    8.37032e+00      3.86844e-04      5.00000e+00      3.96508e-05
    8.48298e+00      3.86786e-04      5.00000e+00      3.96452e-05
    8.59715e+00      3.86728e-04      5.00000e+00      3.96396e-05
    8.71285e+00      3.86669e-04      5.00000e+00      3.96339e-05
    8.83012e+00      3.86609e-04      5.00000e+00      3.96281e-05
    8.94896e+00      3.86548e-04      5.00000e+00      3.96222e-05
    9.06941e+00      3.86486e-04      5.00000e+00      3.96162e-05
    9.19147e+00      3.86423e-04      5.00000e+00      3.96100e-05
    9.31518e+00      3.86361e-04      5.00000e+00      3.96040e-05
    9.44055e+00      3.86297e-04      5.00000e+00      3.95978e-05
    9.56761e+00      3.86236e-04      5.00000e+00      3.95917e-05
    9.69637e+00      3.86168e-04      5.00000e+00      3.95851e-05
    9.82688e+00      3.86102e-04      5.00000e+00      3.95786e-05
    9.95914e+00      3.86035e-04      5.00000e+00      3.95720e-05
    1.00932e+01      3.85967e-04      5.00000e+00      3.95654e-05
    1.02290e+01      3.85895e-04      5.00000e+00      3.95582e-05
    1.03667e+01      3.85829e-04      5.00000e+00      3.95517e-05
    1.05062e+01      3.85759e-04      5.00000e+00      3.95447e-05
    1.06476e+01      3.85687e-04      5.00000e+00      3.95376e-05
    1.07909e+01      3.85616e-04      5.00000e+00      3.95306e-05
    1.09362e+01      3.85544e-04      5.00000e+00      3.95234e-05
    1.10833e+01      3.85470e-04      5.00000e+00      3.95160e-05
    1.12325e+01      3.85395e-04      5.00000e+00      3.95085e-05
    1.13837e+01      3.85324e-04      5.00000e+00      3.95013e-05
    1.15369e+01      3.85243e-04      5.00000e+00      3.94933e-05
    1.16922e+01      3.85167e-04      5.00000e+00      3.94856e-05
    1.18495e+01      3.85089e-04      5.00000e+00      3.94777e-05
    1.20090e+01      3.85009e-04      5.00000e+00      3.94697e-05
    1.21706e+01      3.84929e-04      5.00000e+00      3.94615e-05
    1.23344e+01      3.84847e-04      5.00000e+00      3.94532e-05
    1.25005e+01      3.84766e-04      5.00000e+00      3.94450e-05
    1.26687e+01      3.84683e-04      5.00000e+00      3.94365e-05
    1.28392e+01      3.84599e-04      5.00000e+00      3.94280e-05
    1.30120e+01      3.84514e-04      5.00000e+00      3.94193e-05
    1.31871e+01      3.84428e-04      5.00000e+00      3.94106e-05
    1.33646e+01      3.84339e-04      5.00000e+00      3.94015e-05
    1.35445e+01      3.84250e-04      5.00000e+00      3.93923e-05
    1.37268e+01      3.84159e-04      5.00000e+00      3.93830e-05
    1.39115e+01      3.84073e-04      5.00000e+00      3.93740e-05
    1.40988e+01      3.83978e-04      5.00000e+00      3.93643e-05
    1.42885e+01      3.83885e-04      5.00000e+00      3.93547e-05
    1.44808e+01      3.83796e-04      5.00000e+00      3.93454e-05
    1.46757e+01      3.83696e-04      5.00000e+00      3.93350e-05
    1.48732e+01      3.83600e-04      5.00000e+00      3.93250e-05
    1.50734e+01      3.83502e-04      5.00000e+00      3.93148e-05
    1.52763e+01      3.83405e-04      5.00000e+00      3.93047e-05
    1.54819e+01      3.83305e-04      5.00000e+00      3.92942e-05
    1.56903e+01      3.83202e-04      5.00000e+00      3.92834e-05
    1.59014e+01      3.83102e-04      5.00000e+00      3.92729e-05
    1.61155e+01      3.82999e-04      5.00000e+00      3.92620e-05
    1.63323e+01      3.82895e-04      5.00000e+00      3.92511e-05
    1.65522e+01      3.82788e-04      5.00000e+00      3.92398e-05
    1.67749e+01      3.82680e-04      5.00000e+00      3.92284e-05
    1.70007e+01      3.82573e-04      5.00000e+00      3.92170e-05
    1.72295e+01      3.82464e-04      5.00000e+00      3.92054e-05
    1.74614e+01      3.82352e-04      5.00000e+00      3.91935e-05
    1.76964e+01      3.82241e-04      5.00000e+00      3.91816e-05
    1.79346e+01      3.82129e-04      5.00000e+00      3.91696e-05
    1.81760e+01      3.82014e-04      5.00000e+00      3.91573e-05
    1.84206e+01      3.81898e-04      5.00000e+00      3.91448e-05
    1.86685e+01      3.81781e-04      5.00000e+00      3.91323e-05
    1.89198e+01      3.81662e-04      5.00000e+00      3.91195e-05
    1.91744e+01      3.81543e-04      5.00000e+00      3.91066e-05
    1.94325e+01      3.81420e-04      5.00000e+00      3.90933e-05
    1.96940e+01      3.81295e-04      5.00000e+00      3.90798e-05
    1.99591e+01      3.81174e-04      5.00000e+00      3.90666e-05
    2.02277e+01      3.81047e-04      5.00000e+00      3.90528e-05
    2.05000e+01      3.80919e-04      5.00000e+00      3.90388e-05
    2.07759e+01      3.80788e-04      5.00000e+00      3.90244e-05
    2.10555e+01      3.80658e-04      5.00000e+00      3.90102e-05
    2.13389e+01      3.80527e-04      5.00000e+00      3.89957e-05
    2.16261e+01      3.80394e-04      5.00000e+00      3.89811e-05
    2.19171e+01      3.80260e-04      5.00000e+00      3.89663e-05
    2.22121e+01      3.80122e-04      5.00000e+00      3.89510e-05
    2.25111e+01      3.79984e-04      5.00000e+00      3.89356e-05
    2.28140e+01      3.79845e-04      5.00000e+00      3.89202e-05
    2.31211e+01      3.79703e-04      5.00000e+00      3.89043e-05
    2.34323e+01      3.79559e-04      5.00000e+00      3.88883e-05
    2.37477e+01      3.79415e-04      5.00000e+00      3.88721e-05
    2.40673e+01      3.79270e-04      5.00000e+00      3.88558e-05
    2.43912e+01      3.79121e-04      5.00000e+00      3.88390e-05
    2.47195e+01      3.78972e-04      5.00000e+00      3.88221e-05
    2.50522e+01      3.78822e-04      5.00000e+00      3.88052e-05
    2.53894e+01      3.78669e-04      5.00000e+00      3.87878e-05
    2.57311e+01      3.78513e-04      5.00000e+00      3.87700e-05
    2.60774e+01      3.78356e-04      5.00000e+00      3.87522e-05
    2.64284e+01      3.78199e-04      5.00000e+00      3.87342e-05
    2.67840e+01      3.78037e-04      5.00000e+00      3.87157e-05
    2.71445e+01      3.77875e-04      5.00000e+00      3.86970e-05
    2.75099e+01      3.77712e-04      5.00000e+00      3.86783e-05
    2.78801e+01      3.77546e-04      5.00000e+00      3.86592e-05
    2.82554e+01      3.77379e-04      5.00000e+00      3.86398e-05
    2.86356e+01      3.77209e-04      5.00000e+00      3.86201e-05
    2.90211e+01      3.77036e-04      5.00000e+00      3.86000e-05
    2.94116e+01      3.76865e-04      5.00000e+00      3.85800e-05
    2.98075e+01      3.76689e-04      5.00000e+00      3.85594e-05
    3.02087e+01      3.76657e-04      5.00000e+00      3.85387e-05
    3.06153e+01      3.76333e-04      5.00000e+00      3.85177e-05
    3.10273e+01      3.76150e-04      5.00000e+00      3.84962e-05
    3.14449e+01      3.75968e-04      5.00000e+00      3.84746e-05
    3.18681e+01      3.75781e-04      5.00000e+00      3.84525e-05
    3.22970e+01      3.75595e-04      5.00000e+00      3.84305e-05
    3.27317e+01      3.75406e-04      5.00000e+00      3.84080e-05
    3.31722e+01      3.75217e-04      5.00000e+00      3.83854e-05
    3.36187e+01      3.75022e-04      5.00000e+00      3.83622e-05
    3.40712e+01      3.74822e-04      5.00000e+00      3.83383e-05
    3.45297e+01      3.74630e-04      5.00000e+00      3.83151e-05
    3.49945e+01      3.74429e-04      5.00000e+00      3.82910e-05
    3.54655e+01      3.74226e-04      5.00000e+00      3.82665e-05
    3.59428e+01      3.74023e-04      5.00000e+00      3.82419e-05
    3.64265e+01      3.73818e-04      5.00000e+00      3.82169e-05
    3.69168e+01      3.73609e-04      5.00000e+00      3.81915e-05
    3.74137e+01      3.73401e-04      5.00000e+00      3.81661e-05
    3.79172e+01      3.73185e-04      5.00000e+00      3.81397e-05
    3.84275e+01      3.72969e-04      5.00000e+00      3.81132e-05
    3.89447e+01      3.72753e-04      5.00000e+00      3.80866e-05
    3.94689e+01      3.72531e-04      5.00000e+00      3.80594e-05
    4.00001e+01      3.72309e-04      5.00000e+00      3.80319e-05
