    Er (keV)         SM dN/dE         BG dN/dE        BSM dN/dE (events/kg/day/keV)
    1.00100e-01      6.45270e+01      1.00000e+02      1.65322e+04
    1.01247e-01      6.38940e+01      1.00000e+02      1.61268e+04
    1.02408e-01      6.32537e+01      1.00000e+02      1.57167e+04
    1.03582e-01      6.26061e+01      1.00000e+02      1.53018e+04
    1.04769e-01      6.19510e+01      1.00000e+02      1.48822e+04
    1.05970e-01      6.12884e+01      1.00000e+02      1.44578e+04
    1.07184e-01      6.06182e+01      1.00000e+02      1.40286e+04
    1.08413e-01      5.99404e+01      1.00000e+02      1.35944e+04
    1.09655e-01      5.92547e+01      1.00000e+02      1.31552e+04
    1.10912e-01      5.85612e+01      1.00000e+02      1.27110e+04
    1.12184e-01      5.78597e+01      1.00000e+02      1.22617e+04
    1.13470e-01      5.71502e+01      1.00000e+02      1.18072e+04
    1.14770e-01      5.64326e+01      1.00000e+02      1.13475e+04
    1.16086e-01      5.57067e+01      1.00000e+02      1.08826e+04
    1.17417e-01      5.49725e+01      1.00000e+02      1.04123e+04
    1.18763e-01      5.42298e+01      1.00000e+02      9.93660e+03
    1.20124e-01      5.34787e+01      1.00000e+02      9.45546e+03
    1.21501e-01      5.27189e+01      1.00000e+02      8.96880e+03
    1.22894e-01      5.19504e+01      1.00000e+02      8.47656e+03
    1.24303e-01      5.11731e+01      1.00000e+02      7.97866e+03
    1.25728e-01      5.04249e+01      1.00000e+02      7.52381e+03
    1.27169e-01      4.98824e+01      1.00000e+02      7.33770e+03
    1.28627e-01      4.93336e+01      1.00000e+02      7.14946e+03
    1.30101e-01      4.87785e+01      1.00000e+02      6.95906e+03
    1.31593e-01      4.82170e+01      1.00000e+02      6.76648e+03
    1.33101e-01      4.76491e+01      1.00000e+02      6.57169e+03
    1.34627e-01      4.70747e+01      1.00000e+02      6.37466e+03
    1.36171e-01      4.64936e+01      1.00000e+02      6.17537e+03
    1.37732e-01      4.59060e+01      1.00000e+02      5.97380e+03
    1.39311e-01      4.53115e+01      1.00000e+02      5.76991e+03
    1.40908e-01      4.47103e+01      1.00000e+02      5.56368e+03
    1.42523e-01      4.41021e+01      1.00000e+02      5.35509e+03
    1.44157e-01      4.34870e+01      1.00000e+02      5.14410e+03
    1.45810e-01      4.28648e+01      1.00000e+02      4.93070e+03
    1.47482e-01      4.22355e+01      1.00000e+02      4.71484e+03
    1.49173e-01      4.15990e+01      1.00000e+02      4.49651e+03
    1.50883e-01      4.09552e+01      1.00000e+02      4.27567e+03
    1.52613e-01      4.03039e+01      1.00000e+02      4.05230e+03
    1.54363e-01      3.96452e+01      1.00000e+02      3.82637e+03
    1.56133e-01      3.89908e+01      1.00000e+02      3.60605e+03
    1.57923e-01      3.85061e+01      1.00000e+02      3.50570e+03
    1.59733e-01      3.80159e+01      1.00000e+02      3.40420e+03
    1.61565e-01      3.75200e+01      1.00000e+02      3.30154e+03
    1.63417e-01      3.70184e+01      1.00000e+02      3.19770e+03
    1.65291e-01      3.65111e+01      1.00000e+02      3.09267e+03
    1.67186e-01      3.59979e+01      1.00000e+02      2.98643e+03
    1.69103e-01      3.54789e+01      1.00000e+02      2.87897e+03
    1.71042e-01      3.49539e+01      1.00000e+02      2.77028e+03
    1.73003e-01      3.44229e+01      1.00000e+02      2.66035e+03
    1.74987e-01      3.38858e+01      1.00000e+02      2.54915e+03
    1.76994e-01      3.33425e+01      1.00000e+02      2.43668e+03
    1.79023e-01      3.27930e+01      1.00000e+02      2.32291e+03
    1.81076e-01      3.22372e+01      1.00000e+02      2.20785e+03
    1.83152e-01      3.16750e+01      1.00000e+02      2.09146e+03
    1.85252e-01      3.11064e+01      1.00000e+02      1.97373e+03
    1.87377e-01      3.05894e+01      1.00000e+02      1.87901e+03
    1.89525e-01      3.01553e+01      1.00000e+02      1.82042e+03
    1.91698e-01      2.97163e+01      1.00000e+02      1.76116e+03
    1.93897e-01      2.92723e+01      1.00000e+02      1.70122e+03
    1.96120e-01      2.88231e+01      1.00000e+02      1.64060e+03
    1.98369e-01      2.83688e+01      1.00000e+02      1.57927e+03
    2.00644e-01      2.79093e+01      1.00000e+02      1.51725e+03
    2.02944e-01      2.74445e+01      1.00000e+02      1.45451e+03
    2.05272e-01      2.69744e+01      1.00000e+02      1.39105e+03
    2.07626e-01      2.64988e+01      1.00000e+02      1.32686e+03
    2.10006e-01      2.60179e+01      1.00000e+02      1.26194e+03
    2.12415e-01      2.55314e+01      1.00000e+02      1.19627e+03
    2.14851e-01      2.50393e+01      1.00000e+02      1.12985e+03
    2.17314e-01      2.45548e+01      1.00000e+02      1.06621e+03
    2.19806e-01      2.41717e+01      1.00000e+02      1.03047e+03
    2.22327e-01      2.37841e+01      1.00000e+02      9.94330e+02
    2.24877e-01      2.33922e+01      1.00000e+02      9.57772e+02
    2.27455e-01      2.29957e+01      1.00000e+02      9.20795e+02
    2.30064e-01      2.25947e+01      1.00000e+02      8.83393e+02
    2.32702e-01      2.21891e+01      1.00000e+02      8.45562e+02
    2.35371e-01      2.17788e+01      1.00000e+02      8.07297e+02
    2.38070e-01      2.13639e+01      1.00000e+02      7.68593e+02
    2.40800e-01      2.09441e+01      1.00000e+02      7.29445e+02
    2.43562e-01      2.05196e+01      1.00000e+02      6.89848e+02
    2.46355e-01      2.00902e+01      1.00000e+02      6.49796e+02
    2.49180e-01      1.97097e+01      1.00000e+02      6.19539e+02
    2.52038e-01      1.93647e+01      1.00000e+02      5.96548e+02
    2.54928e-01      1.90158e+01      1.00000e+02      5.73294e+02
    2.57852e-01      1.86629e+01      1.00000e+02      5.49772e+02
    2.60809e-01      1.83059e+01      1.00000e+02      5.25981e+02
    2.63800e-01      1.79449e+01      1.00000e+02      5.01916e+02
    2.66826e-01      1.75797e+01      1.00000e+02      4.77576e+02
    2.69886e-01      1.72103e+01      1.00000e+02      4.52956e+02
    2.72981e-01      1.68367e+01      1.00000e+02      4.28054e+02
    2.76112e-01      1.64588e+01      1.00000e+02      4.02866e+02
    2.79278e-01      1.61082e+01      1.00000e+02      3.81473e+02
    2.82481e-01      1.58048e+01      1.00000e+02      3.66451e+02
    2.85721e-01      1.54979e+01      1.00000e+02      3.51257e+02
    2.88998e-01      1.51875e+01      1.00000e+02      3.35889e+02
    2.92313e-01      1.48736e+01      1.00000e+02      3.20344e+02
    2.95665e-01      1.45560e+01      1.00000e+02      3.04620e+02
    2.99056e-01      1.42348e+01      1.00000e+02      2.88717e+02
    3.02486e-01      1.39100e+01      1.00000e+02      2.72631e+02
    3.05955e-01      1.35813e+01      1.00000e+02      2.56360e+02
    3.09464e-01      1.32663e+01      1.00000e+02      2.41556e+02
    3.13013e-01      1.29991e+01      1.00000e+02      2.31482e+02
    3.16603e-01      1.27287e+01      1.00000e+02      2.21292e+02
    3.20235e-01      1.24553e+01      1.00000e+02      2.10985e+02
    3.23908e-01      1.21788e+01      1.00000e+02      2.00560e+02
    3.27623e-01      1.18990e+01      1.00000e+02      1.90015e+02
    3.31380e-01      1.16161e+01      1.00000e+02      1.79350e+02
    3.35181e-01      1.13299e+01      1.00000e+02      1.68562e+02
    3.39025e-01      1.10404e+01      1.00000e+02      1.57650e+02
    3.42914e-01      1.08042e+01      1.00000e+02      1.50708e+02
    3.46847e-01      1.05660e+01      1.00000e+02      1.43747e+02
    3.50825e-01      1.03252e+01      1.00000e+02      1.36705e+02
    3.54849e-01      1.00815e+01      1.00000e+02      1.29584e+02
    3.58919e-01      9.83512e+00      1.00000e+02      1.22380e+02
    3.63035e-01      9.58587e+00      1.00000e+02      1.15094e+02
    3.67199e-01      9.33376e+00      1.00000e+02      1.07724e+02
    3.71411e-01      9.09961e+00      1.00000e+02      1.01433e+02
    3.75671e-01      8.89051e+00      1.00000e+02      9.66169e+01
    3.79980e-01      8.67900e+00      1.00000e+02      9.17457e+01
    3.84338e-01      8.46508e+00      1.00000e+02      8.68185e+01
    3.88747e-01      8.24869e+00      1.00000e+02      8.18349e+01
    3.93205e-01      8.02983e+00      1.00000e+02      7.67941e+01
    3.97716e-01      7.80845e+00      1.00000e+02      7.16954e+01
    4.02277e-01      7.60409e+00      1.00000e+02      6.73949e+01
    4.06891e-01      7.41909e+00      1.00000e+02      6.39955e+01
    4.11559e-01      7.23196e+00      1.00000e+02      6.05572e+01
    4.16279e-01      7.04268e+00      1.00000e+02      5.70794e+01
    4.21054e-01      6.85124e+00      1.00000e+02      5.35617e+01
    4.25883e-01      6.65759e+00      1.00000e+02      5.00036e+01
    4.30768e-01      6.46285e+00      1.00000e+02      4.64436e+01
    4.35709e-01      6.30012e+00      1.00000e+02      4.40327e+01
    4.40707e-01      6.13552e+00      1.00000e+02      4.15941e+01
    4.45762e-01      5.96903e+00      1.00000e+02      3.91276e+01
    4.50875e-01      5.80063e+00      1.00000e+02      3.66328e+01
    4.56047e-01      5.63031e+00      1.00000e+02      3.41093e+01
    4.61278e-01      5.45891e+00      1.00000e+02      3.15818e+01
    4.66569e-01      5.31479e+00      1.00000e+02      2.98473e+01
    4.71921e-01      5.16902e+00      1.00000e+02      2.80929e+01
    4.77334e-01      5.02158e+00      1.00000e+02      2.63184e+01
    4.82809e-01      4.87244e+00      1.00000e+02      2.45235e+01
    4.88347e-01      4.72159e+00      1.00000e+02      2.27080e+01
    4.93949e-01      4.57977e+00      1.00000e+02      2.11155e+01
    4.99615e-01      4.45173e+00      1.00000e+02      1.98543e+01
    5.05345e-01      4.32223e+00      1.00000e+02      1.85788e+01
    5.11142e-01      4.19124e+00      1.00000e+02      1.72885e+01
    5.17005e-01      4.05875e+00      1.00000e+02      1.59835e+01
    5.22936e-01      3.92765e+00      1.00000e+02      1.47188e+01
    5.28934e-01      3.81412e+00      1.00000e+02      1.38019e+01
    5.35001e-01      3.69929e+00      1.00000e+02      1.28745e+01
    5.41138e-01      3.58314e+00      1.00000e+02      1.19365e+01
    5.47345e-01      3.46566e+00      1.00000e+02      1.09877e+01
    5.53624e-01      3.34981e+00      1.00000e+02      1.00739e+01
    5.59974e-01      3.24903e+00      1.00000e+02      9.40348e+00
    5.66398e-01      3.14711e+00      1.00000e+02      8.72538e+00
    5.72895e-01      3.04401e+00      1.00000e+02      8.03950e+00
    5.79466e-01      2.93973e+00      1.00000e+02      7.34575e+00
    5.86113e-01      2.84154e+00      1.00000e+02      6.73898e+00
    5.92837e-01      2.75147e+00      1.00000e+02      6.24558e+00
    5.99637e-01      2.66036e+00      1.00000e+02      5.74653e+00
    6.06516e-01      2.56821e+00      1.00000e+02      5.24175e+00
    6.13473e-01      2.47500e+00      1.00000e+02      4.73117e+00
    6.20510e-01      2.39460e+00      1.00000e+02      4.36642e+00
    6.27628e-01      2.31369e+00      1.00000e+02      4.00198e+00
    6.34827e-01      2.23185e+00      1.00000e+02      3.63337e+00
    6.42110e-01      2.14907e+00      1.00000e+02      3.26052e+00
    6.49475e-01      2.07431e+00      1.00000e+02      2.96514e+00
    6.56926e-01      2.00224e+00      1.00000e+02      2.69878e+00
    6.64461e-01      1.92935e+00      1.00000e+02      2.42937e+00
    6.72083e-01      1.85562e+00      1.00000e+02      2.15686e+00
    6.79793e-01      1.78797e+00      1.00000e+02      1.93624e+00
    6.87591e-01      1.72312e+00      1.00000e+02      1.74158e+00
    6.95478e-01      1.65754e+00      1.00000e+02      1.54469e+00
    7.03456e-01      1.59120e+00      1.00000e+02      1.34554e+00
    7.11526e-01      1.53170e+00      1.00000e+02      1.19245e+00
    7.19688e-01      1.47365e+00      1.00000e+02      1.05112e+00
    7.27944e-01      1.41493e+00      1.00000e+02      9.08180e-01
    7.36294e-01      1.35613e+00      1.00000e+02      7.66731e-01
    7.44741e-01      1.30458e+00      1.00000e+02      6.66163e-01
    7.53284e-01      1.25243e+00      1.00000e+02      5.64440e-01
    7.61925e-01      1.19969e+00      1.00000e+02      4.61551e-01
    7.70665e-01      1.15012e+00      1.00000e+02      3.74482e-01
    7.79506e-01      1.10367e+00      1.00000e+02      3.03063e-01
    7.88448e-01      1.05669e+00      1.00000e+02      2.30825e-01
    7.97492e-01      1.00976e+00      1.00000e+02      1.59816e-01
    8.06641e-01      9.68818e-01      1.00000e+02      1.10760e-01
    8.15894e-01      9.27408e-01      1.00000e+02      6.11410e-02
    8.25254e-01      8.85522e-01      1.00000e+02      1.09526e-02
    8.34721e-01      8.47135e-01      1.00000e+02      -2.56884e-02
    8.44296e-01      8.09378e-01      1.00000e+02      -5.89448e-02
    8.53981e-01      7.71188e-01      1.00000e+02      -9.25828e-02
    8.63778e-01      7.36037e-01      1.00000e+02      -1.18440e-01
    8.73687e-01      7.02687e-01      1.00000e+02      -1.39417e-01
    8.83709e-01      6.68953e-01      1.00000e+02      -1.60635e-01
    8.93847e-01      6.37268e-01      1.00000e+02      -1.76821e-01
    9.04101e-01      6.07230e-01      1.00000e+02      -1.88838e-01
    9.14472e-01      5.76847e-01      1.00000e+02      -2.00992e-01
    9.24963e-01      5.48560e-01      1.00000e+02      -2.09285e-01
    9.35574e-01      5.21667e-01      1.00000e+02      -2.14858e-01
    9.46306e-01      4.94466e-01      1.00000e+02      -2.20495e-01
    9.57162e-01      4.69597e-01      1.00000e+02      -2.22728e-01
    9.68142e-01      4.45455e-01      1.00000e+02      -2.23660e-01
    9.79248e-01      4.21035e-01      1.00000e+02      -2.24602e-01
    9.90482e-01      3.99418e-01      1.00000e+02      -2.22442e-01
    1.00184e+00      3.77714e-01      1.00000e+02      -2.20095e-01
    1.01334e+00      3.56553e-01      1.00000e+02      -2.17183e-01
    1.02496e+00      3.37389e-01      1.00000e+02      -2.12717e-01
    1.03672e+00      3.18006e-01      1.00000e+02      -2.08201e-01
    1.04861e+00      3.00079e-01      1.00000e+02      -2.02782e-01
    1.06064e+00      2.82839e-01      1.00000e+02      -1.96848e-01
    1.07281e+00      2.65695e-01      1.00000e+02      -1.90776e-01
    1.08512e+00      2.50497e-01      1.00000e+02      -1.84116e-01
    1.09757e+00      2.35125e-01      1.00000e+02      -1.77380e-01
    1.11016e+00      2.20865e-01      1.00000e+02      -1.70346e-01
    1.12289e+00      2.07111e-01      1.00000e+02      -1.63116e-01
    1.13577e+00      1.93758e-01      1.00000e+02      -1.55883e-01
    1.14880e+00      1.81809e-01      1.00000e+02      -1.48788e-01
    1.16198e+00      1.69723e-01      1.00000e+02      -1.41611e-01
    1.17531e+00      1.58667e-01      1.00000e+02      -1.34319e-01
    1.18880e+00      1.47568e-01      1.00000e+02      -1.26941e-01
    1.20243e+00      1.37461e-01      1.00000e+02      -1.19888e-01
    1.21623e+00      1.27810e-01      1.00000e+02      -1.12963e-01
    1.23018e+00      1.18671e-01      1.00000e+02      -1.06224e-01
    1.24429e+00      1.10192e-01      1.00000e+02      -9.97325e-02
    1.25857e+00      1.01930e-01      1.00000e+02      -9.33129e-02
    1.27301e+00      9.43401e-02      1.00000e+02      -8.71760e-02
    1.28761e+00      8.68725e-02      1.00000e+02      -8.10941e-02
    1.30238e+00      8.02472e-02      1.00000e+02      -7.54983e-02
    1.31732e+00      7.36680e-02      1.00000e+02      -6.99183e-02
    1.33243e+00      6.78543e-02      1.00000e+02      -6.48252e-02
    1.34772e+00      6.20741e-02      1.00000e+02      -5.97453e-02
    1.36318e+00      5.69856e-02      1.00000e+02      -5.51494e-02
    1.37882e+00      5.19568e-02      1.00000e+02      -5.05919e-02
    1.39464e+00      4.75317e-02      1.00000e+02      -4.64930e-02
    1.41064e+00      4.32105e-02      1.00000e+02      -4.24728e-02
    1.42682e+00      3.93599e-02      1.00000e+02      -3.88292e-02
    1.44319e+00      3.56703e-02      1.00000e+02      -3.53181e-02
    1.45974e+00      3.23226e-02      1.00000e+02      -3.20930e-02
    1.47649e+00      2.92147e-02      1.00000e+02      -2.90786e-02
    1.49343e+00      2.63419e-02      1.00000e+02      -2.62707e-02
    1.51056e+00      2.37513e-02      1.00000e+02      -2.37175e-02
    1.52789e+00      2.12639e-02      1.00000e+02      -2.12558e-02
    1.54542e+00      1.91198e-02      1.00000e+02      -1.91140e-02
    1.56315e+00      1.70477e-02      1.00000e+02      -1.70395e-02
    1.58108e+00      1.52307e-02      1.00000e+02      -1.52081e-02
    1.59922e+00      1.35369e-02      1.00000e+02      -1.34958e-02
    1.61757e+00      1.19648e-02      1.00000e+02      -1.19009e-02
    1.63612e+00      1.06171e-02      1.00000e+02      -1.05280e-02
    1.65489e+00      9.34848e-03      1.00000e+02      -9.23374e-03
    1.67388e+00      8.25357e-03      1.00000e+02      -8.11316e-03
    1.69308e+00      7.24572e-03      1.00000e+02      -7.08012e-03
    1.71250e+00      6.29765e-03      1.00000e+02      -6.10715e-03
    1.73215e+00      5.52727e-03      1.00000e+02      -5.31512e-03
    1.75202e+00      4.82012e-03      1.00000e+02      -4.58775e-03
    1.77212e+00      4.18488e-03      1.00000e+02      -3.93392e-03
    1.79245e+00      3.66523e-03      1.00000e+02      -3.39884e-03
    1.81302e+00      3.19625e-03      1.00000e+02      -2.91590e-03
    1.83382e+00      2.78217e-03      1.00000e+02      -2.48945e-03
    1.85485e+00      2.45259e-03      1.00000e+02      -2.15015e-03
    1.87613e+00      2.16028e-03      1.00000e+02      -1.84932e-03
    1.89766e+00      1.90546e-03      1.00000e+02      -1.58719e-03
    1.91943e+00      1.69871e-03      1.00000e+02      -1.37474e-03
    1.94145e+00      1.52119e-03      1.00000e+02      -1.19256e-03
    1.96372e+00      1.36520e-03      1.00000e+02      -1.03271e-03
    1.98625e+00      1.22909e-03      1.00000e+02      -8.93488e-04
    2.00903e+00      1.12359e-03      1.00000e+02      -7.77864e-04
    2.03208e+00      1.02460e-03      1.00000e+02      -6.74284e-04
    2.05540e+00      9.33481e-04      1.00000e+02      -5.81879e-04
    2.07898e+00      8.52020e-04      1.00000e+02      -4.99529e-04
    2.10283e+00      7.80689e-04      1.00000e+02      -4.27787e-04
    2.12695e+00      7.19593e-04      1.00000e+02      -3.66432e-04
    2.15135e+00      6.65531e-04      1.00000e+02      -3.12314e-04
    2.17603e+00      6.17260e-04      1.00000e+02      -2.64188e-04
    2.20100e+00      5.75062e-04      1.00000e+02      -2.22272e-04
    2.22625e+00      5.39809e-04      1.00000e+02      -1.87414e-04
    2.25179e+00      5.09336e-04      1.00000e+02      -1.57400e-04
    2.27762e+00      4.83084e-04      1.00000e+02      -1.31645e-04
    2.30375e+00      4.60729e-04      1.00000e+02      -1.09801e-04
    2.33018e+00      4.41743e-04      1.00000e+02      -9.13321e-05
    2.35691e+00      4.25466e-04      1.00000e+02      -7.55793e-05
    2.38395e+00      4.11801e-04      1.00000e+02      -6.24166e-05
    2.41130e+00      4.00446e-04      1.00000e+02      -5.15436e-05
    2.43897e+00      3.90827e-04      1.00000e+02      -4.23867e-05
    2.46695e+00      3.82679e-04      1.00000e+02      -3.46764e-05
    2.49525e+00      3.75729e-04      1.00000e+02      -2.81411e-05
    2.52387e+00      3.69802e-04      1.00000e+02      -2.26061e-05
    2.55283e+00      3.64770e-04      1.00000e+02      -1.79390e-05
    2.58212e+00      3.60520e-04      1.00000e+02      -1.40249e-05
    2.61174e+00      3.56955e-04      1.00000e+02      -1.07671e-05
    2.64170e+00      3.54000e-04      1.00000e+02      -8.08440e-06
    2.67201e+00      3.51588e-04      1.00000e+02      -5.91077e-06
    2.70266e+00      3.49661e-04      1.00000e+02      -4.18859e-06
    2.73367e+00      3.48165e-04      1.00000e+02      -2.86074e-06
    2.76503e+00      3.47039e-04      1.00000e+02      -1.87035e-06
    2.79675e+00      3.46224e-04      1.00000e+02      -1.16106e-06
    2.82884e+00      3.45661e-04      1.00000e+02      -6.77799e-07
    2.86129e+00      3.45291e-04      1.00000e+02      -3.68032e-07
    2.89412e+00      3.45063e-04      1.00000e+02      -1.81732e-07
    2.92732e+00      3.44929e-04      1.00000e+02      -7.79744e-08
    2.96091e+00      3.44847e-04      1.00000e+02      -2.67565e-08
    2.99488e+00      3.44810e-04      1.00000e+02      -5.61584e-09
    3.02923e+00      3.44784e-04      1.00000e+02      -3.25276e-10
    3.06399e+00      3.44766e-04      1.00000e+02      -4.03490e-187
    3.09914e+00      3.44746e-04      1.00000e+02      -5.79954e-187
    3.13469e+00      3.44726e-04      1.00000e+02      -7.94574e-187
    3.17066e+00      3.44706e-04      1.00000e+02      -1.04696e-186
    3.20703e+00      3.44687e-04      1.00000e+02      -1.33670e-186
    3.24382e+00      3.44666e-04      1.00000e+02      -1.66812e-186
    3.28104e+00      3.44644e-04      1.00000e+02      -2.03605e-186
    3.31868e+00      3.44624e-04      1.00000e+02      -2.44005e-186
    3.35675e+00      3.44603e-04      1.00000e+02      -2.87969e-186
    3.39527e+00      3.44582e-04      1.00000e+02      -3.35775e-186
    3.43422e+00      3.44561e-04      1.00000e+02      -3.87231e-186
    3.47362e+00      3.44539e-04      1.00000e+02      -4.42109e-186
    3.51347e+00      3.44517e-04      1.00000e+02      -5.00437e-186
    3.55378e+00      3.44497e-04      1.00000e+02      -5.62529e-186
    3.59455e+00      3.44474e-04      1.00000e+02      -6.27897e-186
    3.63579e+00      3.44451e-04      1.00000e+02      -6.96572e-186
    3.67750e+00      3.44429e-04      1.00000e+02      -7.68851e-186
    3.71969e+00      3.44406e-04      1.00000e+02      -8.44260e-186
    3.76236e+00      3.44393e-04      1.00000e+02      -9.22994e-186
    3.80553e+00      3.44360e-04      1.00000e+02      -1.00500e-185
    3.84919e+00      3.44336e-04      1.00000e+02      -1.09004e-185
    3.89335e+00      3.44313e-04      1.00000e+02      -1.17842e-185
    3.93801e+00      3.44289e-04      1.00000e+02      -1.26968e-185
    3.98319e+00      3.44265e-04      1.00000e+02      -1.36418e-185
    4.02889e+00      3.44241e-04      1.00000e+02      -1.46150e-185
    4.07511e+00      3.44215e-04      1.00000e+02      -1.56191e-185
    4.12186e+00      3.44191e-04      1.00000e+02      -1.66507e-185
    4.16915e+00      3.44165e-04      1.00000e+02      -1.77123e-185
    4.21698e+00      3.44140e-04      1.00000e+02      -1.88007e-185
    4.26536e+00      3.44114e-04      1.00000e+02      -1.99175e-185
    4.31430e+00      3.44088e-04      1.00000e+02      -2.10608e-185
    4.36379e+00      3.44065e-04      1.00000e+02      -2.22304e-185
    4.41386e+00      3.44037e-04      1.00000e+02      -2.34267e-185
    4.46450e+00      3.44009e-04      1.00000e+02      -2.46479e-185
    4.51572e+00      3.43983e-04      1.00000e+02      -2.58942e-185
    4.56752e+00      3.43955e-04      1.00000e+02      -2.71654e-185
    4.61992e+00      3.43927e-04      1.00000e+02      -2.84603e-185
    4.67293e+00      3.43903e-04      1.00000e+02      -2.97785e-185
    4.72654e+00      3.43872e-04      1.00000e+02      -3.11201e-185
    4.78076e+00      3.43844e-04      1.00000e+02      -3.24841e-185
    4.83561e+00      3.43815e-04      1.00000e+02      -3.38699e-185
    4.89109e+00      3.43786e-04      1.00000e+02      -3.52772e-185
    4.94720e+00      3.43757e-04      1.00000e+02      -3.67054e-185
    5.00396e+00      3.43729e-04      1.00000e+02      -3.81542e-185
    5.06137e+00      3.43699e-04      1.00000e+02      -3.96229e-185
    5.11944e+00      3.43670e-04      1.00000e+02      -4.11110e-185
    5.17817e+00      3.43640e-04      1.00000e+02      -4.26181e-185
    5.23758e+00      3.43610e-04      1.00000e+02      -4.41435e-185
    5.29767e+00      3.43580e-04      1.00000e+02      -4.56868e-185
    5.35844e+00      3.43552e-04      1.00000e+02      -4.72475e-185
    5.41992e+00      3.43520e-04      1.00000e+02      -4.88251e-185
    5.48210e+00      3.43490e-04      1.00000e+02      -5.04191e-185
    5.54500e+00      3.43484e-04      1.00000e+02      -5.20290e-185
    5.60861e+00      3.43428e-04      1.00000e+02      -5.36542e-185
    5.67296e+00      3.43397e-04      1.00000e+02      -5.52943e-185
    5.73804e+00      3.43368e-04      1.00000e+02      -5.69489e-185
    5.80387e+00      3.43335e-04      1.00000e+02      -5.86172e-185
    5.87046e+00      3.43303e-04      1.00000e+02      -6.02989e-185
    5.93781e+00      3.43271e-04      1.00000e+02      -6.19935e-185
    6.00593e+00      3.43241e-04      1.00000e+02      -6.37005e-185
    6.07483e+00      3.43208e-04      1.00000e+02      -6.54196e-185
    6.14453e+00      3.43175e-04      1.00000e+02      -6.71497e-185
    6.21502e+00      3.43142e-04      1.00000e+02      -6.88909e-185
    6.28633e+00      3.43109e-04      1.00000e+02      -7.06426e-185
    6.35845e+00      3.43077e-04      1.00000e+02      -7.24041e-185
    6.43140e+00      3.43044e-04      1.00000e+02      -7.41751e-185
    6.50518e+00      3.43009e-04      1.00000e+02      -7.59552e-185
    6.57981e+00      3.42975e-04      1.00000e+02      -7.77435e-185
    6.65530e+00      3.42941e-04      1.00000e+02      -7.95402e-185
    6.73166e+00      3.42903e-04      1.00000e+02      -8.13440e-185
    6.80889e+00      3.42868e-04      1.00000e+02      -8.31553e-185
    6.88700e+00      3.42832e-04      1.00000e+02      -8.49728e-185
    6.96602e+00      3.42797e-04      1.00000e+02      -8.67967e-185
    7.04593e+00      3.42760e-04      1.00000e+02      -8.86262e-185
    7.12677e+00      3.42723e-04      1.00000e+02      -9.04607e-185
    7.20853e+00      3.42685e-04      1.00000e+02      -9.23003e-185
    7.29124e+00      3.42647e-04      1.00000e+02      -9.41439e-185
    7.37489e+00      3.42610e-04      1.00000e+02      -9.59913e-185
    7.45950e+00      3.42568e-04      1.00000e+02      -9.78422e-185
    7.54508e+00      3.42529e-04      1.00000e+02      -9.96960e-185
    7.63164e+00      3.42490e-04      1.00000e+02      -1.01552e-184
    7.71920e+00      3.42449e-04      1.00000e+02      -1.03411e-184
    7.80776e+00      3.42411e-04      1.00000e+02      -1.05270e-184
    7.89733e+00      3.42370e-04      1.00000e+02      -1.07131e-184
    7.98794e+00      3.42329e-04      1.00000e+02      -1.08993e-184
    8.07958e+00      3.42288e-04      1.00000e+02      -1.10855e-184
    8.17227e+00      3.42245e-04      1.00000e+02      -1.12716e-184
    8.26603e+00      3.42202e-04      1.00000e+02      -1.14578e-184
    8.36087e+00      3.42159e-04      1.00000e+02      -1.16438e-184
    8.45679e+00      3.42116e-04      1.00000e+02      -1.18296e-184
    8.55381e+00      3.42072e-04      1.00000e+02      -1.20153e-184
    8.65195e+00      3.42027e-04      1.00000e+02      -1.22007e-184
    8.75121e+00      3.41982e-04      1.00000e+02      -1.23859e-184
    8.85161e+00      3.41937e-04      1.00000e+02      -1.25708e-184
    8.95316e+00      3.41890e-04      1.00000e+02      -1.27552e-184
    9.05588e+00      3.41844e-04      1.00000e+02      -1.29393e-184
    9.15977e+00      3.41798e-04      1.00000e+02      -1.31230e-184
    9.26486e+00      3.41750e-04      1.00000e+02      -1.33062e-184
    9.37116e+00      3.41703e-04      1.00000e+02      -1.34888e-184
    9.47867e+00      3.41654e-04      1.00000e+02      -1.36709e-184
    9.58742e+00      3.41607e-04      1.00000e+02      -1.38524e-184
    9.69741e+00      3.41557e-04      1.00000e+02      -1.40333e-184
    9.80867e+00      3.41506e-04      1.00000e+02      -1.42135e-184
    9.92120e+00      3.41457e-04      1.00000e+02      -1.43930e-184
    1.00350e+01      3.41405e-04      1.00000e+02      -1.45717e-184
    1.01502e+01      3.41353e-04      1.00000e+02      -1.47496e-184
    1.02666e+01      3.41300e-04      1.00000e+02      -1.49267e-184
    1.03844e+01      3.41247e-04      1.00000e+02      -1.51029e-184
    1.05035e+01      3.41196e-04      1.00000e+02      -1.52783e-184
    1.06240e+01      3.41142e-04      1.00000e+02      -1.54526e-184
    1.07459e+01      3.41089e-04      1.00000e+02      -1.56260e-184
    1.08692e+01      3.41035e-04      1.00000e+02      -1.57984e-184
    1.09939e+01      3.40979e-04      1.00000e+02      -1.59697e-184
    1.11200e+01      3.40923e-04      1.00000e+02      -1.61400e-184
    1.12476e+01      3.40867e-04      1.00000e+02      -1.63091e-184
    1.13767e+01      3.40809e-04      1.00000e+02      -1.64770e-184
    1.15072e+01      3.40753e-04      1.00000e+02      -1.66438e-184
    1.16392e+01      3.40698e-04      1.00000e+02      -1.68093e-184
    1.17727e+01      3.40636e-04      1.00000e+02      -1.69735e-184
    1.19078e+01      3.40577e-04      1.00000e+02      -1.71365e-184
    1.20444e+01      3.40517e-04      1.00000e+02      -1.72981e-184
    1.21826e+01      3.40455e-04      1.00000e+02      -1.74583e-184
    1.23224e+01      3.40392e-04      1.00000e+02      -1.76172e-184
    1.24637e+01      3.40118e-04      1.00000e+02      -1.77746e-184
    1.26067e+01      3.40270e-04      1.00000e+02      -1.79305e-184
    1.27514e+01      3.40209e-04      1.00000e+02      -1.80850e-184
    1.28977e+01      3.40144e-04      1.00000e+02      -1.82378e-184
    1.30456e+01      3.40079e-04      1.00000e+02      -1.83892e-184
    1.31953e+01      3.40013e-04      1.00000e+02      -1.85389e-184
    1.33467e+01      3.39948e-04      1.00000e+02      -1.86870e-184
    1.34998e+01      3.39881e-04      1.00000e+02      -1.88334e-184
    1.36547e+01      3.39812e-04      1.00000e+02      -1.89781e-184
    1.38113e+01      3.39746e-04      1.00000e+02      -1.91211e-184
    1.39698e+01      3.39677e-04      1.00000e+02      -1.92624e-184
    1.41301e+01      3.39607e-04      1.00000e+02      -1.94019e-184
    1.42922e+01      3.39538e-04      1.00000e+02      -1.95395e-184
    1.44562e+01      3.39465e-04      1.00000e+02      -1.96753e-184
    1.46220e+01      3.39393e-04      1.00000e+02      -1.98092e-184
    1.47898e+01      3.39320e-04      1.00000e+02      -1.99412e-184
    1.49594e+01      3.39248e-04      1.00000e+02      -2.00713e-184
    1.51311e+01      3.39174e-04      1.00000e+02      -2.01994e-184
    1.53047e+01      3.39100e-04      1.00000e+02      -2.03255e-184
    1.54803e+01      3.39025e-04      1.00000e+02      -2.04496e-184
    1.56579e+01      3.38949e-04      1.00000e+02      -2.05717e-184
    1.58375e+01      3.38872e-04      1.00000e+02      -2.06917e-184
    1.60192e+01      3.38794e-04      1.00000e+02      -2.08096e-184
    1.62030e+01      3.38716e-04      1.00000e+02      -2.09253e-184
    1.63889e+01      3.38639e-04      1.00000e+02      -2.10389e-184
    1.65769e+01      3.38558e-04      1.00000e+02      -2.11503e-184
    1.67671e+01      3.38475e-04      1.00000e+02      -2.12595e-184
    1.69594e+01      3.38395e-04      1.00000e+02      -2.13665e-184
    1.71540e+01      3.38313e-04      1.00000e+02      -2.14712e-184
    1.73508e+01      3.38229e-04      1.00000e+02      -2.15736e-184
    1.75499e+01      3.38144e-04      1.00000e+02      -2.16737e-184
    1.77512e+01      3.38059e-04      1.00000e+02      -2.17715e-184
    1.79549e+01      3.37976e-04      1.00000e+02      -2.18669e-184
    1.81609e+01      3.37888e-04      1.00000e+02      -2.19600e-184
    1.83692e+01      3.37803e-04      1.00000e+02      -2.20506e-184
    1.85800e+01      3.37715e-04      1.00000e+02      -2.21388e-184
    1.87932e+01      3.37625e-04      1.00000e+02      -2.22246e-184
    1.90088e+01      3.37536e-04      1.00000e+02      -2.23079e-184
    1.92268e+01      3.37443e-04      1.00000e+02      -2.23887e-184
    1.94474e+01      3.37352e-04      1.00000e+02      -2.24670e-184
    1.96705e+01      3.37256e-04      1.00000e+02      -2.25427e-184
    1.98962e+01      3.37165e-04      1.00000e+02      -2.26159e-184
    2.01245e+01      3.37070e-04      1.00000e+02      -2.26865e-184
    2.03554e+01      3.36973e-04      1.00000e+02      -2.27546e-184
    2.05889e+01      3.36878e-04      1.00000e+02      -2.28200e-184
    2.08251e+01      3.36780e-04      1.00000e+02      -2.28827e-184
    2.10640e+01      3.36681e-04      1.00000e+02      -2.29429e-184
    2.13057e+01      3.36581e-04      1.00000e+02      -2.30003e-184
    2.15501e+01      3.36481e-04      1.00000e+02      -2.30551e-184
    2.17974e+01      3.36378e-04      1.00000e+02      -2.31071e-184
    2.20475e+01      3.36276e-04      1.00000e+02      -2.31564e-184
    2.23004e+01      3.36172e-04      1.00000e+02      -2.32030e-184
    2.25563e+01      3.36069e-04      1.00000e+02      -2.32469e-184
    2.28150e+01      3.35963e-04      1.00000e+02      -2.32879e-184
    2.30768e+01      3.35855e-04      1.00000e+02      -2.33262e-184
    2.33416e+01      3.35763e-04      1.00000e+02      -2.33617e-184
    2.36093e+01      3.35636e-04      1.00000e+02      -2.33943e-184
    2.38802e+01      3.35531e-04      1.00000e+02      -2.34242e-184
    2.41542e+01      3.35421e-04      1.00000e+02      -2.34511e-184
    2.44313e+01      3.35307e-04      1.00000e+02      -2.34753e-184
    2.47116e+01      3.35195e-04      1.00000e+02      -2.34965e-184
    2.49951e+01      3.35081e-04      1.00000e+02      -2.35149e-184
    2.52819e+01      3.34967e-04      1.00000e+02      -2.35304e-184
    2.55719e+01      3.34850e-04      1.00000e+02      -2.35430e-184
    2.58653e+01      3.34732e-04      1.00000e+02      -2.35527e-184
    2.61621e+01      3.34614e-04      1.00000e+02      -2.35594e-184
    2.64622e+01      3.34495e-04      1.00000e+02      -2.35632e-184
    2.67658e+01      3.34372e-04      1.00000e+02      -2.35641e-184
    2.70729e+01      3.34250e-04      1.00000e+02      -2.35620e-184
    2.73835e+01      3.34127e-04      1.00000e+02      -2.35570e-184
    2.76977e+01      3.34002e-04      1.00000e+02      -2.35490e-184
    2.80154e+01      3.33877e-04      1.00000e+02      -2.35381e-184
    2.83369e+01      3.33751e-04      1.00000e+02      -2.35241e-184
    2.86620e+01      3.33623e-04      1.00000e+02      -2.35072e-184
    2.89908e+01      3.33492e-04      1.00000e+02      -2.34874e-184
    2.93234e+01      3.33362e-04      1.00000e+02      -2.34645e-184
    2.96598e+01      3.33230e-04      1.00000e+02      -2.34386e-184
    3.00001e+01      3.33097e-04      1.00000e+02      -2.34098e-184
