    Er (keV)         SM dN/dE         BG dN/dE        BSM dN/dE (events/kg/day/keV)
    2.50100e-01      1.86908e-04      1.00000e+02      -6.26345e-06
    2.52651e-01      1.86665e-04      1.00000e+02      -6.20435e-06
    2.55227e-01      1.86418e-04      1.00000e+02      -6.14464e-06
    2.57830e-01      1.86170e-04      1.00000e+02      -6.08432e-06
    2.60459e-01      1.85919e-04      1.00000e+02      -6.02339e-06
    2.63115e-01      1.85665e-04      1.00000e+02      -5.96184e-06
    2.65799e-01      1.85409e-04      1.00000e+02      -5.89966e-06
    2.68509e-01      1.85150e-04      1.00000e+02      -5.83684e-06
    2.71248e-01      1.84888e-04      1.00000e+02      -5.77339e-06
    2.74014e-01      1.84624e-04      1.00000e+02      -5.70928e-06
    2.76808e-01      1.84357e-04      1.00000e+02      -5.64452e-06
    2.79631e-01      1.84087e-04      1.00000e+02      -5.57910e-06
    2.82483e-01      1.83815e-04      1.00000e+02      -5.51302e-06
    2.85364e-01      1.83540e-04      1.00000e+02      -5.44626e-06
    2.88274e-01      1.83262e-04      1.00000e+02      -5.37882e-06
    2.91214e-01      1.82985e-04      1.00000e+02      -5.31642e-06
    2.94184e-01      1.82713e-04      1.00000e+02      -5.26363e-06
    2.97185e-01      1.82437e-04      1.00000e+02      -5.21029e-06
    3.00215e-01      1.82159e-04      1.00000e+02      -5.15641e-06
    3.03277e-01      1.81878e-04      1.00000e+02      -5.10198e-06
    3.06370e-01      1.81594e-04      1.00000e+02      -5.04700e-06
    3.09495e-01      1.81307e-04      1.00000e+02      -4.99145e-06
    3.12651e-01      1.81018e-04      1.00000e+02      -4.93534e-06
    3.15840e-01      1.80725e-04      1.00000e+02      -4.87865e-06
    3.19061e-01      1.80429e-04      1.00000e+02      -4.82139e-06
    3.22315e-01      1.80131e-04      1.00000e+02      -4.76354e-06
    3.25602e-01      1.79829e-04      1.00000e+02      -4.70510e-06
    3.28923e-01      1.79524e-04      1.00000e+02      -4.64607e-06
    3.32278e-01      1.79223e-04      1.00000e+02      -4.59380e-06
    3.35667e-01      1.78923e-04      1.00000e+02      -4.54619e-06
    3.39090e-01      1.78621e-04      1.00000e+02      -4.49809e-06
    3.42549e-01      1.78315e-04      1.00000e+02      -4.44950e-06
    3.46042e-01      1.78006e-04      1.00000e+02      -4.40042e-06
    3.49572e-01      1.77694e-04      1.00000e+02      -4.35084e-06
    3.53137e-01      1.77378e-04      1.00000e+02      -4.30075e-06
    3.56739e-01      1.77060e-04      1.00000e+02      -4.25015e-06
    3.60377e-01      1.76738e-04      1.00000e+02      -4.19904e-06
    3.64053e-01      1.76413e-04      1.00000e+02      -4.14740e-06
    3.67766e-01      1.76084e-04      1.00000e+02      -4.09523e-06
    3.71517e-01      1.75756e-04      1.00000e+02      -4.04539e-06
    3.75306e-01      1.75433e-04      1.00000e+02      -4.00232e-06
    3.79134e-01      1.75106e-04      1.00000e+02      -3.95882e-06
    3.83001e-01      1.74776e-04      1.00000e+02      -3.91487e-06
    3.86907e-01      1.74443e-04      1.00000e+02      -3.87047e-06
    3.90853e-01      1.74106e-04      1.00000e+02      -3.82562e-06
    3.94840e-01      1.73766e-04      1.00000e+02      -3.78031e-06
    3.98867e-01      1.73422e-04      1.00000e+02      -3.73454e-06
    4.02935e-01      1.73075e-04      1.00000e+02      -3.68830e-06
    4.07045e-01      1.72724e-04      1.00000e+02      -3.64159e-06
    4.11196e-01      1.72372e-04      1.00000e+02      -3.59558e-06
    4.15391e-01      1.72026e-04      1.00000e+02      -3.55628e-06
    4.19627e-01      1.71676e-04      1.00000e+02      -3.51657e-06
    4.23907e-01      1.71323e-04      1.00000e+02      -3.47646e-06
    4.28231e-01      1.70967e-04      1.00000e+02      -3.43594e-06
    4.32599e-01      1.70607e-04      1.00000e+02      -3.39501e-06
    4.37011e-01      1.70243e-04      1.00000e+02      -3.35366e-06
    4.41469e-01      1.69875e-04      1.00000e+02      -3.31188e-06
    4.45971e-01      1.69504e-04      1.00000e+02      -3.26968e-06
    4.50520e-01      1.69129e-04      1.00000e+02      -3.22705e-06
    4.55115e-01      1.68761e-04      1.00000e+02      -3.19061e-06
    4.59758e-01      1.68390e-04      1.00000e+02      -3.15416e-06
    4.64447e-01      1.68015e-04      1.00000e+02      -3.11733e-06
    4.69184e-01      1.67637e-04      1.00000e+02      -3.08013e-06
    4.73970e-01      1.67254e-04      1.00000e+02      -3.04255e-06
    4.78804e-01      1.66868e-04      1.00000e+02      -3.00459e-06
    4.83688e-01      1.66478e-04      1.00000e+02      -2.96624e-06
    4.88622e-01      1.66084e-04      1.00000e+02      -2.92750e-06
    4.93606e-01      1.65692e-04      1.00000e+02      -2.89156e-06
    4.98640e-01      1.65302e-04      1.00000e+02      -2.85799e-06
    5.03726e-01      1.64908e-04      1.00000e+02      -2.82408e-06
    5.08865e-01      1.64510e-04      1.00000e+02      -2.78982e-06
    5.14055e-01      1.64108e-04      1.00000e+02      -2.75522e-06
    5.19298e-01      1.63702e-04      1.00000e+02      -2.72026e-06
    5.24595e-01      1.63292e-04      1.00000e+02      -2.68495e-06
    5.29946e-01      1.62877e-04      1.00000e+02      -2.64927e-06
    5.35352e-01      1.62469e-04      1.00000e+02      -2.61729e-06
    5.40812e-01      1.62059e-04      1.00000e+02      -2.58603e-06
    5.46329e-01      1.61645e-04      1.00000e+02      -2.55447e-06
    5.51901e-01      1.61227e-04      1.00000e+02      -2.52257e-06
    5.57531e-01      1.60804e-04      1.00000e+02      -2.49036e-06
    5.63218e-01      1.60378e-04      1.00000e+02      -2.45781e-06
    5.68963e-01      1.59946e-04      1.00000e+02      -2.42493e-06
    5.74766e-01      1.59518e-04      1.00000e+02      -2.39442e-06
    5.80629e-01      1.59091e-04      1.00000e+02      -2.36533e-06
    5.86552e-01      1.58659e-04      1.00000e+02      -2.33594e-06
    5.92535e-01      1.58223e-04      1.00000e+02      -2.30625e-06
    5.98579e-01      1.57783e-04      1.00000e+02      -2.27625e-06
    6.04684e-01      1.57338e-04      1.00000e+02      -2.24595e-06
    6.10852e-01      1.56888e-04      1.00000e+02      -2.21534e-06
    6.17083e-01      1.56446e-04      1.00000e+02      -2.18799e-06
    6.23378e-01      1.56000e-04      1.00000e+02      -2.16068e-06
    6.29736e-01      1.55550e-04      1.00000e+02      -2.13309e-06
    6.36160e-01      1.55095e-04      1.00000e+02      -2.10521e-06
    6.42649e-01      1.54636e-04      1.00000e+02      -2.07706e-06
    6.49204e-01      1.54172e-04      1.00000e+02      -2.04861e-06
    6.55827e-01      1.53711e-04      1.00000e+02      -2.02210e-06
    6.62516e-01      1.53250e-04      1.00000e+02      -1.99651e-06
    6.69274e-01      1.52785e-04      1.00000e+02      -1.97067e-06
    6.76101e-01      1.52314e-04      1.00000e+02      -1.94456e-06
    6.82998e-01      1.51839e-04      1.00000e+02      -1.91819e-06
    6.89965e-01      1.51359e-04      1.00000e+02      -1.89155e-06
    6.97003e-01      1.50884e-04      1.00000e+02      -1.86694e-06
    7.04113e-01      1.50407e-04      1.00000e+02      -1.84283e-06
    7.11295e-01      1.49926e-04      1.00000e+02      -1.81847e-06
    7.18551e-01      1.49439e-04      1.00000e+02      -1.79386e-06
    7.25880e-01      1.48948e-04      1.00000e+02      -1.76901e-06
    7.33285e-01      1.48454e-04      1.00000e+02      -1.74443e-06
    7.40765e-01      1.47966e-04      1.00000e+02      -1.72180e-06
    7.48321e-01      1.47473e-04      1.00000e+02      -1.69893e-06
    7.55954e-01      1.46975e-04      1.00000e+02      -1.67584e-06
    7.63666e-01      1.46472e-04      1.00000e+02      -1.65250e-06
    7.71456e-01      1.45964e-04      1.00000e+02      -1.62893e-06
    7.79325e-01      1.45463e-04      1.00000e+02      -1.60742e-06
    7.87275e-01      1.44957e-04      1.00000e+02      -1.58584e-06
    7.95305e-01      1.44447e-04      1.00000e+02      -1.56404e-06
    8.03418e-01      1.43931e-04      1.00000e+02      -1.54202e-06
    8.11614e-01      1.43410e-04      1.00000e+02      -1.51978e-06
    8.19893e-01      1.42896e-04      1.00000e+02      -1.49939e-06
    8.28256e-01      1.42378e-04      1.00000e+02      -1.47894e-06
    8.36705e-01      1.41855e-04      1.00000e+02      -1.45827e-06
    8.45240e-01      1.41326e-04      1.00000e+02      -1.43739e-06
    8.53862e-01      1.40794e-04      1.00000e+02      -1.41667e-06
    8.62573e-01      1.40268e-04      1.00000e+02      -1.39739e-06
    8.71372e-01      1.39737e-04      1.00000e+02      -1.37790e-06
    8.80260e-01      1.39200e-04      1.00000e+02      -1.35822e-06
    8.89240e-01      1.38658e-04      1.00000e+02      -1.33834e-06
    8.98311e-01      1.38118e-04      1.00000e+02      -1.31945e-06
    9.07474e-01      1.37579e-04      1.00000e+02      -1.30101e-06
    9.16731e-01      1.37033e-04      1.00000e+02      -1.28238e-06
    9.26083e-01      1.36482e-04      1.00000e+02      -1.26356e-06
    9.35530e-01      1.35930e-04      1.00000e+02      -1.24507e-06
    9.45073e-01      1.35381e-04      1.00000e+02      -1.22756e-06
    9.54714e-01      1.34826e-04      1.00000e+02      -1.20986e-06
    9.64453e-01      1.34265e-04      1.00000e+02      -1.19198e-06
    9.74291e-01      1.33702e-04      1.00000e+02      -1.17416e-06
    9.84230e-01      1.33144e-04      1.00000e+02      -1.15747e-06
    9.94270e-01      1.32580e-04      1.00000e+02      -1.14060e-06
    1.00441e+00      1.32011e-04      1.00000e+02      -1.12356e-06
    1.01466e+00      1.31438e-04      1.00000e+02      -1.10660e-06
    1.02501e+00      1.30870e-04      1.00000e+02      -1.09064e-06
    1.03547e+00      1.30297e-04      1.00000e+02      -1.07452e-06
    1.04603e+00      1.29718e-04      1.00000e+02      -1.05823e-06
    1.05670e+00      1.29138e-04      1.00000e+02      -1.04222e-06
    1.06748e+00      1.28561e-04      1.00000e+02      -1.02692e-06
    1.07837e+00      1.27977e-04      1.00000e+02      -1.01147e-06
    1.08937e+00      1.27388e-04      1.00000e+02      -9.95854e-07
    1.10048e+00      1.26802e-04      1.00000e+02      -9.80877e-07
    1.11171e+00      1.26215e-04      1.00000e+02      -9.66167e-07
    1.12305e+00      1.25621e-04      1.00000e+02      -9.51307e-07
    1.13450e+00      1.25023e-04      1.00000e+02      -9.36410e-07
    1.14608e+00      1.24430e-04      1.00000e+02      -9.22378e-07
    1.15777e+00      1.23832e-04      1.00000e+02      -9.08203e-07
    1.16958e+00      1.23228e-04      1.00000e+02      -8.93883e-07
    1.18151e+00      1.22626e-04      1.00000e+02      -8.80124e-07
    1.19356e+00      1.22023e-04      1.00000e+02      -8.66572e-07
    1.20574e+00      1.21414e-04      1.00000e+02      -8.52883e-07
    1.21804e+00      1.20804e-04      1.00000e+02      -8.39404e-07
    1.23046e+00      1.20196e-04      1.00000e+02      -8.26425e-07
    1.24302e+00      1.19583e-04      1.00000e+02      -8.13312e-07
    1.25570e+00      1.18965e-04      1.00000e+02      -8.00203e-07
    1.26851e+00      1.18352e-04      1.00000e+02      -7.87742e-07
    1.28145e+00      1.17733e-04      1.00000e+02      -7.75153e-07
    1.29452e+00      1.17108e-04      1.00000e+02      -7.62474e-07
    1.30772e+00      1.16490e-04      1.00000e+02      -7.50486e-07
    1.32107e+00      1.15865e-04      1.00000e+02      -7.38376e-07
    1.33454e+00      1.15234e-04      1.00000e+02      -7.26169e-07
    1.34816e+00      1.14611e-04      1.00000e+02      -7.14623e-07
    1.36191e+00      1.13981e-04      1.00000e+02      -7.02959e-07
    1.37580e+00      1.13346e-04      1.00000e+02      -6.91260e-07
    1.38984e+00      1.12717e-04      1.00000e+02      -6.80112e-07
    1.40401e+00      1.12081e-04      1.00000e+02      -6.68851e-07
    1.41834e+00      1.11442e-04      1.00000e+02      -6.57670e-07
    1.43281e+00      1.10806e-04      1.00000e+02      -6.46893e-07
    1.44742e+00      1.10163e-04      1.00000e+02      -6.36005e-07
    1.46219e+00      1.09521e-04      1.00000e+02      -6.25357e-07
    1.47711e+00      1.08880e-04      1.00000e+02      -6.14930e-07
    1.49217e+00      1.08232e-04      1.00000e+02      -6.04397e-07
    1.50740e+00      1.07589e-04      1.00000e+02      -5.94287e-07
    1.52277e+00      1.06942e-04      1.00000e+02      -5.84181e-07
    1.53831e+00      1.06291e-04      1.00000e+02      -5.74104e-07
    1.55400e+00      1.05644e-04      1.00000e+02      -5.64395e-07
    1.56985e+00      1.04991e-04      1.00000e+02      -5.54587e-07
    1.58587e+00      1.04340e-04      1.00000e+02      -5.45064e-07
    1.60205e+00      1.03686e-04      1.00000e+02      -5.35627e-07
    1.61839e+00      1.03029e-04      1.00000e+02      -5.26200e-07
    1.63490e+00      1.02375e-04      1.00000e+02      -5.17112e-07
    1.65158e+00      1.01715e-04      1.00000e+02      -5.07930e-07
    1.66843e+00      1.01058e-04      1.00000e+02      -4.99052e-07
    1.68545e+00      1.00398e-04      1.00000e+02      -4.90198e-07
    1.70264e+00      9.97362e-05      1.00000e+02      -4.81456e-07
    1.72001e+00      9.90757e-05      1.00000e+02      -4.72910e-07
    1.73756e+00      9.84099e-05      1.00000e+02      -4.64328e-07
    1.75528e+00      9.77492e-05      1.00000e+02      -4.56070e-07
    1.77319e+00      9.70817e-05      1.00000e+02      -4.47728e-07
    1.79128e+00      9.64188e-05      1.00000e+02      -4.39679e-07
    1.80955e+00      9.57510e-05      1.00000e+02      -4.31611e-07
    1.82801e+00      9.50850e-05      1.00000e+02      -4.23735e-07
    1.84666e+00      9.44168e-05      1.00000e+02      -4.15924e-07
    1.86550e+00      9.37483e-05      1.00000e+02      -4.08233e-07
    1.88453e+00      9.30796e-05      1.00000e+02      -4.00664e-07
    1.90375e+00      9.24092e-05      1.00000e+02      -3.93168e-07
    1.92318e+00      9.17397e-05      1.00000e+02      -3.85827e-07
    1.94279e+00      9.10680e-05      1.00000e+02      -3.78532e-07
    1.96261e+00      9.03987e-05      1.00000e+02      -3.71411e-07
    1.98264e+00      8.97265e-05      1.00000e+02      -3.64324e-07
    2.00286e+00      8.90564e-05      1.00000e+02      -3.57407e-07
    2.02329e+00      8.83835e-05      1.00000e+02      -3.50527e-07
    2.04393e+00      8.77124e-05      1.00000e+02      -3.43801e-07
    2.06479e+00      8.70392e-05      1.00000e+02      -3.37129e-07
    2.08585e+00      8.63671e-05      1.00000e+02      -3.30587e-07
    2.10713e+00      8.56940e-05      1.00000e+02      -3.24122e-07
    2.12862e+00      8.50207e-05      1.00000e+02      -3.17752e-07
    2.15034e+00      8.43484e-05      1.00000e+02      -3.11496e-07
    2.17228e+00      8.36744e-05      1.00000e+02      -3.05292e-07
    2.19444e+00      8.30041e-05      1.00000e+02      -2.99247e-07
    2.21682e+00      8.23302e-05      1.00000e+02      -2.93206e-07
    2.23944e+00      8.16614e-05      1.00000e+02      -2.87364e-07
    2.26228e+00      8.09885e-05      1.00000e+02      -2.81523e-07
    2.28536e+00      8.03185e-05      1.00000e+02      -2.75828e-07
    2.30868e+00      7.96474e-05      1.00000e+02      -2.70191e-07
    2.33223e+00      7.89759e-05      1.00000e+02      -2.64629e-07
    2.35602e+00      7.83075e-05      1.00000e+02      -2.59195e-07
    2.38006e+00      7.76365e-05      1.00000e+02      -2.53783e-07
    2.40434e+00      7.69700e-05      1.00000e+02      -2.48528e-07
    2.42887e+00      7.63017e-05      1.00000e+02      -2.43314e-07
    2.45364e+00      7.56331e-05      1.00000e+02      -2.38171e-07
    2.47868e+00      7.49677e-05      1.00000e+02      -2.33150e-07
    2.50396e+00      7.43006e-05      1.00000e+02      -2.28164e-07
    2.52951e+00      7.36369e-05      1.00000e+02      -2.23291e-07
    2.55531e+00      7.29744e-05      1.00000e+02      -2.18498e-07
    2.58138e+00      7.23107e-05      1.00000e+02      -2.13745e-07
    2.60771e+00      7.16514e-05      1.00000e+02      -2.09119e-07
    2.63432e+00      7.09922e-05      1.00000e+02      -2.04551e-07
    2.66119e+00      7.03323e-05      1.00000e+02      -2.00030e-07
    2.68834e+00      6.96767e-05      1.00000e+02      -1.95625e-07
    2.71577e+00      6.90212e-05      1.00000e+02      -1.91280e-07
    2.74347e+00      6.83654e-05      1.00000e+02      -1.86984e-07
    2.77146e+00      6.77128e-05      1.00000e+02      -1.82787e-07
    2.79973e+00      6.70615e-05      1.00000e+02      -1.78660e-07
    2.82830e+00      6.64106e-05      1.00000e+02      -1.74585e-07
    2.85715e+00      6.57617e-05      1.00000e+02      -1.70579e-07
    2.88630e+00      6.51168e-05      1.00000e+02      -1.66670e-07
    2.91574e+00      6.44723e-05      1.00000e+02      -1.62812e-07
    2.94549e+00      6.38286e-05      1.00000e+02      -1.59008e-07
    2.97554e+00      6.31882e-05      1.00000e+02      -1.55283e-07
    3.00589e+00      6.25507e-05      1.00000e+02      -1.51634e-07
    3.03656e+00      6.19145e-05      1.00000e+02      -1.48040e-07
    3.06753e+00      6.12796e-05      1.00000e+02      -1.44501e-07
    3.09883e+00      6.06466e-05      1.00000e+02      -1.41024e-07
    3.13044e+00      6.00179e-05      1.00000e+02      -1.37629e-07
    3.16238e+00      5.93914e-05      1.00000e+02      -1.34291e-07
    3.19464e+00      5.87670e-05      1.00000e+02      -1.31007e-07
    3.22723e+00      5.81444e-05      1.00000e+02      -1.27778e-07
    3.26015e+00      5.75238e-05      1.00000e+02      -1.24607e-07
    3.29341e+00      5.69078e-05      1.00000e+02      -1.21511e-07
    3.32701e+00      5.62938e-05      1.00000e+02      -1.18467e-07
    3.36095e+00      5.56818e-05      1.00000e+02      -1.15476e-07
    3.39524e+00      5.50724e-05      1.00000e+02      -1.12538e-07
    3.42988e+00      5.44663e-05      1.00000e+02      -1.09657e-07
    3.46487e+00      5.38636e-05      1.00000e+02      -1.06830e-07
    3.50022e+00      5.32643e-05      1.00000e+02      -1.04062e-07
    3.53592e+00      5.26687e-05      1.00000e+02      -1.01353e-07
    3.57200e+00      5.20756e-05      1.00000e+02      -9.86932e-08
    3.60844e+00      5.14855e-05      1.00000e+02      -9.60839e-08
    3.64525e+00      5.08990e-05      1.00000e+02      -9.35265e-08
    3.68244e+00      5.03161e-05      1.00000e+02      -9.10201e-08
    3.72000e+00      4.97364e-05      1.00000e+02      -8.85630e-08
    3.75796e+00      4.91598e-05      1.00000e+02      -8.61540e-08
    3.79629e+00      4.85866e-05      1.00000e+02      -8.37932e-08
    3.83502e+00      4.80175e-05      1.00000e+02      -8.14819e-08
    3.87415e+00      4.74525e-05      1.00000e+02      -7.92191e-08
    3.91367e+00      4.68913e-05      1.00000e+02      -7.70036e-08
    3.95360e+00      4.63341e-05      1.00000e+02      -7.48346e-08
    3.99393e+00      4.57810e-05      1.00000e+02      -7.27117e-08
    4.03467e+00      4.52318e-05      1.00000e+02      -7.06339e-08
    4.07584e+00      4.46863e-05      1.00000e+02      -6.85995e-08
    4.11742e+00      4.41449e-05      1.00000e+02      -6.66088e-08
    4.15942e+00      4.36076e-05      1.00000e+02      -6.46610e-08
    4.20185e+00      4.30745e-05      1.00000e+02      -6.27552e-08
    4.24472e+00      4.25456e-05      1.00000e+02      -6.08914e-08
    4.28803e+00      4.20217e-05      1.00000e+02      -5.90700e-08
    4.33177e+00      4.15023e-05      1.00000e+02      -5.72890e-08
    4.37596e+00      4.09874e-05      1.00000e+02      -5.55479e-08
    4.42061e+00      4.04769e-05      1.00000e+02      -5.38457e-08
    4.46570e+00      3.99708e-05      1.00000e+02      -5.21816e-08
    4.51126e+00      3.94699e-05      1.00000e+02      -5.05598e-08
    4.55728e+00      3.89729e-05      1.00000e+02      -4.89735e-08
    4.60378e+00      3.84812e-05      1.00000e+02      -4.74248e-08
    4.65074e+00      3.79950e-05      1.00000e+02      -4.59136e-08
    4.69819e+00      3.75134e-05      1.00000e+02      -4.44370e-08
    4.74612e+00      3.70361e-05      1.00000e+02      -4.29938e-08
    4.79454e+00      3.65645e-05      1.00000e+02      -4.15899e-08
    4.84345e+00      3.60978e-05      1.00000e+02      -4.02195e-08
    4.89286e+00      3.56355e-05      1.00000e+02      -3.88804e-08
    4.94278e+00      3.51783e-05      1.00000e+02      -3.75737e-08
    4.99321e+00      3.47275e-05      1.00000e+02      -3.63031e-08
    5.04415e+00      3.42824e-05      1.00000e+02      -3.50666e-08
    5.09561e+00      3.38419e-05      1.00000e+02      -3.38592e-08
    5.14759e+00      3.34059e-05      1.00000e+02      -3.26800e-08
    5.20010e+00      3.29762e-05      1.00000e+02      -3.15359e-08
    5.25316e+00      3.25519e-05      1.00000e+02      -3.04208e-08
    5.30675e+00      3.21326e-05      1.00000e+02      -2.93330e-08
    5.36089e+00      3.17192e-05      1.00000e+02      -2.82770e-08
    5.41558e+00      3.13108e-05      1.00000e+02      -2.72478e-08
    5.47083e+00      3.09079e-05      1.00000e+02      -2.62453e-08
    5.52664e+00      3.05119e-05      1.00000e+02      -2.52749e-08
    5.58302e+00      3.01206e-05      1.00000e+02      -2.43283e-08
    5.63998e+00      2.97355e-05      1.00000e+02      -2.34097e-08
    5.69752e+00      2.93561e-05      1.00000e+02      -2.25171e-08
    5.75564e+00      2.89819e-05      1.00000e+02      -2.16485e-08
    5.81436e+00      2.86139e-05      1.00000e+02      -2.08070e-08
    5.87368e+00      2.82510e-05      1.00000e+02      -1.99875e-08
    5.93360e+00      2.78943e-05      1.00000e+02      -1.91944e-08
    5.99413e+00      2.75435e-05      1.00000e+02      -1.84236e-08
    6.05528e+00      2.71991e-05      1.00000e+02      -1.76784e-08
    6.11706e+00      2.68602e-05      1.00000e+02      -1.69542e-08
    6.17946e+00      2.65276e-05      1.00000e+02      -1.62537e-08
    6.24251e+00      2.62002e-05      1.00000e+02      -1.55737e-08
    6.30619e+00      2.58782e-05      1.00000e+02      -1.49141e-08
    6.37053e+00      2.55629e-05      1.00000e+02      -1.42774e-08
    6.43552e+00      2.52534e-05      1.00000e+02      -1.36600e-08
    6.50117e+00      2.49503e-05      1.00000e+02      -1.30645e-08
    6.56750e+00      2.46530e-05      1.00000e+02      -1.24881e-08
    6.63450e+00      2.43610e-05      1.00000e+02      -1.19295e-08
    6.70218e+00      2.40746e-05      1.00000e+02      -1.13902e-08
    6.77056e+00      2.37947e-05      1.00000e+02      -1.08698e-08
    6.83963e+00      2.35212e-05      1.00000e+02      -1.03679e-08
    6.90941e+00      2.32535e-05      1.00000e+02      -9.88358e-09
    6.97990e+00      2.29912e-05      1.00000e+02      -9.41595e-09
    7.05110e+00      2.27346e-05      1.00000e+02      -8.96474e-09
    7.12304e+00      2.24839e-05      1.00000e+02      -8.52986e-09
    7.19571e+00      2.22394e-05      1.00000e+02      -8.11143e-09
    7.26912e+00      2.20005e-05      1.00000e+02      -7.70853e-09
    7.34328e+00      2.17674e-05      1.00000e+02      -7.32086e-09
    7.41819e+00      2.15402e-05      1.00000e+02      -6.94830e-09
    7.49387e+00      2.13186e-05      1.00000e+02      -6.58985e-09
    7.57032e+00      2.11027e-05      1.00000e+02      -6.24556e-09
    7.64755e+00      2.08926e-05      1.00000e+02      -5.91507e-09
    7.72557e+00      2.06880e-05      1.00000e+02      -5.59775e-09
    7.80439e+00      2.04889e-05      1.00000e+02      -5.29335e-09
    7.88401e+00      2.02950e-05      1.00000e+02      -5.00117e-09
    7.96444e+00      2.01072e-05      1.00000e+02      -4.72211e-09
    8.04569e+00      1.99246e-05      1.00000e+02      -4.45471e-09
    8.12777e+00      1.97477e-05      1.00000e+02      -4.19922e-09
    8.21069e+00      1.95761e-05      1.00000e+02      -3.95492e-09
    8.29446e+00      1.94095e-05      1.00000e+02      -3.72121e-09
    8.37908e+00      1.92480e-05      1.00000e+02      -3.49793e-09
    8.46456e+00      1.90917e-05      1.00000e+02      -3.28504e-09
    8.55092e+00      1.89407e-05      1.00000e+02      -3.08229e-09
    8.63815e+00      1.87951e-05      1.00000e+02      -2.88965e-09
    8.72628e+00      1.86540e-05      1.00000e+02      -2.70578e-09
    8.81530e+00      1.85171e-05      1.00000e+02      -2.53023e-09
    8.90523e+00      1.83862e-05      1.00000e+02      -2.36472e-09
    8.99608e+00      1.82599e-05      1.00000e+02      -2.20743e-09
    9.08786e+00      1.81376e-05      1.00000e+02      -2.05756e-09
    9.18058e+00      1.80203e-05      1.00000e+02      -1.91593e-09
    9.27424e+00      1.79074e-05      1.00000e+02      -1.78189e-09
    9.36885e+00      1.77991e-05      1.00000e+02      -1.65524e-09
    9.46443e+00      1.76950e-05      1.00000e+02      -1.53543e-09
    9.56099e+00      1.75952e-05      1.00000e+02      -1.42244e-09
    9.65853e+00      1.74996e-05      1.00000e+02      -1.31607e-09
    9.75706e+00      1.74079e-05      1.00000e+02      -1.21571e-09
    9.85660e+00      1.73204e-05      1.00000e+02      -1.12158e-09
    9.95716e+00      1.72367e-05      1.00000e+02      -1.03301e-09
    1.00587e+01      1.71567e-05      1.00000e+02      -9.50006e-10
    1.01614e+01      1.70803e-05      1.00000e+02      -8.72089e-10
    1.02650e+01      1.70077e-05      1.00000e+02      -7.99478e-10
    1.03697e+01      1.69383e-05      1.00000e+02      -7.31360e-10
    1.04755e+01      1.68726e-05      1.00000e+02      -6.68202e-10
    1.05824e+01      1.68100e-05      1.00000e+02      -6.09167e-10
    1.06904e+01      1.67505e-05      1.00000e+02      -5.54285e-10
    1.07994e+01      1.66940e-05      1.00000e+02      -5.03292e-10
    1.09096e+01      1.66406e-05      1.00000e+02      -4.56156e-10
    1.10209e+01      1.65903e-05      1.00000e+02      -4.12830e-10
    1.11333e+01      1.65420e-05      1.00000e+02      -3.72194e-10
    1.12469e+01      1.64968e-05      1.00000e+02      -3.35178e-10
    1.13617e+01      1.64543e-05      1.00000e+02      -3.01274e-10
    1.14776e+01      1.64139e-05      1.00000e+02      -2.69879e-10
    1.15947e+01      1.63759e-05      1.00000e+02      -2.41295e-10
    1.17130e+01      1.63400e-05      1.00000e+02      -2.15173e-10
    1.18325e+01      1.63063e-05      1.00000e+02      -1.91398e-10
    1.19532e+01      1.62745e-05      1.00000e+02      -1.69762e-10
    1.20751e+01      1.62446e-05      1.00000e+02      -1.50215e-10
    1.21983e+01      1.62164e-05      1.00000e+02      -1.32499e-10
    1.23228e+01      1.61899e-05      1.00000e+02      -1.16586e-10
    1.24485e+01      1.61649e-05      1.00000e+02      -1.02235e-10
    1.25755e+01      1.61415e-05      1.00000e+02      -8.94641e-11
    1.27038e+01      1.61193e-05      1.00000e+02      -7.80192e-11
    1.28334e+01      1.60985e-05      1.00000e+02      -6.78766e-11
    1.29643e+01      1.60787e-05      1.00000e+02      -5.88760e-11
    1.30966e+01      1.60600e-05      1.00000e+02      -5.09416e-11
    1.32302e+01      1.60423e-05      1.00000e+02      -4.39548e-11
    1.33651e+01      1.60255e-05      1.00000e+02      -3.78552e-11
    1.35015e+01      1.60094e-05      1.00000e+02      -3.24797e-11
    1.36392e+01      1.59942e-05      1.00000e+02      -2.79226e-11
    1.37784e+01      1.59795e-05      1.00000e+02      -2.38599e-11
    1.39189e+01      1.59655e-05      1.00000e+02      -2.04448e-11
    1.40609e+01      1.59517e-05      1.00000e+02      -1.74832e-11
    1.42044e+01      1.59385e-05      1.00000e+02      -1.49619e-11
    1.43493e+01      1.59257e-05      1.00000e+02      -1.28090e-11
    1.44957e+01      1.59132e-05      1.00000e+02      -1.09855e-11
    1.46436e+01      1.59011e-05      1.00000e+02      -9.44866e-12
    1.47930e+01      1.58890e-05      1.00000e+02      -8.13994e-12
    1.49439e+01      1.58772e-05      1.00000e+02      -7.04654e-12
    1.50963e+01      1.58655e-05      1.00000e+02      -6.12431e-12
    1.52504e+01      1.58538e-05      1.00000e+02      -5.33887e-12
    1.54059e+01      1.58422e-05      1.00000e+02      -4.68654e-12
    1.55631e+01      1.58307e-05      1.00000e+02      -4.13058e-12
    1.57219e+01      1.58191e-05      1.00000e+02      -3.65624e-12
    1.58823e+01      1.58076e-05      1.00000e+02      -3.26073e-12
    1.60443e+01      1.57961e-05      1.00000e+02      -2.91474e-12
    1.62080e+01      1.57846e-05      1.00000e+02      -2.62093e-12
    1.63733e+01      1.57729e-05      1.00000e+02      -2.36272e-12
    1.65404e+01      1.57613e-05      1.00000e+02      -2.13984e-12
    1.67091e+01      1.57495e-05      1.00000e+02      -1.94067e-12
    1.68796e+01      1.57377e-05      1.00000e+02      -1.76559e-12
    1.70518e+01      1.57258e-05      1.00000e+02      -1.60827e-12
    1.72258e+01      1.57138e-05      1.00000e+02      -1.46698e-12
    1.74015e+01      1.57017e-05      1.00000e+02      -1.33879e-12
    1.75790e+01      1.56895e-05      1.00000e+02      -1.22172e-12
    1.77584e+01      1.56773e-05      1.00000e+02      -1.11501e-12
    1.79395e+01      1.56650e-05      1.00000e+02      -1.01668e-12
    1.81226e+01      1.56525e-05      1.00000e+02      -9.26203e-13
    1.83075e+01      1.56400e-05      1.00000e+02      -8.42450e-13
    1.84942e+01      1.56274e-05      1.00000e+02      -7.64714e-13
    1.86829e+01      1.56147e-05      1.00000e+02      -6.93078e-13
    1.88735e+01      1.56018e-05      1.00000e+02      -6.27899e-13
    1.90661e+01      1.55889e-05      1.00000e+02      -5.67506e-13
    1.92606e+01      1.55758e-05      1.00000e+02      -5.11514e-13
    1.94571e+01      1.55627e-05      1.00000e+02      -4.59791e-13
    1.96556e+01      1.55494e-05      1.00000e+02      -4.11929e-13
    1.98561e+01      1.55360e-05      1.00000e+02      -3.67665e-13
    2.00587e+01      1.55225e-05      1.00000e+02      -3.27081e-13
    2.02633e+01      1.55089e-05      1.00000e+02      -2.89678e-13
    2.04700e+01      1.54953e-05      1.00000e+02      -2.55288e-13
    2.06789e+01      1.54814e-05      1.00000e+02      -2.23787e-13
    2.08898e+01      1.54675e-05      1.00000e+02      -1.95986e-13
    2.11029e+01      1.54535e-05      1.00000e+02      -1.71010e-13
    2.13182e+01      1.54393e-05      1.00000e+02      -1.48346e-13
    2.15357e+01      1.54250e-05      1.00000e+02      -1.28015e-13
    2.17554e+01      1.54106e-05      1.00000e+02      -1.09570e-13
    2.19774e+01      1.53960e-05      1.00000e+02      -9.30796e-14
    2.22016e+01      1.53814e-05      1.00000e+02      -7.95085e-14
    2.24281e+01      1.53666e-05      1.00000e+02      -6.56878e-14
    2.26569e+01      1.53517e-05      1.00000e+02      -5.48330e-14
    2.28880e+01      1.53367e-05      1.00000e+02      -4.53019e-14
    2.31215e+01      1.53215e-05      1.00000e+02      -3.69416e-14
    2.33574e+01      1.53062e-05      1.00000e+02      -2.97343e-14
    2.35957e+01      1.52908e-05      1.00000e+02      -2.37098e-14
    2.38364e+01      1.52752e-05      1.00000e+02      -1.87839e-14
    2.40796e+01      1.52595e-05      1.00000e+02      -1.45564e-14
    2.43253e+01      1.52436e-05      1.00000e+02      -1.11097e-14
    2.45735e+01      1.52277e-05      1.00000e+02      -8.42206e-15
    2.48242e+01      1.52116e-05      1.00000e+02      -6.20755e-15
    2.50774e+01      1.51954e-05      1.00000e+02      -4.53323e-15
    2.53332e+01      1.51790e-05      1.00000e+02      -3.26369e-15
    2.55917e+01      1.51625e-05      1.00000e+02      -2.32265e-15
    2.58528e+01      1.51459e-05      1.00000e+02      -1.65107e-15
    2.61165e+01      1.51291e-05      1.00000e+02      -1.19526e-15
    2.63830e+01      1.51121e-05      1.00000e+02      -8.85799e-16
    2.66521e+01      1.50951e-05      1.00000e+02      -6.81508e-16
    2.69240e+01      1.50779e-05      1.00000e+02      -5.31650e-16
    2.71987e+01      1.50605e-05      1.00000e+02      -4.07336e-16
    2.74762e+01      1.50430e-05      1.00000e+02      -3.04546e-16
    2.77565e+01      1.50253e-05      1.00000e+02      -2.21087e-16
    2.80397e+01      1.50075e-05      1.00000e+02      -1.54798e-16
    2.83257e+01      1.49895e-05      1.00000e+02      -1.03554e-16
    2.86147e+01      1.49713e-05      1.00000e+02      -6.52707e-17
    2.89067e+01      1.49530e-05      1.00000e+02      -3.79446e-17
    2.92016e+01      1.49345e-05      1.00000e+02      -1.96463e-17
    2.94995e+01      1.49159e-05      1.00000e+02      -8.50711e-18
    2.98004e+01      1.48972e-05      1.00000e+02      -2.65841e-18
    3.01045e+01      1.48783e-05      1.00000e+02      -3.96388e-19
    3.04116e+01      1.48592e-05      1.00000e+02      -7.50615e-22
    3.07218e+01      1.48400e-05      1.00000e+02      -7.58504e-186
    3.10353e+01      1.48206e-05      1.00000e+02      -7.52288e-186
    3.13519e+01      1.48011e-05      1.00000e+02      -7.46130e-186
    3.16717e+01      1.47815e-05      1.00000e+02      -7.40030e-186
    3.19948e+01      1.47617e-05      1.00000e+02      -7.33986e-186
    3.23213e+01      1.47417e-05      1.00000e+02      -7.27998e-186
    3.26510e+01      1.47216e-05      1.00000e+02      -7.22066e-186
    3.29841e+01      1.47013e-05      1.00000e+02      -7.16188e-186
    3.33206e+01      1.46809e-05      1.00000e+02      -7.10365e-186
    3.36605e+01      1.46603e-05      1.00000e+02      -7.04596e-186
    3.40040e+01      1.46394e-05      1.00000e+02      -6.98879e-186
    3.43509e+01      1.46184e-05      1.00000e+02      -6.93215e-186
    3.47013e+01      1.45972e-05      1.00000e+02      -6.87603e-186
    3.50553e+01      1.45758e-05      1.00000e+02      -6.82042e-186
    3.54130e+01      1.45542e-05      1.00000e+02      -6.76532e-186
    3.57743e+01      1.45324e-05      1.00000e+02      -6.71072e-186
    3.61392e+01      1.45105e-05      1.00000e+02      -6.65662e-186
    3.65079e+01      1.44884e-05      1.00000e+02      -6.60301e-186
    3.68804e+01      1.44661e-05      1.00000e+02      -6.54988e-186
    3.72566e+01      1.44436e-05      1.00000e+02      -6.49724e-186
    3.76367e+01      1.44210e-05      1.00000e+02      -6.44506e-186
    3.80207e+01      1.43982e-05      1.00000e+02      -6.39336e-186
    3.84086e+01      1.43752e-05      1.00000e+02      -6.34212e-186
    3.88004e+01      1.43520e-05      1.00000e+02      -6.29134e-186
    3.91963e+01      1.43287e-05      1.00000e+02      -6.24101e-186
    3.95961e+01      1.43052e-05      1.00000e+02      -6.19113e-186
    4.00001e+01      1.42816e-05      1.00000e+02      -6.14169e-186
