    Er (keV)         SM dN/dE         BG dN/dE        BSM dN/dE (events/kg/day/keV)
    1.00100e-01      2.05887e-03      1.00000e+01      1.73612e-06
    1.01306e-01      2.01932e-03      1.00000e+01      1.73612e-06
    1.02526e-01      1.97929e-03      1.00000e+01      1.73611e-06
    1.03760e-01      1.93878e-03      1.00000e+01      1.73611e-06
    1.05010e-01      1.89778e-03      1.00000e+01      1.73611e-06
    1.06275e-01      1.85629e-03      1.00000e+01      1.73610e-06
    1.07555e-01      1.81430e-03      1.00000e+01      1.73610e-06
    1.08850e-01      1.77180e-03      1.00000e+01      1.73610e-06
    1.10161e-01      1.72878e-03      1.00000e+01      1.73609e-06
    1.11488e-01      1.68525e-03      1.00000e+01      1.73609e-06
    1.12830e-01      1.64120e-03      1.00000e+01      1.73609e-06
    1.14189e-01      1.59661e-03      1.00000e+01      1.73608e-06
    1.15565e-01      1.55149e-03      1.00000e+01      1.73608e-06
    1.16957e-01      1.50582e-03      1.00000e+01      1.73608e-06
    1.18365e-01      1.45960e-03      1.00000e+01      1.73607e-06
    1.19791e-01      1.41282e-03      1.00000e+01      1.73607e-06
    1.21234e-01      1.36548e-03      1.00000e+01      1.73606e-06
    1.22694e-01      1.31757e-03      1.00000e+01      1.73606e-06
    1.24172e-01      1.26909e-03      1.00000e+01      1.73606e-06
    1.25668e-01      1.22001e-03      1.00000e+01      1.73605e-06
    1.27182e-01      1.17035e-03      1.00000e+01      1.73605e-06
    1.28713e-01      1.12009e-03      1.00000e+01      1.73605e-06
    1.30264e-01      1.06922e-03      1.00000e+01      1.73604e-06
    1.31833e-01      1.01774e-03      1.00000e+01      1.73604e-06
    1.33421e-01      9.65633e-04      1.00000e+01      1.73603e-06
    1.35028e-01      9.12902e-04      1.00000e+01      1.73603e-06
    1.36655e-01      8.59536e-04      1.00000e+01      1.73603e-06
    1.38301e-01      8.05526e-04      1.00000e+01      1.73602e-06
    1.39967e-01      7.50865e-04      1.00000e+01      1.73602e-06
    1.41653e-01      7.21555e-04      1.00000e+01      1.73601e-06
    1.43360e-01      6.98442e-04      1.00000e+01      1.73601e-06
    1.45087e-01      6.75050e-04      1.00000e+01      1.73600e-06
    1.46834e-01      6.51376e-04      1.00000e+01      1.73600e-06
    1.48603e-01      6.27417e-04      1.00000e+01      1.73600e-06
    1.50393e-01      6.03169e-04      1.00000e+01      1.73599e-06
    1.52205e-01      5.78629e-04      1.00000e+01      1.73599e-06
    1.54039e-01      5.53793e-04      1.00000e+01      1.73598e-06
    1.55895e-01      5.28657e-04      1.00000e+01      1.73598e-06
    1.57773e-01      5.03219e-04      1.00000e+01      1.73597e-06
    1.59673e-01      4.77473e-04      1.00000e+01      1.73597e-06
    1.61597e-01      4.51418e-04      1.00000e+01      1.73596e-06
    1.63544e-01      4.25048e-04      1.00000e+01      1.73596e-06
    1.65514e-01      3.98361e-04      1.00000e+01      1.73596e-06
    1.67508e-01      3.71352e-04      1.00000e+01      1.73595e-06
    1.69526e-01      3.44017e-04      1.00000e+01      1.73595e-06
    1.71569e-01      3.16352e-04      1.00000e+01      1.73594e-06
    1.73636e-01      2.88355e-04      1.00000e+01      1.73594e-06
    1.75728e-01      2.60019e-04      1.00000e+01      1.73593e-06
    1.77845e-01      2.31342e-04      1.00000e+01      1.73593e-06
    1.79988e-01      2.02320e-04      1.00000e+01      1.73592e-06
    1.82156e-01      1.93787e-04      1.00000e+01      1.73592e-06
    1.84351e-01      1.93561e-04      1.00000e+01      1.73591e-06
    1.86572e-01      1.93332e-04      1.00000e+01      1.73591e-06
    1.88820e-01      1.93101e-04      1.00000e+01      1.73590e-06
    1.91095e-01      1.92867e-04      1.00000e+01      1.73590e-06
    1.93398e-01      1.92630e-04      1.00000e+01      1.73589e-06
    1.95728e-01      1.92390e-04      1.00000e+01      1.73589e-06
    1.98086e-01      1.92147e-04      1.00000e+01      1.73588e-06
    2.00473e-01      1.91901e-04      1.00000e+01      1.73588e-06
    2.02888e-01      1.91653e-04      1.00000e+01      1.73587e-06
    2.05333e-01      1.91401e-04      1.00000e+01      1.73587e-06
    2.07807e-01      1.91146e-04      1.00000e+01      1.73586e-06
    2.10311e-01      1.90889e-04      1.00000e+01      1.73586e-06
    2.12845e-01      1.90628e-04      1.00000e+01      1.73585e-06
    2.15410e-01      1.90364e-04      1.00000e+01      1.73585e-06
    2.18005e-01      1.90097e-04      1.00000e+01      1.73584e-06
    2.20632e-01      1.89826e-04      1.00000e+01      1.73584e-06
    2.23291e-01      1.89563e-04      1.00000e+01      1.73583e-06
    2.25981e-01      1.89298e-04      1.00000e+01      1.73581e-06
    2.28704e-01      1.89030e-04      1.00000e+01      1.73580e-06
    2.31460e-01      1.88759e-04      1.00000e+01      1.73579e-06
    2.34249e-01      1.88484e-04      1.00000e+01      1.73577e-06
    2.37072e-01      1.88207e-04      1.00000e+01      1.73576e-06
    2.39928e-01      1.87925e-04      1.00000e+01      1.73575e-06
    2.42820e-01      1.87641e-04      1.00000e+01      1.73573e-06
    2.45746e-01      1.87353e-04      1.00000e+01      1.73572e-06
    2.48707e-01      1.87061e-04      1.00000e+01      1.73571e-06
    2.51704e-01      1.86766e-04      1.00000e+01      1.73569e-06
    2.54737e-01      1.86468e-04      1.00000e+01      1.73568e-06
    2.57807e-01      1.86165e-04      1.00000e+01      1.73566e-06
    2.60913e-01      1.85860e-04      1.00000e+01      1.73565e-06
    2.64057e-01      1.85562e-04      1.00000e+01      1.73564e-06
    2.67239e-01      1.85261e-04      1.00000e+01      1.73563e-06
    2.70460e-01      1.84957e-04      1.00000e+01      1.73563e-06
    2.73719e-01      1.84649e-04      1.00000e+01      1.73562e-06
    2.77017e-01      1.84338e-04      1.00000e+01      1.73562e-06
    2.80356e-01      1.84023e-04      1.00000e+01      1.73561e-06
    2.83734e-01      1.83704e-04      1.00000e+01      1.73560e-06
    2.87153e-01      1.83381e-04      1.00000e+01      1.73560e-06
    2.90614e-01      1.83054e-04      1.00000e+01      1.73559e-06
    2.94116e-01      1.82724e-04      1.00000e+01      1.73558e-06
    2.97660e-01      1.82389e-04      1.00000e+01      1.73558e-06
    3.01247e-01      1.82050e-04      1.00000e+01      1.73557e-06
    3.04878e-01      1.81720e-04      1.00000e+01      1.73556e-06
    3.08552e-01      1.81386e-04      1.00000e+01      1.73556e-06
    3.12270e-01      1.81049e-04      1.00000e+01      1.73555e-06
    3.16033e-01      1.80707e-04      1.00000e+01      1.73554e-06
    3.19842e-01      1.80362e-04      1.00000e+01      1.73553e-06
    3.23696e-01      1.80012e-04      1.00000e+01      1.73553e-06
    3.27597e-01      1.79658e-04      1.00000e+01      1.73552e-06
    3.31545e-01      1.79299e-04      1.00000e+01      1.73551e-06
    3.35541e-01      1.78936e-04      1.00000e+01      1.73550e-06
    3.39585e-01      1.78569e-04      1.00000e+01      1.73550e-06
    3.43677e-01      1.78204e-04      1.00000e+01      1.73549e-06
    3.47819e-01      1.77841e-04      1.00000e+01      1.73548e-06
    3.52011e-01      1.77474e-04      1.00000e+01      1.73547e-06
    3.56253e-01      1.77103e-04      1.00000e+01      1.73546e-06
    3.60547e-01      1.76727e-04      1.00000e+01      1.73545e-06
    3.64892e-01      1.76347e-04      1.00000e+01      1.73544e-06
    3.69289e-01      1.75962e-04      1.00000e+01      1.73543e-06
    3.73740e-01      1.75572e-04      1.00000e+01      1.73542e-06
    3.78244e-01      1.75178e-04      1.00000e+01      1.73541e-06
    3.82803e-01      1.74781e-04      1.00000e+01      1.73540e-06
    3.87416e-01      1.74391e-04      1.00000e+01      1.73539e-06
    3.92085e-01      1.73997e-04      1.00000e+01      1.73538e-06
    3.96811e-01      1.73598e-04      1.00000e+01      1.73537e-06
    4.01593e-01      1.73194e-04      1.00000e+01      1.73536e-06
    4.06433e-01      1.72785e-04      1.00000e+01      1.73535e-06
    4.11331e-01      1.72371e-04      1.00000e+01      1.73534e-06
    4.16289e-01      1.71952e-04      1.00000e+01      1.73533e-06
    4.21306e-01      1.71529e-04      1.00000e+01      1.73532e-06
    4.26383e-01      1.71111e-04      1.00000e+01      1.73531e-06
    4.31522e-01      1.70691e-04      1.00000e+01      1.73530e-06
    4.36723e-01      1.70266e-04      1.00000e+01      1.73528e-06
    4.41987e-01      1.69836e-04      1.00000e+01      1.73527e-06
    4.47314e-01      1.69401e-04      1.00000e+01      1.73526e-06
    4.52705e-01      1.68960e-04      1.00000e+01      1.73525e-06
    4.58161e-01      1.68515e-04      1.00000e+01      1.73524e-06
    4.63683e-01      1.68066e-04      1.00000e+01      1.73522e-06
    4.69271e-01      1.67624e-04      1.00000e+01      1.73521e-06
    4.74927e-01      1.67176e-04      1.00000e+01      1.73520e-06
    4.80651e-01      1.66723e-04      1.00000e+01      1.73518e-06
    4.86444e-01      1.66265e-04      1.00000e+01      1.73517e-06
    4.92307e-01      1.65801e-04      1.00000e+01      1.73516e-06
    4.98241e-01      1.65331e-04      1.00000e+01      1.73514e-06
    5.04246e-01      1.64859e-04      1.00000e+01      1.73513e-06
    5.10323e-01      1.64392e-04      1.00000e+01      1.73512e-06
    5.16474e-01      1.63920e-04      1.00000e+01      1.73510e-06
    5.22699e-01      1.63443e-04      1.00000e+01      1.73509e-06
    5.28999e-01      1.62959e-04      1.00000e+01      1.73507e-06
    5.35375e-01      1.62470e-04      1.00000e+01      1.73506e-06
    5.41828e-01      1.61975e-04      1.00000e+01      1.73505e-06
    5.48358e-01      1.61486e-04      1.00000e+01      1.73503e-06
    5.54967e-01      1.60994e-04      1.00000e+01      1.73502e-06
    5.61656e-01      1.60497e-04      1.00000e+01      1.73500e-06
    5.68426e-01      1.59994e-04      1.00000e+01      1.73498e-06
    5.75277e-01      1.59484e-04      1.00000e+01      1.73497e-06
    5.82211e-01      1.58969e-04      1.00000e+01      1.73495e-06
    5.89228e-01      1.58459e-04      1.00000e+01      1.73494e-06
    5.96330e-01      1.57946e-04      1.00000e+01      1.73492e-06
    6.03518e-01      1.57427e-04      1.00000e+01      1.73491e-06
    6.10792e-01      1.56902e-04      1.00000e+01      1.73489e-06
    6.18154e-01      1.56370e-04      1.00000e+01      1.73487e-06
    6.25604e-01      1.55836e-04      1.00000e+01      1.73486e-06
    6.33145e-01      1.55306e-04      1.00000e+01      1.73484e-06
    6.40776e-01      1.54770e-04      1.00000e+01      1.73483e-06
    6.48500e-01      1.54228e-04      1.00000e+01      1.73481e-06
    6.56316e-01      1.53679e-04      1.00000e+01      1.73479e-06
    6.64227e-01      1.53124e-04      1.00000e+01      1.73478e-06
    6.72233e-01      1.52577e-04      1.00000e+01      1.73476e-06
    6.80335e-01      1.52024e-04      1.00000e+01      1.73475e-06
    6.88536e-01      1.51464e-04      1.00000e+01      1.73473e-06
    6.96835e-01      1.50897e-04      1.00000e+01      1.73471e-06
    7.05234e-01      1.50325e-04      1.00000e+01      1.73470e-06
    7.13734e-01      1.49760e-04      1.00000e+01      1.73468e-06
    7.22337e-01      1.49188e-04      1.00000e+01      1.73466e-06
    7.31044e-01      1.48609e-04      1.00000e+01      1.73465e-06
    7.39855e-01      1.48024e-04      1.00000e+01      1.73463e-06
    7.48773e-01      1.47438e-04      1.00000e+01      1.73461e-06
    7.57798e-01      1.46854e-04      1.00000e+01      1.73460e-06
    7.66932e-01      1.46263e-04      1.00000e+01      1.73458e-06
    7.76176e-01      1.45666e-04      1.00000e+01      1.73456e-06
    7.85532e-01      1.45061e-04      1.00000e+01      1.73454e-06
    7.95000e-01      1.44464e-04      1.00000e+01      1.73452e-06
    8.04583e-01      1.43860e-04      1.00000e+01      1.73450e-06
    8.14281e-01      1.43249e-04      1.00000e+01      1.73448e-06
    8.24096e-01      1.42630e-04      1.00000e+01      1.73447e-06
    8.34029e-01      1.42018e-04      1.00000e+01      1.73444e-06
    8.44082e-01      1.41400e-04      1.00000e+01      1.73442e-06
    8.54257e-01      1.40775e-04      1.00000e+01      1.73440e-06
    8.64553e-01      1.40143e-04      1.00000e+01      1.73438e-06
    8.74974e-01      1.39517e-04      1.00000e+01      1.73436e-06
    8.85521e-01      1.38886e-04      1.00000e+01      1.73433e-06
    8.96195e-01      1.38246e-04      1.00000e+01      1.73431e-06
    9.06997e-01      1.37601e-04      1.00000e+01      1.73429e-06
    9.17930e-01      1.36962e-04      1.00000e+01      1.73426e-06
    9.28994e-01      1.36315e-04      1.00000e+01      1.73424e-06
    9.40192e-01      1.35661e-04      1.00000e+01      1.73421e-06
    9.51525e-01      1.35006e-04      1.00000e+01      1.73418e-06
    9.62994e-01      1.34351e-04      1.00000e+01      1.73416e-06
    9.74602e-01      1.33689e-04      1.00000e+01      1.73413e-06
    9.86350e-01      1.33019e-04      1.00000e+01      1.73410e-06
    9.98239e-01      1.32356e-04      1.00000e+01      1.73407e-06
    1.01027e+00      1.31686e-04      1.00000e+01      1.73405e-06
    1.02245e+00      1.31008e-04      1.00000e+01      1.73402e-06
    1.03477e+00      1.30332e-04      1.00000e+01      1.73399e-06
    1.04725e+00      1.29655e-04      1.00000e+01      1.73396e-06
    1.05987e+00      1.28968e-04      1.00000e+01      1.73393e-06
    1.07265e+00      1.28281e-04      1.00000e+01      1.73390e-06
    1.08558e+00      1.27594e-04      1.00000e+01      1.73387e-06
    1.09866e+00      1.26899e-04      1.00000e+01      1.73384e-06
    1.11190e+00      1.26201e-04      1.00000e+01      1.73381e-06
    1.12531e+00      1.25505e-04      1.00000e+01      1.73378e-06
    1.13887e+00      1.24800e-04      1.00000e+01      1.73375e-06
    1.15260e+00      1.24093e-04      1.00000e+01      1.73371e-06
    1.16649e+00      1.23388e-04      1.00000e+01      1.73368e-06
    1.18055e+00      1.22674e-04      1.00000e+01      1.73365e-06
    1.19478e+00      1.21960e-04      1.00000e+01      1.73361e-06
    1.20919e+00      1.21245e-04      1.00000e+01      1.73358e-06
    1.22376e+00      1.20522e-04      1.00000e+01      1.73354e-06
    1.23851e+00      1.19801e-04      1.00000e+01      1.73351e-06
    1.25344e+00      1.19078e-04      1.00000e+01      1.73347e-06
    1.26855e+00      1.18345e-04      1.00000e+01      1.73344e-06
    1.28384e+00      1.17619e-04      1.00000e+01      1.73340e-06
    1.29932e+00      1.16885e-04      1.00000e+01      1.73337e-06
    1.31498e+00      1.16148e-04      1.00000e+01      1.73333e-06
    1.33083e+00      1.15412e-04      1.00000e+01      1.73330e-06
    1.34687e+00      1.14667e-04      1.00000e+01      1.73326e-06
    1.36311e+00      1.13927e-04      1.00000e+01      1.73323e-06
    1.37954e+00      1.13180e-04      1.00000e+01      1.73319e-06
    1.39617e+00      1.12431e-04      1.00000e+01      1.73315e-06
    1.41300e+00      1.11681e-04      1.00000e+01      1.73311e-06
    1.43003e+00      1.10923e-04      1.00000e+01      1.73307e-06
    1.44727e+00      1.10172e-04      1.00000e+01      1.73304e-06
    1.46471e+00      1.09412e-04      1.00000e+01      1.73300e-06
    1.48237e+00      1.08654e-04      1.00000e+01      1.73295e-06
    1.50024e+00      1.07892e-04      1.00000e+01      1.73291e-06
    1.51832e+00      1.07128e-04      1.00000e+01      1.73287e-06
    1.53662e+00      1.06364e-04      1.00000e+01      1.73283e-06
    1.55515e+00      1.05594e-04      1.00000e+01      1.73279e-06
    1.57389e+00      1.04828e-04      1.00000e+01      1.73274e-06
    1.59287e+00      1.04053e-04      1.00000e+01      1.73270e-06
    1.61207e+00      1.03284e-04      1.00000e+01      1.73266e-06
    1.63150e+00      1.02506e-04      1.00000e+01      1.73261e-06
    1.65116e+00      1.01734e-04      1.00000e+01      1.73256e-06
    1.67107e+00      1.00952e-04      1.00000e+01      1.73252e-06
    1.69121e+00      1.00177e-04      1.00000e+01      1.73247e-06
    1.71160e+00      9.93920e-05      1.00000e+01      1.73242e-06
    1.73223e+00      9.86136e-05      1.00000e+01      1.73237e-06
    1.75311e+00      9.78268e-05      1.00000e+01      1.73232e-06
    1.77424e+00      9.70455e-05      1.00000e+01      1.73227e-06
    1.79563e+00      9.62569e-05      1.00000e+01      1.73222e-06
    1.81728e+00      9.54726e-05      1.00000e+01      1.73216e-06
    1.83918e+00      9.46832e-05      1.00000e+01      1.73211e-06
    1.86135e+00      9.38954e-05      1.00000e+01      1.73206e-06
    1.88379e+00      9.31052e-05      1.00000e+01      1.73200e-06
    1.90650e+00      9.23139e-05      1.00000e+01      1.73195e-06
    1.92948e+00      9.15238e-05      1.00000e+01      1.73190e-06
    1.95274e+00      9.07292e-05      1.00000e+01      1.73184e-06
    1.97628e+00      8.99404e-05      1.00000e+01      1.73178e-06
    2.00010e+00      8.91465e-05      1.00000e+01      1.73173e-06
    2.02421e+00      8.83543e-05      1.00000e+01      1.73167e-06
    2.04861e+00      8.75612e-05      1.00000e+01      1.73161e-06
    2.07331e+00      8.67650e-05      1.00000e+01      1.73155e-06
    2.09830e+00      8.59733e-05      1.00000e+01      1.73149e-06
    2.12359e+00      8.51778e-05      1.00000e+01      1.73143e-06
    2.14919e+00      8.43826e-05      1.00000e+01      1.73137e-06
    2.17510e+00      8.35901e-05      1.00000e+01      1.73131e-06
    2.20132e+00      8.27954e-05      1.00000e+01      1.73125e-06
    2.22785e+00      8.20036e-05      1.00000e+01      1.73118e-06
    2.25471e+00      8.12121e-05      1.00000e+01      1.73112e-06
    2.28189e+00      8.04183e-05      1.00000e+01      1.73105e-06
    2.30940e+00      7.96263e-05      1.00000e+01      1.73099e-06
    2.33723e+00      7.88360e-05      1.00000e+01      1.73092e-06
    2.36541e+00      7.80447e-05      1.00000e+01      1.73085e-06
    2.39392e+00      7.72544e-05      1.00000e+01      1.73078e-06
    2.42278e+00      7.64671e-05      1.00000e+01      1.73071e-06
    2.45198e+00      7.56788e-05      1.00000e+01      1.73064e-06
    2.48154e+00      7.48900e-05      1.00000e+01      1.73057e-06
    2.51146e+00      7.41053e-05      1.00000e+01      1.73049e-06
    2.54173e+00      7.33226e-05      1.00000e+01      1.73042e-06
    2.57237e+00      7.25403e-05      1.00000e+01      1.73034e-06
    2.60338e+00      7.17588e-05      1.00000e+01      1.73026e-06
    2.63476e+00      7.09800e-05      1.00000e+01      1.73019e-06
    2.66652e+00      7.02040e-05      1.00000e+01      1.73011e-06
    2.69867e+00      6.94290e-05      1.00000e+01      1.73006e-06
    2.73120e+00      6.86553e-05      1.00000e+01      1.73002e-06
    2.76412e+00      6.78827e-05      1.00000e+01      1.72994e-06
    2.79744e+00      6.71124e-05      1.00000e+01      1.72985e-06
    2.83116e+00      6.63459e-05      1.00000e+01      1.72977e-06
    2.86529e+00      6.55818e-05      1.00000e+01      1.72968e-06
    2.89983e+00      6.48196e-05      1.00000e+01      1.72959e-06
    2.93479e+00      6.40596e-05      1.00000e+01      1.72950e-06
    2.97017e+00      6.33025e-05      1.00000e+01      1.72941e-06
    3.00597e+00      6.25481e-05      1.00000e+01      1.72931e-06
    3.04220e+00      6.17965e-05      1.00000e+01      1.72922e-06
    3.07888e+00      6.10491e-05      1.00000e+01      1.72912e-06
    3.11599e+00      6.03043e-05      1.00000e+01      1.72903e-06
    3.15355e+00      5.95633e-05      1.00000e+01      1.72893e-06
    3.19157e+00      5.88259e-05      1.00000e+01      1.72883e-06
    3.23004e+00      5.80917e-05      1.00000e+01      1.72873e-06
    3.26898e+00      5.73606e-05      1.00000e+01      1.72863e-06
    3.30839e+00      5.66334e-05      1.00000e+01      1.72853e-06
    3.34827e+00      5.59096e-05      1.00000e+01      1.72842e-06
    3.38863e+00      5.51894e-05      1.00000e+01      1.72832e-06
    3.42948e+00      5.44738e-05      1.00000e+01      1.72822e-06
    3.47082e+00      5.37630e-05      1.00000e+01      1.72811e-06
    3.51266e+00      5.30566e-05      1.00000e+01      1.72800e-06
    3.55500e+00      5.23541e-05      1.00000e+01      1.72789e-06
    3.59786e+00      5.16556e-05      1.00000e+01      1.72778e-06
    3.64123e+00      5.09619e-05      1.00000e+01      1.72767e-06
    3.68512e+00      5.02732e-05      1.00000e+01      1.72755e-06
    3.72955e+00      4.95897e-05      1.00000e+01      1.72744e-06
    3.77450e+00      4.89109e-05      1.00000e+01      1.72732e-06
    3.82000e+00      4.82370e-05      1.00000e+01      1.72720e-06
    3.86605e+00      4.75688e-05      1.00000e+01      1.72707e-06
    3.91266e+00      4.69058e-05      1.00000e+01      1.72695e-06
    3.95982e+00      4.62481e-05      1.00000e+01      1.72682e-06
    4.00756e+00      4.55956e-05      1.00000e+01      1.72669e-06
    4.05587e+00      4.49495e-05      1.00000e+01      1.72656e-06
    4.10476e+00      4.43088e-05      1.00000e+01      1.72643e-06
    4.15424e+00      4.36735e-05      1.00000e+01      1.72630e-06
    4.20432e+00      4.30434e-05      1.00000e+01      1.72616e-06
    4.25500e+00      4.24195e-05      1.00000e+01      1.72603e-06
    4.30629e+00      4.18036e-05      1.00000e+01      1.72589e-06
    4.35821e+00      4.11932e-05      1.00000e+01      1.72576e-06
    4.41074e+00      4.05884e-05      1.00000e+01      1.72562e-06
    4.46391e+00      3.99915e-05      1.00000e+01      1.72548e-06
    4.51772e+00      3.93999e-05      1.00000e+01      1.72533e-06
    4.57218e+00      3.88134e-05      1.00000e+01      1.72518e-06
    4.62730e+00      3.82364e-05      1.00000e+01      1.72503e-06
    4.68308e+00      3.76658e-05      1.00000e+01      1.72488e-06
    4.73954e+00      3.71013e-05      1.00000e+01      1.72473e-06
    4.79667e+00      3.65443e-05      1.00000e+01      1.72458e-06
    4.85449e+00      3.59931e-05      1.00000e+01      1.72442e-06
    4.91301e+00      3.54500e-05      1.00000e+01      1.72426e-06
    4.97224e+00      3.49137e-05      1.00000e+01      1.72410e-06
    5.03218e+00      3.43862e-05      1.00000e+01      1.72394e-06
    5.09284e+00      3.38651e-05      1.00000e+01      1.72377e-06
    5.15423e+00      3.33516e-05      1.00000e+01      1.72361e-06
    5.21636e+00      3.28446e-05      1.00000e+01      1.72343e-06
    5.27925e+00      3.23468e-05      1.00000e+01      1.72326e-06
    5.34289e+00      3.18554e-05      1.00000e+01      1.72308e-06
    5.40729e+00      3.13720e-05      1.00000e+01      1.72290e-06
    5.47248e+00      3.08964e-05      1.00000e+01      1.72272e-06
    5.53845e+00      3.04288e-05      1.00000e+01      1.72254e-06
    5.60521e+00      2.99696e-05      1.00000e+01      1.72235e-06
    5.67278e+00      2.95181e-05      1.00000e+01      1.72216e-06
    5.74117e+00      2.90739e-05      1.00000e+01      1.72197e-06
    5.81037e+00      2.86385e-05      1.00000e+01      1.72178e-06
    5.88042e+00      2.82107e-05      1.00000e+01      1.72159e-06
    5.95131e+00      2.77906e-05      1.00000e+01      1.72139e-06
    6.02305e+00      2.73793e-05      1.00000e+01      1.72119e-06
    6.09565e+00      2.69766e-05      1.00000e+01      1.72099e-06
    6.16914e+00      2.65821e-05      1.00000e+01      1.72078e-06
    6.24350e+00      2.61952e-05      1.00000e+01      1.72058e-06
    6.31877e+00      2.58159e-05      1.00000e+01      1.72037e-06
    6.39494e+00      2.54455e-05      1.00000e+01      1.72016e-06
    6.47203e+00      2.50836e-05      1.00000e+01      1.71994e-06
    6.55005e+00      2.47300e-05      1.00000e+01      1.71972e-06
    6.62901e+00      2.43846e-05      1.00000e+01      1.71950e-06
    6.70892e+00      2.40462e-05      1.00000e+01      1.71927e-06
    6.78979e+00      2.37173e-05      1.00000e+01      1.71904e-06
    6.87164e+00      2.33973e-05      1.00000e+01      1.71881e-06
    6.95448e+00      2.30846e-05      1.00000e+01      1.71857e-06
    7.03832e+00      2.27799e-05      1.00000e+01      1.71833e-06
    7.12316e+00      2.24836e-05      1.00000e+01      1.71808e-06
    7.20903e+00      2.21957e-05      1.00000e+01      1.71783e-06
    7.29593e+00      2.19152e-05      1.00000e+01      1.71758e-06
    7.38389e+00      2.16432e-05      1.00000e+01      1.71733e-06
    7.47290e+00      2.13790e-05      1.00000e+01      1.71707e-06
    7.56298e+00      2.11230e-05      1.00000e+01      1.71680e-06
    7.65415e+00      2.08751e-05      1.00000e+01      1.71654e-06
    7.74642e+00      2.06346e-05      1.00000e+01      1.71627e-06
    7.83980e+00      2.04016e-05      1.00000e+01      1.71600e-06
    7.93431e+00      2.01768e-05      1.00000e+01      1.71572e-06
    8.02996e+00      1.99595e-05      1.00000e+01      1.71545e-06
    8.12676e+00      1.97499e-05      1.00000e+01      1.71517e-06
    8.22473e+00      1.95478e-05      1.00000e+01      1.71488e-06
    8.32387e+00      1.93523e-05      1.00000e+01      1.71459e-06
    8.42422e+00      1.91646e-05      1.00000e+01      1.71430e-06
    8.52577e+00      1.89838e-05      1.00000e+01      1.71400e-06
    8.62855e+00      1.88109e-05      1.00000e+01      1.71370e-06
    8.73256e+00      1.86441e-05      1.00000e+01      1.71339e-06
    8.83783e+00      1.84836e-05      1.00000e+01      1.71307e-06
    8.94437e+00      1.83311e-05      1.00000e+01      1.71275e-06
    9.05220e+00      1.81845e-05      1.00000e+01      1.71243e-06
    9.16132e+00      1.80441e-05      1.00000e+01      1.71210e-06
    9.27176e+00      1.79104e-05      1.00000e+01      1.71177e-06
    9.38353e+00      1.77829e-05      1.00000e+01      1.71143e-06
    9.49664e+00      1.76611e-05      1.00000e+01      1.71109e-06
    9.61113e+00      1.75454e-05      1.00000e+01      1.71075e-06
    9.72699e+00      1.74354e-05      1.00000e+01      1.71040e-06
    9.84424e+00      1.73310e-05      1.00000e+01      1.71004e-06
    9.96292e+00      1.72320e-05      1.00000e+01      1.70969e-06
    1.00830e+01      1.71382e-05      1.00000e+01      1.70932e-06
    1.02046e+01      1.70496e-05      1.00000e+01      1.70895e-06
    1.03276e+01      1.69657e-05      1.00000e+01      1.70858e-06
    1.04521e+01      1.68869e-05      1.00000e+01      1.70820e-06
    1.05781e+01      1.68124e-05      1.00000e+01      1.70781e-06
    1.07056e+01      1.67424e-05      1.00000e+01      1.70742e-06
    1.08347e+01      1.66764e-05      1.00000e+01      1.70702e-06
    1.09653e+01      1.66151e-05      1.00000e+01      1.70661e-06
    1.10974e+01      1.65571e-05      1.00000e+01      1.70621e-06
    1.12312e+01      1.65029e-05      1.00000e+01      1.70579e-06
    1.13666e+01      1.64525e-05      1.00000e+01      1.70538e-06
    1.15036e+01      1.64051e-05      1.00000e+01      1.70495e-06
    1.16423e+01      1.63612e-05      1.00000e+01      1.70453e-06
    1.17827e+01      1.63201e-05      1.00000e+01      1.70409e-06
    1.19247e+01      1.62818e-05      1.00000e+01      1.70365e-06
    1.20685e+01      1.62462e-05      1.00000e+01      1.70320e-06
    1.22139e+01      1.62130e-05      1.00000e+01      1.70275e-06
    1.23612e+01      1.61821e-05      1.00000e+01      1.70229e-06
    1.25102e+01      1.61534e-05      1.00000e+01      1.70183e-06
    1.26610e+01      1.61265e-05      1.00000e+01      1.70136e-06
    1.28136e+01      1.61015e-05      1.00000e+01      1.70088e-06
    1.29681e+01      1.60781e-05      1.00000e+01      1.70040e-06
    1.31244e+01      1.60562e-05      1.00000e+01      1.69991e-06
    1.32826e+01      1.60357e-05      1.00000e+01      1.69941e-06
    1.34428e+01      1.60162e-05      1.00000e+01      1.69891e-06
    1.36048e+01      1.59980e-05      1.00000e+01      1.69840e-06
    1.37688e+01      1.59805e-05      1.00000e+01      1.69788e-06
    1.39348e+01      1.59639e-05      1.00000e+01      1.69735e-06
    1.41028e+01      1.59478e-05      1.00000e+01      1.69680e-06
    1.42728e+01      1.59324e-05      1.00000e+01      1.69626e-06
    1.44448e+01      1.59175e-05      1.00000e+01      1.69571e-06
    1.46190e+01      1.59031e-05      1.00000e+01      1.69516e-06
    1.47952e+01      1.58889e-05      1.00000e+01      1.69459e-06
    1.49736e+01      1.58749e-05      1.00000e+01      1.69402e-06
    1.51541e+01      1.58611e-05      1.00000e+01      1.69344e-06
    1.53367e+01      1.58474e-05      1.00000e+01      1.69284e-06
    1.55216e+01      1.58337e-05      1.00000e+01      1.69224e-06
    1.57087e+01      1.58201e-05      1.00000e+01      1.69163e-06
    1.58981e+01      1.58065e-05      1.00000e+01      1.69101e-06
    1.60898e+01      1.57929e-05      1.00000e+01      1.69039e-06
    1.62837e+01      1.57792e-05      1.00000e+01      1.68976e-06
    1.64800e+01      1.57655e-05      1.00000e+01      1.68912e-06
    1.66787e+01      1.57517e-05      1.00000e+01      1.68847e-06
    1.68797e+01      1.57377e-05      1.00000e+01      1.68781e-06
    1.70832e+01      1.57236e-05      1.00000e+01      1.68713e-06
    1.72892e+01      1.57094e-05      1.00000e+01      1.68645e-06
    1.74976e+01      1.56951e-05      1.00000e+01      1.68576e-06
    1.77085e+01      1.56807e-05      1.00000e+01      1.68506e-06
    1.79220e+01      1.56662e-05      1.00000e+01      1.68435e-06
    1.81380e+01      1.56515e-05      1.00000e+01      1.68364e-06
    1.83567e+01      1.56367e-05      1.00000e+01      1.68291e-06
    1.85780e+01      1.56217e-05      1.00000e+01      1.68217e-06
    1.88019e+01      1.56066e-05      1.00000e+01      1.68143e-06
    1.90286e+01      1.55914e-05      1.00000e+01      1.68067e-06
    1.92580e+01      1.55760e-05      1.00000e+01      1.67990e-06
    1.94901e+01      1.55605e-05      1.00000e+01      1.67912e-06
    1.97251e+01      1.55448e-05      1.00000e+01      1.67833e-06
    1.99629e+01      1.55289e-05      1.00000e+01      1.67753e-06
    2.02035e+01      1.55129e-05      1.00000e+01      1.67672e-06
    2.04471e+01      1.54968e-05      1.00000e+01      1.67590e-06
    2.06936e+01      1.54805e-05      1.00000e+01      1.67507e-06
    2.09430e+01      1.54640e-05      1.00000e+01      1.67423e-06
    2.11955e+01      1.54474e-05      1.00000e+01      1.67337e-06
    2.14510e+01      1.54306e-05      1.00000e+01      1.67250e-06
    2.17096e+01      1.54136e-05      1.00000e+01      1.67162e-06
    2.19713e+01      1.53964e-05      1.00000e+01      1.67073e-06
    2.22362e+01      1.53791e-05      1.00000e+01      1.66983e-06
    2.25042e+01      1.53617e-05      1.00000e+01      1.66891e-06
    2.27755e+01      1.53440e-05      1.00000e+01      1.66798e-06
    2.30501e+01      1.53261e-05      1.00000e+01      1.66704e-06
    2.33279e+01      1.53081e-05      1.00000e+01      1.66608e-06
    2.36092e+01      1.52899e-05      1.00000e+01      1.66511e-06
    2.38938e+01      1.52715e-05      1.00000e+01      1.66412e-06
    2.41818e+01      1.52529e-05      1.00000e+01      1.66312e-06
    2.44733e+01      1.52341e-05      1.00000e+01      1.66211e-06
    2.47683e+01      1.52151e-05      1.00000e+01      1.66109e-06
    2.50669e+01      1.51960e-05      1.00000e+01      1.66005e-06
    2.53691e+01      1.51767e-05      1.00000e+01      1.65900e-06
    2.56749e+01      1.51572e-05      1.00000e+01      1.65794e-06
    2.59844e+01      1.51375e-05      1.00000e+01      1.65685e-06
    2.62977e+01      1.51176e-05      1.00000e+01      1.65575e-06
    2.66147e+01      1.50974e-05      1.00000e+01      1.65464e-06
    2.69355e+01      1.50772e-05      1.00000e+01      1.65352e-06
    2.72602e+01      1.50567e-05      1.00000e+01      1.65238e-06
    2.75889e+01      1.50359e-05      1.00000e+01      1.65122e-06
    2.79214e+01      1.50149e-05      1.00000e+01      1.65004e-06
    2.82580e+01      1.49937e-05      1.00000e+01      1.64884e-06
    2.85987e+01      1.49723e-05      1.00000e+01      1.64763e-06
    2.89434e+01      1.49507e-05      1.00000e+01      1.64640e-06
    2.92924e+01      1.49289e-05      1.00000e+01      1.64516e-06
    2.96455e+01      1.49068e-05      1.00000e+01      1.64390e-06
    3.00029e+01      1.48846e-05      1.00000e+01      1.64262e-06
    3.03645e+01      1.48621e-05      1.00000e+01      1.64133e-06
    3.07306e+01      1.48395e-05      1.00000e+01      1.64001e-06
    3.11010e+01      1.48166e-05      1.00000e+01      1.63869e-06
    3.14760e+01      1.47935e-05      1.00000e+01      1.63735e-06
    3.18554e+01      1.47702e-05      1.00000e+01      1.63599e-06
    3.22394e+01      1.47467e-05      1.00000e+01      1.63461e-06
    3.26281e+01      1.47230e-05      1.00000e+01      1.63322e-06
    3.30214e+01      1.46991e-05      1.00000e+01      1.63181e-06
    3.34195e+01      1.46749e-05      1.00000e+01      1.63038e-06
    3.38223e+01      1.46505e-05      1.00000e+01      1.62893e-06
    3.42301e+01      1.46257e-05      1.00000e+01      1.62745e-06
    3.46427e+01      1.46007e-05      1.00000e+01      1.62594e-06
    3.50603e+01      1.45755e-05      1.00000e+01      1.62442e-06
    3.54830e+01      1.45499e-05      1.00000e+01      1.62287e-06
    3.59107e+01      1.45242e-05      1.00000e+01      1.62131e-06
    3.63436e+01      1.44982e-05      1.00000e+01      1.61972e-06
    3.67817e+01      1.44720e-05      1.00000e+01      1.61811e-06
    3.72251e+01      1.44455e-05      1.00000e+01      1.61648e-06
    3.76739e+01      1.44188e-05      1.00000e+01      1.61483e-06
    3.81281e+01      1.43918e-05      1.00000e+01      1.61316e-06
    3.85877e+01      1.43646e-05      1.00000e+01      1.61147e-06
    3.90529e+01      1.43371e-05      1.00000e+01      1.60975e-06
    3.95236e+01      1.43095e-05      1.00000e+01      1.60802e-06
    4.00001e+01      1.42816e-05      1.00000e+01      1.60627e-06
