    Er (keV)         SM dN/dE         BG dN/dE        BSM dN/dE (events/kg/day/keV)
    2.50100e-01      7.66155e+00      1.00000e+02      4.00871e-05
    2.52651e-01      7.59394e+00      1.00000e+02      4.00869e-05
    2.55227e-01      7.52564e+00      1.00000e+02      4.00868e-05
    2.57830e-01      7.45665e+00      1.00000e+02      4.00867e-05
    2.60459e-01      7.38695e+00      1.00000e+02      4.00866e-05
    2.63115e-01      7.31654e+00      1.00000e+02      4.00864e-05
    2.65799e-01      7.24541e+00      1.00000e+02      4.00863e-05
    2.68509e-01      7.17356e+00      1.00000e+02      4.00862e-05
    2.71248e-01      7.10097e+00      1.00000e+02      4.00860e-05
    2.74014e-01      7.02764e+00      1.00000e+02      4.00859e-05
    2.76808e-01      6.95357e+00      1.00000e+02      4.00858e-05
    2.79631e-01      6.87873e+00      1.00000e+02      4.00856e-05
    2.82483e-01      6.80314e+00      1.00000e+02      4.00855e-05
    2.85364e-01      6.72677e+00      1.00000e+02      4.00853e-05
    2.88274e-01      6.64963e+00      1.00000e+02      4.00852e-05
    2.91214e-01      6.57694e+00      1.00000e+02      4.00851e-05
    2.94184e-01      6.51286e+00      1.00000e+02      4.00849e-05
    2.97185e-01      6.44813e+00      1.00000e+02      4.00848e-05
    3.00215e-01      6.38274e+00      1.00000e+02      4.00847e-05
    3.03277e-01      6.31668e+00      1.00000e+02      4.00845e-05
    3.06370e-01      6.24995e+00      1.00000e+02      4.00844e-05
    3.09495e-01      6.18254e+00      1.00000e+02      4.00842e-05
    3.12651e-01      6.11444e+00      1.00000e+02      4.00841e-05
    3.15840e-01      6.04564e+00      1.00000e+02      4.00839e-05
    3.19061e-01      5.97615e+00      1.00000e+02      4.00838e-05
    3.22315e-01      5.90594e+00      1.00000e+02      4.00836e-05
    3.25602e-01      5.83502e+00      1.00000e+02      4.00835e-05
    3.28923e-01      5.76337e+00      1.00000e+02      4.00833e-05
    3.32278e-01      5.69843e+00      1.00000e+02      4.00832e-05
    3.35667e-01      5.63809e+00      1.00000e+02      4.00830e-05
    3.39090e-01      5.57712e+00      1.00000e+02      4.00829e-05
    3.42549e-01      5.51553e+00      1.00000e+02      4.00828e-05
    3.46042e-01      5.45332e+00      1.00000e+02      4.00826e-05
    3.49572e-01      5.39047e+00      1.00000e+02      4.00825e-05
    3.53137e-01      5.32698e+00      1.00000e+02      4.00823e-05
    3.56739e-01      5.26284e+00      1.00000e+02      4.00822e-05
    3.60377e-01      5.19804e+00      1.00000e+02      4.00820e-05
    3.64053e-01      5.13259e+00      1.00000e+02      4.00818e-05
    3.67766e-01      5.06647e+00      1.00000e+02      4.00817e-05
    3.71517e-01      5.00274e+00      1.00000e+02      4.00815e-05
    3.75306e-01      4.94621e+00      1.00000e+02      4.00813e-05
    3.79134e-01      4.88911e+00      1.00000e+02      4.00811e-05
    3.83001e-01      4.83142e+00      1.00000e+02      4.00809e-05
    3.86907e-01      4.77315e+00      1.00000e+02      4.00806e-05
    3.90853e-01      4.71428e+00      1.00000e+02      4.00804e-05
    3.94840e-01      4.65481e+00      1.00000e+02      4.00802e-05
    3.98867e-01      4.59473e+00      1.00000e+02      4.00800e-05
    4.02935e-01      4.53404e+00      1.00000e+02      4.00798e-05
    4.07045e-01      4.47273e+00      1.00000e+02      4.00795e-05
    4.11196e-01      4.41213e+00      1.00000e+02      4.00793e-05
    4.15391e-01      4.35903e+00      1.00000e+02      4.00791e-05
    4.19627e-01      4.30538e+00      1.00000e+02      4.00789e-05
    4.23907e-01      4.25119e+00      1.00000e+02      4.00787e-05
    4.28231e-01      4.19644e+00      1.00000e+02      4.00784e-05
    4.32599e-01      4.14114e+00      1.00000e+02      4.00782e-05
    4.37011e-01      4.08527e+00      1.00000e+02      4.00780e-05
    4.41469e-01      4.02883e+00      1.00000e+02      4.00778e-05
    4.45971e-01      3.97182e+00      1.00000e+02      4.00775e-05
    4.50520e-01      3.91422e+00      1.00000e+02      4.00773e-05
    4.55115e-01      3.86453e+00      1.00000e+02      4.00771e-05
    4.59758e-01      3.81480e+00      1.00000e+02      4.00769e-05
    4.64447e-01      3.76456e+00      1.00000e+02      4.00766e-05
    4.69184e-01      3.71381e+00      1.00000e+02      4.00764e-05
    4.73970e-01      3.66254e+00      1.00000e+02      4.00762e-05
    4.78804e-01      3.61075e+00      1.00000e+02      4.00760e-05
    4.83688e-01      3.55843e+00      1.00000e+02      4.00757e-05
    4.88622e-01      3.50557e+00      1.00000e+02      4.00755e-05
    4.93606e-01      3.45546e+00      1.00000e+02      4.00752e-05
    4.98640e-01      3.40764e+00      1.00000e+02      4.00750e-05
    5.03726e-01      3.35934e+00      1.00000e+02      4.00747e-05
    5.08865e-01      3.31054e+00      1.00000e+02      4.00745e-05
    5.14055e-01      3.26124e+00      1.00000e+02      4.00742e-05
    5.19298e-01      3.21145e+00      1.00000e+02      4.00739e-05
    5.24595e-01      3.16114e+00      1.00000e+02      4.00737e-05
    5.29946e-01      3.11032e+00      1.00000e+02      4.00734e-05
    5.35352e-01      3.06485e+00      1.00000e+02      4.00731e-05
    5.40812e-01      3.02045e+00      1.00000e+02      4.00728e-05
    5.46329e-01      2.97560e+00      1.00000e+02      4.00725e-05
    5.51901e-01      2.93030e+00      1.00000e+02      4.00722e-05
    5.57531e-01      2.88453e+00      1.00000e+02      4.00719e-05
    5.63218e-01      2.83829e+00      1.00000e+02      4.00715e-05
    5.68963e-01      2.79159e+00      1.00000e+02      4.00712e-05
    5.74766e-01      2.74803e+00      1.00000e+02      4.00709e-05
    5.80629e-01      2.70636e+00      1.00000e+02      4.00707e-05
    5.86552e-01      2.66426e+00      1.00000e+02      4.00705e-05
    5.92535e-01      2.62173e+00      1.00000e+02      4.00702e-05
    5.98579e-01      2.57877e+00      1.00000e+02      4.00700e-05
    6.04684e-01      2.53537e+00      1.00000e+02      4.00697e-05
    6.10852e-01      2.49152e+00      1.00000e+02      4.00695e-05
    6.17083e-01      2.45221e+00      1.00000e+02      4.00700e-05
    6.23378e-01      2.41295e+00      1.00000e+02      4.00706e-05
    6.29736e-01      2.37329e+00      1.00000e+02      4.00712e-05
    6.36160e-01      2.33323e+00      1.00000e+02      4.00718e-05
    6.42649e-01      2.29276e+00      1.00000e+02      4.00724e-05
    6.49204e-01      2.25187e+00      1.00000e+02      4.00730e-05
    6.55827e-01      2.21375e+00      1.00000e+02      4.00723e-05
    6.62516e-01      2.17697e+00      1.00000e+02      4.00710e-05
    6.69274e-01      2.13981e+00      1.00000e+02      4.00697e-05
    6.76101e-01      2.10228e+00      1.00000e+02      4.00683e-05
    6.82998e-01      2.06436e+00      1.00000e+02      4.00669e-05
    6.89965e-01      2.02606e+00      1.00000e+02      4.00656e-05
    6.97003e-01      1.99077e+00      1.00000e+02      4.00650e-05
    7.04113e-01      1.95623e+00      1.00000e+02      4.00646e-05
    7.11295e-01      1.92133e+00      1.00000e+02      4.00643e-05
    7.18551e-01      1.88608e+00      1.00000e+02      4.00639e-05
    7.25880e-01      1.85047e+00      1.00000e+02      4.00636e-05
    7.33285e-01      1.81528e+00      1.00000e+02      4.00632e-05
    7.40765e-01      1.78298e+00      1.00000e+02      4.00628e-05
    7.48321e-01      1.75034e+00      1.00000e+02      4.00624e-05
    7.55954e-01      1.71738e+00      1.00000e+02      4.00620e-05
    7.63666e-01      1.68408e+00      1.00000e+02      4.00616e-05
    7.71456e-01      1.65043e+00      1.00000e+02      4.00612e-05
    7.79325e-01      1.61999e+00      1.00000e+02      4.00608e-05
    7.87275e-01      1.58949e+00      1.00000e+02      4.00604e-05
    7.95305e-01      1.55868e+00      1.00000e+02      4.00600e-05
    8.03418e-01      1.52755e+00      1.00000e+02      4.00596e-05
    8.11614e-01      1.49610e+00      1.00000e+02      4.00592e-05
    8.19893e-01      1.46760e+00      1.00000e+02      4.00586e-05
    8.28256e-01      1.43903e+00      1.00000e+02      4.00581e-05
    8.36705e-01      1.41016e+00      1.00000e+02      4.00576e-05
    8.45240e-01      1.38100e+00      1.00000e+02      4.00570e-05
    8.53862e-01      1.35212e+00      1.00000e+02      4.00565e-05
    8.62573e-01      1.32550e+00      1.00000e+02      4.00560e-05
    8.71372e-01      1.29861e+00      1.00000e+02      4.00556e-05
    8.80260e-01      1.27145e+00      1.00000e+02      4.00551e-05
    8.89240e-01      1.24401e+00      1.00000e+02      4.00547e-05
    8.98311e-01      1.21818e+00      1.00000e+02      4.00543e-05
    9.07474e-01      1.19312e+00      1.00000e+02      4.00539e-05
    9.16731e-01      1.16781e+00      1.00000e+02      4.00536e-05
    9.26083e-01      1.14223e+00      1.00000e+02      4.00533e-05
    9.35530e-01      1.11722e+00      1.00000e+02      4.00529e-05
    9.45073e-01      1.09377e+00      1.00000e+02      4.00523e-05
    9.54714e-01      1.07009e+00      1.00000e+02      4.00518e-05
    9.64453e-01      1.04616e+00      1.00000e+02      4.00513e-05
    9.74291e-01      1.02239e+00      1.00000e+02      4.00507e-05
    9.84230e-01      1.00048e+00      1.00000e+02      4.00502e-05
    9.94270e-01      9.78356e-01      1.00000e+02      4.00497e-05
    1.00441e+00      9.56002e-01      1.00000e+02      4.00492e-05
    1.01466e+00      9.33789e-01      1.00000e+02      4.00487e-05
    1.02501e+00      9.13120e-01      1.00000e+02      4.00482e-05
    1.03547e+00      8.92240e-01      1.00000e+02      4.00477e-05
    1.04603e+00      8.71147e-01      1.00000e+02      4.00471e-05
    1.05670e+00      8.50568e-01      1.00000e+02      4.00466e-05
    1.06748e+00      8.31183e-01      1.00000e+02      4.00459e-05
    1.07837e+00      8.11601e-01      1.00000e+02      4.00453e-05
    1.08937e+00      7.91819e-01      1.00000e+02      4.00446e-05
    1.10048e+00      7.73088e-01      1.00000e+02      4.00440e-05
    1.11171e+00      7.54827e-01      1.00000e+02      4.00434e-05
    1.12305e+00      7.36379e-01      1.00000e+02      4.00429e-05
    1.13450e+00      7.17922e-01      1.00000e+02      4.00423e-05
    1.14608e+00      7.00863e-01      1.00000e+02      4.00417e-05
    1.15777e+00      6.83630e-01      1.00000e+02      4.00412e-05
    1.16958e+00      6.66221e-01      1.00000e+02      4.00406e-05
    1.18151e+00      6.49708e-01      1.00000e+02      4.00399e-05
    1.19356e+00      6.33555e-01      1.00000e+02      4.00392e-05
    1.20574e+00      6.17237e-01      1.00000e+02      4.00386e-05
    1.21804e+00      6.01348e-01      1.00000e+02      4.00379e-05
    1.23046e+00      5.86376e-01      1.00000e+02      4.00372e-05
    1.24302e+00      5.71251e-01      1.00000e+02      4.00366e-05
    1.25570e+00      5.56151e-01      1.00000e+02      4.00360e-05
    1.26851e+00      5.41922e-01      1.00000e+02      4.00353e-05
    1.28145e+00      5.27548e-01      1.00000e+02      4.00346e-05
    1.29452e+00      5.13089e-01      1.00000e+02      4.00339e-05
    1.30772e+00      4.99808e-01      1.00000e+02      4.00332e-05
    1.32107e+00      4.86393e-01      1.00000e+02      4.00325e-05
    1.33454e+00      4.72880e-01      1.00000e+02      4.00318e-05
    1.34816e+00      4.60383e-01      1.00000e+02      4.00310e-05
    1.36191e+00      4.47760e-01      1.00000e+02      4.00303e-05
    1.37580e+00      4.35132e-01      1.00000e+02      4.00295e-05
    1.38984e+00      4.23374e-01      1.00000e+02      4.00288e-05
    1.40401e+00      4.11497e-01      1.00000e+02      4.00280e-05
    1.41834e+00      3.99780e-01      1.00000e+02      4.00273e-05
    1.43281e+00      3.88696e-01      1.00000e+02      4.00265e-05
    1.44742e+00      3.77498e-01      1.00000e+02      4.00257e-05
    1.46219e+00      3.66674e-01      1.00000e+02      4.00249e-05
    1.47711e+00      3.56199e-01      1.00000e+02      4.00241e-05
    1.49217e+00      3.45617e-01      1.00000e+02      4.00232e-05
    1.50740e+00      3.35674e-01      1.00000e+02      4.00224e-05
    1.52277e+00      3.25780e-01      1.00000e+02      4.00217e-05
    1.53831e+00      3.15967e-01      1.00000e+02      4.00209e-05
    1.55400e+00      3.06697e-01      1.00000e+02      4.00201e-05
    1.56985e+00      2.97333e-01      1.00000e+02      4.00192e-05
    1.58587e+00      2.88387e-01      1.00000e+02      4.00184e-05
    1.60205e+00      2.79596e-01      1.00000e+02      4.00175e-05
    1.61839e+00      2.70855e-01      1.00000e+02      4.00166e-05
    1.63490e+00      2.62595e-01      1.00000e+02      4.00158e-05
    1.65158e+00      2.54251e-01      1.00000e+02      4.00150e-05
    1.66843e+00      2.46334e-01      1.00000e+02      4.00140e-05
    1.68545e+00      2.38484e-01      1.00000e+02      4.00131e-05
    1.70264e+00      2.30803e-01      1.00000e+02      4.00121e-05
    1.72001e+00      2.23394e-01      1.00000e+02      4.00112e-05
    1.73756e+00      2.15973e-01      1.00000e+02      4.00103e-05
    1.75528e+00      2.08995e-01      1.00000e+02      4.00093e-05
    1.77319e+00      2.01946e-01      1.00000e+02      4.00084e-05
    1.79128e+00      1.95289e-01      1.00000e+02      4.00073e-05
    1.80955e+00      1.88641e-01      1.00000e+02      4.00063e-05
    1.82801e+00      1.82251e-01      1.00000e+02      4.00053e-05
    1.84666e+00      1.75967e-01      1.00000e+02      4.00043e-05
    1.86550e+00      1.69867e-01      1.00000e+02      4.00033e-05
    1.88453e+00      1.63956e-01      1.00000e+02      4.00024e-05
    1.90375e+00      1.58161e-01      1.00000e+02      4.00015e-05
    1.92318e+00      1.52586e-01      1.00000e+02      4.00005e-05
    1.94279e+00      1.47082e-01      1.00000e+02      3.99994e-05
    1.96261e+00      1.41787e-01      1.00000e+02      3.99980e-05
    1.98264e+00      1.36561e-01      1.00000e+02      3.99967e-05
    2.00286e+00      1.31563e-01      1.00000e+02      3.99955e-05
    2.02329e+00      1.26429e-01      1.00000e+02      3.99944e-05
    2.04393e+00      1.21065e-01      1.00000e+02      3.99932e-05
    2.06479e+00      1.16278e-01      1.00000e+02      3.99920e-05
    2.08585e+00      1.12473e-01      1.00000e+02      3.99909e-05
    2.10713e+00      1.08466e-01      1.00000e+02      3.99897e-05
    2.12862e+00      1.04238e-01      1.00000e+02      3.99885e-05
    2.15034e+00      1.00159e-01      1.00000e+02      3.99873e-05
    2.17228e+00      9.61621e-02      1.00000e+02      3.99862e-05
    2.19444e+00      9.23483e-02      1.00000e+02      3.99850e-05
    2.21682e+00      8.85613e-02      1.00000e+02      3.99839e-05
    2.23944e+00      8.50014e-02      1.00000e+02      3.99826e-05
    2.26228e+00      8.14646e-02      1.00000e+02      3.99812e-05
    2.28536e+00      7.80945e-02      1.00000e+02      3.99799e-05
    2.30868e+00      7.48016e-02      1.00000e+02      3.99785e-05
    2.33223e+00      7.16023e-02      1.00000e+02      3.99771e-05
    2.35602e+00      6.85415e-02      1.00000e+02      3.99758e-05
    2.38006e+00      6.55212e-02      1.00000e+02      3.99744e-05
    2.40434e+00      6.26669e-02      1.00000e+02      3.99726e-05
    2.42887e+00      5.98668e-02      1.00000e+02      3.99712e-05
    2.45364e+00      5.71474e-02      1.00000e+02      3.99703e-05
    2.47868e+00      5.45717e-02      1.00000e+02      3.99689e-05
    2.50396e+00      5.20463e-02      1.00000e+02      3.99674e-05
    2.52951e+00      4.96287e-02      1.00000e+02      3.99660e-05
    2.55531e+00      4.72966e-02      1.00000e+02      3.99646e-05
    2.58138e+00      4.50181e-02      1.00000e+02      3.99631e-05
    2.60771e+00      4.28667e-02      1.00000e+02      3.99615e-05
    2.63432e+00      4.07771e-02      1.00000e+02      3.99601e-05
    2.66119e+00      3.87395e-02      1.00000e+02      3.99589e-05
    2.68834e+00      3.68193e-02      1.00000e+02      3.99572e-05
    2.71577e+00      3.49616e-02      1.00000e+02      3.99556e-05
    2.74347e+00      3.31600e-02      1.00000e+02      3.99541e-05
    2.77146e+00      3.14583e-02      1.00000e+02      3.99525e-05
    2.79973e+00      2.98191e-02      1.00000e+02      3.99508e-05
    2.82830e+00      2.82271e-02      1.00000e+02      3.99490e-05
    2.85715e+00      2.66933e-02      1.00000e+02      3.99475e-05
    2.88630e+00      2.52510e-02      1.00000e+02      3.99457e-05
    2.91574e+00      2.38587e-02      1.00000e+02      3.99439e-05
    2.94549e+00      2.25166e-02      1.00000e+02      3.99421e-05
    2.97554e+00      2.12396e-02      1.00000e+02      3.99404e-05
    3.00589e+00      2.00252e-02      1.00000e+02      3.99387e-05
    3.03656e+00      1.88570e-02      1.00000e+02      3.99370e-05
    3.06753e+00      1.77355e-02      1.00000e+02      3.99352e-05
    3.09883e+00      1.66654e-02      1.00000e+02      3.99333e-05
    3.13044e+00      1.56564e-02      1.00000e+02      3.99315e-05
    3.16238e+00      1.46919e-02      1.00000e+02      3.99296e-05
    3.19464e+00      1.37688e-02      1.00000e+02      3.99277e-05
    3.22723e+00      1.28857e-02      1.00000e+02      3.99259e-05
    3.26015e+00      1.20485e-02      1.00000e+02      3.99240e-05
    3.29341e+00      1.12622e-02      1.00000e+02      3.99219e-05
    3.32701e+00      1.05142e-02      1.00000e+02      3.99200e-05
    3.36095e+00      9.80424e-03      1.00000e+02      3.99181e-05
    3.39524e+00      9.13113e-03      1.00000e+02      3.99162e-05
    3.42988e+00      8.49398e-03      1.00000e+02      3.99140e-05
    3.46487e+00      7.89315e-03      1.00000e+02      3.99118e-05
    3.50022e+00      7.32864e-03      1.00000e+02      3.99098e-05
    3.53592e+00      6.79979e-03      1.00000e+02      3.99078e-05
    3.57200e+00      6.30222e-03      1.00000e+02      3.99057e-05
    3.60844e+00      5.83376e-03      1.00000e+02      3.99012e-05
    3.64525e+00      5.39584e-03      1.00000e+02      3.98998e-05
    3.68244e+00      4.98640e-03      1.00000e+02      3.98992e-05
    3.72000e+00      4.60307e-03      1.00000e+02      3.98975e-05
    3.75796e+00      4.24533e-03      1.00000e+02      3.98955e-05
    3.79629e+00      3.91208e-03      1.00000e+02      3.98924e-05
    3.83502e+00      3.60229e-03      1.00000e+02      3.98901e-05
    3.87415e+00      3.31475e-03      1.00000e+02      3.98878e-05
    3.91367e+00      3.04757e-03      1.00000e+02      3.98855e-05
    3.95360e+00      2.80049e-03      1.00000e+02      3.98831e-05
    3.99393e+00      2.57167e-03      1.00000e+02      3.98807e-05
    4.03467e+00      2.36000e-03      1.00000e+02      3.98783e-05
    4.07584e+00      2.16474e-03      1.00000e+02      3.98758e-05
    4.11742e+00      1.98448e-03      1.00000e+02      3.98734e-05
    4.15942e+00      1.82016e-03      1.00000e+02      3.98709e-05
    4.20185e+00      1.66977e-03      1.00000e+02      3.98684e-05
    4.24472e+00      1.53152e-03      1.00000e+02      3.98658e-05
    4.28803e+00      1.40406e-03      1.00000e+02      3.98631e-05
    4.33177e+00      1.28887e-03      1.00000e+02      3.98608e-05
    4.37596e+00      1.18440e-03      1.00000e+02      3.98583e-05
    4.42061e+00      1.09000e-03      1.00000e+02      3.98555e-05
    4.46570e+00      1.00454e-03      1.00000e+02      3.98526e-05
    4.51126e+00      9.29813e-04      1.00000e+02      3.98500e-05
    4.55728e+00      8.62752e-04      1.00000e+02      3.98472e-05
    4.60378e+00      8.03200e-04      1.00000e+02      3.98443e-05
    4.65074e+00      7.51036e-04      1.00000e+02      3.98417e-05
    4.69819e+00      7.04458e-04      1.00000e+02      3.98388e-05
    4.74612e+00      6.63828e-04      1.00000e+02      3.98359e-05
    4.79454e+00      6.20757e-04      1.00000e+02      3.98329e-05
    4.84345e+00      5.99493e-04      1.00000e+02      3.98299e-05
    4.89286e+00      5.73692e-04      1.00000e+02      3.98271e-05
    4.94278e+00      5.50223e-04      1.00000e+02      3.98240e-05
    4.99321e+00      5.32299e-04      1.00000e+02      3.98211e-05
    5.04415e+00      5.15876e-04      1.00000e+02      3.98182e-05
    5.09561e+00      5.01427e-04      1.00000e+02      3.98152e-05
    5.14759e+00      4.88577e-04      1.00000e+02      3.98122e-05
    5.20010e+00      4.77178e-04      1.00000e+02      3.98092e-05
    5.25316e+00      4.66866e-04      1.00000e+02      3.98063e-05
    5.30675e+00      4.57439e-04      1.00000e+02      3.98032e-05
    5.36089e+00      4.48891e-04      1.00000e+02      3.98004e-05
    5.41558e+00      4.41365e-04      1.00000e+02      3.97973e-05
    5.47083e+00      4.34480e-04      1.00000e+02      3.97943e-05
    5.52664e+00      4.28420e-04      1.00000e+02      3.97912e-05
    5.58302e+00      4.23407e-04      1.00000e+02      3.97882e-05
    5.63998e+00      4.18243e-04      1.00000e+02      3.97852e-05
    5.69752e+00      4.14071e-04      1.00000e+02      3.97822e-05
    5.75564e+00      4.10352e-04      1.00000e+02      3.97795e-05
    5.81436e+00      4.07164e-04      1.00000e+02      3.97762e-05
    5.87368e+00      4.04360e-04      1.00000e+02      3.97731e-05
    5.93360e+00      4.01964e-04      1.00000e+02      3.97701e-05
    5.99413e+00      3.99870e-04      1.00000e+02      3.97671e-05
    6.05528e+00      3.98093e-04      1.00000e+02      3.97641e-05
    6.11706e+00      3.96545e-04      1.00000e+02      3.97610e-05
    6.17946e+00      3.95223e-04      1.00000e+02      3.97579e-05
    6.24251e+00      3.94068e-04      1.00000e+02      3.97549e-05
    6.30619e+00      3.93070e-04      1.00000e+02      3.97519e-05
    6.37053e+00      3.92207e-04      1.00000e+02      3.97487e-05
    6.43552e+00      3.91455e-04      1.00000e+02      3.97455e-05
    6.50117e+00      3.90807e-04      1.00000e+02      3.97425e-05
    6.56750e+00      3.90356e-04      1.00000e+02      3.97519e-05
    6.63450e+00      3.89723e-04      1.00000e+02      3.97360e-05
    6.70218e+00      3.89283e-04      1.00000e+02      3.97326e-05
    6.77056e+00      3.88900e-04      1.00000e+02      3.97292e-05
    6.83963e+00      3.88571e-04      1.00000e+02      3.97258e-05
    6.90941e+00      3.88295e-04      1.00000e+02      3.97226e-05
    6.97990e+00      3.88063e-04      1.00000e+02      3.97192e-05
    7.05110e+00      3.87869e-04      1.00000e+02      3.97156e-05
    7.12304e+00      3.87713e-04      1.00000e+02      3.97122e-05
    7.19571e+00      3.87586e-04      1.00000e+02      3.97086e-05
    7.26912e+00      3.87486e-04      1.00000e+02      3.97048e-05
    7.34328e+00      3.87410e-04      1.00000e+02      3.97014e-05
    7.41819e+00      3.87348e-04      1.00000e+02      3.96976e-05
    7.49387e+00      3.87297e-04      1.00000e+02      3.96937e-05
    7.57032e+00      3.87255e-04      1.00000e+02      3.96900e-05
    7.64755e+00      3.87215e-04      1.00000e+02      3.96862e-05
    7.72557e+00      3.87175e-04      1.00000e+02      3.96824e-05
    7.80439e+00      3.87136e-04      1.00000e+02      3.96788e-05
    7.88401e+00      3.87095e-04      1.00000e+02      3.96748e-05
    7.96444e+00      3.87054e-04      1.00000e+02      3.96710e-05
    8.04569e+00      3.87012e-04      1.00000e+02      3.96669e-05
    8.12777e+00      3.86969e-04      1.00000e+02      3.96628e-05
    8.21069e+00      3.86927e-04      1.00000e+02      3.96587e-05
    8.29446e+00      3.86885e-04      1.00000e+02      3.96547e-05
    8.37908e+00      3.86840e-04      1.00000e+02      3.96505e-05
    8.46456e+00      3.86796e-04      1.00000e+02      3.96462e-05
    8.55092e+00      3.86752e-04      1.00000e+02      3.96419e-05
    8.63815e+00      3.86707e-04      1.00000e+02      3.96376e-05
    8.72628e+00      3.86662e-04      1.00000e+02      3.96332e-05
    8.81530e+00      3.86616e-04      1.00000e+02      3.96288e-05
    8.90523e+00      3.86572e-04      1.00000e+02      3.96246e-05
    8.99608e+00      3.86524e-04      1.00000e+02      3.96199e-05
    9.08786e+00      3.86477e-04      1.00000e+02      3.96153e-05
    9.18058e+00      3.86429e-04      1.00000e+02      3.96106e-05
    9.27424e+00      3.86382e-04      1.00000e+02      3.96061e-05
    9.36885e+00      3.86332e-04      1.00000e+02      3.96011e-05
    9.46443e+00      3.86285e-04      1.00000e+02      3.95966e-05
    9.56099e+00      3.86239e-04      1.00000e+02      3.95921e-05
    9.65853e+00      3.86188e-04      1.00000e+02      3.95871e-05
    9.75706e+00      3.86137e-04      1.00000e+02      3.95821e-05
    9.85660e+00      3.86088e-04      1.00000e+02      3.95772e-05
    9.95716e+00      3.86035e-04      1.00000e+02      3.95721e-05
    1.00587e+01      3.85984e-04      1.00000e+02      3.95670e-05
    1.01614e+01      3.85932e-04      1.00000e+02      3.95619e-05
    1.02650e+01      3.85879e-04      1.00000e+02      3.95567e-05
    1.03697e+01      3.85825e-04      1.00000e+02      3.95513e-05
    1.04755e+01      3.85774e-04      1.00000e+02      3.95463e-05
    1.05824e+01      3.85721e-04      1.00000e+02      3.95410e-05
    1.06904e+01      3.85665e-04      1.00000e+02      3.95354e-05
    1.07994e+01      3.85609e-04      1.00000e+02      3.95299e-05
    1.09096e+01      3.85558e-04      1.00000e+02      3.95247e-05
    1.10209e+01      3.85502e-04      1.00000e+02      3.95192e-05
    1.11333e+01      3.85445e-04      1.00000e+02      3.95135e-05
    1.12469e+01      3.85389e-04      1.00000e+02      3.95079e-05
    1.13617e+01      3.85331e-04      1.00000e+02      3.95020e-05
    1.14776e+01      3.85273e-04      1.00000e+02      3.94963e-05
    1.15947e+01      3.85219e-04      1.00000e+02      3.94908e-05
    1.17130e+01      3.85157e-04      1.00000e+02      3.94846e-05
    1.18325e+01      3.85097e-04      1.00000e+02      3.94786e-05
    1.19532e+01      3.85037e-04      1.00000e+02      3.94725e-05
    1.20751e+01      3.84977e-04      1.00000e+02      3.94664e-05
    1.21983e+01      3.84914e-04      1.00000e+02      3.94600e-05
    1.23228e+01      3.84851e-04      1.00000e+02      3.94537e-05
    1.24485e+01      3.84792e-04      1.00000e+02      3.94477e-05
    1.25755e+01      3.84729e-04      1.00000e+02      3.94412e-05
    1.27038e+01      3.84666e-04      1.00000e+02      3.94348e-05
    1.28334e+01      3.84598e-04      1.00000e+02      3.94279e-05
    1.29643e+01      3.84537e-04      1.00000e+02      3.94217e-05
    1.30966e+01      3.84472e-04      1.00000e+02      3.94151e-05
    1.32302e+01      3.84405e-04      1.00000e+02      3.94082e-05
    1.33651e+01      3.84339e-04      1.00000e+02      3.94014e-05
    1.35015e+01      3.84274e-04      1.00000e+02      3.93947e-05
    1.36392e+01      3.84203e-04      1.00000e+02      3.93875e-05
    1.37784e+01      3.84137e-04      1.00000e+02      3.93806e-05
    1.39189e+01      3.84069e-04      1.00000e+02      3.93736e-05
    1.40609e+01      3.83998e-04      1.00000e+02      3.93663e-05
    1.42044e+01      3.83931e-04      1.00000e+02      3.93593e-05
    1.43493e+01      3.83857e-04      1.00000e+02      3.93517e-05
    1.44957e+01      3.83784e-04      1.00000e+02      3.93441e-05
    1.46436e+01      3.83712e-04      1.00000e+02      3.93366e-05
    1.47930e+01      3.83639e-04      1.00000e+02      3.93291e-05
    1.49439e+01      3.83566e-04      1.00000e+02      3.93214e-05
    1.50963e+01      3.83492e-04      1.00000e+02      3.93137e-05
    1.52504e+01      3.83418e-04      1.00000e+02      3.93061e-05
    1.54059e+01      3.83342e-04      1.00000e+02      3.92981e-05
    1.55631e+01      3.83264e-04      1.00000e+02      3.92899e-05
    1.57219e+01      3.83187e-04      1.00000e+02      3.92818e-05
    1.58823e+01      3.83112e-04      1.00000e+02      3.92739e-05
    1.60443e+01      3.83032e-04      1.00000e+02      3.92656e-05
    1.62080e+01      3.82954e-04      1.00000e+02      3.92573e-05
    1.63733e+01      3.82875e-04      1.00000e+02      3.92489e-05
    1.65404e+01      3.82794e-04      1.00000e+02      3.92404e-05
    1.67091e+01      3.82714e-04      1.00000e+02      3.92319e-05
    1.68796e+01      3.82631e-04      1.00000e+02      3.92232e-05
    1.70518e+01      3.82550e-04      1.00000e+02      3.92145e-05
    1.72258e+01      3.82465e-04      1.00000e+02      3.92055e-05
    1.74015e+01      3.82381e-04      1.00000e+02      3.91966e-05
    1.75790e+01      3.82296e-04      1.00000e+02      3.91875e-05
    1.77584e+01      3.82210e-04      1.00000e+02      3.91783e-05
    1.79395e+01      3.82126e-04      1.00000e+02      3.91693e-05
    1.81226e+01      3.82038e-04      1.00000e+02      3.91599e-05
    1.83075e+01      3.81955e-04      1.00000e+02      3.91510e-05
    1.84942e+01      3.81865e-04      1.00000e+02      3.91413e-05
    1.86829e+01      3.81774e-04      1.00000e+02      3.91315e-05
    1.88735e+01      3.81684e-04      1.00000e+02      3.91218e-05
    1.90661e+01      3.81595e-04      1.00000e+02      3.91122e-05
    1.92606e+01      3.81501e-04      1.00000e+02      3.91021e-05
    1.94571e+01      3.81410e-04      1.00000e+02      3.90922e-05
    1.96556e+01      3.81313e-04      1.00000e+02      3.90817e-05
    1.98561e+01      3.81222e-04      1.00000e+02      3.90718e-05
    2.00587e+01      3.81127e-04      1.00000e+02      3.90614e-05
    2.02633e+01      3.81031e-04      1.00000e+02      3.90509e-05
    2.04700e+01      3.80934e-04      1.00000e+02      3.90404e-05
    2.06789e+01      3.80833e-04      1.00000e+02      3.90294e-05
    2.08898e+01      3.80735e-04      1.00000e+02      3.90186e-05
    2.11029e+01      3.80636e-04      1.00000e+02      3.90078e-05
    2.13182e+01      3.80535e-04      1.00000e+02      3.89967e-05
    2.15357e+01      3.80436e-04      1.00000e+02      3.89857e-05
    2.17554e+01      3.80334e-04      1.00000e+02      3.89745e-05
    2.19774e+01      3.80230e-04      1.00000e+02      3.89630e-05
    2.22016e+01      3.80127e-04      1.00000e+02      3.89516e-05
    2.24281e+01      3.75127e-04      1.00000e+02      3.84506e-05
    2.26569e+01      3.79914e-04      1.00000e+02      3.89279e-05
    2.28880e+01      3.79810e-04      1.00000e+02      3.89163e-05
    2.31215e+01      3.79703e-04      1.00000e+02      3.89043e-05
    2.33574e+01      3.79595e-04      1.00000e+02      3.88923e-05
    2.35957e+01      3.79482e-04      1.00000e+02      3.88796e-05
    2.38364e+01      3.79374e-04      1.00000e+02      3.88675e-05
    2.40796e+01      3.79264e-04      1.00000e+02      3.88551e-05
    2.43253e+01      3.79152e-04      1.00000e+02      3.88425e-05
    2.45735e+01      3.79038e-04      1.00000e+02      3.88296e-05
    2.48242e+01      3.78924e-04      1.00000e+02      3.88168e-05
    2.50774e+01      3.78810e-04      1.00000e+02      3.88038e-05
    2.53332e+01      3.78695e-04      1.00000e+02      3.87908e-05
    2.55917e+01      3.78577e-04      1.00000e+02      3.87773e-05
    2.58528e+01      3.78458e-04      1.00000e+02      3.87638e-05
    2.61165e+01      3.78339e-04      1.00000e+02      3.87502e-05
    2.63830e+01      3.78218e-04      1.00000e+02      3.87364e-05
    2.66521e+01      3.78098e-04      1.00000e+02      3.87226e-05
    2.69240e+01      3.77975e-04      1.00000e+02      3.87085e-05
    2.71987e+01      3.77850e-04      1.00000e+02      3.86942e-05
    2.74762e+01      3.77726e-04      1.00000e+02      3.86799e-05
    2.77565e+01      3.77601e-04      1.00000e+02      3.86655e-05
    2.80397e+01      3.77475e-04      1.00000e+02      3.86509e-05
    2.83257e+01      3.77348e-04      1.00000e+02      3.86362e-05
    2.86147e+01      3.77219e-04      1.00000e+02      3.86212e-05
    2.89067e+01      3.77088e-04      1.00000e+02      3.86060e-05
    2.92016e+01      3.76956e-04      1.00000e+02      3.85907e-05
    2.94995e+01      3.76825e-04      1.00000e+02      3.85754e-05
    2.98004e+01      3.76692e-04      1.00000e+02      3.85598e-05
    3.01045e+01      3.76557e-04      1.00000e+02      3.85440e-05
    3.04116e+01      3.76422e-04      1.00000e+02      3.85282e-05
    3.07218e+01      3.76286e-04      1.00000e+02      3.85121e-05
    3.10353e+01      3.76147e-04      1.00000e+02      3.84958e-05
    3.13519e+01      3.76011e-04      1.00000e+02      3.84797e-05
    3.16717e+01      3.75868e-04      1.00000e+02      3.84628e-05
    3.19948e+01      3.75726e-04      1.00000e+02      3.84460e-05
    3.23213e+01      3.75585e-04      1.00000e+02      3.84293e-05
    3.26510e+01      3.75443e-04      1.00000e+02      3.84124e-05
    3.29841e+01      3.75298e-04      1.00000e+02      3.83951e-05
    3.33206e+01      3.75152e-04      1.00000e+02      3.83777e-05
    3.36605e+01      3.75004e-04      1.00000e+02      3.83600e-05
    3.40040e+01      3.74857e-04      1.00000e+02      3.83423e-05
    3.43509e+01      3.74707e-04      1.00000e+02      3.83243e-05
    3.47013e+01      3.74555e-04      1.00000e+02      3.83061e-05
    3.50553e+01      3.74403e-04      1.00000e+02      3.82878e-05
    3.54130e+01      3.74249e-04      1.00000e+02      3.82692e-05
    3.57743e+01      3.74095e-04      1.00000e+02      3.82505e-05
    3.61392e+01      3.73939e-04      1.00000e+02      3.82317e-05
    3.65079e+01      3.73782e-04      1.00000e+02      3.82126e-05
    3.68804e+01      3.73624e-04      1.00000e+02      3.81934e-05
    3.72566e+01      3.73465e-04      1.00000e+02      3.81739e-05
    3.76367e+01      3.73304e-04      1.00000e+02      3.81543e-05
    3.80207e+01      3.73141e-04      1.00000e+02      3.81343e-05
    3.84086e+01      3.72978e-04      1.00000e+02      3.81143e-05
    3.88004e+01      3.72812e-04      1.00000e+02      3.80940e-05
    3.91963e+01      3.72645e-04      1.00000e+02      3.80734e-05
    3.95961e+01      3.72479e-04      1.00000e+02      3.80528e-05
    4.00001e+01      3.72309e-04      1.00000e+02      3.80319e-05
