    Er (keV)         SM dN/dE         BG dN/dE        BSM dN/dE (events/kg/day/keV)
    5.01000e-02      9.32597e-03      1.00000e+01      -5.40865e-04
    5.07438e-02      9.15930e-03      1.00000e+01      -5.30541e-04
    5.13959e-02      8.99049e-03      1.00000e+01      -5.20084e-04
    5.20564e-02      8.81949e-03      1.00000e+01      -5.09492e-04
    5.27254e-02      8.64630e-03      1.00000e+01      -4.98764e-04
    5.34030e-02      8.47088e-03      1.00000e+01      -4.87898e-04
    5.40893e-02      8.29320e-03      1.00000e+01      -4.76892e-04
    5.47845e-02      8.11323e-03      1.00000e+01      -4.65744e-04
    5.54886e-02      7.93094e-03      1.00000e+01      -4.54452e-04
    5.62018e-02      7.74631e-03      1.00000e+01      -4.43016e-04
    5.69242e-02      7.55930e-03      1.00000e+01      -4.31431e-04
    5.76558e-02      7.36988e-03      1.00000e+01      -4.19698e-04
    5.83969e-02      7.17802e-03      1.00000e+01      -4.07814e-04
    5.91476e-02      6.98369e-03      1.00000e+01      -3.95776e-04
    5.99079e-02      6.78686e-03      1.00000e+01      -3.83584e-04
    6.06779e-02      6.58749e-03      1.00000e+01      -3.71235e-04
    6.14580e-02      6.38556e-03      1.00000e+01      -3.58726e-04
    6.22480e-02      6.18103e-03      1.00000e+01      -3.46057e-04
    6.30482e-02      5.97386e-03      1.00000e+01      -3.33224e-04
    6.38587e-02      5.76403e-03      1.00000e+01      -3.20227e-04
    6.46797e-02      5.55149e-03      1.00000e+01      -3.07061e-04
    6.55112e-02      5.33622e-03      1.00000e+01      -2.93727e-04
    6.63535e-02      5.11818e-03      1.00000e+01      -2.80220e-04
    6.72066e-02      4.89733e-03      1.00000e+01      -2.66540e-04
    6.80706e-02      4.67363e-03      1.00000e+01      -2.52684e-04
    6.89458e-02      4.44706e-03      1.00000e+01      -2.38649e-04
    6.98323e-02      4.21756e-03      1.00000e+01      -2.24433e-04
    7.07302e-02      3.98512e-03      1.00000e+01      -2.10035e-04
    7.16396e-02      3.74968e-03      1.00000e+01      -1.95451e-04
    7.25607e-02      3.51120e-03      1.00000e+01      -1.80679e-04
    7.34938e-02      3.26966e-03      1.00000e+01      -1.65717e-04
    7.44388e-02      3.02501e-03      1.00000e+01      -1.50563e-04
    7.53960e-02      2.77721e-03      1.00000e+01      -1.35213e-04
    7.63655e-02      2.52621e-03      1.00000e+01      -1.19665e-04
    7.73475e-02      2.27199e-03      1.00000e+01      -1.03918e-04
    7.83421e-02      2.01449e-03      1.00000e+01      -8.79675e-05
    7.93496e-02      1.75367e-03      1.00000e+01      -7.18118e-05
    8.03700e-02      1.51965e-03      1.00000e+01      -5.72677e-05
    8.14035e-02      1.51740e-03      1.00000e+01      -5.67039e-05
    8.24504e-02      1.51511e-03      1.00000e+01      -5.61330e-05
    8.35108e-02      1.51279e-03      1.00000e+01      -5.55547e-05
    8.45848e-02      1.51045e-03      1.00000e+01      -5.49689e-05
    8.56726e-02      1.50807e-03      1.00000e+01      -5.43756e-05
    8.67744e-02      1.50567e-03      1.00000e+01      -5.37746e-05
    8.78905e-02      1.50323e-03      1.00000e+01      -5.31659e-05
    8.90209e-02      1.50076e-03      1.00000e+01      -5.25494e-05
    9.01658e-02      1.49826e-03      1.00000e+01      -5.19250e-05
    9.13255e-02      1.49573e-03      1.00000e+01      -5.12925e-05
    9.25001e-02      1.49317e-03      1.00000e+01      -5.06518e-05
    9.36899e-02      1.49057e-03      1.00000e+01      -5.00029e-05
    9.48949e-02      1.48794e-03      1.00000e+01      -4.93457e-05
    9.61155e-02      1.48527e-03      1.00000e+01      -4.86800e-05
    9.73518e-02      1.48257e-03      1.00000e+01      -4.80057e-05
    9.86040e-02      1.47984e-03      1.00000e+01      -4.73227e-05
    9.98724e-02      1.47707e-03      1.00000e+01      -4.66309e-05
    1.01157e-01      1.47426e-03      1.00000e+01      -4.59303e-05
    1.02458e-01      1.47142e-03      1.00000e+01      -4.52206e-05
    1.03776e-01      1.46854e-03      1.00000e+01      -4.45018e-05
    1.05111e-01      1.46563e-03      1.00000e+01      -4.37737e-05
    1.06463e-01      1.46268e-03      1.00000e+01      -4.30362e-05
    1.07833e-01      1.45969e-03      1.00000e+01      -4.22893e-05
    1.09220e-01      1.45666e-03      1.00000e+01      -4.15327e-05
    1.10625e-01      1.45361e-03      1.00000e+01      -4.07934e-05
    1.12048e-01      1.45071e-03      1.00000e+01      -4.03379e-05
    1.13490e-01      1.44778e-03      1.00000e+01      -3.98765e-05
    1.14950e-01      1.44481e-03      1.00000e+01      -3.94091e-05
    1.16428e-01      1.44180e-03      1.00000e+01      -3.89357e-05
    1.17926e-01      1.43875e-03      1.00000e+01      -3.84563e-05
    1.19443e-01      1.43567e-03      1.00000e+01      -3.79706e-05
    1.20980e-01      1.43254e-03      1.00000e+01      -3.74787e-05
    1.22537e-01      1.42938e-03      1.00000e+01      -3.69805e-05
    1.24113e-01      1.42617e-03      1.00000e+01      -3.64758e-05
    1.25710e-01      1.42292e-03      1.00000e+01      -3.59647e-05
    1.27327e-01      1.41963e-03      1.00000e+01      -3.54470e-05
    1.28965e-01      1.41630e-03      1.00000e+01      -3.49226e-05
    1.30625e-01      1.41292e-03      1.00000e+01      -3.43915e-05
    1.32305e-01      1.40950e-03      1.00000e+01      -3.38535e-05
    1.34008e-01      1.40604e-03      1.00000e+01      -3.33086e-05
    1.35732e-01      1.40253e-03      1.00000e+01      -3.27566e-05
    1.37478e-01      1.39898e-03      1.00000e+01      -3.21976e-05
    1.39247e-01      1.39538e-03      1.00000e+01      -3.16314e-05
    1.41039e-01      1.39178e-03      1.00000e+01      -3.10890e-05
    1.42854e-01      1.38833e-03      1.00000e+01      -3.07089e-05
    1.44692e-01      1.38485e-03      1.00000e+01      -3.03240e-05
    1.46553e-01      1.38132e-03      1.00000e+01      -2.99341e-05
    1.48439e-01      1.37774e-03      1.00000e+01      -2.95392e-05
    1.50349e-01      1.37412e-03      1.00000e+01      -2.91392e-05
    1.52284e-01      1.37045e-03      1.00000e+01      -2.87340e-05
    1.54243e-01      1.36673e-03      1.00000e+01      -2.83236e-05
    1.56228e-01      1.36297e-03      1.00000e+01      -2.79080e-05
    1.58238e-01      1.35916e-03      1.00000e+01      -2.74870e-05
    1.60275e-01      1.35530e-03      1.00000e+01      -2.70605e-05
    1.62337e-01      1.35139e-03      1.00000e+01      -2.66286e-05
    1.64426e-01      1.34742e-03      1.00000e+01      -2.61911e-05
    1.66542e-01      1.34341e-03      1.00000e+01      -2.57480e-05
    1.68685e-01      1.33935e-03      1.00000e+01      -2.52992e-05
    1.70856e-01      1.33523e-03      1.00000e+01      -2.48446e-05
    1.73054e-01      1.33130e-03      1.00000e+01      -2.45116e-05
    1.75281e-01      1.32734e-03      1.00000e+01      -2.41842e-05
    1.77537e-01      1.32332e-03      1.00000e+01      -2.38525e-05
    1.79822e-01      1.31926e-03      1.00000e+01      -2.35165e-05
    1.82136e-01      1.31514e-03      1.00000e+01      -2.31762e-05
    1.84480e-01      1.31096e-03      1.00000e+01      -2.28316e-05
    1.86854e-01      1.30674e-03      1.00000e+01      -2.24824e-05
    1.89258e-01      1.30246e-03      1.00000e+01      -2.21288e-05
    1.91694e-01      1.29812e-03      1.00000e+01      -2.17707e-05
    1.94161e-01      1.29373e-03      1.00000e+01      -2.14079e-05
    1.96660e-01      1.28929e-03      1.00000e+01      -2.10405e-05
    1.99191e-01      1.28478e-03      1.00000e+01      -2.06683e-05
    2.01754e-01      1.28027e-03      1.00000e+01      -2.03103e-05
    2.04351e-01      1.27592e-03      1.00000e+01      -2.00287e-05
    2.06981e-01      1.27152e-03      1.00000e+01      -1.97435e-05
    2.09644e-01      1.26705e-03      1.00000e+01      -1.94545e-05
    2.12342e-01      1.26254e-03      1.00000e+01      -1.91619e-05
    2.15075e-01      1.25796e-03      1.00000e+01      -1.88655e-05
    2.17843e-01      1.25332e-03      1.00000e+01      -1.85653e-05
    2.20647e-01      1.24863e-03      1.00000e+01      -1.82612e-05
    2.23487e-01      1.24387e-03      1.00000e+01      -1.79532e-05
    2.26363e-01      1.23905e-03      1.00000e+01      -1.76413e-05
    2.29276e-01      1.23417e-03      1.00000e+01      -1.73253e-05
    2.32227e-01      1.22929e-03      1.00000e+01      -1.70234e-05
    2.35216e-01      1.22456e-03      1.00000e+01      -1.67753e-05
    2.38244e-01      1.21977e-03      1.00000e+01      -1.65240e-05
    2.41310e-01      1.21492e-03      1.00000e+01      -1.62695e-05
    2.44416e-01      1.21000e-03      1.00000e+01      -1.60117e-05
    2.47562e-01      1.20502e-03      1.00000e+01      -1.57506e-05
    2.50748e-01      1.19998e-03      1.00000e+01      -1.54862e-05
    2.53975e-01      1.19487e-03      1.00000e+01      -1.52183e-05
    2.57244e-01      1.18970e-03      1.00000e+01      -1.49470e-05
    2.60555e-01      1.18446e-03      1.00000e+01      -1.46722e-05
    2.63909e-01      1.17932e-03      1.00000e+01      -1.44316e-05
    2.67306e-01      1.17423e-03      1.00000e+01      -1.42097e-05
    2.70746e-01      1.16907e-03      1.00000e+01      -1.39848e-05
    2.74231e-01      1.16384e-03      1.00000e+01      -1.37571e-05
    2.77761e-01      1.15855e-03      1.00000e+01      -1.35265e-05
    2.81336e-01      1.15318e-03      1.00000e+01      -1.32929e-05
    2.84957e-01      1.14775e-03      1.00000e+01      -1.30562e-05
    2.88625e-01      1.14225e-03      1.00000e+01      -1.28166e-05
    2.92340e-01      1.13670e-03      1.00000e+01      -1.25779e-05
    2.96103e-01      1.13134e-03      1.00000e+01      -1.23799e-05
    2.99914e-01      1.12591e-03      1.00000e+01      -1.21794e-05
    3.03775e-01      1.12042e-03      1.00000e+01      -1.19763e-05
    3.07685e-01      1.11485e-03      1.00000e+01      -1.17706e-05
    3.11645e-01      1.10921e-03      1.00000e+01      -1.15623e-05
    3.15657e-01      1.10349e-03      1.00000e+01      -1.13512e-05
    3.19720e-01      1.09771e-03      1.00000e+01      -1.11375e-05
    3.23835e-01      1.09195e-03      1.00000e+01      -1.09358e-05
    3.28004e-01      1.08631e-03      1.00000e+01      -1.07560e-05
    3.32226e-01      1.08059e-03      1.00000e+01      -1.05739e-05
    3.36502e-01      1.07480e-03      1.00000e+01      -1.03894e-05
    3.40834e-01      1.06893e-03      1.00000e+01      -1.02026e-05
    3.45221e-01      1.06298e-03      1.00000e+01      -1.00133e-05
    3.49665e-01      1.05697e-03      1.00000e+01      -9.82165e-06
    3.54166e-01      1.05097e-03      1.00000e+01      -9.63935e-06
    3.58725e-01      1.04509e-03      1.00000e+01      -9.47562e-06
    3.63343e-01      1.03912e-03      1.00000e+01      -9.30978e-06
    3.68020e-01      1.03308e-03      1.00000e+01      -9.14181e-06
    3.72757e-01      1.02697e-03      1.00000e+01      -8.97167e-06
    3.77556e-01      1.02077e-03      1.00000e+01      -8.79935e-06
    3.82416e-01      1.01449e-03      1.00000e+01      -8.62480e-06
    3.87338e-01      1.00841e-03      1.00000e+01      -8.47370e-06
    3.92324e-01      1.00227e-03      1.00000e+01      -8.32272e-06
    3.97375e-01      9.96046e-04      1.00000e+01      -8.16979e-06
    4.02490e-01      9.89745e-04      1.00000e+01      -8.01489e-06
    4.07671e-01      9.83363e-04      1.00000e+01      -7.85800e-06
    4.12919e-01      9.76899e-04      1.00000e+01      -7.69909e-06
    4.18235e-01      9.70635e-04      1.00000e+01      -7.56138e-06
    4.23619e-01      9.64297e-04      1.00000e+01      -7.42239e-06
    4.29072e-01      9.57878e-04      1.00000e+01      -7.28161e-06
    4.34595e-01      9.51376e-04      1.00000e+01      -7.13902e-06
    4.40190e-01      9.44790e-04      1.00000e+01      -6.99459e-06
    4.45857e-01      9.38252e-04      1.00000e+01      -6.85758e-06
    4.51596e-01      9.31790e-04      1.00000e+01      -6.73007e-06
    4.57410e-01      9.25245e-04      1.00000e+01      -6.60093e-06
    4.63298e-01      9.18615e-04      1.00000e+01      -6.47012e-06
    4.69262e-01      9.11901e-04      1.00000e+01      -6.33762e-06
    4.75303e-01      9.05185e-04      1.00000e+01      -6.20863e-06
    4.81422e-01      8.98592e-04      1.00000e+01      -6.09071e-06
    4.87619e-01      8.91914e-04      1.00000e+01      -5.97127e-06
    4.93897e-01      8.85150e-04      1.00000e+01      -5.85029e-06
    5.00255e-01      8.78299e-04      1.00000e+01      -5.72775e-06
    5.06695e-01      8.71490e-04      1.00000e+01      -5.61070e-06
    5.13218e-01      8.64754e-04      1.00000e+01      -5.50084e-06
    5.19825e-01      8.57932e-04      1.00000e+01      -5.38955e-06
    5.26517e-01      8.51021e-04      1.00000e+01      -5.27684e-06
    5.33295e-01      8.44022e-04      1.00000e+01      -5.16267e-06
    5.40160e-01      8.37188e-04      1.00000e+01      -5.05943e-06
    5.47114e-01      8.30298e-04      1.00000e+01      -4.95639e-06
    5.54158e-01      8.23319e-04      1.00000e+01      -4.85203e-06
    5.61292e-01      8.16251e-04      1.00000e+01      -4.74632e-06
    5.68518e-01      8.09262e-04      1.00000e+01      -4.64648e-06
    5.75837e-01      8.02307e-04      1.00000e+01      -4.55058e-06
    5.83250e-01      7.95263e-04      1.00000e+01      -4.45343e-06
    5.90758e-01      7.88128e-04      1.00000e+01      -4.35504e-06
    5.98364e-01      7.81046e-04      1.00000e+01      -4.26093e-06
    6.06067e-01      7.74019e-04      1.00000e+01      -4.17119e-06
    6.13869e-01      7.66901e-04      1.00000e+01      -4.08030e-06
    6.21772e-01      7.59691e-04      1.00000e+01      -3.98823e-06
    6.29777e-01      7.52566e-04      1.00000e+01      -3.90117e-06
    6.37885e-01      7.45458e-04      1.00000e+01      -3.81680e-06
    6.46097e-01      7.38258e-04      1.00000e+01      -3.73134e-06
    6.54415e-01      7.30966e-04      1.00000e+01      -3.64478e-06
    6.62840e-01      7.23844e-04      1.00000e+01      -3.56546e-06
    6.71373e-01      7.16652e-04      1.00000e+01      -3.48580e-06
    6.80017e-01      7.09367e-04      1.00000e+01      -3.40512e-06
    6.88771e-01      7.02100e-04      1.00000e+01      -3.32663e-06
    6.97639e-01      6.94911e-04      1.00000e+01      -3.25210e-06
    7.06620e-01      6.87630e-04      1.00000e+01      -3.17661e-06
    7.15717e-01      6.80261e-04      1.00000e+01      -3.10028e-06
    7.24932e-01      6.73074e-04      1.00000e+01      -3.03032e-06
    7.34265e-01      6.65794e-04      1.00000e+01      -2.95945e-06
    7.43718e-01      6.58421e-04      1.00000e+01      -2.88766e-06
    7.53293e-01      6.51173e-04      1.00000e+01      -2.82029e-06
    7.62991e-01      6.43894e-04      1.00000e+01      -2.75355e-06
    7.72814e-01      6.36522e-04      1.00000e+01      -2.68595e-06
    7.82763e-01      6.29239e-04      1.00000e+01      -2.62168e-06
    7.92841e-01      6.21953e-04      1.00000e+01      -2.55863e-06
    8.03048e-01      6.14574e-04      1.00000e+01      -2.49477e-06
    8.13387e-01      6.07286e-04      1.00000e+01      -2.43400e-06
    8.23859e-01      5.99993e-04      1.00000e+01      -2.37428e-06
    8.34466e-01      5.92606e-04      1.00000e+01      -2.31379e-06
    8.45209e-01      5.85346e-04      1.00000e+01      -2.25678e-06
    8.56091e-01      5.78047e-04      1.00000e+01      -2.20009e-06
    8.67113e-01      5.70661e-04      1.00000e+01      -2.14280e-06
    8.78276e-01      5.63442e-04      1.00000e+01      -2.08953e-06
    8.89584e-01      5.56130e-04      1.00000e+01      -2.03557e-06
    9.01037e-01      5.48816e-04      1.00000e+01      -1.98247e-06
    9.12637e-01      5.41582e-04      1.00000e+01      -1.93165e-06
    9.24387e-01      5.34255e-04      1.00000e+01      -1.88018e-06
    9.36288e-01      5.27032e-04      1.00000e+01      -1.83120e-06
    9.48343e-01      5.19781e-04      1.00000e+01      -1.78263e-06
    9.60552e-01      5.12501e-04      1.00000e+01      -1.73439e-06
    9.72919e-01      5.05330e-04      1.00000e+01      -1.68848e-06
    9.85445e-01      4.98065e-04      1.00000e+01      -1.64199e-06
    9.98133e-01      4.91079e-04      1.00000e+01      -1.59785e-06
    1.01098e+00      4.84089e-04      1.00000e+01      -1.55383e-06
    1.02400e+00      4.77033e-04      1.00000e+01      -1.51078e-06
    1.03718e+00      4.69916e-04      1.00000e+01      -1.46902e-06
    1.05054e+00      4.62747e-04      1.00000e+01      -1.42724e-06
    1.06406e+00      4.55697e-04      1.00000e+01      -1.38757e-06
    1.07776e+00      4.48556e-04      1.00000e+01      -1.34738e-06
    1.09164e+00      4.41559e-04      1.00000e+01      -1.30946e-06
    1.10569e+00      4.34487e-04      1.00000e+01      -1.27124e-06
    1.11993e+00      4.27518e-04      1.00000e+01      -1.23467e-06
    1.13435e+00      4.20514e-04      1.00000e+01      -1.19826e-06
    1.14895e+00      4.13586e-04      1.00000e+01      -1.16313e-06
    1.16374e+00      4.06649e-04      1.00000e+01      -1.12840e-06
    1.17873e+00      3.99774e-04      1.00000e+01      -1.09475e-06
    1.19390e+00      3.92902e-04      1.00000e+01      -1.06158e-06
    1.20928e+00      3.86091e-04      1.00000e+01      -1.02943e-06
    1.22484e+00      3.79282e-04      1.00000e+01      -9.97730e-07
    1.24061e+00      3.72545e-04      1.00000e+01      -9.67086e-07
    1.25659e+00      3.65796e-04      1.00000e+01      -9.36738e-07
    1.27277e+00      3.59141e-04      1.00000e+01      -9.07588e-07
    1.28915e+00      3.52450e-04      1.00000e+01      -8.78509e-07
    1.30575e+00      3.45888e-04      1.00000e+01      -8.50841e-07
    1.32256e+00      3.39284e-04      1.00000e+01      -8.23167e-07
    1.33959e+00      3.32797e-04      1.00000e+01      -7.96748e-07
    1.35684e+00      3.26304e-04      1.00000e+01      -7.70578e-07
    1.37431e+00      3.19873e-04      1.00000e+01      -7.45196e-07
    1.39200e+00      3.13494e-04      1.00000e+01      -7.20482e-07
    1.40992e+00      3.07118e-04      1.00000e+01      -6.96079e-07
    1.42808e+00      3.00858e-04      1.00000e+01      -6.72771e-07
    1.44646e+00      2.94592e-04      1.00000e+01      -6.49666e-07
    1.46509e+00      2.88404e-04      1.00000e+01      -6.27342e-07
    1.48395e+00      2.82272e-04      1.00000e+01      -6.05613e-07
    1.50306e+00      2.76148e-04      1.00000e+01      -5.84170e-07
    1.52241e+00      2.70144e-04      1.00000e+01      -5.63696e-07
    1.54201e+00      2.64162e-04      1.00000e+01      -5.43565e-07
    1.56186e+00      2.58207e-04      1.00000e+01      -5.23810e-07
    1.58197e+00      2.52369e-04      1.00000e+01      -5.04933e-07
    1.60234e+00      2.46555e-04      1.00000e+01      -4.86376e-07
    1.62297e+00      2.40773e-04      1.00000e+01      -4.68185e-07
    1.64387e+00      2.35113e-04      1.00000e+01      -4.50821e-07
    1.66503e+00      2.29487e-04      1.00000e+01      -4.33800e-07
    1.68647e+00      2.23902e-04      1.00000e+01      -4.17146e-07
    1.70819e+00      2.18408e-04      1.00000e+01      -4.01118e-07
    1.73018e+00      2.12982e-04      1.00000e+01      -3.85562e-07
    1.75246e+00      2.07603e-04      1.00000e+01      -3.70372e-07
    1.77502e+00      2.02277e-04      1.00000e+01      -3.55564e-07
    1.79787e+00      1.97058e-04      1.00000e+01      -3.41381e-07
    1.82102e+00      1.91896e-04      1.00000e+01      -3.27574e-07
    1.84447e+00      1.86791e-04      1.00000e+01      -3.14134e-07
    1.86822e+00      1.81746e-04      1.00000e+01      -3.01067e-07
    1.89227e+00      1.76788e-04      1.00000e+01      -2.88468e-07
    1.91663e+00      1.71914e-04      1.00000e+01      -2.76313e-07
    1.94131e+00      1.67104e-04      1.00000e+01      -2.64510e-07
    1.96631e+00      1.62361e-04      1.00000e+01      -2.53061e-07
    1.99162e+00      1.57771e-04      1.00000e+01      -2.41966e-07
    2.01727e+00      1.53550e-04      1.00000e+01      -2.31226e-07
    2.04324e+00      1.49040e-04      1.00000e+01      -2.20903e-07
    2.06955e+00      1.44608e-04      1.00000e+01      -2.10931e-07
    2.09619e+00      1.40249e-04      1.00000e+01      -2.01287e-07
    2.12318e+00      1.35966e-04      1.00000e+01      -1.91968e-07
    2.15052e+00      1.31759e-04      1.00000e+01      -1.82967e-07
    2.17821e+00      1.27629e-04      1.00000e+01      -1.74281e-07
    2.20625e+00      1.23578e-04      1.00000e+01      -1.65904e-07
    2.23466e+00      1.19606e-04      1.00000e+01      -1.57830e-07
    2.26343e+00      1.15714e-04      1.00000e+01      -1.50052e-07
    2.29257e+00      1.11904e-04      1.00000e+01      -1.42566e-07
    2.32209e+00      1.08175e-04      1.00000e+01      -1.35364e-07
    2.35199e+00      1.04529e-04      1.00000e+01      -1.28441e-07
    2.38227e+00      1.00961e-04      1.00000e+01      -1.21782e-07
    2.41295e+00      9.74780e-05      1.00000e+01      -1.15390e-07
    2.44401e+00      9.40768e-05      1.00000e+01      -1.09253e-07
    2.47548e+00      9.07573e-05      1.00000e+01      -1.03365e-07
    2.50736e+00      8.75203e-05      1.00000e+01      -9.77180e-08
    2.53964e+00      8.43622e-05      1.00000e+01      -9.23017e-08
    2.57234e+00      8.12877e-05      1.00000e+01      -8.71156e-08
    2.60546e+00      7.82949e-05      1.00000e+01      -8.21506e-08
    2.63901e+00      7.53821e-05      1.00000e+01      -7.73980e-08
    2.67298e+00      7.25485e-05      1.00000e+01      -7.28502e-08
    2.70740e+00      6.97943e-05      1.00000e+01      -6.85025e-08
    2.74226e+00      6.71197e-05      1.00000e+01      -6.43495e-08
    2.77757e+00      6.45346e-05      1.00000e+01      -6.04085e-08
    2.81333e+00      6.20290e-05      1.00000e+01      -5.66500e-08
    2.84955e+00      5.95995e-05      1.00000e+01      -5.30645e-08
    2.88624e+00      5.72470e-05      1.00000e+01      -4.96478e-08
    2.92341e+00      5.49681e-05      1.00000e+01      -4.63910e-08
    2.96105e+00      5.27789e-05      1.00000e+01      -4.33193e-08
    2.99917e+00      5.06630e-05      1.00000e+01      -4.03977e-08
    3.03779e+00      4.86201e-05      1.00000e+01      -3.76208e-08
    3.07690e+00      4.66504e-05      1.00000e+01      -3.49866e-08
    3.11652e+00      4.47655e-05      1.00000e+01      -3.25106e-08
    3.15665e+00      4.29477e-05      1.00000e+01      -3.01595e-08
    3.19729e+00      4.11989e-05      1.00000e+01      -2.79329e-08
    3.23846e+00      3.95318e-05      1.00000e+01      -2.58484e-08
    3.28015e+00      3.79308e-05      1.00000e+01      -2.38763e-08
    3.32239e+00      3.63973e-05      1.00000e+01      -2.20188e-08
    3.36517e+00      3.49369e-05      1.00000e+01      -2.02792e-08
    3.40849e+00      3.35375e-05      1.00000e+01      -1.86369e-08
    3.45238e+00      3.22125e-05      1.00000e+01      -1.71102e-08
    3.49683e+00      3.09452e-05      1.00000e+01      -1.56709e-08
    3.54186e+00      2.97464e-05      1.00000e+01      -1.43333e-08
    3.58746e+00      2.86051e-05      1.00000e+01      -1.30786e-08
    3.63365e+00      2.75299e-05      1.00000e+01      -1.19170e-08
    3.68044e+00      2.65060e-05      1.00000e+01      -1.08273e-08
    3.72783e+00      2.55482e-05      1.00000e+01      -9.82558e-09
    3.77582e+00      2.46406e-05      1.00000e+01      -8.89062e-09
    3.82444e+00      2.37895e-05      1.00000e+01      -8.02828e-09
    3.87368e+00      2.29914e-05      1.00000e+01      -7.23257e-09
    3.92356e+00      2.22406e-05      1.00000e+01      -6.49548e-09
    3.97408e+00      2.15441e-05      1.00000e+01      -5.82334e-09
    4.02525e+00      2.08929e-05      1.00000e+01      -5.20458e-09
    4.07708e+00      2.02860e-05      1.00000e+01      -4.63694e-09
    4.12957e+00      1.97239e-05      1.00000e+01      -4.11994e-09
    4.18274e+00      1.92063e-05      1.00000e+01      -3.65127e-09
    4.23660e+00      1.87253e-05      1.00000e+01      -3.22289e-09
    4.29115e+00      1.82853e-05      1.00000e+01      -2.83692e-09
    4.34640e+00      1.78781e-05      1.00000e+01      -2.48567e-09
    4.40236e+00      1.75108e-05      1.00000e+01      -2.17393e-09
    4.45905e+00      1.71735e-05      1.00000e+01      -1.89234e-09
    4.51646e+00      1.68680e-05      1.00000e+01      -1.64142e-09
    4.57461e+00      1.65915e-05      1.00000e+01      -1.41797e-09
    4.63351e+00      1.63420e-05      1.00000e+01      -1.21967e-09
    4.69317e+00      1.61183e-05      1.00000e+01      -1.04481e-09
    4.75360e+00      1.59184e-05      1.00000e+01      -8.91169e-10
    4.81481e+00      1.57404e-05      1.00000e+01      -7.56759e-10
    4.87680e+00      1.55828e-05      1.00000e+01      -6.39788e-10
    4.93960e+00      1.54439e-05      1.00000e+01      -5.38574e-10
    5.00320e+00      1.53219e-05      1.00000e+01      -4.51368e-10
    5.06762e+00      1.52154e-05      1.00000e+01      -3.76632e-10
    5.13287e+00      1.51229e-05      1.00000e+01      -3.13052e-10
    5.19896e+00      1.50432e-05      1.00000e+01      -2.59525e-10
    5.26590e+00      1.49744e-05      1.00000e+01      -2.14379e-10
    5.33370e+00      1.49156e-05      1.00000e+01      -1.76727e-10
    5.40238e+00      1.48650e-05      1.00000e+01      -1.45237e-10
    5.47194e+00      1.48224e-05      1.00000e+01      -1.19560e-10
    5.54239e+00      1.47860e-05      1.00000e+01      -9.83505e-11
    5.61375e+00      1.47551e-05      1.00000e+01      -8.10434e-11
    5.68604e+00      1.47289e-05      1.00000e+01      -6.70218e-11
    5.75925e+00      1.47065e-05      1.00000e+01      -5.56522e-11
    5.83340e+00      1.46873e-05      1.00000e+01      -4.64678e-11
    5.90851e+00      1.46707e-05      1.00000e+01      -3.90726e-11
    5.98459e+00      1.46561e-05      1.00000e+01      -3.30797e-11
    6.06165e+00      1.46433e-05      1.00000e+01      -2.82285e-11
    6.13970e+00      1.46318e-05      1.00000e+01      -2.42681e-11
    6.21875e+00      1.46213e-05      1.00000e+01      -2.10156e-11
    6.29882e+00      1.46116e-05      1.00000e+01      -1.83314e-11
    6.37992e+00      1.46026e-05      1.00000e+01      -1.60816e-11
    6.46207e+00      1.45940e-05      1.00000e+01      -1.41758e-11
    6.54527e+00      1.45858e-05      1.00000e+01      -1.25433e-11
    6.62955e+00      1.45779e-05      1.00000e+01      -1.11322e-11
    6.71491e+00      1.45702e-05      1.00000e+01      -9.89410e-12
    6.80137e+00      1.45626e-05      1.00000e+01      -8.79957e-12
    6.88895e+00      1.45552e-05      1.00000e+01      -7.82600e-12
    6.97765e+00      1.45478e-05      1.00000e+01      -6.95315e-12
    7.06749e+00      1.45405e-05      1.00000e+01      -6.16761e-12
    7.15849e+00      1.45333e-05      1.00000e+01      -5.46199e-12
    7.25066e+00      1.45261e-05      1.00000e+01      -4.82353e-12
    7.34402e+00      1.45189e-05      1.00000e+01      -4.24860e-12
    7.43858e+00      1.45118e-05      1.00000e+01      -3.72708e-12
    7.53436e+00      1.45046e-05      1.00000e+01      -3.25686e-12
    7.63137e+00      1.44975e-05      1.00000e+01      -2.83220e-12
    7.72963e+00      1.44903e-05      1.00000e+01      -2.44928e-12
    7.82916e+00      1.44832e-05      1.00000e+01      -2.10504e-12
    7.92997e+00      1.44761e-05      1.00000e+01      -1.79989e-12
    8.03207e+00      1.44689e-05      1.00000e+01      -1.52835e-12
    8.13549e+00      1.44618e-05      1.00000e+01      -1.28946e-12
    8.24024e+00      1.44546e-05      1.00000e+01      -1.07931e-12
    8.34634e+00      1.44474e-05      1.00000e+01      -8.94971e-13
    8.45381e+00      1.44402e-05      1.00000e+01      -7.41810e-13
    8.56266e+00      1.44329e-05      1.00000e+01      -6.00824e-13
    8.67291e+00      1.44256e-05      1.00000e+01      -4.86570e-13
    8.78458e+00      1.44182e-05      1.00000e+01      -3.83811e-13
    8.89769e+00      1.44107e-05      1.00000e+01      -3.03575e-13
    9.01226e+00      1.44032e-05      1.00000e+01      -2.32871e-13
    9.12830e+00      1.43957e-05      1.00000e+01      -1.77473e-13
    9.24583e+00      1.43881e-05      1.00000e+01      -1.32419e-13
    9.36488e+00      1.43804e-05      1.00000e+01      -9.69283e-14
    9.48546e+00      1.43726e-05      1.00000e+01      -6.95784e-14
    9.60760e+00      1.43648e-05      1.00000e+01      -4.89762e-14
    9.73131e+00      1.43569e-05      1.00000e+01      -3.36487e-14
    9.85660e+00      1.43490e-05      1.00000e+01      -2.28986e-14
    9.98352e+00      1.43409e-05      1.00000e+01      -1.53464e-14
    1.01121e+01      1.43328e-05      1.00000e+01      -1.03160e-14
    1.02423e+01      1.43246e-05      1.00000e+01      -6.94197e-15
    1.03741e+01      1.43162e-05      1.00000e+01      -4.74434e-15
    1.05077e+01      1.43078e-05      1.00000e+01      -3.26626e-15
    1.06430e+01      1.42993e-05      1.00000e+01      -2.24892e-15
    1.07801e+01      1.42906e-05      1.00000e+01      -1.53171e-15
    1.09189e+01      1.42819e-05      1.00000e+01      -9.99163e-16
    1.10595e+01      1.42730e-05      1.00000e+01      -6.16839e-16
    1.12019e+01      1.42641e-05      1.00000e+01      -3.56976e-16
    1.13461e+01      1.42551e-05      1.00000e+01      -1.90600e-16
    1.14922e+01      1.42460e-05      1.00000e+01      -9.24555e-17
    1.16402e+01      1.42368e-05      1.00000e+01      -3.90555e-17
    1.17900e+01      1.42275e-05      1.00000e+01      -1.33770e-17
    1.19418e+01      1.42180e-05      1.00000e+01      -2.96546e-18
    1.20956e+01      1.42085e-05      1.00000e+01      -1.34701e-19
    1.22513e+01      1.41988e-05      1.00000e+01      -5.07248e-185
    1.24091e+01      1.41891e-05      1.00000e+01      -5.01416e-185
    1.25689e+01      1.41792e-05      1.00000e+01      -4.95650e-185
    1.27307e+01      1.41692e-05      1.00000e+01      -4.89949e-185
    1.28946e+01      1.41591e-05      1.00000e+01      -4.84313e-185
    1.30607e+01      1.41489e-05      1.00000e+01      -4.78740e-185
    1.32288e+01      1.41386e-05      1.00000e+01      -4.73230e-185
    1.33992e+01      1.41282e-05      1.00000e+01      -4.67781e-185
    1.35717e+01      1.41176e-05      1.00000e+01      -4.62392e-185
    1.37464e+01      1.41069e-05      1.00000e+01      -4.57064e-185
    1.39234e+01      1.40961e-05      1.00000e+01      -4.51795e-185
    1.41027e+01      1.40850e-05      1.00000e+01      -4.46584e-185
    1.42843e+01      1.40739e-05      1.00000e+01      -4.41431e-185
    1.44682e+01      1.40627e-05      1.00000e+01      -4.36334e-185
    1.46545e+01      1.40514e-05      1.00000e+01      -4.31292e-185
    1.48432e+01      1.40400e-05      1.00000e+01      -4.26306e-185
    1.50343e+01      1.40284e-05      1.00000e+01      -4.21374e-185
    1.52279e+01      1.40166e-05      1.00000e+01      -4.16496e-185
    1.54240e+01      1.40047e-05      1.00000e+01      -4.11670e-185
    1.56226e+01      1.39927e-05      1.00000e+01      -4.06896e-185
    1.58237e+01      1.39805e-05      1.00000e+01      -4.02174e-185
    1.60275e+01      1.39682e-05      1.00000e+01      -3.97502e-185
    1.62338e+01      1.39558e-05      1.00000e+01      -3.92879e-185
    1.64429e+01      1.39433e-05      1.00000e+01      -3.88306e-185
    1.66546e+01      1.39305e-05      1.00000e+01      -3.83781e-185
    1.68690e+01      1.39177e-05      1.00000e+01      -3.79304e-185
    1.70862e+01      1.39046e-05      1.00000e+01      -3.74874e-185
    1.73062e+01      1.38914e-05      1.00000e+01      -3.70490e-185
    1.75291e+01      1.38781e-05      1.00000e+01      -3.66151e-185
    1.77548e+01      1.38647e-05      1.00000e+01      -3.61858e-185
    1.79834e+01      1.38511e-05      1.00000e+01      -3.57609e-185
    1.82149e+01      1.38374e-05      1.00000e+01      -3.53404e-185
    1.84495e+01      1.38235e-05      1.00000e+01      -3.49242e-185
    1.86870e+01      1.38094e-05      1.00000e+01      -3.45122e-185
    1.89276e+01      1.37952e-05      1.00000e+01      -3.41045e-185
    1.91714e+01      1.37809e-05      1.00000e+01      -3.37008e-185
    1.94182e+01      1.37663e-05      1.00000e+01      -3.33012e-185
    1.96682e+01      1.37516e-05      1.00000e+01      -3.29057e-185
    1.99215e+01      1.37368e-05      1.00000e+01      -3.25140e-185
    2.01780e+01      1.37218e-05      1.00000e+01      -3.21263e-185
    2.04378e+01      1.37066e-05      1.00000e+01      -3.17424e-185
    2.07010e+01      1.36913e-05      1.00000e+01      -3.13623e-185
    2.09675e+01      1.36758e-05      1.00000e+01      -3.09860e-185
    2.12375e+01      1.36601e-05      1.00000e+01      -3.06133e-185
    2.15109e+01      1.36442e-05      1.00000e+01      -3.02442e-185
    2.17879e+01      1.36282e-05      1.00000e+01      -2.98787e-185
    2.20685e+01      1.36120e-05      1.00000e+01      -2.95168e-185
    2.23526e+01      1.35956e-05      1.00000e+01      -2.91583e-185
    2.26404e+01      1.35791e-05      1.00000e+01      -2.88032e-185
    2.29319e+01      1.35623e-05      1.00000e+01      -2.84515e-185
    2.32272e+01      1.35454e-05      1.00000e+01      -2.81031e-185
    2.35263e+01      1.35282e-05      1.00000e+01      -2.77580e-185
    2.38292e+01      1.35109e-05      1.00000e+01      -2.74162e-185
    2.41360e+01      1.34934e-05      1.00000e+01      -2.70775e-185
    2.44468e+01      1.34757e-05      1.00000e+01      -2.67420e-185
    2.47616e+01      1.34578e-05      1.00000e+01      -2.64096e-185
    2.50804e+01      1.34398e-05      1.00000e+01      -2.60802e-185
    2.54034e+01      1.34215e-05      1.00000e+01      -2.57539e-185
    2.57304e+01      1.34031e-05      1.00000e+01      -2.54305e-185
    2.60618e+01      1.33844e-05      1.00000e+01      -2.51100e-185
    2.63973e+01      1.33655e-05      1.00000e+01      -2.47925e-185
    2.67372e+01      1.33465e-05      1.00000e+01      -2.44778e-185
    2.70815e+01      1.33272e-05      1.00000e+01      -2.41659e-185
    2.74302e+01      1.33078e-05      1.00000e+01      -2.38568e-185
    2.77834e+01      1.32881e-05      1.00000e+01      -2.35504e-185
    2.81411e+01      1.32681e-05      1.00000e+01      -2.32468e-185
    2.85035e+01      1.32480e-05      1.00000e+01      -2.29458e-185
    2.88705e+01      1.32276e-05      1.00000e+01      -2.26474e-185
    2.92422e+01      1.32070e-05      1.00000e+01      -2.23516e-185
    2.96187e+01      1.31862e-05      1.00000e+01      -2.20584e-185
    3.00001e+01      1.31652e-05      1.00000e+01      -2.17678e-185
